	 height_(km) 	 press_(mbar) 	 temp_(K) 	 temperr_(K) 	 numdens_(m-3) 	 numdenserr_(m-3) 	 H2Ovmr_() 	 H2Ovmrerr_() 	 D/H_(VSMOW) 	 D/Herr_(VSMOW) 	 18O/16O_(VSMOW) 	 18O/16Oerr_(VSMOW) 
	  5.5860 	 2.385331e+00 	 204.4925 	  7.2320 	 8.456602e+22 	 3.053698e+21 	 1.239501e-04 	 8.790652e-06 	  4.6106 	  0.6849 	 -1000.0000 	 -1000.0000 
	  5.7120 	 2.356907e+00 	 204.3110 	  7.1486 	 8.363211e+22 	 2.987763e+21 	 1.237045e-04 	 8.397609e-06 	  4.6546 	  0.6727 	 -1000.0000 	 -1000.0000 
	  5.8390 	 2.328564e+00 	 204.1223 	  7.0650 	 8.270214e+22 	 2.922584e+21 	 1.236488e-04 	 8.019222e-06 	  4.6954 	  0.6607 	 -1000.0000 	 -1000.0000 
	  5.9660 	 2.300528e+00 	 203.9285 	  6.9817 	 8.178332e+22 	 2.858653e+21 	 1.238222e-04 	 7.676461e-06 	  4.7325 	  0.6494 	 -1000.0000 	 -1000.0000 
	  6.0930 	 2.272795e+00 	 203.7299 	  6.8988 	 8.087543e+22 	 2.795938e+21 	 1.244162e-04 	 7.566860e-06 	  4.7660 	  0.6473 	 -1000.0000 	 -1000.0000 
	  7.0880 	 2.065751e+00 	 202.0588 	  6.2570 	 7.411267e+22 	 2.342764e+21 	 1.346851e-04 	 6.450481e-06 	  4.8987 	  0.5992 	 -1000.0000 	 -1000.0000 
	  7.2150 	 2.040597e+00 	 201.8373 	  6.1756 	 7.329068e+22 	 2.289299e+21 	 1.354624e-04 	 6.369285e-06 	  4.8990 	  0.5891 	 -1000.0000 	 -1000.0000 
	  7.3410 	 2.015918e+00 	 201.6170 	  6.0949 	 7.248360e+22 	 2.237125e+21 	 1.358716e-04 	 6.295853e-06 	  4.8958 	  0.5785 	 -1000.0000 	 -1000.0000 
	  7.4680 	 1.991321e+00 	 201.3950 	  6.0135 	 7.167836e+22 	 2.185377e+21 	 1.358823e-04 	 6.222751e-06 	  4.8888 	  0.5673 	 -1000.0000 	 -1000.0000 
	  7.5940 	 1.967189e+00 	 201.1752 	  5.9327 	 7.088742e+22 	 2.134839e+21 	 1.354746e-04 	 6.145214e-06 	  4.8784 	  0.5557 	 -1000.0000 	 -1000.0000 
	  8.5980 	 1.784317e+00 	 199.4752 	  5.2873 	 6.484671e+22 	 1.758200e+21 	 1.215705e-04 	 5.300961e-06 	  4.6782 	  0.4739 	 -1000.0000 	 -1000.0000 
	  8.7250 	 1.762337e+00 	 199.2674 	  5.2064 	 6.411463e+22 	 1.713899e+21 	 1.194829e-04 	 5.240858e-06 	  4.6395 	  0.4681 	 -1000.0000 	 -1000.0000 
	  8.8510 	 1.740777e+00 	 199.0628 	  5.1266 	 6.339532e+22 	 1.670728e+21 	 1.174028e-04 	 5.181356e-06 	  4.5987 	  0.4625 	 -1000.0000 	 -1000.0000 
	  8.9780 	 1.719292e+00 	 198.8579 	  5.0467 	 6.267732e+22 	 1.628015e+21 	 1.153352e-04 	 5.122280e-06 	  4.5555 	  0.4570 	 -1000.0000 	 -1000.0000 
	  9.1040 	 1.698217e+00 	 198.6560 	  4.9681 	 6.197192e+22 	 1.586445e+21 	 1.133486e-04 	 5.065207e-06 	  4.5113 	  0.4517 	 -1000.0000 	 -1000.0000 
	 10.1010 	 1.539652e+00 	 197.0912 	  4.3616 	 5.663257e+22 	 1.283791e+21 	 1.024595e-04 	 4.698335e-06 	  4.1848 	  0.4385 	 -1000.0000 	 -1000.0000 
	 10.2270 	 1.520619e+00 	 196.8936 	  4.2823 	 5.598867e+22 	 1.247792e+21 	 1.016944e-04 	 4.661417e-06 	  4.1548 	  0.4359 	 -1000.0000 	 -1000.0000 
	 10.3530 	 1.501805e+00 	 196.6949 	  4.2009 	 5.535181e+22 	 1.211988e+21 	 1.010472e-04 	 4.626560e-06 	  4.1287 	  0.4325 	 -1000.0000 	 -1000.0000 
	 10.4800 	 1.483063e+00 	 196.4932 	  4.1165 	 5.471704e+22 	 1.176001e+21 	 1.005085e-04 	 4.593872e-06 	  4.1065 	  0.4288 	 -1000.0000 	 -1000.0000 
	 10.6060 	 1.464686e+00 	 196.2914 	  4.0298 	 5.409439e+22 	 1.140302e+21 	 1.000811e-04 	 4.564401e-06 	  4.0883 	  0.4250 	 -1000.0000 	 -1000.0000 
	 11.6110 	 1.325609e+00 	 194.6005 	  3.2149 	 4.938003e+22 	 8.505196e+20 	 9.954861e-05 	 4.488256e-06 	  4.0398 	  0.4121 	 -1000.0000 	 -1000.0000 
	 11.7370 	 1.309079e+00 	 194.3805 	  3.1013 	 4.881904e+22 	 8.143424e+20 	 9.970304e-05 	 4.500478e-06 	  4.0414 	  0.4145 	 -1000.0000 	 -1000.0000 
	 11.8630 	 1.292742e+00 	 194.1597 	  2.9867 	 4.826430e+22 	 7.784990e+20 	 9.987782e-05 	 4.517466e-06 	  4.0437 	  0.4179 	 -1000.0000 	 -1000.0000 
	 11.9900 	 1.276470e+00 	 193.9366 	  2.8705 	 4.771133e+22 	 7.428032e+20 	 1.000696e-04 	 4.539181e-06 	  4.0466 	  0.4220 	 -1000.0000 	 -1000.0000 
	 12.1160 	 1.260515e+00 	 193.7149 	  2.7552 	 4.716871e+22 	 7.079104e+20 	 1.002718e-04 	 4.564907e-06 	  4.0502 	  0.4267 	 -1000.0000 	 -1000.0000 
	 14.6040 	 9.805529e-01 	 189.6831 	  1.1201 	 3.747512e+22 	 2.559674e+20 	 1.035968e-04 	 5.389817e-06 	  4.1200 	  0.5447 	 -1000.0000 	 -1000.0000 
	 14.7300 	 9.679955e-01 	 189.5133 	  1.0912 	 3.702824e+22 	 2.483468e+20 	 1.038611e-04 	 5.486302e-06 	  4.1174 	  0.5518 	 -1000.0000 	 -1000.0000 
	 14.8560 	 9.555856e-01 	 189.3475 	  1.0667 	 3.658545e+22 	 2.417391e+20 	 1.041934e-04 	 5.581004e-06 	  4.1136 	  0.5587 	 -1000.0000 	 -1000.0000 
	 14.9810 	 9.434190e-01 	 189.1871 	  1.0465 	 3.615023e+22 	 2.360545e+20 	 1.046090e-04 	 5.673424e-06 	  4.1088 	  0.5654 	 -1000.0000 	 -1000.0000 
	 15.1070 	 9.313007e-01 	 189.0294 	  1.0298 	 3.571565e+22 	 2.310710e+20 	 1.051311e-04 	 5.763723e-06 	  4.1027 	  0.5720 	 -1000.0000 	 -1000.0000 
	 16.1070 	 8.402092e-01 	 187.9034 	  0.9915 	 3.241775e+22 	 2.059431e+20 	 1.138405e-04 	 6.387194e-06 	  4.0115 	  0.6004 	 -1000.0000 	 -1000.0000 
	 16.2320 	 8.294431e-01 	 187.7705 	  0.9947 	 3.202516e+22 	 2.038679e+20 	 1.151802e-04 	 6.450559e-06 	  3.9943 	  0.5989 	 -1000.0000 	 -1000.0000 
	 16.3580 	 8.187266e-01 	 187.6361 	  0.9989 	 3.163404e+22 	 2.019190e+20 	 1.164599e-04 	 6.508591e-06 	  3.9758 	  0.5955 	 -1000.0000 	 -1000.0000 
	 16.4830 	 8.082290e-01 	 187.5016 	  1.0038 	 3.125065e+22 	 2.000999e+20 	 1.176180e-04 	 6.559341e-06 	  3.9563 	  0.5898 	 -1000.0000 	 -1000.0000 
	 16.6090 	 7.977810e-01 	 187.3643 	  1.0094 	 3.086892e+22 	 1.983537e+20 	 1.186371e-04 	 6.604349e-06 	  3.9357 	  0.5819 	 -1000.0000 	 -1000.0000 
	 17.6170 	 7.188643e-01 	 186.2377 	  1.0505 	 2.797745e+22 	 1.846721e+20 	 1.203246e-04 	 6.778401e-06 	  3.7795 	  0.4836 	 -1000.0000 	 -1000.0000 
	 17.7420 	 7.096288e-01 	 186.1275 	  1.0532 	 2.763425e+22 	 1.827649e+20 	 1.202212e-04 	 6.779292e-06 	  3.7665 	  0.4718 	 -1000.0000 	 -1000.0000 
	 17.8680 	 7.004356e-01 	 186.0330 	  1.0551 	 2.729035e+22 	 1.807504e+20 	 1.201931e-04 	 6.777691e-06 	  3.7560 	  0.4610 	 -1000.0000 	 -1000.0000 
	 17.9930 	 6.914287e-01 	 185.9586 	  1.0560 	 2.695077e+22 	 1.786473e+20 	 1.202745e-04 	 6.774914e-06 	  3.7483 	  0.4519 	 -1000.0000 	 -1000.0000 
	 18.1190 	 6.824619e-01 	 185.9061 	  1.0559 	 2.660967e+22 	 1.764088e+20 	 1.204952e-04 	 6.770721e-06 	  3.7436 	  0.4444 	 -1000.0000 	 -1000.0000 
	 19.1200 	 6.150456e-01 	 186.4314 	  1.0158 	 2.392249e+22 	 1.541389e+20 	 1.285959e-04 	 6.688185e-06 	  3.8069 	  0.4239 	 -1000.0000 	 -1000.0000 
	 19.2450 	 6.070959e-01 	 186.5797 	  1.0082 	 2.359449e+22 	 1.510793e+20 	 1.301693e-04 	 6.682870e-06 	  3.8265 	  0.4236 	 -1000.0000 	 -1000.0000 
	 19.3700 	 5.992499e-01 	 186.7341 	  1.0008 	 2.326985e+22 	 1.480477e+20 	 1.317780e-04 	 6.681151e-06 	  3.8485 	  0.4233 	 -1000.0000 	 -1000.0000 
	 19.4950 	 5.915076e-01 	 186.8909 	  0.9937 	 2.294909e+22 	 1.450714e+20 	 1.333883e-04 	 6.683327e-06 	  3.8723 	  0.4231 	 -1000.0000 	 -1000.0000 
	 19.6200 	 5.838687e-01 	 187.0461 	  0.9872 	 2.263273e+22 	 1.421781e+20 	 1.349624e-04 	 6.689750e-06 	  3.8978 	  0.4229 	 -1000.0000 	 -1000.0000 
	 20.6230 	 5.262606e-01 	 187.9169 	  0.9724 	 2.029443e+22 	 1.240536e+20 	 1.424730e-04 	 6.906227e-06 	  4.1101 	  0.4298 	 -1000.0000 	 -1000.0000 
	 20.7480 	 5.195211e-01 	 187.9716 	  0.9746 	 2.002786e+22 	 1.223930e+20 	 1.426008e-04 	 6.941039e-06 	  4.1312 	  0.4313 	 -1000.0000 	 -1000.0000 
	 20.8720 	 5.129267e-01 	 188.0153 	  0.9774 	 1.976839e+22 	 1.208428e+20 	 1.425435e-04 	 6.972269e-06 	  4.1496 	  0.4325 	 -1000.0000 	 -1000.0000 
	 20.9970 	 5.063692e-01 	 188.0492 	  0.9805 	 1.951167e+22 	 1.193671e+20 	 1.423015e-04 	 6.998764e-06 	  4.1655 	  0.4328 	 -1000.0000 	 -1000.0000 
	 21.1210 	 4.999522e-01 	 188.0732 	  0.9840 	 1.926166e+22 	 1.179789e+20 	 1.418880e-04 	 7.019871e-06 	  4.1786 	  0.4323 	 -1000.0000 	 -1000.0000 
	 23.6060 	 3.873905e-01 	 187.2458 	  0.9596 	 1.499816e+22 	 9.043500e+19 	 1.157854e-04 	 5.969522e-06 	  4.0362 	  0.4021 	 -1000.0000 	 -1000.0000 
	 23.7300 	 3.824711e-01 	 187.1783 	  0.9506 	 1.481287e+22 	 8.869162e+19 	 1.147585e-04 	 5.868153e-06 	  4.0174 	  0.3974 	 -1000.0000 	 -1000.0000 
	 23.8540 	 3.776124e-01 	 187.1130 	  0.9417 	 1.462966e+22 	 8.696817e+19 	 1.138931e-04 	 5.769391e-06 	  3.9984 	  0.3922 	 -1000.0000 	 -1000.0000 
	 23.9790 	 3.727753e-01 	 187.0501 	  0.9330 	 1.444703e+22 	 8.526686e+19 	 1.131949e-04 	 5.672765e-06 	  3.9793 	  0.3867 	 -1000.0000 	 -1000.0000 
	 24.1030 	 3.680370e-01 	 186.9912 	  0.9249 	 1.426788e+22 	 8.363061e+19 	 1.127275e-04 	 5.629646e-06 	  3.9607 	  0.3831 	  1.1353 	  0.1412 
	 25.1160 	 3.314924e-01 	 186.6075 	  0.8946 	 1.288019e+22 	 7.340635e+19 	 1.144326e-04 	 5.433268e-06 	  3.8336 	  0.3614 	  1.0790 	  0.1205 
	 25.2400 	 3.272702e-01 	 186.5365 	  0.8947 	 1.272107e+22 	 7.250438e+19 	 1.150093e-04 	 5.429334e-06 	  3.8219 	  0.3634 	  1.0741 	  0.1184 
	 25.3640 	 3.230992e-01 	 186.4497 	  0.8952 	 1.256472e+22 	 7.165419e+19 	 1.155805e-04 	 5.430933e-06 	  3.8110 	  0.3643 	  1.0698 	  0.1165 
	 25.4890 	 3.189454e-01 	 186.3429 	  0.8960 	 1.241006e+22 	 7.084180e+19 	 1.161264e-04 	 5.437862e-06 	  3.8004 	  0.3642 	  1.0660 	  0.1147 
	 25.6130 	 3.148743e-01 	 186.2145 	  0.8971 	 1.225970e+22 	 7.007256e+19 	 1.166147e-04 	 5.449251e-06 	  3.7902 	  0.3630 	  1.0627 	  0.1132 
	 26.6190 	 2.835647e-01 	 184.2704 	  0.9033 	 1.115214e+22 	 6.440646e+19 	 1.161773e-04 	 5.570471e-06 	  3.7298 	  0.3453 	  1.0514 	  0.1057 
	 26.7430 	 2.799124e-01 	 183.9880 	  0.9035 	 1.102537e+22 	 6.372610e+19 	 1.154560e-04 	 5.574184e-06 	  3.7278 	  0.3471 	  1.0517 	  0.1051 
	 26.8670 	 2.763050e-01 	 183.7183 	  0.9036 	 1.089948e+22 	 6.304197e+19 	 1.145853e-04 	 5.572837e-06 	  3.7275 	  0.3491 	  1.0524 	  0.1045 
	 26.9900 	 2.727709e-01 	 183.4700 	  0.9036 	 1.077509e+22 	 6.235745e+19 	 1.135833e-04 	 5.566397e-06 	  3.7290 	  0.3513 	  1.0535 	  0.1039 
	 27.1140 	 2.692527e-01 	 183.2457 	  0.9036 	 1.064979e+22 	 6.165922e+19 	 1.124471e-04 	 5.555014e-06 	  3.7327 	  0.3537 	  1.0549 	  0.1032 
	 28.1220 	 2.422833e-01 	 182.8547 	  0.9033 	 9.608870e+21 	 5.560515e+19 	 1.012228e-04 	 6.103899e-06 	  3.8295 	  0.4187 	  1.0763 	  0.1164 
	 28.2450 	 2.391845e-01 	 182.9468 	  0.9039 	 9.481134e+21 	 5.485994e+19 	 9.985393e-05 	 6.188978e-06 	  3.8480 	  0.4299 	  1.0795 	  0.1193 
	 28.3690 	 2.361009e-01 	 183.0543 	  0.9049 	 9.353128e+21 	 5.412047e+19 	 9.852878e-05 	 6.263954e-06 	  3.8679 	  0.4410 	  1.0828 	  0.1221 
	 28.4920 	 2.330818e-01 	 183.1706 	  0.9063 	 9.227197e+21 	 5.340264e+19 	 9.728503e-05 	 6.329964e-06 	  3.8891 	  0.4517 	  1.0861 	  0.1247 
	 28.6160 	 2.300776e-01 	 183.2926 	  0.9082 	 9.101580e+21 	 5.269879e+19 	 9.611824e-05 	 6.390015e-06 	  3.9116 	  0.4623 	  1.0894 	  0.1273 
	 29.6240 	 2.070574e-01 	 183.9891 	  0.9432 	 8.155745e+21 	 4.802185e+19 	 9.135151e-05 	 6.797036e-06 	  4.1331 	  0.5314 	  1.1214 	  0.1426 
	 29.7480 	 2.043895e-01 	 184.0179 	  0.9493 	 8.049208e+21 	 4.756328e+19 	 9.144950e-05 	 6.846352e-06 	  4.1635 	  0.5372 	  1.1263 	  0.1438 
	 29.8710 	 2.017768e-01 	 184.0332 	  0.9556 	 7.945536e+21 	 4.712662e+19 	 9.170852e-05 	 6.897125e-06 	  4.1940 	  0.5423 	  1.1314 	  0.1447 
	 29.9940 	 1.991972e-01 	 184.0349 	  0.9620 	 7.843823e+21 	 4.670588e+19 	 9.213032e-05 	 6.950637e-06 	  4.2246 	  0.5468 	  1.1367 	  0.1456 
	 30.1170 	 1.966500e-01 	 184.0230 	  0.9684 	 7.744026e+21 	 4.629890e+19 	 9.271501e-05 	 7.006025e-06 	  4.2549 	  0.5506 	  1.1422 	  0.1463 
	 32.6170 	 1.510783e-01 	 180.5696 	  1.0102 	 6.064976e+21 	 3.771165e+19 	 1.361413e-04 	 8.271524e-06 	  4.5784 	  0.5013 	  1.1992 	  0.1295 
	 32.7400 	 1.491070e-01 	 180.2707 	  1.0068 	 5.995726e+21 	 3.721441e+19 	 1.392978e-04 	 8.353775e-06 	  4.5675 	  0.4959 	  1.1945 	  0.1279 
	 32.8630 	 1.471596e-01 	 179.9720 	  1.0037 	 5.927236e+21 	 3.672868e+19 	 1.424230e-04 	 8.447067e-06 	  4.5533 	  0.4909 	  1.1887 	  0.1263 
	 32.9860 	 1.452360e-01 	 179.6761 	  1.0012 	 5.859430e+21 	 3.625913e+19 	 1.454873e-04 	 8.554998e-06 	  4.5362 	  0.4865 	  1.1818 	  0.1248 
	 33.1090 	 1.433361e-01 	 179.3854 	  0.9993 	 5.792227e+21 	 3.581042e+19 	 1.484446e-04 	 8.675778e-06 	  4.5167 	  0.4826 	  1.1742 	  0.1235 
	 34.1170 	 1.286394e-01 	 177.3627 	  1.0224 	 5.258609e+21 	 3.325296e+19 	 1.625126e-04 	 9.925001e-06 	  4.3463 	  0.4814 	  1.1075 	  0.1202 
	 34.2400 	 1.269465e-01 	 177.1384 	  1.0290 	 5.195970e+21 	 3.305356e+19 	 1.624609e-04 	 1.008627e-05 	  4.3330 	  0.4866 	  1.1017 	  0.1211 
	 34.3630 	 1.252736e-01 	 176.9107 	  1.0360 	 5.134053e+21 	 3.286741e+19 	 1.619500e-04 	 1.023166e-05 	  4.3224 	  0.4929 	  1.0969 	  0.1224 
	 34.4860 	 1.236204e-01 	 176.6769 	  1.0431 	 5.072914e+21 	 3.269106e+19 	 1.609865e-04 	 1.034937e-05 	  4.3143 	  0.4997 	  1.0931 	  0.1239 
	 34.6090 	 1.219864e-01 	 176.4345 	  1.0504 	 5.012612e+21 	 3.252106e+19 	 1.596016e-04 	 1.043727e-05 	  4.3080 	  0.5068 	  1.0901 	  0.1254 
	 35.6200 	 1.092307e-01 	 173.9383 	  1.1012 	 4.552040e+21 	 3.104498e+19 	 1.374370e-04 	 9.677337e-06 	  4.2410 	  0.5368 	  1.0798 	  0.1324 
	 35.7430 	 1.077585e-01 	 173.5900 	  1.1063 	 4.499722e+21 	 3.084869e+19 	 1.340857e-04 	 9.384562e-06 	  4.2212 	  0.5318 	  1.0784 	  0.1313 
	 35.8650 	 1.063150e-01 	 173.2422 	  1.1112 	 4.448417e+21 	 3.065186e+19 	 1.307590e-04 	 9.053660e-06 	  4.1974 	  0.5247 	  1.0766 	  0.1297 
	 35.9880 	 1.048767e-01 	 172.8912 	  1.1162 	 4.397219e+21 	 3.045175e+19 	 1.274401e-04 	 8.684054e-06 	  4.1695 	  0.5157 	  1.0745 	  0.1276 
	 36.1100 	 1.034667e-01 	 172.5451 	  1.1211 	 4.346898e+21 	 3.025211e+19 	 1.242197e-04 	 8.287710e-06 	  4.1379 	  0.5053 	  1.0720 	  0.1252 
	 37.1200 	 9.242442e-02 	 169.9918 	  1.1628 	 3.941498e+21 	 2.854870e+19 	 1.038250e-04 	 5.524421e-06 	  3.7479 	  0.4335 	  1.0272 	  0.1090 
	 37.2430 	 9.115436e-02 	 169.7359 	  1.1672 	 3.893172e+21 	 2.831660e+19 	 1.023018e-04 	 5.425949e-06 	  3.6873 	  0.4300 	  1.0179 	  0.1085 
	 37.3650 	 8.991012e-02 	 169.4964 	  1.1711 	 3.845437e+21 	 2.807549e+19 	 1.009965e-04 	 5.334923e-06 	  3.6250 	  0.4262 	  1.0076 	  0.1079 
	 37.4880 	 8.867115e-02 	 169.2701 	  1.1745 	 3.797504e+21 	 2.781971e+19 	 9.987715e-05 	 5.249071e-06 	  3.5607 	  0.4218 	  0.9963 	  0.1071 
	 37.6100 	 8.745744e-02 	 169.0614 	  1.1773 	 3.750147e+21 	 2.755175e+19 	 9.893902e-05 	 5.168402e-06 	  3.4962 	  0.4173 	  0.9843 	  0.1062 
	 38.6230 	 7.794616e-02 	 167.9552 	  1.1734 	 3.364593e+21 	 2.471566e+19 	 9.340288e-05 	 4.824877e-06 	  3.0499 	  0.3928 	  0.8868 	  0.1006 
	 38.7450 	 7.686753e-02 	 167.8814 	  1.1709 	 3.319491e+21 	 2.433284e+19 	 9.259009e-05 	 4.730109e-06 	  3.0186 	  0.3915 	  0.8785 	  0.1028 
	 38.8670 	 7.580303e-02 	 167.8152 	  1.1684 	 3.274795e+21 	 2.395188e+19 	 9.169925e-05 	 4.605438e-06 	  2.9939 	  0.3903 	  0.8714 	  0.1060 
	 38.9890 	 7.475261e-02 	 167.7550 	  1.1660 	 3.230541e+21 	 2.357601e+19 	 9.072793e-05 	 4.454893e-06 	  2.9757 	  0.3895 	  0.8656 	  0.1091 
	 39.1120 	 7.370777e-02 	 167.6989 	  1.1639 	 3.186410e+21 	 2.320548e+19 	 8.966571e-05 	 4.286625e-06 	  2.9635 	  0.3893 	  0.8609 	  0.1124 
	 40.1160 	 6.569992e-02 	 167.2511 	  1.1670 	 2.847677e+21 	 2.077190e+19 	 7.840375e-05 	 3.157354e-06 	  3.0052 	  0.4156 	  0.8482 	  0.1448 
	 40.2380 	 6.478777e-02 	 167.1891 	  1.1697 	 2.809193e+21 	 2.054555e+19 	 7.684656e-05 	 3.096265e-06 	  3.0174 	  0.4219 	  0.8477 	  0.1495 
	 40.3600 	 6.388824e-02 	 167.1247 	  1.1726 	 2.771271e+21 	 2.033038e+19 	 7.528842e-05 	 3.045687e-06 	  3.0291 	  0.4285 	  0.8471 	  0.1544 
	 40.4810 	 6.300838e-02 	 167.0580 	  1.1757 	 2.734211e+21 	 2.012678e+19 	 7.374944e-05 	 3.005458e-06 	  3.0399 	  0.4353 	  0.8463 	  0.1592 
	 40.6030 	 6.213346e-02 	 166.9878 	  1.1790 	 2.697393e+21 	 1.993020e+19 	 7.221004e-05 	 2.974001e-06 	  3.0500 	  0.4425 	  0.8452 	  0.1642 
	 43.0690 	 4.680605e-02 	 164.5584 	  1.1845 	 2.061962e+21 	 1.597891e+19 	 4.812956e-05 	 2.711345e-06 	  3.1147 	  0.5930 	 -1000.0000 	 -1000.0000 
	 43.1900 	 4.615613e-02 	 164.3786 	  1.1793 	 2.035559e+21 	 1.573477e+19 	 4.741046e-05 	 2.668131e-06 	  3.1147 	  0.5988 	 -1000.0000 	 -1000.0000 
	 43.3120 	 4.550924e-02 	 164.1920 	  1.1738 	 2.009314e+21 	 1.548826e+19 	 4.673767e-05 	 2.621001e-06 	  3.1148 	  0.6043 	 -1000.0000 	 -1000.0000 
	 43.4330 	 4.487580e-02 	 164.0021 	  1.1682 	 1.983646e+21 	 1.524483e+19 	 4.612366e-05 	 2.571636e-06 	  3.1150 	  0.6095 	 -1000.0000 	 -1000.0000 
	 43.5540 	 4.425032e-02 	 163.8075 	  1.1625 	 1.958325e+21 	 1.500388e+19 	 4.556365e-05 	 2.520829e-06 	  3.1154 	  0.6145 	 -1000.0000 	 -1000.0000 
	 44.5620 	 3.933100e-02 	 162.0496 	  1.1212 	 1.759452e+21 	 1.322420e+19 	 4.305302e-05 	 2.185729e-06 	  3.1452 	  0.6580 	 -1000.0000 	 -1000.0000 
	 44.6830 	 3.877461e-02 	 161.8316 	  1.1173 	 1.736897e+21 	 1.303954e+19 	 4.299786e-05 	 2.165737e-06 	  3.1538 	  0.6646 	 -1000.0000 	 -1000.0000 
	 44.8040 	 3.822547e-02 	 161.6146 	  1.1137 	 1.714600e+21 	 1.286009e+19 	 4.298881e-05 	 2.151142e-06 	  3.1641 	  0.6717 	 -1000.0000 	 -1000.0000 
	 44.9250 	 3.768357e-02 	 161.3992 	  1.1104 	 1.692555e+21 	 1.268552e+19 	 4.302044e-05 	 2.141730e-06 	  3.1760 	  0.6794 	 -1000.0000 	 -1000.0000 
	 45.0460 	 3.714890e-02 	 161.1861 	  1.1073 	 1.670754e+21 	 1.251550e+19 	 4.308557e-05 	 2.136987e-06 	  3.1893 	  0.6877 	 -1000.0000 	 -1000.0000 
	 46.0650 	 3.292642e-02 	 159.5557 	  1.0913 	 1.496042e+21 	 1.121699e+19 	 4.357372e-05 	 2.172676e-06 	  3.3303 	  0.7736 	 -1000.0000 	 -1000.0000 
	 46.1850 	 3.246031e-02 	 159.3842 	  1.0899 	 1.476450e+21 	 1.107353e+19 	 4.344569e-05 	 2.173880e-06 	  3.3464 	  0.7848 	 -1000.0000 	 -1000.0000 
	 46.3060 	 3.199646e-02 	 159.2151 	  1.0884 	 1.456893e+21 	 1.092951e+19 	 4.324165e-05 	 2.172288e-06 	  3.3617 	  0.7961 	 -1000.0000 	 -1000.0000 
	 46.4270 	 3.153863e-02 	 159.0498 	  1.0868 	 1.437534e+21 	 1.078572e+19 	 4.295848e-05 	 2.167644e-06 	  3.3760 	  0.8075 	 -1000.0000 	 -1000.0000 
	 46.5470 	 3.109038e-02 	 158.8895 	  1.0849 	 1.418527e+21 	 1.064295e+19 	 4.260056e-05 	 2.160039e-06 	  3.3892 	  0.8188 	 -1000.0000 	 -1000.0000 
	 47.5620 	 2.751526e-02 	 157.6491 	  1.0574 	 1.265262e+21 	 9.403914e+18 	 3.751988e-05 	 2.013461e-06 	  3.4743 	  0.9175 	 -1000.0000 	 -1000.0000 
	 47.6830 	 2.711449e-02 	 157.5102 	  1.0532 	 1.247932e+21 	 9.257215e+18 	 3.686477e-05 	 1.991458e-06 	  3.4838 	  0.9302 	 -1000.0000 	 -1000.0000 
	 47.8040 	 2.671918e-02 	 157.3721 	  1.0491 	 1.230817e+21 	 9.112495e+18 	 3.624546e-05 	 1.969647e-06 	  3.4936 	  0.9433 	 -1000.0000 	 -1000.0000 
	 47.9250 	 2.632937e-02 	 157.2343 	  1.0451 	 1.213922e+21 	 8.970281e+18 	 3.567196e-05 	 1.948287e-06 	  3.5038 	  0.9567 	 -1000.0000 	 -1000.0000 
	 48.0460 	 2.594506e-02 	 157.0966 	  1.0413 	 1.197253e+21 	 8.831103e+18 	 3.515024e-05 	 1.927538e-06 	  3.5144 	  0.9705 	 -1000.0000 	 -1000.0000 
	 49.0580 	 2.294396e-02 	 155.8789 	  1.0224 	 1.067108e+21 	 7.834977e+18 	 3.270539e-05 	 1.773695e-06 	 -1000.0000 	 -1000.0000 	 -1000.0000 	 -1000.0000 
	 49.1780 	 2.261182e-02 	 155.7133 	  1.0218 	 1.052780e+21 	 7.736839e+18 	 3.251255e-05 	 1.755675e-06 	 -1000.0000 	 -1000.0000 	 -1000.0000 	 -1000.0000 
	 49.2980 	 2.228425e-02 	 155.5399 	  1.0214 	 1.038685e+21 	 7.642396e+18 	 3.229091e-05 	 1.736692e-06 	 -1000.0000 	 -1000.0000 	 -1000.0000 	 -1000.0000 
	 49.4190 	 2.195847e-02 	 155.3561 	  1.0214 	 1.024704e+21 	 7.550736e+18 	 3.201542e-05 	 1.715921e-06 	 -1000.0000 	 -1000.0000 	 -1000.0000 	 -1000.0000 
	 49.5390 	 2.163971e-02 	 155.1640 	  1.0216 	 1.011070e+21 	 7.463201e+18 	 3.166638e-05 	 1.692963e-06 	 -1000.0000 	 -1000.0000 	 -1000.0000 	 -1000.0000 
	 50.5510 	 1.910794e-02 	 153.0895 	  1.0314 	 9.047791e+20 	 6.834276e+18 	 2.337030e-05 	 1.333043e-06 	 -1000.0000 	 -1000.0000 	 -1000.0000 	 -1000.0000 
	 50.6710 	 1.882522e-02 	 152.8001 	  1.0333 	 8.930822e+20 	 6.769652e+18 	 2.182218e-05 	 1.270815e-06 	 -1000.0000 	 -1000.0000 	 -1000.0000 	 -1000.0000 
	 50.7900 	 1.854837e-02 	 152.5079 	  1.0353 	 8.816394e+20 	 6.707006e+18 	 2.024156e-05 	 1.206773e-06 	 -1000.0000 	 -1000.0000 	 -1000.0000 	 -1000.0000 
	 50.9100 	 1.827269e-02 	 152.2094 	  1.0374 	 8.702488e+20 	 6.645100e+18 	 1.863302e-05 	 1.140795e-06 	 -1000.0000 	 -1000.0000 	 -1000.0000 	 -1000.0000 
	 51.0300 	 1.800049e-02 	 151.9080 	  1.0396 	 8.589973e+20 	 6.584277e+18 	 1.704174e-05 	 1.074454e-06 	 -1000.0000 	 -1000.0000 	 -1000.0000 	 -1000.0000 
	 52.0510 	 1.582058e-02 	 149.3747 	  1.0602 	 7.678036e+20 	 6.089935e+18 	 7.169966e-06 	 6.045218e-07 	 -1000.0000 	 -1000.0000 	 -1000.0000 	 -1000.0000 
	 52.1710 	 1.558017e-02 	 149.0912 	  1.0629 	 7.575710e+20 	 6.033664e+18 	 6.493052e-06 	 5.651677e-07 	 -1000.0000 	 -1000.0000 	 -1000.0000 	 -1000.0000 
	 52.2900 	 1.534503e-02 	 148.8145 	  1.0656 	 7.475227e+20 	 5.978210e+18 	 5.901129e-06 	 5.293971e-07 	 -1000.0000 	 -1000.0000 	 -1000.0000 	 -1000.0000 
	 52.4100 	 1.511123e-02 	 148.5406 	  1.0684 	 7.374892e+20 	 5.922634e+18 	 5.375846e-06 	 4.964345e-07 	 -1000.0000 	 -1000.0000 	 -1000.0000 	 -1000.0000 
	 52.5300 	 1.488073e-02 	 148.2720 	  1.0713 	 7.275552e+20 	 5.867401e+18 	 4.913856e-06 	 4.663767e-07 	 -1000.0000 	 -1000.0000 	 -1000.0000 	 -1000.0000 
	 53.5410 	 1.306789e-02 	 146.2584 	  1.0976 	 6.477441e+20 	 5.409782e+18 	 2.578908e-06 	 2.989594e-07 	 -1000.0000 	 -1000.0000 	 -1000.0000 	 -1000.0000 
	 53.6610 	 1.286713e-02 	 146.0464 	  1.1003 	 6.387199e+20 	 5.354380e+18 	 2.420903e-06 	 2.865897e-07 	 -1000.0000 	 -1000.0000 	 -1000.0000 	 -1000.0000 
	 53.7800 	 1.267082e-02 	 145.8406 	  1.1027 	 6.298622e+20 	 5.298666e+18 	 2.280597e-06 	 2.754335e-07 	 -1000.0000 	 -1000.0000 	 -1000.0000 	 -1000.0000 
	 53.9000 	 1.247558e-02 	 145.6371 	  1.1048 	 6.210210e+20 	 5.241542e+18 	 2.153547e-06 	 2.651786e-07 	 -1000.0000 	 -1000.0000 	 -1000.0000 	 -1000.0000 
	 54.0200 	 1.228301e-02 	 145.4375 	  1.1065 	 6.122705e+20 	 5.183310e+18 	 2.038996e-06 	 2.558018e-07 	 -1000.0000 	 -1000.0000 	 -1000.0000 	 -1000.0000 
	 55.0430 	 1.074168e-02 	 143.8659 	  1.1009 	 5.412544e+20 	 4.631619e+18 	 1.356594e-06 	 1.983894e-07 	 -1000.0000 	 -1000.0000 	 -1000.0000 	 -1000.0000 
	 55.1630 	 1.057251e-02 	 143.7017 	  1.0984 	 5.333392e+20 	 4.562607e+18 	 1.299367e-06 	 1.934925e-07 	 -1000.0000 	 -1000.0000 	 -1000.0000 	 -1000.0000 
	 55.2830 	 1.040582e-02 	 143.5435 	  1.0958 	 5.255107e+20 	 4.493498e+18 	 1.245970e-06 	 1.888987e-07 	 -1000.0000 	 -1000.0000 	 -1000.0000 	 -1000.0000 
	 55.4020 	 1.024299e-02 	 143.3930 	  1.0930 	 5.178330e+20 	 4.425105e+18 	 1.196681e-06 	 1.846340e-07 	 -1000.0000 	 -1000.0000 	 -1000.0000 	 -1000.0000 
	 55.5220 	 1.008129e-02 	 143.2483 	  1.0902 	 5.101769e+20 	 4.356516e+18 	 1.150587e-06 	 1.806236e-07 	 -1000.0000 	 -1000.0000 	 -1000.0000 	 -1000.0000 
	 56.5260 	 8.826630e-03 	 142.3586 	  1.0713 	 4.494837e+20 	 3.821941e+18 	 8.964017e-07 	 1.585566e-07 	 -1000.0000 	 -1000.0000 	 -1000.0000 	 -1000.0000 
	 56.6460 	 8.687714e-03 	 142.2887 	  1.0699 	 4.426239e+20 	 3.763597e+18 	 8.801485e-07 	 1.573351e-07 	 -1000.0000 	 -1000.0000 	 -1000.0000 	 -1000.0000 
	 56.7650 	 8.552075e-03 	 142.2261 	  1.0687 	 4.359025e+20 	 3.706888e+18 	 8.666435e-07 	 1.564324e-07 	 -1000.0000 	 -1000.0000 	 -1000.0000 	 -1000.0000 
	 56.8840 	 8.418488e-03 	 142.1697 	  1.0677 	 4.292614e+20 	 3.651311e+18 	 8.556089e-07 	 1.558342e-07 	 -1000.0000 	 -1000.0000 	 -1000.0000 	 -1000.0000 
	 57.0030 	 8.286890e-03 	 142.1192 	  1.0670 	 4.227001e+20 	 3.596854e+18 	 8.468978e-07 	 1.555343e-07 	 -1000.0000 	 -1000.0000 	 -1000.0000 	 -1000.0000 
	 58.0260 	 7.230811e-03 	 141.8588 	  1.0696 	 3.695789e+20 	 3.173441e+18 	 8.505016e-07 	 1.643060e-07 	 -1000.0000 	 -1000.0000 	 -1000.0000 	 -1000.0000 
	 58.1460 	 7.115496e-03 	 141.8341 	  1.0710 	 3.637539e+20 	 3.128904e+18 	 8.593242e-07 	 1.666220e-07 	 -1000.0000 	 -1000.0000 	 -1000.0000 	 -1000.0000 
	 58.2650 	 7.002917e-03 	 141.8071 	  1.0725 	 3.580680e+20 	 3.085783e+18 	 8.697917e-07 	 1.691852e-07 	 -1000.0000 	 -1000.0000 	 -1000.0000 	 -1000.0000 
	 58.3840 	 6.892108e-03 	 141.7767 	  1.0742 	 3.524744e+20 	 3.043697e+18 	 8.819793e-07 	 1.720153e-07 	 -1000.0000 	 -1000.0000 	 -1000.0000 	 -1000.0000 
	 58.5030 	 6.783070e-03 	 141.7418 	  1.0762 	 3.469746e+20 	 3.002640e+18 	 8.959012e-07 	 1.751148e-07 	 -1000.0000 	 -1000.0000 	 -1000.0000 	 -1000.0000 
	 59.5090 	 5.931043e-03 	 141.3026 	  1.0976 	 3.041451e+20 	 2.688903e+18 	 1.089029e-06 	 2.126913e-07 	 -1000.0000 	 -1000.0000 	 -1000.0000 	 -1000.0000 
	 59.6280 	 5.838074e-03 	 141.2844 	  1.0999 	 2.994105e+20 	 2.653005e+18 	 1.122348e-06 	 2.185925e-07 	 -1000.0000 	 -1000.0000 	 -1000.0000 	 -1000.0000 
	 59.7470 	 5.746636e-03 	 141.2887 	  1.1019 	 2.947155e+20 	 2.616605e+18 	 1.158341e-06 	 2.248360e-07 	 -1000.0000 	 -1000.0000 	 -1000.0000 	 -1000.0000 
	 59.8660 	 5.656692e-03 	 141.3202 	  1.1036 	 2.900512e+20 	 2.579482e+18 	 1.197203e-06 	 2.314424e-07 	 -1000.0000 	 -1000.0000 	 -1000.0000 	 -1000.0000 
	 59.9850 	 5.568207e-03 	 141.3833 	  1.1048 	 2.854085e+20 	 2.541412e+18 	 1.239174e-06 	 2.384404e-07 	 -1000.0000 	 -1000.0000 	 -1000.0000 	 -1000.0000 
	 61.0090 	 4.862943e-03 	 143.5824 	  1.0917 	 2.456717e+20 	 2.158707e+18 	 1.801569e-06 	 3.251724e-07 	 -1000.0000 	 -1000.0000 	 -1000.0000 	 -1000.0000 
	 61.1280 	 4.787338e-03 	 143.9877 	  1.0879 	 2.411683e+20 	 2.110329e+18 	 1.907291e-06 	 3.409312e-07 	 -1000.0000 	 -1000.0000 	 -1000.0000 	 -1000.0000 
	 61.2470 	 4.713051e-03 	 144.4066 	  1.0839 	 2.367247e+20 	 2.062111e+18 	 2.026179e-06 	 3.586132e-07 	 -1000.0000 	 -1000.0000 	 -1000.0000 	 -1000.0000 
	 61.3660 	 4.640083e-03 	 144.8339 	  1.0796 	 2.323517e+20 	 2.014339e+18 	 2.159670e-06 	 3.784389e-07 	 -1000.0000 	 -1000.0000 	 -1000.0000 	 -1000.0000 
	 61.4850 	 4.568434e-03 	 145.2644 	  1.0751 	 2.280599e+20 	 1.967302e+18 	 2.309109e-06 	 4.006116e-07 	 -1000.0000 	 -1000.0000 	 -1000.0000 	 -1000.0000 
	 62.4920 	 4.013353e-03 	 148.3536 	  1.0372 	 1.961037e+20 	 1.627721e+18 	 4.305007e-06 	 7.068427e-07 	 -1000.0000 	 -1000.0000 	 -1000.0000 	 -1000.0000 
	 62.6110 	 3.953231e-03 	 148.5834 	  1.0326 	 1.928733e+20 	 1.595033e+18 	 4.621836e-06 	 7.534054e-07 	 -1000.0000 	 -1000.0000 	 -1000.0000 	 -1000.0000 
	 62.7290 	 3.894596e-03 	 148.7695 	  1.0279 	 1.897806e+20 	 1.563997e+18 	 4.949498e-06 	 8.001056e-07 	 -1000.0000 	 -1000.0000 	 -1000.0000 	 -1000.0000 
	 62.8480 	 3.836407e-03 	 148.9114 	  1.0230 	 1.867716e+20 	 1.534025e+18 	 5.292383e-06 	 8.471960e-07 	 -1000.0000 	 -1000.0000 	 -1000.0000 	 -1000.0000 
	 62.9660 	 3.779594e-03 	 149.0027 	  1.0180 	 1.838957e+20 	 1.505565e+18 	 5.643587e-06 	 8.934279e-07 	 -1000.0000 	 -1000.0000 	 -1000.0000 	 -1000.0000 
	 63.9850 	 3.320154e-03 	 147.4960 	  0.9658 	 1.631390e+20 	 1.303703e+18 	 8.965749e-06 	 1.223680e-06 	 -1000.0000 	 -1000.0000 	 -1000.0000 	 -1000.0000 
	 64.1030 	 3.270245e-03 	 147.1070 	  0.9593 	 1.611109e+20 	 1.284533e+18 	 9.357800e-06 	 1.253464e-06 	 -1000.0000 	 -1000.0000 	 -1000.0000 	 -1000.0000 
	 64.2210 	 3.220990e-03 	 146.6925 	  0.9529 	 1.591354e+20 	 1.266062e+18 	 9.745270e-06 	 1.282048e-06 	 -1000.0000 	 -1000.0000 	 -1000.0000 	 -1000.0000 
	 64.3390 	 3.172379e-03 	 146.2581 	  0.9466 	 1.572049e+20 	 1.248240e+18 	 1.012646e-05 	 1.309638e-06 	 -1000.0000 	 -1000.0000 	 -1000.0000 	 -1000.0000 
	 64.4580 	 3.124002e-03 	 145.8054 	  0.9405 	 1.552965e+20 	 1.230877e+18 	 1.050280e-05 	 1.336683e-06 	 -1000.0000 	 -1000.0000 	 -1000.0000 	 -1000.0000 
	 65.4680 	 2.738219e-03 	 141.9660 	  0.9024 	 1.398513e+20 	 1.102277e+18 	 1.318268e-05 	 1.557019e-06 	 -1000.0000 	 -1000.0000 	 -1000.0000 	 -1000.0000 
	 65.5860 	 2.695852e-03 	 141.5297 	  0.8996 	 1.381108e+20 	 1.089090e+18 	 1.342933e-05 	 1.581331e-06 	 -1000.0000 	 -1000.0000 	 -1000.0000 	 -1000.0000 
	 65.7030 	 2.654357e-03 	 141.0965 	  0.8971 	 1.364002e+20 	 1.076352e+18 	 1.366050e-05 	 1.604761e-06 	 -1000.0000 	 -1000.0000 	 -1000.0000 	 -1000.0000 
	 65.8210 	 2.613014e-03 	 140.6577 	  0.8948 	 1.346912e+20 	 1.063837e+18 	 1.388026e-05 	 1.627589e-06 	 -1000.0000 	 -1000.0000 	 -1000.0000 	 -1000.0000 
	 65.9390 	 2.572167e-03 	 140.2160 	  0.8928 	 1.329991e+20 	 1.051644e+18 	 1.408674e-05 	 1.649484e-06 	 -1000.0000 	 -1000.0000 	 -1000.0000 	 -1000.0000 
	 66.9610 	 2.237693e-03 	 136.1495 	  0.8832 	 1.191386e+20 	 9.578938e+17 	 1.533817e-05 	 1.786370e-06 	 -1000.0000 	 -1000.0000 	 -1000.0000 	 -1000.0000 
	 67.0780 	 2.201578e-03 	 135.6551 	  0.8827 	 1.176436e+20 	 9.483261e+17 	 1.542205e-05 	 1.795994e-06 	 -1000.0000 	 -1000.0000 	 -1000.0000 	 -1000.0000 
	 67.1960 	 2.165614e-03 	 135.1513 	  0.8824 	 1.161543e+20 	 9.388786e+17 	 1.549472e-05 	 1.804606e-06 	 -1000.0000 	 -1000.0000 	 -1000.0000 	 -1000.0000 
	 67.3130 	 2.130413e-03 	 134.6472 	  0.8821 	 1.146955e+20 	 9.297003e+17 	 1.555509e-05 	 1.812114e-06 	 -1000.0000 	 -1000.0000 	 -1000.0000 	 -1000.0000 
	 67.4300 	 2.095671e-03 	 134.1388 	  0.8820 	 1.132544e+20 	 9.206991e+17 	 1.560397e-05 	 1.818651e-06 	 -1000.0000 	 -1000.0000 	 -1000.0000 	 -1000.0000 
	 68.4480 	 1.812708e-03 	 129.5880 	  0.8832 	 1.014098e+20 	 8.485425e+17 	 1.561570e-05 	 1.843915e-06 	 -1000.0000 	 -1000.0000 	 -1000.0000 	 -1000.0000 
	 68.5660 	 1.782044e-03 	 129.0543 	  0.8838 	 1.001065e+20 	 8.408377e+17 	 1.558943e-05 	 1.844432e-06 	 -1000.0000 	 -1000.0000 	 -1000.0000 	 -1000.0000 
	 68.6830 	 1.752046e-03 	 128.5258 	  0.8845 	 9.882580e+19 	 8.333319e+17 	 1.556310e-05 	 1.844725e-06 	 -1000.0000 	 -1000.0000 	 -1000.0000 	 -1000.0000 
	 68.8010 	 1.722191e-03 	 127.9940 	  0.8855 	 9.754505e+19 	 8.258965e+17 	 1.553777e-05 	 1.844875e-06 	 -1000.0000 	 -1000.0000 	 -1000.0000 	 -1000.0000 
	 68.9190 	 1.692727e-03 	 127.4640 	  0.8866 	 9.627443e+19 	 8.185963e+17 	 1.551519e-05 	 1.844944e-06 	 -1000.0000 	 -1000.0000 	 -1000.0000 	 -1000.0000 
	 69.9340 	 1.454386e-03 	 123.0500 	  0.9053 	 8.567976e+19 	 7.609509e+17 	 1.555618e-05 	 1.847119e-06 	 -1000.0000 	 -1000.0000 	 -1000.0000 	 -1000.0000 
	 70.0510 	 1.428611e-03 	 122.5622 	  0.9083 	 8.449592e+19 	 7.547408e+17 	 1.557676e-05 	 1.847061e-06 	 -1000.0000 	 -1000.0000 	 -1000.0000 	 -1000.0000 
	 70.1680 	 1.403188e-03 	 122.0793 	  0.9115 	 8.332046e+19 	 7.485766e+17 	 1.559561e-05 	 1.846726e-06 	 -1000.0000 	 -1000.0000 	 -1000.0000 	 -1000.0000 
	 70.2850 	 1.378116e-03 	 121.6013 	  0.9147 	 8.215359e+19 	 7.424454e+17 	 1.561120e-05 	 1.846052e-06 	 -1000.0000 	 -1000.0000 	 -1000.0000 	 -1000.0000 
	 70.4020 	 1.353397e-03 	 121.1285 	  0.9180 	 8.099553e+19 	 7.363347e+17 	 1.562198e-05 	 1.844972e-06 	 -1000.0000 	 -1000.0000 	 -1000.0000 	 -1000.0000 
	 71.4140 	 1.154160e-03 	 117.2402 	  0.9470 	 7.137743e+19 	 6.831744e+17 	 1.532906e-05 	 1.810428e-06 	 -1000.0000 	 -1000.0000 	 -1000.0000 	 -1000.0000 
	 71.5310 	 1.132743e-03 	 116.8039 	  0.9504 	 7.031532e+19 	 6.770511e+17 	 1.524060e-05 	 1.803049e-06 	 -1000.0000 	 -1000.0000 	 -1000.0000 	 -1000.0000 
	 71.6480 	 1.111641e-03 	 116.3674 	  0.9538 	 6.926435e+19 	 6.709644e+17 	 1.514002e-05 	 1.794917e-06 	 -1000.0000 	 -1000.0000 	 -1000.0000 	 -1000.0000 
	 71.7650 	 1.090849e-03 	 115.9298 	  0.9572 	 6.822474e+19 	 6.649239e+17 	 1.502719e-05 	 1.786022e-06 	 -1000.0000 	 -1000.0000 	 -1000.0000 	 -1000.0000 
	 71.8820 	 1.070361e-03 	 115.4902 	  0.9607 	 6.719671e+19 	 6.589392e+17 	 1.490200e-05 	 1.776360e-06 	 -1000.0000 	 -1000.0000 	 -1000.0000 	 -1000.0000 
	 72.9040 	 9.037306e-04 	 111.5645 	  0.9932 	 5.870296e+19 	 6.094942e+17 	 1.331000e-05 	 1.661471e-06 	 -1000.0000 	 -1000.0000 	 -1000.0000 	 -1000.0000 
	 73.0210 	 8.860626e-04 	 111.1396 	  0.9974 	 5.777465e+19 	 6.039449e+17 	 1.308409e-05 	 1.645554e-06 	 -1000.0000 	 -1000.0000 	 -1000.0000 	 -1000.0000 
	 73.1380 	 8.686903e-04 	 110.7303 	  1.0016 	 5.685185e+19 	 5.983465e+17 	 1.285305e-05 	 1.629266e-06 	 -1000.0000 	 -1000.0000 	 -1000.0000 	 -1000.0000 
	 73.2550 	 8.516156e-04 	 110.3399 	  1.0060 	 5.593355e+19 	 5.926782e+17 	 1.261799e-05 	 1.612659e-06 	 -1000.0000 	 -1000.0000 	 -1000.0000 	 -1000.0000 
	 73.3720 	 8.348405e-04 	 109.9714 	  1.0106 	 5.501872e+19 	 5.869190e+17 	 1.237729e-05 	 1.596529e-06 	 -1000.0000 	 -1000.0000 	 -1000.0000 	 -1000.0000 
	 74.3800 	 7.027348e-04 	 107.9707 	  1.0561 	 4.720431e+19 	 5.316748e+17 	 1.029943e-05 	 1.471127e-06 	 -1000.0000 	 -1000.0000 	 -1000.0000 	 -1000.0000 
	 74.4960 	 6.888866e-04 	 107.8563 	  1.0618 	 4.632315e+19 	 5.247750e+17 	 1.007884e-05 	 1.457647e-06 	 -1000.0000 	 -1000.0000 	 -1000.0000 	 -1000.0000 
	 74.6120 	 6.752951e-04 	 107.7567 	  1.0675 	 4.544987e+19 	 5.178178e+17 	 9.864409e-06 	 1.444517e-06 	 -1000.0000 	 -1000.0000 	 -1000.0000 	 -1000.0000 
	 74.7280 	 6.619537e-04 	 107.6691 	  1.0731 	 4.458570e+19 	 5.108197e+17 	 9.656748e-06 	 1.431780e-06 	 -1000.0000 	 -1000.0000 	 -1000.0000 	 -1000.0000 
	 74.8450 	 6.487437e-04 	 107.5904 	  1.0787 	 4.372455e+19 	 5.037364e+17 	 9.454794e-06 	 1.419376e-06 	 -1000.0000 	 -1000.0000 	 -1000.0000 	 -1000.0000 
	 75.8700 	 5.427224e-04 	 106.9597 	  1.1233 	 3.677726e+19 	 4.430944e+17 	 8.087690e-06 	 1.337261e-06 	 -1000.0000 	 -1000.0000 	 -1000.0000 	 -1000.0000 
	 75.9860 	 5.317667e-04 	 106.8767 	  1.1282 	 3.606330e+19 	 4.366510e+17 	 7.982844e-06 	 1.331988e-06 	 -1000.0000 	 -1000.0000 	 -1000.0000 	 -1000.0000 
	 76.1020 	 5.210167e-04 	 106.7900 	  1.1334 	 3.536372e+19 	 4.303435e+17 	 7.888513e-06 	 1.327754e-06 	 -1000.0000 	 -1000.0000 	 -1000.0000 	 -1000.0000 
	 76.2180 	 5.104709e-04 	 106.6991 	  1.1387 	 3.467840e+19 	 4.241858e+17 	 7.804763e-06 	 1.324618e-06 	 -1000.0000 	 -1000.0000 	 -1000.0000 	 -1000.0000 
	 76.3350 	 5.000392e-04 	 106.6029 	  1.1443 	 3.400147e+19 	 4.181407e+17 	 7.731059e-06 	 1.322622e-06 	 -1000.0000 	 -1000.0000 	 -1000.0000 	 -1000.0000 
	 77.3420 	 4.184535e-04 	 105.5510 	  1.2072 	 2.874319e+19 	 3.741972e+17 	 7.533115e-06 	 1.359298e-06 	 -1000.0000 	 -1000.0000 	 -1000.0000 	 -1000.0000 
	 77.4580 	 4.099410e-04 	 105.4042 	  1.2161 	 2.819783e+19 	 3.699678e+17 	 7.554919e-06 	 1.369645e-06 	 -1000.0000 	 -1000.0000 	 -1000.0000 	 -1000.0000 
	 77.5740 	 4.015975e-04 	 105.2526 	  1.2252 	 2.766372e+19 	 3.658655e+17 	 7.584296e-06 	 1.381162e-06 	 -1000.0000 	 -1000.0000 	 -1000.0000 	 -1000.0000 
	 77.6900 	 3.934187e-04 	 105.0962 	  1.2345 	 2.714049e+19 	 3.618769e+17 	 7.620733e-06 	 1.393815e-06 	 -1000.0000 	 -1000.0000 	 -1000.0000 	 -1000.0000 
	 77.8060 	 3.854007e-04 	 104.9353 	  1.2440 	 2.662779e+19 	 3.579885e+17 	 7.663684e-06 	 1.407562e-06 	 -1000.0000 	 -1000.0000 	 -1000.0000 	 -1000.0000 
	 78.8250 	 3.213038e-04 	 103.4052 	  1.3315 	 2.251905e+19 	 3.261204e+17 	 8.217711e-06 	 1.564977e-06 	 -1000.0000 	 -1000.0000 	 -1000.0000 	 -1000.0000 
	 78.9410 	 3.146770e-04 	 103.2428 	  1.3415 	 2.208898e+19 	 3.225356e+17 	 8.284742e-06 	 1.584962e-06 	 -1000.0000 	 -1000.0000 	 -1000.0000 	 -1000.0000 
	 79.0570 	 3.081780e-04 	 103.0896 	  1.3514 	 2.166503e+19 	 3.189163e+17 	 8.348806e-06 	 1.604837e-06 	 -1000.0000 	 -1000.0000 	 -1000.0000 	 -1000.0000 
	 79.1720 	 3.018587e-04 	 102.9488 	  1.3611 	 2.125033e+19 	 3.152825e+17 	 8.408367e-06 	 1.624285e-06 	 -1000.0000 	 -1000.0000 	 -1000.0000 	 -1000.0000 
	 79.2880 	 2.956069e-04 	 102.8198 	  1.3708 	 2.083723e+19 	 3.115591e+17 	 8.463461e-06 	 1.643505e-06 	 -1000.0000 	 -1000.0000 	 -1000.0000 	 -1000.0000 
	 80.3120 	 2.454190e-04 	 102.4475 	  1.4481 	 1.737332e+19 	 2.750260e+17 	 8.632824e-06 	 1.781889e-06 	 -1000.0000 	 -1000.0000 	 -1000.0000 	 -1000.0000 
	 80.4280 	 2.402785e-04 	 102.4844 	  1.4557 	 1.700340e+19 	 2.705438e+17 	 8.619630e-06 	 1.794524e-06 	 -1000.0000 	 -1000.0000 	 -1000.0000 	 -1000.0000 
	 80.5440 	 2.352461e-04 	 102.5325 	  1.4631 	 1.663914e+19 	 2.660280e+17 	 8.602197e-06 	 1.806873e-06 	 -1000.0000 	 -1000.0000 	 -1000.0000 	 -1000.0000 
	 80.6600 	 2.303211e-04 	 102.5904 	  1.4703 	 1.628089e+19 	 2.614892e+17 	 8.581244e-06 	 1.819039e-06 	 -1000.0000 	 -1000.0000 	 -1000.0000 	 -1000.0000 
	 80.7760 	 2.255030e-04 	 102.6567 	  1.4772 	 1.592896e+19 	 2.569382e+17 	 8.557499e-06 	 1.831127e-06 	 -1000.0000 	 -1000.0000 	 -1000.0000 	 -1000.0000 
	 81.7850 	 1.879317e-04 	 103.4649 	  1.5232 	 1.316313e+19 	 2.178315e+17 	 8.322590e-06 	 1.945517e-06 	 -1000.0000 	 -1000.0000 	 -1000.0000 	 -1000.0000 
	 81.9010 	 1.840761e-04 	 103.5959 	  1.5255 	 1.287684e+19 	 2.133385e+17 	 8.297144e-06 	 1.960313e-06 	 -1000.0000 	 -1000.0000 	 -1000.0000 	 -1000.0000 
	 82.0170 	 1.803073e-04 	 103.7397 	  1.5268 	 1.259603e+19 	 2.088176e+17 	 8.272424e-06 	 1.975475e-06 	 -1000.0000 	 -1000.0000 	 -1000.0000 	 -1000.0000 
	 82.1320 	 1.766540e-04 	 103.8965 	  1.5270 	 1.232272e+19 	 2.042997e+17 	 8.248717e-06 	 1.990871e-06 	 -1000.0000 	 -1000.0000 	 -1000.0000 	 -1000.0000 
	 82.2480 	 1.730503e-04 	 104.0705 	  1.5260 	 1.205187e+19 	 1.996980e+17 	 8.225689e-06 	 2.006770e-06 	 -1000.0000 	 -1000.0000 	 -1000.0000 	 -1000.0000 
	 83.2680 	 1.445465e-04 	 106.4743 	  1.4587 	 9.842836e+18 	 1.569347e+17 	 8.075080e-06 	 2.163691e-06 	 -1000.0000 	 -1000.0000 	 -1000.0000 	 -1000.0000 
	 83.3830 	 1.416715e-04 	 106.8537 	  1.4465 	 9.612627e+18 	 1.520718e+17 	 8.066090e-06 	 2.183709e-06 	 -1000.0000 	 -1000.0000 	 -1000.0000 	 -1000.0000 
	 83.4990 	 1.388390e-04 	 107.2595 	  1.4340 	 9.384546e+18 	 1.472314e+17 	 8.059170e-06 	 2.204491e-06 	 -1000.0000 	 -1000.0000 	 -1000.0000 	 -1000.0000 
	 83.6140 	 1.360970e-04 	 107.6847 	  1.4216 	 9.162607e+18 	 1.425176e+17 	 8.054583e-06 	 2.225710e-06 	 -1000.0000 	 -1000.0000 	 -1000.0000 	 -1000.0000 
	 83.7290 	 1.334205e-04 	 108.1331 	  1.4094 	 8.944909e+18 	 1.379095e+17 	 8.052400e-06 	 2.247574e-06 	 -1000.0000 	 -1000.0000 	 -1000.0000 	 -1000.0000 
	 84.7380 	 1.126178e-04 	 113.0013 	  1.3328 	 7.226581e+18 	 1.042485e+17 	 8.153161e-06 	 2.470948e-06 	 -1000.0000 	 -1000.0000 	 -1000.0000 	 -1000.0000 
	 84.8530 	 1.105271e-04 	 113.6342 	  1.3275 	 7.052971e+18 	 1.011827e+17 	 8.178914e-06 	 2.500185e-06 	 -1000.0000 	 -1000.0000 	 -1000.0000 	 -1000.0000 
	 84.9690 	 1.084698e-04 	 114.2805 	  1.3226 	 6.882459e+18 	 9.822214e+16 	 8.207833e-06 	 2.530470e-06 	 -1000.0000 	 -1000.0000 	 -1000.0000 	 -1000.0000 
	 85.0840 	 1.064797e-04 	 114.9266 	  1.3181 	 6.717982e+18 	 9.540922e+16 	 8.239408e-06 	 2.561283e-06 	 -1000.0000 	 -1000.0000 	 -1000.0000 	 -1000.0000 
	 85.1990 	 1.045369e-04 	 115.5759 	  1.3139 	 6.558049e+18 	 9.270940e+16 	 8.273863e-06 	 2.592881e-06 	 -1000.0000 	 -1000.0000 	 -1000.0000 	 -1000.0000 
	 86.2140 	 8.918393e-05 	 121.0686 	  1.2784 	 5.340371e+18 	 7.271106e+16 	 8.703837e-06 	 2.907038e-06 	 -1000.0000 	 -1000.0000 	 -1000.0000 	 -1000.0000 
	 86.3290 	 8.762522e-05 	 121.6211 	  1.2744 	 5.223295e+18 	 7.082758e+16 	 8.767766e-06 	 2.947024e-06 	 -1000.0000 	 -1000.0000 	 -1000.0000 	 -1000.0000 
	 86.4430 	 8.611257e-05 	 122.1461 	  1.2705 	 5.111137e+18 	 6.903449e+16 	 8.834479e-06 	 2.987654e-06 	 -1000.0000 	 -1000.0000 	 -1000.0000 	 -1000.0000 
	 86.5580 	 8.461843e-05 	 122.6502 	  1.2666 	 5.001844e+18 	 6.729977e+16 	 8.905230e-06 	 3.029672e-06 	 -1000.0000 	 -1000.0000 	 -1000.0000 	 -1000.0000 
	 86.6720 	 8.316774e-05 	 123.1224 	  1.2629 	 4.897232e+18 	 6.565306e+16 	 8.978873e-06 	 3.072379e-06 	 -1000.0000 	 -1000.0000 	 -1000.0000 	 -1000.0000 
	 87.6840 	 7.146970e-05 	 125.8320 	  1.2377 	 4.116612e+18 	 5.406780e+16 	 9.794851e-06 	 3.501024e-06 	 -1000.0000 	 -1000.0000 	 -1000.0000 	 -1000.0000 
	 87.7990 	 7.026085e-05 	 125.9677 	  1.2363 	 4.042632e+18 	 5.306130e+16 	 9.905959e-06 	 3.555322e-06 	 -1000.0000 	 -1000.0000 	 -1000.0000 	 -1000.0000 
	 87.9130 	 6.908436e-05 	 126.0697 	  1.2354 	 3.971792e+18 	 5.211704e+16 	 1.001967e-05 	 3.610215e-06 	 -1000.0000 	 -1000.0000 	 -1000.0000 	 -1000.0000 
	 88.0280 	 6.791893e-05 	 126.1405 	  1.2350 	 3.902716e+18 	 5.121590e+16 	 1.013793e-05 	 3.666648e-06 	 -1000.0000 	 -1000.0000 	 -1000.0000 	 -1000.0000 
	 88.1420 	 6.678417e-05 	 126.1798 	  1.2350 	 3.836474e+18 	 5.037101e+16 	 1.025864e-05 	 3.723621e-06 	 -1000.0000 	 -1000.0000 	 -1000.0000 	 -1000.0000 
	 89.1570 	 5.748635e-05 	 125.3187 	  1.2620 	 3.325349e+18 	 4.457919e+16 	 1.147823e-05 	 4.273673e-06 	 -1000.0000 	 -1000.0000 	 -1000.0000 	 -1000.0000 
	 89.2710 	 5.652409e-05 	 125.1133 	  1.2677 	 3.275029e+18 	 4.408120e+16 	 1.163059e-05 	 4.340231e-06 	 -1000.0000 	 -1000.0000 	 -1000.0000 	 -1000.0000 
	 89.3850 	 5.557694e-05 	 124.8927 	  1.2739 	 3.225833e+18 	 4.360582e+16 	 1.178588e-05 	 4.407775e-06 	 -1000.0000 	 -1000.0000 	 -1000.0000 	 -1000.0000 
	 89.4990 	 5.464452e-05 	 124.6587 	  1.2806 	 3.177679e+18 	 4.315081e+16 	 1.194406e-05 	 4.476315e-06 	 -1000.0000 	 -1000.0000 	 -1000.0000 	 -1000.0000 
	 89.6130 	 5.372643e-05 	 124.4131 	  1.2875 	 3.130483e+18 	 4.271393e+16 	 1.210508e-05 	 4.545860e-06 	 -1000.0000 	 -1000.0000 	 -1000.0000 	 -1000.0000 
	 90.6270 	 4.613865e-05 	 122.0018 	  1.3607 	 2.741485e+18 	 3.929535e+16 	 1.367009e-05 	 5.216644e-06 	 -1000.0000 	 -1000.0000 	 -1000.0000 	 -1000.0000 
	 90.7410 	 4.534751e-05 	 121.7321 	  1.3694 	 2.700439e+18 	 3.893426e+16 	 1.386552e-05 	 5.300489e-06 	 -1000.0000 	 -1000.0000 	 -1000.0000 	 -1000.0000 
	 90.8550 	 4.456856e-05 	 121.4676 	  1.3782 	 2.659834e+18 	 3.857280e+16 	 1.406622e-05 	 5.386741e-06 	 -1000.0000 	 -1000.0000 	 -1000.0000 	 -1000.0000 
	 90.9690 	 4.380172e-05 	 121.2096 	  1.3869 	 2.619645e+18 	 3.820960e+16 	 1.427257e-05 	 5.475600e-06 	 -1000.0000 	 -1000.0000 	 -1000.0000 	 -1000.0000 
	 91.0830 	 4.304692e-05 	 120.9595 	  1.3954 	 2.579845e+18 	 3.784329e+16 	 1.448493e-05 	 5.567263e-06 	 -1000.0000 	 -1000.0000 	 -1000.0000 	 -1000.0000 
	 92.1000 	 3.683140e-05 	 119.2807 	  1.4601 	 2.238436e+18 	 3.424607e+16 	 1.668619e-05 	 6.535523e-06 	 -1000.0000 	 -1000.0000 	 -1000.0000 	 -1000.0000 
	 92.2140 	 3.619073e-05 	 119.1741 	  1.4651 	 2.201465e+18 	 3.379238e+16 	 1.696644e-05 	 6.662416e-06 	 -1000.0000 	 -1000.0000 	 -1000.0000 	 -1000.0000 
	 92.3270 	 3.556638e-05 	 119.0882 	  1.4693 	 2.165050e+18 	 3.333081e+16 	 1.725014e-05 	 6.791982e-06 	 -1000.0000 	 -1000.0000 	 -1000.0000 	 -1000.0000 
	 92.4410 	 3.494717e-05 	 119.0224 	  1.4729 	 2.128539e+18 	 3.285271e+16 	 1.754206e-05 	 6.926545e-06 	 -1000.0000 	 -1000.0000 	 -1000.0000 	 -1000.0000 
	 92.5550 	 3.433855e-05 	 118.9787 	  1.4756 	 2.092249e+18 	 3.236164e+16 	 1.783950e-05 	 7.065007e-06 	 -1000.0000 	 -1000.0000 	 -1000.0000 	 -1000.0000 
	 93.5630 	 2.940013e-05 	 119.6866 	  1.4611 	 1.780612e+18 	 2.746130e+16 	 2.067600e-05 	 8.466411e-06 	 -1000.0000 	 -1000.0000 	 -1000.0000 	 -1000.0000 
	 93.6760 	 2.889476e-05 	 119.8999 	  1.4563 	 1.746865e+18 	 2.687250e+16 	 2.101403e-05 	 8.644761e-06 	 -1000.0000 	 -1000.0000 	 -1000.0000 	 -1000.0000 
	 93.7900 	 2.839456e-05 	 120.1443 	  1.4512 	 1.713116e+18 	 2.627761e+16 	 2.135859e-05 	 8.829381e-06 	 -1000.0000 	 -1000.0000 	 -1000.0000 	 -1000.0000 
	 93.9030 	 2.790825e-05 	 120.4160 	  1.4461 	 1.679971e+18 	 2.568910e+16 	 2.170348e-05 	 9.017130e-06 	 -1000.0000 	 -1000.0000 	 -1000.0000 	 -1000.0000 
	 94.0160 	 2.743135e-05 	 120.7175 	  1.4409 	 1.647149e+18 	 2.510378e+16 	 2.205158e-05 	 9.209703e-06 	 -1000.0000 	 -1000.0000 	 -1000.0000 	 -1000.0000 
