	 height_(km) 	 press_(mbar) 	 temp_(K) 	 temperr_(K) 	 numdens_(m-3) 	 numdenserr_(m-3) 	 H2Ovmr_() 	 H2Ovmrerr_() 	 D/H_(VSMOW) 	 D/Herr_(VSMOW) 	 18O/16O_(VSMOW) 	 18O/16Oerr_(VSMOW) 
	 33.4780 	 1.523690e-01 	 162.6725 	  2.6132 	 6.790253e+21 	 1.149218e+20 	 1.344808e-05 	 2.089151e-06 	  2.3894 	  1.1510 	 -1000.0000 	 -1000.0000 
	 33.6460 	 1.493935e-01 	 162.3295 	  2.4948 	 6.671733e+21 	 1.084754e+20 	 1.312776e-05 	 1.968582e-06 	  2.3704 	  1.1198 	 -1000.0000 	 -1000.0000 
	 33.6920 	 1.485869e-01 	 162.2472 	  2.4634 	 6.639077e+21 	 1.067716e+20 	 1.304220e-05 	 1.936554e-06 	  2.3643 	  1.1110 	 -1000.0000 	 -1000.0000 
	 33.8600 	 1.456717e-01 	 161.9889 	  2.3530 	 6.519194e+21 	 1.007674e+20 	 1.274693e-05 	 1.824392e-06 	  2.3391 	  1.0776 	 -1000.0000 	 -1000.0000 
	 34.0290 	 1.427897e-01 	 161.7961 	  2.2478 	 6.397829e+21 	 9.506470e+19 	 1.249032e-05 	 1.720620e-06 	  2.3091 	  1.0426 	 -1000.0000 	 -1000.0000 
	 34.1980 	 1.399612e-01 	 161.6704 	  2.1485 	 6.275966e+21 	 8.968880e+19 	 1.229016e-05 	 1.627353e-06 	  2.2753 	  1.0065 	 -1000.0000 	 -1000.0000 
	 34.3660 	 1.372050e-01 	 161.6117 	  2.0553 	 6.154604e+21 	 8.465730e+19 	 1.216168e-05 	 1.545995e-06 	  2.2382 	  0.9700 	 -1000.0000 	 -1000.0000 
	 34.4220 	 1.362990e-01 	 161.6068 	  2.0254 	 6.114147e+21 	 8.304743e+19 	 1.213690e-05 	 1.521507e-06 	  2.2253 	  0.9577 	 -1000.0000 	 -1000.0000 
	 34.5900 	 1.336206e-01 	 161.6361 	  1.9390 	 5.992911e+21 	 7.841392e+19 	 1.212420e-05 	 1.456192e-06 	  2.1849 	  0.9209 	 -1000.0000 	 -1000.0000 
	 34.7590 	 1.309882e-01 	 161.7320 	  1.8571 	 5.871366e+21 	 7.404073e+19 	 1.221691e-05 	 1.403131e-06 	  2.1426 	  0.8841 	 -1000.0000 	 -1000.0000 
	 35.1460 	 1.251946e-01 	 162.1948 	  1.6872 	 5.595667e+21 	 6.505473e+19 	 1.293122e-05 	 1.331540e-06 	  2.0421 	  0.8019 	 -1000.0000 	 -1000.0000 
	 35.3140 	 1.227665e-01 	 162.4904 	  1.6210 	 5.477146e+21 	 6.157623e+19 	 1.351795e-05 	 1.323186e-06 	  1.9981 	  0.7676 	 -1000.0000 	 -1000.0000 
	 35.4820 	 1.203800e-01 	 162.8356 	  1.5595 	 5.359276e+21 	 5.833981e+19 	 1.432965e-05 	 1.342671e-06 	  1.9535 	  0.7348 	 -1000.0000 	 -1000.0000 
	 35.6500 	 1.180282e-01 	 163.2251 	  1.5026 	 5.242061e+21 	 5.533528e+19 	 1.539448e-05 	 1.393641e-06 	  1.9078 	  0.7034 	 -1000.0000 	 -1000.0000 
	 35.8180 	 1.157148e-01 	 163.6515 	  1.4497 	 5.125954e+21 	 5.254519e+19 	 1.670663e-05 	 1.465368e-06 	  1.8606 	  0.6725 	 -1000.0000 	 -1000.0000 
	 36.2050 	 1.105856e-01 	 164.7286 	  1.3387 	 4.866687e+21 	 4.681431e+19 	 2.055477e-05 	 1.745037e-06 	  1.7444 	  0.6051 	 -1000.0000 	 -1000.0000 
	 36.3720 	 1.084807e-01 	 165.2145 	  1.2936 	 4.760000e+21 	 4.459104e+19 	 2.241749e-05 	 1.903525e-06 	  1.6930 	  0.5782 	 -1000.0000 	 -1000.0000 
	 36.5400 	 1.064286e-01 	 165.7044 	  1.2497 	 4.656148e+21 	 4.249345e+19 	 2.430681e-05 	 2.069138e-06 	  1.6422 	  0.5527 	 -1000.0000 	 -1000.0000 
	 36.5960 	 1.057568e-01 	 165.8666 	  1.2356 	 4.622236e+21 	 4.182636e+19 	 2.493024e-05 	 2.122616e-06 	  1.6258 	  0.5446 	 -1000.0000 	 -1000.0000 
	 36.7640 	 1.037716e-01 	 166.3457 	  1.1948 	 4.522406e+21 	 3.992490e+19 	 2.677184e-05 	 2.274639e-06 	  1.5782 	  0.5212 	 -1000.0000 	 -1000.0000 
	 37.2680 	 9.798842e-02 	 167.6495 	  1.0951 	 4.237174e+21 	 3.517316e+19 	 3.223954e-05 	 2.621655e-06 	  1.4492 	  0.4567 	 -1000.0000 	 -1000.0000 
	 37.3200 	 9.740484e-02 	 167.7684 	  1.0872 	 4.208957e+21 	 3.476718e+19 	 3.283227e-05 	 2.650832e-06 	  1.4372 	  0.4505 	 -1000.0000 	 -1000.0000 
	 37.4880 	 9.554305e-02 	 168.1286 	  1.0657 	 4.119661e+21 	 3.356484e+19 	 3.484159e-05 	 2.741699e-06 	  1.4006 	  0.4310 	 -1000.0000 	 -1000.0000 
	 37.6550 	 9.373448e-02 	 168.4479 	  1.0505 	 4.034007e+21 	 3.253613e+19 	 3.701699e-05 	 2.832547e-06 	  1.3682 	  0.4129 	 -1000.0000 	 -1000.0000 
	 37.8220 	 9.197549e-02 	 168.7251 	  1.0421 	 3.951789e+21 	 3.167175e+19 	 3.941406e-05 	 2.927413e-06 	  1.3401 	  0.3961 	 -1000.0000 	 -1000.0000 
	 38.2110 	 8.805383e-02 	 169.2038 	  1.0361 	 3.772587e+21 	 3.005484e+19 	 4.565380e-05 	 3.192944e-06 	  1.2894 	  0.3642 	 -1000.0000 	 -1000.0000 
	 38.3780 	 8.642908e-02 	 169.3386 	  1.0315 	 3.700041e+21 	 2.939043e+19 	 4.837079e-05 	 3.342031e-06 	  1.2734 	  0.3543 	 -1000.0000 	 -1000.0000 
	 38.5450 	 8.483002e-02 	 169.4315 	  1.0211 	 3.629605e+21 	 2.866335e+19 	 5.096469e-05 	 3.504883e-06 	  1.2606 	  0.3466 	 -1000.0000 	 -1000.0000 
	 38.7120 	 8.325458e-02 	 169.4815 	  1.0051 	 3.561151e+21 	 2.787358e+19 	 5.340140e-05 	 3.651966e-06 	  1.2511 	  0.3405 	 -1000.0000 	 -1000.0000 
	 38.7740 	 8.267592e-02 	 169.4887 	  0.9982 	 3.536250e+21 	 2.757220e+19 	 5.425786e-05 	 3.699534e-06 	  1.2484 	  0.3386 	 -1000.0000 	 -1000.0000 
	 39.2750 	 7.813300e-02 	 169.3074 	  0.9412 	 3.345497e+21 	 2.526490e+19 	 5.988773e-05 	 3.927388e-06 	  1.2345 	  0.3267 	  1.1957 	  0.1508 
	 39.4420 	 7.667410e-02 	 169.1497 	  0.9270 	 3.286081e+21 	 2.463005e+19 	 6.117223e-05 	 3.941848e-06 	  1.2295 	  0.3230 	  1.2039 	  0.1498 
	 39.4940 	 7.622560e-02 	 169.0912 	  0.9233 	 3.267990e+21 	 2.444757e+19 	 6.151494e-05 	 3.941771e-06 	  1.2274 	  0.3217 	  1.2061 	  0.1494 
	 39.6610 	 7.480386e-02 	 168.8743 	  0.9133 	 3.211156e+21 	 2.390746e+19 	 6.244396e-05 	 3.934584e-06 	  1.2184 	  0.3175 	  1.2114 	  0.1480 
	 39.8280 	 7.341062e-02 	 168.6156 	  0.9066 	 3.156188e+21 	 2.343296e+19 	 6.312623e-05 	 3.931785e-06 	  1.2051 	  0.3130 	  1.2138 	  0.1471 
	 40.1620 	 7.070716e-02 	 167.9847 	  0.9025 	 3.051378e+21 	 2.265594e+19 	 6.380092e-05 	 3.972696e-06 	  1.1644 	  0.3035 	  1.2106 	  0.1488 
	 40.2140 	 7.029508e-02 	 167.8741 	  0.9029 	 3.035593e+21 	 2.255261e+19 	 6.382519e-05 	 3.979150e-06 	  1.1567 	  0.3019 	  1.2095 	  0.1492 
	 40.3810 	 6.898510e-02 	 167.4993 	  0.9056 	 2.985690e+21 	 2.224709e+19 	 6.375418e-05 	 3.981262e-06 	  1.1313 	  0.2965 	  1.2061 	  0.1518 
	 40.5480 	 6.769271e-02 	 167.0970 	  0.9103 	 2.936812e+21 	 2.197554e+19 	 6.347762e-05 	 3.932250e-06 	  1.1064 	  0.2904 	  1.2032 	  0.1538 
	 40.7150 	 6.641453e-02 	 166.6708 	  0.9167 	 2.888727e+21 	 2.172993e+19 	 6.311289e-05 	 3.803967e-06 	  1.0829 	  0.2831 	  1.2005 	  0.1516 
	 41.2710 	 6.227908e-02 	 165.1535 	  0.9423 	 2.733748e+21 	 2.099324e+19 	 6.097046e-05 	 2.875120e-06 	  1.0043 	  0.2601 	  1.1885 	  0.1443 
	 41.4380 	 6.108351e-02 	 164.6934 	  0.9489 	 2.688744e+21 	 2.076435e+19 	 5.852414e-05 	 2.595519e-06 	  0.9799 	  0.2558 	  1.1854 	  0.1518 
	 41.6040 	 5.991894e-02 	 164.2511 	  0.9541 	 2.644566e+21 	 2.051977e+19 	 5.506589e-05 	 2.310720e-06 	  0.9571 	  0.2524 	  1.1830 	  0.1625 
	 41.6580 	 5.954509e-02 	 164.1129 	  0.9554 	 2.630274e+21 	 2.043544e+19 	 5.376390e-05 	 2.215837e-06 	  0.9503 	  0.2515 	  1.1824 	  0.1662 
	 41.8240 	 5.841073e-02 	 163.7135 	  0.9580 	 2.586460e+21 	 2.015820e+19 	 4.934910e-05 	 1.941014e-06 	  0.9322 	  0.2499 	  1.1813 	  0.1769 
	 42.1580 	 5.619350e-02 	 163.0753 	  0.9556 	 2.498062e+21 	 1.949683e+19 	 4.013541e-05 	 1.582692e-06 	  0.9099 	  0.2514 	 -1000.0000 	 -1000.0000 
	 42.3240 	 5.512252e-02 	 162.8531 	  0.9508 	 2.453811e+21 	 1.911755e+19 	 3.611390e-05 	 1.565093e-06 	  0.9064 	  0.2552 	 -1000.0000 	 -1000.0000 
	 42.3880 	 5.471498e-02 	 162.7815 	  0.9486 	 2.436742e+21 	 1.896625e+19 	 3.474150e-05 	 1.579171e-06 	  0.9061 	  0.2572 	 -1000.0000 	 -1000.0000 
	 42.5540 	 5.367167e-02 	 162.6252 	  0.9425 	 2.392567e+21 	 1.856936e+19 	 3.170024e-05 	 1.635221e-06 	  0.9080 	  0.2634 	 -1000.0000 	 -1000.0000 
	 42.7210 	 5.264181e-02 	 162.5005 	  0.9369 	 2.348443e+21 	 1.817630e+19 	 2.938131e-05 	 1.683312e-06 	  0.9136 	  0.2713 	 -1000.0000 	 -1000.0000 
	 43.2740 	 4.936570e-02 	 162.1650 	  0.9281 	 2.206856e+21 	 1.702077e+19 	 2.537265e-05 	 1.649758e-06 	  0.9559 	  0.3033 	 -1000.0000 	 -1000.0000 
	 43.4410 	 4.841337e-02 	 162.0440 	  0.9262 	 2.165888e+21 	 1.669871e+19 	 2.466400e-05 	 1.592623e-06 	  0.9732 	  0.3134 	 -1000.0000 	 -1000.0000 
	 43.6080 	 4.747653e-02 	 161.8949 	  0.9235 	 2.125921e+21 	 1.637782e+19 	 2.397776e-05 	 1.515455e-06 	  0.9902 	  0.3231 	 -1000.0000 	 -1000.0000 
	 43.7740 	 4.656047e-02 	 161.7157 	  0.9201 	 2.087206e+21 	 1.606200e+19 	 2.326516e-05 	 1.417836e-06 	  1.0061 	  0.3321 	 -1000.0000 	 -1000.0000 
	 43.8320 	 4.624402e-02 	 161.6461 	  0.9190 	 2.073912e+21 	 1.595377e+19 	 2.300066e-05 	 1.379600e-06 	  1.0116 	  0.3352 	 -1000.0000 	 -1000.0000 
	 44.1640 	 4.446953e-02 	 161.1832 	  0.9146 	 2.000067e+21 	 1.537501e+19 	 2.123758e-05 	 1.155224e-06 	  1.0429 	  0.3539 	 -1000.0000 	 -1000.0000 
	 44.3300 	 4.360633e-02 	 160.9136 	  0.9153 	 1.964537e+21 	 1.512333e+19 	 2.018165e-05 	 1.068720e-06 	  1.0601 	  0.3650 	 -1000.0000 	 -1000.0000 
	 44.4960 	 4.275900e-02 	 160.6186 	  0.9176 	 1.929905e+21 	 1.489399e+19 	 1.905773e-05 	 1.008890e-06 	  1.0792 	  0.3775 	 -1000.0000 	 -1000.0000 
	 44.5520 	 4.247663e-02 	 160.5131 	  0.9184 	 1.918420e+21 	 1.481948e+19 	 1.867611e-05 	 9.930513e-07 	  1.0860 	  0.3821 	 -1000.0000 	 -1000.0000 
	 44.7180 	 4.164964e-02 	 160.1818 	  0.9206 	 1.884959e+21 	 1.460050e+19 	 1.756987e-05 	 9.528126e-07 	  1.1069 	  0.3962 	 -1000.0000 	 -1000.0000 
	 45.2160 	 3.925384e-02 	 159.0142 	  0.9130 	 1.789556e+21 	 1.386775e+19 	 1.479377e-05 	 8.425727e-07 	  1.1722 	  0.4417 	 -1000.0000 	 -1000.0000 
	 45.2720 	 3.899210e-02 	 158.8693 	  0.9108 	 1.779245e+21 	 1.377685e+19 	 1.454148e-05 	 8.290619e-07 	  1.1794 	  0.4468 	 -1000.0000 	 -1000.0000 
	 45.4380 	 3.822509e-02 	 158.4309 	  0.9032 	 1.749075e+21 	 1.350487e+19 	 1.384579e-05 	 7.888696e-07 	  1.2003 	  0.4622 	 -1000.0000 	 -1000.0000 
	 45.6040 	 3.747116e-02 	 157.9858 	  0.8955 	 1.719416e+21 	 1.323619e+19 	 1.320415e-05 	 7.534746e-07 	  1.2209 	  0.4779 	 -1000.0000 	 -1000.0000 
	 45.7700 	 3.673011e-02 	 157.5419 	  0.8887 	 1.690166e+21 	 1.297936e+19 	 1.259176e-05 	 7.279289e-07 	  1.2412 	  0.4942 	 -1000.0000 	 -1000.0000 
	 46.3170 	 3.437792e-02 	 156.1348 	  0.8772 	 1.596182e+21 	 1.224159e+19 	 1.049250e-05 	 6.730297e-07 	  1.3033 	  0.5526 	 -1000.0000 	 -1000.0000 
	 46.4830 	 3.369101e-02 	 155.7348 	  0.8778 	 1.568305e+21 	 1.205103e+19 	 9.735298e-06 	 6.429118e-07 	  1.3205 	  0.5709 	 -1000.0000 	 -1000.0000 
	 46.6480 	 3.302034e-02 	 155.3546 	  0.8799 	 1.540847e+21 	 1.187395e+19 	 8.919641e-06 	 6.058801e-07 	  1.3373 	  0.5896 	 -1000.0000 	 -1000.0000 
	 46.7160 	 3.274737e-02 	 155.2036 	  0.8811 	 1.529596e+21 	 1.180328e+19 	 8.573755e-06 	 5.899742e-07 	  1.3442 	  0.5977 	 -1000.0000 	 -1000.0000 
	 46.8820 	 3.208918e-02 	 154.8508 	  0.8844 	 1.502269e+21 	 1.163324e+19 	 7.729593e-06 	 5.508604e-07 	  1.3611 	  0.6185 	 -1000.0000 	 -1000.0000 
	 47.2120 	 3.081397e-02 	 154.2252 	  0.8902 	 1.448419e+21 	 1.128723e+19 	 6.203188e-06 	 4.761626e-07 	  1.3946 	  0.6642 	 -1000.0000 	 -1000.0000 
	 47.3780 	 3.018939e-02 	 153.9535 	  0.8919 	 1.421559e+21 	 1.110298e+19 	 5.574576e-06 	 4.433702e-07 	  1.4114 	  0.6890 	 -1000.0000 	 -1000.0000 
	 47.4360 	 2.997405e-02 	 153.8658 	  0.8923 	 1.412223e+21 	 1.103726e+19 	 5.378518e-06 	 4.327978e-07 	  1.4172 	  0.6977 	 -1000.0000 	 -1000.0000 
	 47.6020 	 2.936655e-02 	 153.6360 	  0.8931 	 1.385668e+21 	 1.084637e+19 	 4.882961e-06 	 4.053700e-07 	 -1000.0000 	 -1000.0000 	 -1000.0000 	 -1000.0000 
	 47.7670 	 2.877645e-02 	 153.4399 	  0.8934 	 1.359564e+21 	 1.065402e+19 	 4.482537e-06 	 3.825951e-07 	 -1000.0000 	 -1000.0000 	 -1000.0000 	 -1000.0000 
	 48.3150 	 2.691469e-02 	 152.9783 	  0.8928 	 1.275460e+21 	 1.001678e+19 	 3.715501e-06 	 3.378549e-07 	 -1000.0000 	 -1000.0000 	 -1000.0000 	 -1000.0000 
	 48.4800 	 2.637742e-02 	 152.8567 	  0.8926 	 1.250981e+21 	 9.829505e+18 	 3.614473e-06 	 3.318439e-07 	 -1000.0000 	 -1000.0000 	 -1000.0000 	 -1000.0000 
	 48.6450 	 2.584764e-02 	 152.7231 	  0.8924 	 1.226914e+21 	 9.646045e+18 	 3.554819e-06 	 3.282083e-07 	 -1000.0000 	 -1000.0000 	 -1000.0000 	 -1000.0000 
	 48.8100 	 2.532504e-02 	 152.5758 	  0.8923 	 1.203262e+21 	 9.466292e+18 	 3.527340e-06 	 3.261786e-07 	 -1000.0000 	 -1000.0000 	 -1000.0000 	 -1000.0000 
	 48.8800 	 2.510571e-02 	 152.5107 	  0.8922 	 1.193351e+21 	 9.390924e+18 	 3.523365e-06 	 3.255619e-07 	 -1000.0000 	 -1000.0000 	 -1000.0000 	 -1000.0000 
	 49.2100 	 2.409357e-02 	 152.1993 	  0.8911 	 1.147601e+21 	 9.040076e+18 	 3.542532e-06 	 3.220533e-07 	 -1000.0000 	 -1000.0000 	 -1000.0000 	 -1000.0000 
	 49.3750 	 2.360255e-02 	 152.0512 	  0.8899 	 1.125319e+21 	 8.866089e+18 	 3.560838e-06 	 3.184938e-07 	 -1000.0000 	 -1000.0000 	 -1000.0000 	 -1000.0000 
	 49.5400 	 2.312190e-02 	 151.9091 	  0.8889 	 1.103438e+21 	 8.696163e+18 	 3.573176e-06 	 3.135395e-07 	 -1000.0000 	 -1000.0000 	 -1000.0000 	 -1000.0000 
	 49.5940 	 2.296678e-02 	 151.8630 	  0.8888 	 1.096367e+21 	 8.642417e+18 	 3.574394e-06 	 3.117373e-07 	 -1000.0000 	 -1000.0000 	 -1000.0000 	 -1000.0000 
	 49.7580 	 2.250196e-02 	 151.7217 	  0.8900 	 1.075173e+21 	 8.487833e+18 	 3.565019e-06 	 3.060983e-07 	 -1000.0000 	 -1000.0000 	 -1000.0000 	 -1000.0000 
	 50.2520 	 2.115527e-02 	 151.2414 	  0.9145 	 1.014020e+21 	 8.142552e+18 	 3.351896e-06 	 2.930276e-07 	 -1000.0000 	 -1000.0000 	 -1000.0000 	 -1000.0000 
	 50.3140 	 2.099163e-02 	 151.1724 	  0.9198 	 1.006635e+21 	 8.111729e+18 	 3.304059e-06 	 2.918982e-07 	 -1000.0000 	 -1000.0000 	 -1000.0000 	 -1000.0000 
	 50.4780 	 2.056439e-02 	 150.9793 	  0.9347 	 9.874106e+20 	 8.037761e+18 	 3.159987e-06 	 2.889687e-07 	 -1000.0000 	 -1000.0000 	 -1000.0000 	 -1000.0000 
	 50.6430 	 2.014268e-02 	 150.7687 	  0.9503 	 9.685166e+20 	 7.969152e+18 	 2.994308e-06 	 2.856293e-07 	 -1000.0000 	 -1000.0000 	 -1000.0000 	 -1000.0000 
	 50.8080 	 1.972900e-02 	 150.5406 	  0.9649 	 9.500663e+20 	 7.899692e+18 	 2.814182e-06 	 2.812910e-07 	 -1000.0000 	 -1000.0000 	 -1000.0000 	 -1000.0000 
	 51.7240 	 1.757222e-02 	 148.9211 	  0.9710 	 8.554050e+20 	 7.220658e+18 	 1.832638e-06 	 2.177215e-07 	 -1000.0000 	 -1000.0000 	 -1000.0000 	 -1000.0000 
	 51.8880 	 1.720966e-02 	 148.5783 	  0.9596 	 8.396886e+20 	 7.048807e+18 	 1.693942e-06 	 2.008143e-07 	 -1000.0000 	 -1000.0000 	 -1000.0000 	 -1000.0000 
	 52.0530 	 1.685151e-02 	 148.2294 	  0.9507 	 8.241508e+20 	 6.888737e+18 	 1.568170e-06 	 1.852457e-07 	 -1000.0000 	 -1000.0000 	 -1000.0000 	 -1000.0000 
	 52.2180 	 1.649978e-02 	 147.8826 	  0.9473 	 8.088411e+20 	 6.755452e+18 	 1.456169e-06 	 1.726474e-07 	 -1000.0000 	 -1000.0000 	 -1000.0000 	 -1000.0000 
	 52.3820 	 1.615657e-02 	 147.5462 	  0.9499 	 7.938216e+20 	 6.650551e+18 	 1.358027e-06 	 1.633211e-07 	 -1000.0000 	 -1000.0000 	 -1000.0000 	 -1000.0000 
	 52.4480 	 1.602031e-02 	 147.4146 	  0.9522 	 7.878292e+20 	 6.614089e+18 	 1.322053e-06 	 1.602971e-07 	 -1000.0000 	 -1000.0000 	 -1000.0000 	 -1000.0000 
	 52.6120 	 1.568647e-02 	 147.1006 	  0.9600 	 7.730601e+20 	 6.532629e+18 	 1.240916e-06 	 1.541516e-07 	 -1000.0000 	 -1000.0000 	 -1000.0000 	 -1000.0000 
	 52.7760 	 1.535963e-02 	 146.8103 	  0.9693 	 7.584522e+20 	 6.456855e+18 	 1.170786e-06 	 1.493252e-07 	 -1000.0000 	 -1000.0000 	 -1000.0000 	 -1000.0000 
	 53.3220 	 1.432157e-02 	 146.0729 	  0.9926 	 7.107613e+20 	 6.163002e+18 	 1.009686e-06 	 1.371669e-07 	 -1000.0000 	 -1000.0000 	 -1000.0000 	 -1000.0000 
	 53.4860 	 1.402301e-02 	 145.9266 	  0.9946 	 6.966402e+20 	 6.053855e+18 	 9.840019e-07 	 1.351173e-07 	 -1000.0000 	 -1000.0000 	 -1000.0000 	 -1000.0000 
	 53.6500 	 1.372960e-02 	 145.8171 	  0.9932 	 6.825768e+20 	 5.932811e+18 	 9.695573e-07 	 1.341714e-07 	 -1000.0000 	 -1000.0000 	 -1000.0000 	 -1000.0000 
	 53.8140 	 1.344130e-02 	 145.7449 	  0.9895 	 6.685761e+20 	 5.803027e+18 	 9.649474e-07 	 1.343079e-07 	 -1000.0000 	 -1000.0000 	 -1000.0000 	 -1000.0000 
	 53.8820 	 1.332333e-02 	 145.7259 	  0.9877 	 6.627953e+20 	 5.748217e+18 	 9.652354e-07 	 1.346374e-07 	 -1000.0000 	 -1000.0000 	 -1000.0000 	 -1000.0000 
	 54.2090 	 1.276985e-02 	 145.7250 	  0.9830 	 6.352664e+20 	 5.494904e+18 	 9.767299e-07 	 1.379582e-07 	 -1000.0000 	 -1000.0000 	 -1000.0000 	 -1000.0000 
	 54.3720 	 1.250303e-02 	 145.7806 	  0.9864 	 6.217536e+20 	 5.385963e+18 	 9.842208e-07 	 1.404008e-07 	 -1000.0000 	 -1000.0000 	 -1000.0000 	 -1000.0000 
	 54.5360 	 1.224080e-02 	 145.8747 	  0.9944 	 6.083166e+20 	 5.290293e+18 	 9.954486e-07 	 1.435401e-07 	 -1000.0000 	 -1000.0000 	 -1000.0000 	 -1000.0000 
	 54.6020 	 1.213699e-02 	 145.9235 	  0.9984 	 6.029534e+20 	 5.254709e+18 	 1.002826e-06 	 1.451073e-07 	 -1000.0000 	 -1000.0000 	 -1000.0000 	 -1000.0000 
	 54.7660 	 1.188315e-02 	 146.0726 	  1.0099 	 5.897356e+20 	 5.170888e+18 	 1.032990e-06 	 1.500402e-07 	 -1000.0000 	 -1000.0000 	 -1000.0000 	 -1000.0000 
	 55.2560 	 1.115797e-02 	 146.7594 	  1.0408 	 5.511463e+20 	 4.918393e+18 	 1.299176e-06 	 1.784367e-07 	 -1000.0000 	 -1000.0000 	 -1000.0000 	 -1000.0000 
	 56.0260 	 1.010824e-02 	 148.5759 	  0.9992 	 4.932294e+20 	 4.290349e+18 	 2.667153e-06 	 2.929654e-07 	 -1000.0000 	 -1000.0000 	 -1000.0000 	 -1000.0000 
	 56.1890 	 9.899724e-03 	 149.0164 	  0.9766 	 4.816228e+20 	 4.125253e+18 	 3.073570e-06 	 3.243369e-07 	 -1000.0000 	 -1000.0000 	 -1000.0000 	 -1000.0000 
	 56.3520 	 9.696572e-03 	 149.4293 	  0.9559 	 4.704237e+20 	 3.970328e+18 	 3.461294e-06 	 3.527129e-07 	 -1000.0000 	 -1000.0000 	 -1000.0000 	 -1000.0000 
	 56.5150 	 9.499054e-03 	 149.7916 	  0.9403 	 4.597163e+20 	 3.836157e+18 	 3.799968e-06 	 3.753809e-07 	 -1000.0000 	 -1000.0000 	 -1000.0000 	 -1000.0000 
	 56.6780 	 9.306979e-03 	 150.0929 	  0.9304 	 4.495136e+20 	 3.723980e+18 	 4.073049e-06 	 3.916923e-07 	 -1000.0000 	 -1000.0000 	 -1000.0000 	 -1000.0000 
	 56.7360 	 9.239849e-03 	 150.1850 	  0.9279 	 4.459981e+20 	 3.688399e+18 	 4.153078e-06 	 3.961118e-07 	 -1000.0000 	 -1000.0000 	 -1000.0000 	 -1000.0000 
	 57.2250 	 8.695439e-03 	 150.6302 	  0.9176 	 4.184866e+20 	 3.440434e+18 	 4.430326e-06 	 4.106235e-07 	 -1000.0000 	 -1000.0000 	 -1000.0000 	 -1000.0000 
	 57.3880 	 8.521262e-03 	 150.6497 	  0.9147 	 4.100491e+20 	 3.366342e+18 	 4.370163e-06 	 4.089594e-07 	 -1000.0000 	 -1000.0000 	 -1000.0000 	 -1000.0000 
	 57.4560 	 8.449576e-03 	 150.6423 	  0.9135 	 4.066188e+20 	 3.336111e+18 	 4.330897e-06 	 4.076855e-07 	 -1000.0000 	 -1000.0000 	 -1000.0000 	 -1000.0000 
	 57.6190 	 8.280007e-03 	 150.5945 	  0.9105 	 3.985858e+20 	 3.265318e+18 	 4.218662e-06 	 4.037412e-07 	 -1000.0000 	 -1000.0000 	 -1000.0000 	 -1000.0000 
	 57.7820 	 8.113535e-03 	 150.5136 	  0.9075 	 3.907840e+20 	 3.196948e+18 	 4.102894e-06 	 3.992192e-07 	 -1000.0000 	 -1000.0000 	 -1000.0000 	 -1000.0000 
	 58.3320 	 7.573537e-03 	 150.1252 	  0.8997 	 3.657171e+20 	 2.984265e+18 	 3.885044e-06 	 3.867438e-07 	 -1000.0000 	 -1000.0000 	 -1000.0000 	 -1000.0000 
	 58.4950 	 7.419884e-03 	 149.9997 	  0.8984 	 3.585986e+20 	 2.926151e+18 	 3.852435e-06 	 3.841674e-07 	 -1000.0000 	 -1000.0000 	 -1000.0000 	 -1000.0000 
	 58.6580 	 7.269151e-03 	 149.8785 	  0.8978 	 3.516010e+20 	 2.870057e+18 	 3.818610e-06 	 3.820654e-07 	 -1000.0000 	 -1000.0000 	 -1000.0000 	 -1000.0000 
	 58.8200 	 7.122275e-03 	 149.7584 	  0.8978 	 3.447759e+20 	 2.816266e+18 	 3.776881e-06 	 3.800823e-07 	 -1000.0000 	 -1000.0000 	 -1000.0000 	 -1000.0000 
	 58.8900 	 7.059731e-03 	 149.7037 	  0.8980 	 3.418735e+20 	 2.793632e+18 	 3.755013e-06 	 3.790964e-07 	 -1000.0000 	 -1000.0000 	 -1000.0000 	 -1000.0000 
	 59.2150 	 6.776820e-03 	 149.3965 	  0.8992 	 3.288443e+20 	 2.693442e+18 	 3.607911e-06 	 3.716519e-07 	 -1000.0000 	 -1000.0000 	 -1000.0000 	 -1000.0000 
	 59.3780 	 6.639663e-03 	 149.1898 	  0.8999 	 3.226320e+20 	 2.646264e+18 	 3.496789e-06 	 3.650442e-07 	 -1000.0000 	 -1000.0000 	 -1000.0000 	 -1000.0000 
	 59.5400 	 6.506297e-03 	 148.9441 	  0.9005 	 3.166717e+20 	 2.601326e+18 	 3.361747e-06 	 3.564383e-07 	 -1000.0000 	 -1000.0000 	 -1000.0000 	 -1000.0000 
	 59.6100 	 6.449476e-03 	 148.8269 	  0.9008 	 3.141534e+20 	 2.582467e+18 	 3.297688e-06 	 3.522506e-07 	 -1000.0000 	 -1000.0000 	 -1000.0000 	 -1000.0000 
	 59.7720 	 6.319601e-03 	 148.5335 	  0.9016 	 3.084363e+20 	 2.540010e+18 	 3.140878e-06 	 3.418592e-07 	 -1000.0000 	 -1000.0000 	 -1000.0000 	 -1000.0000 
	 60.2600 	 5.938925e-03 	 147.5169 	  0.9059 	 2.918539e+20 	 2.420687e+18 	 2.667090e-06 	 3.102928e-07 	 -1000.0000 	 -1000.0000 	 -1000.0000 	 -1000.0000 
	 60.3200 	 5.893195e-03 	 147.3845 	  0.9067 	 2.898664e+20 	 2.406820e+18 	 2.613967e-06 	 3.067732e-07 	 -1000.0000 	 -1000.0000 	 -1000.0000 	 -1000.0000 
	 60.4820 	 5.771245e-03 	 147.0271 	  0.9093 	 2.845581e+20 	 2.370250e+18 	 2.479354e-06 	 2.978643e-07 	 -1000.0000 	 -1000.0000 	 -1000.0000 	 -1000.0000 
	 60.6450 	 5.651089e-03 	 146.6741 	  0.9125 	 2.793057e+20 	 2.334729e+18 	 2.358934e-06 	 2.898972e-07 	 -1000.0000 	 -1000.0000 	 -1000.0000 	 -1000.0000 
	 60.8080 	 5.533857e-03 	 146.3355 	  0.9164 	 2.741462e+20 	 2.300457e+18 	 2.255825e-06 	 2.830636e-07 	 -1000.0000 	 -1000.0000 	 -1000.0000 	 -1000.0000 
	 61.1960 	 5.265862e-03 	 145.5863 	  0.9258 	 2.622128e+20 	 2.220795e+18 	 2.073075e-06 	 2.707739e-07 	 -1000.0000 	 -1000.0000 	 -1000.0000 	 -1000.0000 
	 61.3580 	 5.157766e-03 	 145.2881 	  0.9286 	 2.573560e+20 	 2.186509e+18 	 2.016541e-06 	 2.668090e-07 	 -1000.0000 	 -1000.0000 	 -1000.0000 	 -1000.0000 
	 61.5200 	 5.051439e-03 	 144.9935 	  0.9299 	 2.525618e+20 	 2.150572e+18 	 1.967952e-06 	 2.632515e-07 	 -1000.0000 	 -1000.0000 	 -1000.0000 	 -1000.0000 
	 61.6820 	 4.946732e-03 	 144.7021 	  0.9296 	 2.478244e+20 	 2.112745e+18 	 1.925261e-06 	 2.600136e-07 	 -1000.0000 	 -1000.0000 	 -1000.0000 	 -1000.0000 
	 61.7480 	 4.904536e-03 	 144.5849 	  0.9289 	 2.459097e+20 	 2.096821e+18 	 1.909171e-06 	 2.587845e-07 	 -1000.0000 	 -1000.0000 	 -1000.0000 	 -1000.0000 
	 62.2330 	 4.602609e-03 	 143.7697 	  0.9164 	 2.320806e+20 	 1.971801e+18 	 1.801374e-06 	 2.513206e-07 	 -1000.0000 	 -1000.0000 	 -1000.0000 	 -1000.0000 
	 62.3940 	 4.505687e-03 	 143.5260 	  0.9097 	 2.275786e+20 	 1.927943e+18 	 1.765600e-06 	 2.493702e-07 	 -1000.0000 	 -1000.0000 	 -1000.0000 	 -1000.0000 
	 62.4640 	 4.464145e-03 	 143.4263 	  0.9065 	 2.256369e+20 	 1.908768e+18 	 1.749786e-06 	 2.485609e-07 	 -1000.0000 	 -1000.0000 	 -1000.0000 	 -1000.0000 
	 62.6260 	 4.369544e-03 	 143.2129 	  0.8990 	 2.211845e+20 	 1.864568e+18 	 1.712524e-06 	 2.467056e-07 	 -1000.0000 	 -1000.0000 	 -1000.0000 	 -1000.0000 
	 62.7880 	 4.277297e-03 	 143.0279 	  0.8918 	 2.167957e+20 	 1.821207e+18 	 1.674301e-06 	 2.447761e-07 	 -1000.0000 	 -1000.0000 	 -1000.0000 	 -1000.0000 
	 63.3400 	 3.981288e-03 	 142.6441 	  0.8745 	 2.023362e+20 	 1.685595e+18 	 1.542097e-06 	 2.372323e-07 	 -1000.0000 	 -1000.0000 	 -1000.0000 	 -1000.0000 
	 63.5010 	 3.899084e-03 	 142.5950 	  0.8718 	 1.982262e+20 	 1.649299e+18 	 1.506977e-06 	 2.352117e-07 	 -1000.0000 	 -1000.0000 	 -1000.0000 	 -1000.0000 
	 63.6620 	 3.818092e-03 	 142.5683 	  0.8700 	 1.941451e+20 	 1.614173e+18 	 1.475377e-06 	 2.335263e-07 	 -1000.0000 	 -1000.0000 	 -1000.0000 	 -1000.0000 
	 63.8240 	 3.737748e-03 	 142.5584 	  0.8691 	 1.900735e+20 	 1.579933e+18 	 1.447794e-06 	 2.322625e-07 	 -1000.0000 	 -1000.0000 	 -1000.0000 	 -1000.0000 
	 63.8920 	 3.704406e-03 	 142.5575 	  0.8690 	 1.883794e+20 	 1.565891e+18 	 1.437555e-06 	 2.318751e-07 	 -1000.0000 	 -1000.0000 	 -1000.0000 	 -1000.0000 
	 64.2140 	 3.550056e-03 	 142.5571 	  0.8696 	 1.805297e+20 	 1.502047e+18 	 1.400620e-06 	 2.313367e-07 	 -1000.0000 	 -1000.0000 	 -1000.0000 	 -1000.0000 
	 64.3750 	 3.475348e-03 	 142.5465 	  0.8704 	 1.767436e+20 	 1.471770e+18 	 1.389763e-06 	 2.319571e-07 	 -1000.0000 	 -1000.0000 	 -1000.0000 	 -1000.0000 
	 64.5360 	 3.402355e-03 	 142.5216 	  0.8715 	 1.730622e+20 	 1.442587e+18 	 1.384058e-06 	 2.331933e-07 	 -1000.0000 	 -1000.0000 	 -1000.0000 	 -1000.0000 
	 64.6080 	 3.370241e-03 	 142.5054 	  0.8721 	 1.714486e+20 	 1.429889e+18 	 1.383114e-06 	 2.339371e-07 	 -1000.0000 	 -1000.0000 	 -1000.0000 	 -1000.0000 
	 64.7700 	 3.299117e-03 	 142.4559 	  0.8735 	 1.678892e+20 	 1.402114e+18 	 1.384482e-06 	 2.360235e-07 	 -1000.0000 	 -1000.0000 	 -1000.0000 	 -1000.0000 
	 65.2540 	 3.095117e-03 	 142.1943 	  0.8800 	 1.577942e+20 	 1.325444e+18 	 1.415794e-06 	 2.454395e-07 	 -1000.0000 	 -1000.0000 	 -1000.0000 	 -1000.0000 
	 65.3120 	 3.071492e-03 	 142.1563 	  0.8810 	 1.566314e+20 	 1.316766e+18 	 1.422307e-06 	 2.468873e-07 	 -1000.0000 	 -1000.0000 	 -1000.0000 	 -1000.0000 
	 65.4730 	 3.006859e-03 	 142.0550 	  0.8837 	 1.534451e+20 	 1.292986e+18 	 1.443720e-06 	 2.512898e-07 	 -1000.0000 	 -1000.0000 	 -1000.0000 	 -1000.0000 
	 65.6340 	 2.943642e-03 	 141.9704 	  0.8863 	 1.503103e+20 	 1.269437e+18 	 1.470237e-06 	 2.562780e-07 	 -1000.0000 	 -1000.0000 	 -1000.0000 	 -1000.0000 
	 65.7950 	 2.881873e-03 	 141.9150 	  0.8889 	 1.472155e+20 	 1.245846e+18 	 1.502125e-06 	 2.618820e-07 	 -1000.0000 	 -1000.0000 	 -1000.0000 	 -1000.0000 
	 66.1930 	 2.735192e-03 	 141.9141 	  0.8940 	 1.397241e+20 	 1.187015e+18 	 1.606411e-06 	 2.789120e-07 	 -1000.0000 	 -1000.0000 	 -1000.0000 	 -1000.0000 
	 66.3540 	 2.678134e-03 	 141.9593 	  0.8957 	 1.367645e+20 	 1.163158e+18 	 1.660031e-06 	 2.873711e-07 	 -1000.0000 	 -1000.0000 	 -1000.0000 	 -1000.0000 
	 66.5150 	 2.622298e-03 	 142.0253 	  0.8971 	 1.338495e+20 	 1.139360e+18 	 1.720802e-06 	 2.968883e-07 	 -1000.0000 	 -1000.0000 	 -1000.0000 	 -1000.0000 
	 66.6760 	 2.567635e-03 	 142.1110 	  0.8984 	 1.309794e+20 	 1.115768e+18 	 1.788060e-06 	 3.073903e-07 	 -1000.0000 	 -1000.0000 	 -1000.0000 	 -1000.0000 
	 66.7420 	 2.545556e-03 	 142.1519 	  0.8990 	 1.298155e+20 	 1.106204e+18 	 1.817175e-06 	 3.119313e-07 	 -1000.0000 	 -1000.0000 	 -1000.0000 	 -1000.0000 
	 67.2250 	 2.389513e-03 	 142.5614 	  0.9069 	 1.215112e+20 	 1.039689e+18 	 2.046195e-06 	 3.476490e-07 	 -1000.0000 	 -1000.0000 	 -1000.0000 	 -1000.0000 
	 67.3860 	 2.339567e-03 	 142.7412 	  0.9116 	 1.188244e+20 	 1.019300e+18 	 2.125180e-06 	 3.599860e-07 	 -1000.0000 	 -1000.0000 	 -1000.0000 	 -1000.0000 
	 67.4560 	 2.318168e-03 	 142.8254 	  0.9139 	 1.176695e+20 	 1.010699e+18 	 2.159766e-06 	 3.653901e-07 	 -1000.0000 	 -1000.0000 	 -1000.0000 	 -1000.0000 
	 67.6160 	 2.269977e-03 	 143.0301 	  0.9198 	 1.150609e+20 	 9.915660e+17 	 2.239454e-06 	 3.778428e-07 	 -1000.0000 	 -1000.0000 	 -1000.0000 	 -1000.0000 
	 67.7770 	 2.222495e-03 	 143.2513 	  0.9263 	 1.124818e+20 	 9.729560e+17 	 2.320737e-06 	 3.905366e-07 	 -1000.0000 	 -1000.0000 	 -1000.0000 	 -1000.0000 
	 68.8760 	 1.925276e-03 	 144.9746 	  0.9735 	 9.626665e+19 	 8.533707e+17 	 2.941495e-06 	 4.854728e-07 	 -1000.0000 	 -1000.0000 	 -1000.0000 	 -1000.0000 
	 69.0360 	 1.885848e-03 	 145.2407 	  0.9774 	 9.412053e+19 	 8.354832e+17 	 3.059566e-06 	 5.021656e-07 	 -1000.0000 	 -1000.0000 	 -1000.0000 	 -1000.0000 
	 69.1970 	 1.847114e-03 	 145.5157 	  0.9791 	 9.201236e+19 	 8.168762e+17 	 3.197552e-06 	 5.207468e-07 	 -1000.0000 	 -1000.0000 	 -1000.0000 	 -1000.0000 
	 69.3580 	 1.809304e-03 	 145.8001 	  0.9779 	 8.995337e+19 	 7.974811e+17 	 3.360044e-06 	 5.415768e-07 	 -1000.0000 	 -1000.0000 	 -1000.0000 	 -1000.0000 
	 69.5180 	 1.772624e-03 	 146.0943 	  0.9732 	 8.795356e+19 	 7.772489e+17 	 3.551065e-06 	 5.649664e-07 	 -1000.0000 	 -1000.0000 	 -1000.0000 	 -1000.0000 
	 70.2740 	 1.610757e-03 	 147.6860 	  0.8910 	 7.906905e+19 	 6.651655e+17 	 5.012140e-06 	 7.248885e-07 	 -1000.0000 	 -1000.0000 	 -1000.0000 	 -1000.0000 
	 70.4340 	 1.578713e-03 	 148.0394 	  0.8659 	 7.731054e+19 	 6.402673e+17 	 5.465292e-06 	 7.695084e-07 	 -1000.0000 	 -1000.0000 	 -1000.0000 	 -1000.0000 
	 70.5930 	 1.547528e-03 	 148.3706 	  0.8438 	 7.561306e+19 	 6.173415e+17 	 5.970012e-06 	 8.164757e-07 	 -1000.0000 	 -1000.0000 	 -1000.0000 	 -1000.0000 
	 70.7520 	 1.516951e-03 	 148.6689 	  0.8272 	 7.396966e+19 	 5.973172e+17 	 6.529432e-06 	 8.653973e-07 	 -1000.0000 	 -1000.0000 	 -1000.0000 	 -1000.0000 
	 70.9120 	 1.486771e-03 	 148.9238 	  0.8165 	 7.237404e+19 	 5.802952e+17 	 7.134337e-06 	 9.156428e-07 	 -1000.0000 	 -1000.0000 	 -1000.0000 	 -1000.0000 
	 71.3100 	 1.414273e-03 	 149.2891 	  0.8054 	 6.867656e+19 	 5.471623e+17 	 8.647986e-06 	 1.036529e-06 	 -1000.0000 	 -1000.0000 	 -1000.0000 	 -1000.0000 
	 71.4700 	 1.386167e-03 	 149.2999 	  0.8029 	 6.730653e+19 	 5.357409e+17 	 9.187957e-06 	 1.079784e-06 	 -1000.0000 	 -1000.0000 	 -1000.0000 	 -1000.0000 
	 71.6300 	 1.358638e-03 	 149.2250 	  0.8001 	 6.600268e+19 	 5.248446e+17 	 9.651312e-06 	 1.117744e-06 	 -1000.0000 	 -1000.0000 	 -1000.0000 	 -1000.0000 
	 71.6940 	 1.347780e-03 	 149.1719 	  0.7991 	 6.549847e+19 	 5.206597e+17 	 9.810484e-06 	 1.131092e-06 	 -1000.0000 	 -1000.0000 	 -1000.0000 	 -1000.0000 
	 71.8540 	 1.320997e-03 	 148.9837 	  0.7970 	 6.427821e+19 	 5.107045e+17 	 1.013143e-05 	 1.159010e-06 	 -1000.0000 	 -1000.0000 	 -1000.0000 	 -1000.0000 
	 72.3320 	 1.243783e-03 	 147.9872 	  0.7986 	 6.092894e+19 	 4.861197e+17 	 1.029604e-05 	 1.185589e-06 	 -1000.0000 	 -1000.0000 	 -1000.0000 	 -1000.0000 
	 72.4040 	 1.232499e-03 	 147.7874 	  0.7996 	 6.045775e+19 	 4.829770e+17 	 1.022187e-05 	 1.182431e-06 	 -1000.0000 	 -1000.0000 	 -1000.0000 	 -1000.0000 
	 72.5640 	 1.207752e-03 	 147.3046 	  0.8015 	 5.943802e+19 	 4.761755e+17 	 9.992384e-06 	 1.170606e-06 	 -1000.0000 	 -1000.0000 	 -1000.0000 	 -1000.0000 
	 72.7230 	 1.183619e-03 	 146.7783 	  0.8020 	 5.845929e+19 	 4.693816e+17 	 9.699757e-06 	 1.153908e-06 	 -1000.0000 	 -1000.0000 	 -1000.0000 	 -1000.0000 
	 72.8820 	 1.159951e-03 	 146.2133 	  0.8000 	 5.751157e+19 	 4.622191e+17 	 9.371253e-06 	 1.134206e-06 	 -1000.0000 	 -1000.0000 	 -1000.0000 	 -1000.0000 
	 73.2770 	 1.103011e-03 	 144.7230 	  0.7865 	 5.525127e+19 	 4.428964e+17 	 8.498400e-06 	 1.078143e-06 	 -1000.0000 	 -1000.0000 	 -1000.0000 	 -1000.0000 
	 73.4360 	 1.080735e-03 	 144.1269 	  0.7799 	 5.435954e+19 	 4.349795e+17 	 8.146150e-06 	 1.053727e-06 	 -1000.0000 	 -1000.0000 	 -1000.0000 	 -1000.0000 
	 73.5950 	 1.058772e-03 	 143.5549 	  0.7743 	 5.346710e+19 	 4.272574e+17 	 7.805141e-06 	 1.028784e-06 	 -1000.0000 	 -1000.0000 	 -1000.0000 	 -1000.0000 
	 73.7540 	 1.037111e-03 	 143.0135 	  0.7699 	 5.257142e+19 	 4.198294e+17 	 7.480031e-06 	 1.003851e-06 	 -1000.0000 	 -1000.0000 	 -1000.0000 	 -1000.0000 
	 73.8220 	 1.027944e-03 	 142.7914 	  0.7685 	 5.218773e+19 	 4.167499e+17 	 7.346469e-06 	 9.933689e-07 	 -1000.0000 	 -1000.0000 	 -1000.0000 	 -1000.0000 
	 74.2980 	 9.655220e-04 	 141.3939 	  0.7670 	 4.950366e+19 	 3.970290e+17 	 6.519022e-06 	 9.282797e-07 	 -1000.0000 	 -1000.0000 	 -1000.0000 	 -1000.0000 
	 74.4560 	 9.455253e-04 	 140.9849 	  0.7700 	 4.861961e+19 	 3.912208e+17 	 6.289471e-06 	 9.113728e-07 	 -1000.0000 	 -1000.0000 	 -1000.0000 	 -1000.0000 
	 74.5320 	 9.360417e-04 	 140.7938 	  0.7718 	 4.819748e+19 	 3.885359e+17 	 6.186696e-06 	 9.040887e-07 	 -1000.0000 	 -1000.0000 	 -1000.0000 	 -1000.0000 
	 74.6900 	 9.166138e-04 	 140.4016 	  0.7763 	 4.732897e+19 	 3.831391e+17 	 5.987915e-06 	 8.905719e-07 	 -1000.0000 	 -1000.0000 	 -1000.0000 	 -1000.0000 
	 74.8490 	 8.974646e-04 	 140.0047 	  0.7812 	 4.647093e+19 	 3.779032e+17 	 5.806782e-06 	 8.789982e-07 	 -1000.0000 	 -1000.0000 	 -1000.0000 	 -1000.0000 
	 75.2380 	 8.523079e-04 	 138.9993 	  0.7928 	 4.444951e+19 	 3.655050e+17 	 5.429115e-06 	 8.571454e-07 	 -1000.0000 	 -1000.0000 	 -1000.0000 	 -1000.0000 
	 75.3970 	 8.344514e-04 	 138.6125 	  0.7976 	 4.363977e+19 	 3.604604e+17 	 5.291572e-06 	 8.492571e-07 	 -1000.0000 	 -1000.0000 	 -1000.0000 	 -1000.0000 
	 75.5560 	 8.168750e-04 	 138.2706 	  0.8027 	 4.282724e+19 	 3.553491e+17 	 5.157547e-06 	 8.409448e-07 	 -1000.0000 	 -1000.0000 	 -1000.0000 	 -1000.0000 
	 75.7150 	 7.995344e-04 	 137.9936 	  0.8082 	 4.200399e+19 	 3.501207e+17 	 5.023265e-06 	 8.315741e-07 	 -1000.0000 	 -1000.0000 	 -1000.0000 	 -1000.0000 
	 75.8740 	 7.824307e-04 	 137.7750 	  0.8142 	 4.117212e+19 	 3.448063e+17 	 4.889509e-06 	 8.212381e-07 	 -1000.0000 	 -1000.0000 	 -1000.0000 	 -1000.0000 
	 76.2690 	 7.412727e-04 	 137.2742 	  0.8305 	 3.914724e+19 	 3.319625e+17 	 4.591964e-06 	 7.964988e-07 	 -1000.0000 	 -1000.0000 	 -1000.0000 	 -1000.0000 
	 76.4280 	 7.253657e-04 	 137.0045 	  0.8372 	 3.838088e+19 	 3.272313e+17 	 4.499337e-06 	 7.889839e-07 	 -1000.0000 	 -1000.0000 	 -1000.0000 	 -1000.0000 
	 76.5860 	 7.099603e-04 	 136.6810 	  0.8439 	 3.765366e+19 	 3.228377e+17 	 4.427073e-06 	 7.836033e-07 	 -1000.0000 	 -1000.0000 	 -1000.0000 	 -1000.0000 
	 76.6560 	 7.032543e-04 	 136.5262 	  0.8469 	 3.734012e+19 	 3.209670e+17 	 4.401251e-06 	 7.818719e-07 	 -1000.0000 	 -1000.0000 	 -1000.0000 	 -1000.0000 
	 76.8140 	 6.883664e-04 	 136.1663 	  0.8537 	 3.664662e+19 	 3.168635e+17 	 4.356621e-06 	 7.793958e-07 	 -1000.0000 	 -1000.0000 	 -1000.0000 	 -1000.0000 
	 77.2880 	 6.454718e-04 	 135.2103 	  0.8760 	 3.460836e+19 	 3.047366e+17 	 4.331782e-06 	 7.834597e-07 	 -1000.0000 	 -1000.0000 	 -1000.0000 	 -1000.0000 
	 77.3620 	 6.389848e-04 	 135.0954 	  0.8794 	 3.428975e+19 	 3.027459e+17 	 4.343115e-06 	 7.858037e-07 	 -1000.0000 	 -1000.0000 	 -1000.0000 	 -1000.0000 
	 77.5200 	 6.253077e-04 	 134.8851 	  0.8860 	 3.360801e+19 	 2.982834e+17 	 4.382616e-06 	 7.927200e-07 	 -1000.0000 	 -1000.0000 	 -1000.0000 	 -1000.0000 
	 77.6790 	 6.117721e-04 	 134.7232 	  0.8912 	 3.291960e+19 	 2.934052e+17 	 4.444680e-06 	 8.026099e-07 	 -1000.0000 	 -1000.0000 	 -1000.0000 	 -1000.0000 
	 77.8380 	 5.984532e-04 	 134.6136 	  0.8944 	 3.222841e+19 	 2.880252e+17 	 4.530600e-06 	 8.157985e-07 	 -1000.0000 	 -1000.0000 	 -1000.0000 	 -1000.0000 
	 78.2280 	 5.668075e-04 	 134.6433 	  0.8931 	 3.051686e+19 	 2.726833e+17 	 4.840994e-06 	 8.628027e-07 	 -1000.0000 	 -1000.0000 	 -1000.0000 	 -1000.0000 
	 78.3850 	 5.545573e-04 	 134.8180 	  0.8897 	 2.981926e+19 	 2.657769e+17 	 5.003357e-06 	 8.875678e-07 	 -1000.0000 	 -1000.0000 	 -1000.0000 	 -1000.0000 
	 78.5420 	 5.426321e-04 	 135.1100 	  0.8850 	 2.911566e+19 	 2.585288e+17 	 5.185751e-06 	 9.156608e-07 	 -1000.0000 	 -1000.0000 	 -1000.0000 	 -1000.0000 
	 78.7000 	 5.309631e-04 	 135.5215 	  0.8792 	 2.840333e+19 	 2.509650e+17 	 5.389279e-06 	 9.472482e-07 	 -1000.0000 	 -1000.0000 	 -1000.0000 	 -1000.0000 
	 78.7700 	 5.258950e-04 	 135.7375 	  0.8763 	 2.808740e+19 	 2.475524e+17 	 5.485950e-06 	 9.622886e-07 	 -1000.0000 	 -1000.0000 	 -1000.0000 	 -1000.0000 
	 79.2420 	 4.932110e-04 	 137.6128 	  0.8526 	 2.598262e+19 	 2.242844e+17 	 6.244653e-06 	 1.079938e-06 	 -1000.0000 	 -1000.0000 	 -1000.0000 	 -1000.0000 
	 79.4000 	 4.828057e-04 	 138.3443 	  0.8434 	 2.530104e+19 	 2.166880e+17 	 6.539366e-06 	 1.125175e-06 	 -1000.0000 	 -1000.0000 	 -1000.0000 	 -1000.0000 
	 79.4800 	 4.776382e-04 	 138.7157 	  0.8388 	 2.496356e+19 	 2.129405e+17 	 6.695101e-06 	 1.148959e-06 	 -1000.0000 	 -1000.0000 	 -1000.0000 	 -1000.0000 
	 79.6380 	 4.676343e-04 	 139.4264 	  0.8296 	 2.431604e+19 	 2.058054e+17 	 7.013449e-06 	 1.197311e-06 	 -1000.0000 	 -1000.0000 	 -1000.0000 	 -1000.0000 
	 79.7950 	 4.579629e-04 	 140.0697 	  0.8209 	 2.370280e+19 	 1.991593e+17 	 7.341208e-06 	 1.246697e-06 	 -1000.0000 	 -1000.0000 	 -1000.0000 	 -1000.0000 
	 80.3380 	 4.264688e-04 	 141.4840 	  0.7975 	 2.185078e+19 	 1.803480e+17 	 8.501590e-06 	 1.418516e-06 	 -1000.0000 	 -1000.0000 	 -1000.0000 	 -1000.0000 
	 80.4950 	 4.178112e-04 	 141.6734 	  0.7931 	 2.137912e+19 	 1.759411e+17 	 8.819920e-06 	 1.465158e-06 	 -1000.0000 	 -1000.0000 	 -1000.0000 	 -1000.0000 
	 80.6520 	 4.092953e-04 	 141.7817 	  0.7899 	 2.092756e+19 	 1.718813e+17 	 9.118908e-06 	 1.508910e-06 	 -1000.0000 	 -1000.0000 	 -1000.0000 	 -1000.0000 
	 80.8100 	 4.008587e-04 	 141.8254 	  0.7877 	 2.048965e+19 	 1.680829e+17 	 9.398749e-06 	 1.549944e-06 	 -1000.0000 	 -1000.0000 	 -1000.0000 	 -1000.0000 
	 80.8900 	 3.966426e-04 	 141.8301 	  0.7869 	 2.027335e+19 	 1.662498e+17 	 9.533377e-06 	 1.569787e-06 	 -1000.0000 	 -1000.0000 	 -1000.0000 	 -1000.0000 
	 81.3620 	 3.726486e-04 	 141.8093 	  0.7852 	 1.905024e+19 	 1.561840e+17 	 1.025911e-05 	 1.679903e-06 	 -1000.0000 	 -1000.0000 	 -1000.0000 	 -1000.0000 
	 81.5200 	 3.649873e-04 	 141.8395 	  0.7852 	 1.865474e+19 	 1.529542e+17 	 1.048659e-05 	 1.716154e-06 	 -1000.0000 	 -1000.0000 	 -1000.0000 	 -1000.0000 
	 81.5940 	 3.614629e-04 	 141.8613 	  0.7852 	 1.847177e+19 	 1.514600e+17 	 1.059211e-05 	 1.733260e-06 	 -1000.0000 	 -1000.0000 	 -1000.0000 	 -1000.0000 
	 81.7510 	 3.541163e-04 	 141.9201 	  0.7853 	 1.808874e+19 	 1.483349e+17 	 1.081560e-05 	 1.770018e-06 	 -1000.0000 	 -1000.0000 	 -1000.0000 	 -1000.0000 
	 81.9080 	 3.469421e-04 	 141.9911 	  0.7856 	 1.771327e+19 	 1.452783e+17 	 1.104083e-05 	 1.807654e-06 	 -1000.0000 	 -1000.0000 	 -1000.0000 	 -1000.0000 
	 82.2220 	 3.330819e-04 	 142.1428 	  0.7867 	 1.698752e+19 	 1.394049e+17 	 1.150411e-05 	 1.886158e-06 	 -1000.0000 	 -1000.0000 	 -1000.0000 	 -1000.0000 
	 82.2940 	 3.299883e-04 	 142.1737 	  0.7871 	 1.682612e+19 	 1.381070e+17 	 1.161213e-05 	 1.904516e-06 	 -1000.0000 	 -1000.0000 	 -1000.0000 	 -1000.0000 
	 82.4510 	 3.233413e-04 	 142.2275 	  0.7879 	 1.648095e+19 	 1.353438e+17 	 1.184807e-05 	 1.944470e-06 	 -1000.0000 	 -1000.0000 	 -1000.0000 	 -1000.0000 
	 82.6080 	 3.168191e-04 	 142.2547 	  0.7888 	 1.614536e+19 	 1.326760e+17 	 1.208265e-05 	 1.983793e-06 	 -1000.0000 	 -1000.0000 	 -1000.0000 	 -1000.0000 
	 82.7650 	 3.104094e-04 	 142.2455 	  0.7898 	 1.581968e+19 	 1.301080e+17 	 1.231367e-05 	 2.021862e-06 	 -1000.0000 	 -1000.0000 	 -1000.0000 	 -1000.0000 
	 83.3180 	 2.887505e-04 	 141.8850 	  0.7951 	 1.475332e+19 	 1.219421e+17 	 1.310547e-05 	 2.147312e-06 	 -1000.0000 	 -1000.0000 	 -1000.0000 	 -1000.0000 
	 83.4750 	 2.828914e-04 	 141.6914 	  0.7975 	 1.447361e+19 	 1.198976e+17 	 1.333028e-05 	 2.182072e-06 	 -1000.0000 	 -1000.0000 	 -1000.0000 	 -1000.0000 
	 83.6320 	 2.771632e-04 	 141.4655 	  0.8003 	 1.420305e+19 	 1.179559e+17 	 1.355732e-05 	 2.217046e-06 	 -1000.0000 	 -1000.0000 	 -1000.0000 	 -1000.0000 
	 83.7040 	 2.745767e-04 	 141.3548 	  0.8016 	 1.408150e+19 	 1.170869e+17 	 1.366232e-05 	 2.233202e-06 	 -1000.0000 	 -1000.0000 	 -1000.0000 	 -1000.0000 
	 83.8610 	 2.690178e-04 	 141.1059 	  0.8042 	 1.382076e+19 	 1.152102e+17 	 1.389355e-05 	 2.268784e-06 	 -1000.0000 	 -1000.0000 	 -1000.0000 	 -1000.0000 
	 84.3320 	 2.529059e-04 	 140.4084 	  0.8067 	 1.305796e+19 	 1.093501e+17 	 1.460544e-05 	 2.379280e-06 	 -1000.0000 	 -1000.0000 	 -1000.0000 	 -1000.0000 
	 84.4080 	 2.503791e-04 	 140.3085 	  0.8063 	 1.293672e+19 	 1.083628e+17 	 1.471937e-05 	 2.397357e-06 	 -1000.0000 	 -1000.0000 	 -1000.0000 	 -1000.0000 
	 84.5640 	 2.452588e-04 	 140.1088 	  0.8055 	 1.269018e+19 	 1.063382e+17 	 1.494575e-05 	 2.434013e-06 	 -1000.0000 	 -1000.0000 	 -1000.0000 	 -1000.0000 
	 84.7210 	 2.401985e-04 	 139.9102 	  0.8048 	 1.244590e+19 	 1.043371e+17 	 1.515796e-05 	 2.469743e-06 	 -1000.0000 	 -1000.0000 	 -1000.0000 	 -1000.0000 
	 84.8780 	 2.352350e-04 	 139.7075 	  0.8047 	 1.220628e+19 	 1.024127e+17 	 1.534790e-05 	 2.503644e-06 	 -1000.0000 	 -1000.0000 	 -1000.0000 	 -1000.0000 
	 85.2680 	 2.233343e-04 	 139.1877 	  0.8079 	 1.163200e+19 	 9.800648e+16 	 1.569710e-05 	 2.577716e-06 	 -1000.0000 	 -1000.0000 	 -1000.0000 	 -1000.0000 
	 85.4240 	 2.187467e-04 	 138.9821 	  0.8103 	 1.140999e+19 	 9.636508e+16 	 1.578089e-05 	 2.602862e-06 	 -1000.0000 	 -1000.0000 	 -1000.0000 	 -1000.0000 
	 85.5800 	 2.142585e-04 	 138.7827 	  0.8133 	 1.119200e+19 	 9.477624e+16 	 1.582926e-05 	 2.625252e-06 	 -1000.0000 	 -1000.0000 	 -1000.0000 	 -1000.0000 
	 85.7360 	 2.098664e-04 	 138.5897 	  0.8167 	 1.097786e+19 	 9.323245e+16 	 1.584453e-05 	 2.645135e-06 	 -1000.0000 	 -1000.0000 	 -1000.0000 	 -1000.0000 
	 85.8120 	 2.077597e-04 	 138.4971 	  0.8185 	 1.087492e+19 	 9.249546e+16 	 1.584184e-05 	 2.654079e-06 	 -1000.0000 	 -1000.0000 	 -1000.0000 	 -1000.0000 
	 86.2800 	 1.952105e-04 	 137.9239 	  0.8307 	 1.026044e+19 	 8.814493e+16 	 1.573067e-05 	 2.703073e-06 	 -1000.0000 	 -1000.0000 	 -1000.0000 	 -1000.0000 
	 86.4360 	 1.911724e-04 	 137.7221 	  0.8352 	 1.006295e+19 	 8.676055e+16 	 1.567688e-05 	 2.718861e-06 	 -1000.0000 	 -1000.0000 	 -1000.0000 	 -1000.0000 
	 86.5160 	 1.891279e-04 	 137.6144 	  0.8375 	 9.963140e+18 	 8.606567e+16 	 1.564942e-05 	 2.727181e-06 	 -1000.0000 	 -1000.0000 	 -1000.0000 	 -1000.0000 
	 86.6720 	 1.851913e-04 	 137.3938 	  0.8424 	 9.771436e+18 	 8.474456e+16 	 1.559949e-05 	 2.744184e-06 	 -1000.0000 	 -1000.0000 	 -1000.0000 	 -1000.0000 
	 86.8270 	 1.813442e-04 	 137.1575 	  0.8478 	 9.584898e+18 	 8.348228e+16 	 1.555876e-05 	 2.762503e-06 	 -1000.0000 	 -1000.0000 	 -1000.0000 	 -1000.0000 
	 87.3710 	 1.683571e-04 	 136.1899 	  0.8695 	 8.961542e+18 	 7.942227e+16 	 1.551504e-05 	 2.838685e-06 	 -1000.0000 	 -1000.0000 	 -1000.0000 	 -1000.0000 
	 87.5270 	 1.647996e-04 	 135.8978 	  0.8752 	 8.791101e+18 	 7.828934e+16 	 1.551883e-05 	 2.861064e-06 	 -1000.0000 	 -1000.0000 	 -1000.0000 	 -1000.0000 
	 87.6820 	 1.613482e-04 	 135.6146 	  0.8800 	 8.625049e+18 	 7.713869e+16 	 1.552254e-05 	 2.881990e-06 	 -1000.0000 	 -1000.0000 	 -1000.0000 	 -1000.0000 
	 87.8380 	 1.579579e-04 	 135.3383 	  0.8840 	 8.461110e+18 	 7.595811e+16 	 1.552366e-05 	 2.901444e-06 	 -1000.0000 	 -1000.0000 	 -1000.0000 	 -1000.0000 
	 87.9160 	 1.562921e-04 	 135.2022 	  0.8858 	 8.380319e+18 	 7.536756e+16 	 1.552287e-05 	 2.910646e-06 	 -1000.0000 	 -1000.0000 	 -1000.0000 	 -1000.0000 
	 88.2270 	 1.498260e-04 	 134.6610 	  0.8941 	 8.065834e+18 	 7.309105e+16 	 1.550757e-05 	 2.944703e-06 	 -1000.0000 	 -1000.0000 	 -1000.0000 	 -1000.0000 
	 88.3830 	 1.466768e-04 	 134.3830 	  0.8997 	 7.912581e+18 	 7.204322e+16 	 1.549103e-05 	 2.960759e-06 	 -1000.0000 	 -1000.0000 	 -1000.0000 	 -1000.0000 
	 88.5380 	 1.436040e-04 	 134.1013 	  0.9066 	 7.763067e+18 	 7.107182e+16 	 1.547068e-05 	 2.976603e-06 	 -1000.0000 	 -1000.0000 	 -1000.0000 	 -1000.0000 
	 88.6200 	 1.420004e-04 	 133.9515 	  0.9105 	 7.684966e+18 	 7.057553e+16 	 1.546018e-05 	 2.985144e-06 	 -1000.0000 	 -1000.0000 	 -1000.0000 	 -1000.0000 
	 88.7750 	 1.390102e-04 	 133.6702 	  0.9180 	 7.538999e+18 	 6.964973e+16 	 1.544443e-05 	 3.001978e-06 	 -1000.0000 	 -1000.0000 	 -1000.0000 	 -1000.0000 
	 89.2400 	 1.303486e-04 	 132.8826 	  0.9361 	 7.111150e+18 	 6.669748e+16 	 1.547579e-05 	 3.062806e-06 	 -1000.0000 	 -1000.0000 	 -1000.0000 	 -1000.0000 
	 89.3200 	 1.289050e-04 	 132.7623 	  0.9381 	 7.038747e+18 	 6.614452e+16 	 1.549613e-05 	 3.075166e-06 	 -1000.0000 	 -1000.0000 	 -1000.0000 	 -1000.0000 
	 89.4750 	 1.261483e-04 	 132.5478 	  0.9415 	 6.899353e+18 	 6.504298e+16 	 1.554657e-05 	 3.100567e-06 	 -1000.0000 	 -1000.0000 	 -1000.0000 	 -1000.0000 
	 89.6300 	 1.234461e-04 	 132.3620 	  0.9441 	 6.761053e+18 	 6.390969e+16 	 1.561019e-05 	 3.127768e-06 	 -1000.0000 	 -1000.0000 	 -1000.0000 	 -1000.0000 
	 89.7850 	 1.207998e-04 	 132.2098 	  0.9463 	 6.623763e+18 	 6.275440e+16 	 1.568551e-05 	 3.156664e-06 	 -1000.0000 	 -1000.0000 	 -1000.0000 	 -1000.0000 
	 90.3300 	 1.119278e-04 	 131.9076 	  0.9552 	 6.151368e+18 	 5.873434e+16 	 1.608101e-05 	 3.279510e-06 	 -1000.0000 	 -1000.0000 	 -1000.0000 	 -1000.0000 
	 90.4850 	 1.095213e-04 	 131.8663 	  0.9598 	 6.021014e+18 	 5.767238e+16 	 1.624772e-05 	 3.323734e-06 	 -1000.0000 	 -1000.0000 	 -1000.0000 	 -1000.0000 
	 90.6400 	 1.071648e-04 	 131.8355 	  0.9654 	 5.892890e+18 	 5.665972e+16 	 1.644879e-05 	 3.373955e-06 	 -1000.0000 	 -1000.0000 	 -1000.0000 	 -1000.0000 
	 90.7140 	 1.060577e-04 	 131.8232 	  0.9683 	 5.832575e+18 	 5.618888e+16 	 1.655975e-05 	 3.400532e-06 	 -1000.0000 	 -1000.0000 	 -1000.0000 	 -1000.0000 
	 90.8680 	 1.037916e-04 	 131.8000 	  0.9745 	 5.708966e+18 	 5.522489e+16 	 1.682758e-05 	 3.462233e-06 	 -1000.0000 	 -1000.0000 	 -1000.0000 	 -1000.0000 
	 91.3320 	 9.727923e-05 	 131.7204 	  0.9887 	 5.353713e+18 	 5.230671e+16 	 1.800915e-05 	 3.712685e-06 	 -1000.0000 	 -1000.0000 	 -1000.0000 	 -1000.0000 
	 91.4140 	 9.617606e-05 	 131.7109 	  0.9903 	 5.293347e+18 	 5.177531e+16 	 1.827591e-05 	 3.766849e-06 	 -1000.0000 	 -1000.0000 	 -1000.0000 	 -1000.0000 
	 91.5680 	 9.413915e-05 	 131.7119 	  0.9926 	 5.181200e+18 	 5.076280e+16 	 1.881123e-05 	 3.874321e-06 	 -1000.0000 	 -1000.0000 	 -1000.0000 	 -1000.0000 
	 91.7230 	 9.213186e-05 	 131.7509 	  0.9943 	 5.069334e+18 	 4.972432e+16 	 1.938442e-05 	 3.988112e-06 	 -1000.0000 	 -1000.0000 	 -1000.0000 	 -1000.0000 
	 91.8780 	 9.016388e-05 	 131.8423 	  0.9958 	 4.957784e+18 	 4.866619e+16 	 1.997887e-05 	 4.105167e-06 	 -1000.0000 	 -1000.0000 	 -1000.0000 	 -1000.0000 
	 92.2720 	 8.533453e-05 	 132.2664 	  0.9978 	 4.677335e+18 	 4.591626e+16 	 2.148585e-05 	 4.398790e-06 	 -1000.0000 	 -1000.0000 	 -1000.0000 	 -1000.0000 
	 92.4260 	 8.351775e-05 	 132.4569 	  0.9973 	 4.571042e+18 	 4.483563e+16 	 2.203236e-05 	 4.504226e-06 	 -1000.0000 	 -1000.0000 	 -1000.0000 	 -1000.0000 
	 92.5800 	 8.174266e-05 	 132.6330 	  0.9957 	 4.467806e+18 	 4.376175e+16 	 2.253277e-05 	 4.600166e-06 	 -1000.0000 	 -1000.0000 	 -1000.0000 	 -1000.0000 
	 92.7340 	 8.000918e-05 	 132.7888 	  0.9930 	 4.367852e+18 	 4.270004e+16 	 2.298828e-05 	 4.686766e-06 	 -1000.0000 	 -1000.0000 	 -1000.0000 	 -1000.0000 
	 92.8140 	 7.912463e-05 	 132.8639 	  0.9913 	 4.317111e+18 	 4.215470e+16 	 2.321249e-05 	 4.729057e-06 	 -1000.0000 	 -1000.0000 	 -1000.0000 	 -1000.0000 
	 93.2770 	 7.420785e-05 	 133.2786 	  0.9800 	 4.036398e+18 	 3.911486e+16 	 2.448421e-05 	 4.964027e-06 	 -1000.0000 	 -1000.0000 	 -1000.0000 	 -1000.0000 
	 93.4320 	 7.263483e-05 	 133.4291 	  0.9766 	 3.946392e+18 	 3.815191e+16 	 2.495184e-05 	 5.048543e-06 	 -1000.0000 	 -1000.0000 	 -1000.0000 	 -1000.0000 
	 93.5140 	 7.181682e-05 	 133.5130 	  0.9749 	 3.899492e+18 	 3.765417e+16 	 2.521587e-05 	 5.095870e-06 	 -1000.0000 	 -1000.0000 	 -1000.0000 	 -1000.0000 
	 93.6680 	 7.030647e-05 	 133.6793 	  0.9721 	 3.812718e+18 	 3.674104e+16 	 2.574989e-05 	 5.190800e-06 	 -1000.0000 	 -1000.0000 	 -1000.0000 	 -1000.0000 
	 93.8230 	 6.881976e-05 	 133.8594 	  0.9698 	 3.727061e+18 	 3.585017e+16 	 2.634639e-05 	 5.295764e-06 	 -1000.0000 	 -1000.0000 	 -1000.0000 	 -1000.0000 
