	 height_(km) 	 press_(mbar) 	 temp_(K) 	 temperr_(K) 	 numdens_(m-3) 	 numdenserr_(m-3) 	 H2Ovmr_() 	 H2Ovmrerr_() 	 D/H_(VSMOW) 	 D/Herr_(VSMOW) 	 18O/16O_(VSMOW) 	 18O/16Oerr_(VSMOW) 
	  0.8960 	 3.776155e+00 	 141.5610 	  4.2041 	 1.949036e+23 	 5.226949e+21 	 3.984983e-08 	 1.122897e-08 	 -1000.0000 	 -1000.0000 	 -1000.0000 	 -1000.0000 
	  1.0400 	 3.702043e+00 	 141.3968 	  3.9478 	 1.910449e+23 	 4.897493e+21 	 3.429489e-08 	 9.875284e-09 	 -1000.0000 	 -1000.0000 	 -1000.0000 	 -1000.0000 
	  1.1840 	 3.629348e+00 	 141.2626 	  3.7051 	 1.872483e+23 	 4.584963e+21 	 2.926414e-08 	 8.663603e-09 	 -1000.0000 	 -1000.0000 	 -1000.0000 	 -1000.0000 
	  1.3290 	 3.557560e+00 	 141.1564 	  3.4740 	 1.834876e+23 	 4.286894e+21 	 2.471105e-08 	 7.581630e-09 	 -1000.0000 	 -1000.0000 	 -1000.0000 	 -1000.0000 
	  1.4730 	 3.487651e+00 	 141.0788 	  3.2573 	 1.798142e+23 	 4.006927e+21 	 2.068147e-08 	 6.638961e-09 	 -1000.0000 	 -1000.0000 	 -1000.0000 	 -1000.0000 
	  2.8890 	 2.869553e+00 	 141.5537 	  1.7312 	 1.468692e+23 	 2.007662e+21 	 3.636022e-09 	 3.253867e-09 	 -1000.0000 	 -1000.0000 	 -1000.0000 	 -1000.0000 
	  3.0330 	 2.813335e+00 	 141.7041 	  1.6294 	 1.438332e+23 	 1.871034e+21 	 3.838674e-09 	 3.394857e-09 	 -1000.0000 	 -1000.0000 	 -1000.0000 	 -1000.0000 
	  3.1770 	 2.758267e+00 	 141.8690 	  1.5361 	 1.408536e+23 	 1.744879e+21 	 4.332287e-09 	 3.604533e-09 	 -1000.0000 	 -1000.0000 	 -1000.0000 	 -1000.0000 
	  3.3210 	 2.704329e+00 	 142.0471 	  1.4508 	 1.379301e+23 	 1.628728e+21 	 5.100009e-09 	 3.877599e-09 	 -1000.0000 	 -1000.0000 	 -1000.0000 	 -1000.0000 
	  3.4650 	 2.651502e+00 	 142.2375 	  1.3731 	 1.350622e+23 	 1.522117e+21 	 6.124989e-09 	 4.208756e-09 	 -1000.0000 	 -1000.0000 	 -1000.0000 	 -1000.0000 
	  4.8730 	 2.189510e+00 	 144.5119 	  0.9398 	 1.098668e+23 	 8.858554e+20 	 2.621628e-08 	 9.411805e-09 	 -1000.0000 	 -1000.0000 	 -1000.0000 	 -1000.0000 
	  5.0160 	 2.147720e+00 	 144.7614 	  0.9211 	 1.075883e+23 	 8.526730e+20 	 2.892520e-08 	 1.002853e-08 	 -1000.0000 	 -1000.0000 	 -1000.0000 	 -1000.0000 
	  5.1600 	 2.106517e+00 	 145.0117 	  0.9054 	 1.053446e+23 	 8.232932e+20 	 3.171171e-08 	 1.064530e-08 	 -1000.0000 	 -1000.0000 	 -1000.0000 	 -1000.0000 
	  5.3030 	 2.066456e+00 	 145.2582 	  0.8928 	 1.031663e+23 	 7.976645e+20 	 3.452053e-08 	 1.124834e-08 	 -1000.0000 	 -1000.0000 	 -1000.0000 	 -1000.0000 
	  5.4460 	 2.027229e+00 	 145.5017 	  0.8826 	 1.010374e+23 	 7.751129e+20 	 3.735430e-08 	 1.183676e-08 	 -1000.0000 	 -1000.0000 	 -1000.0000 	 -1000.0000 
	  6.8560 	 1.681087e+00 	 147.5205 	  0.8412 	 8.259417e+22 	 6.252506e+20 	 6.333855e-08 	 1.585425e-08 	 -1000.0000 	 -1000.0000 	 -1000.0000 	 -1000.0000 
	  6.9990 	 1.649726e+00 	 147.6762 	  0.8380 	 8.096553e+22 	 6.112747e+20 	 6.558667e-08 	 1.604930e-08 	 -1000.0000 	 -1000.0000 	 -1000.0000 	 -1000.0000 
	  7.1420 	 1.618993e+00 	 147.8243 	  0.8348 	 7.937628e+22 	 5.973538e+20 	 6.777197e-08 	 1.622030e-08 	 -1000.0000 	 -1000.0000 	 -1000.0000 	 -1000.0000 
	  7.2850 	 1.588873e+00 	 147.9656 	  0.8316 	 7.782491e+22 	 5.835357e+20 	 6.990066e-08 	 1.637306e-08 	 -1000.0000 	 -1000.0000 	 -1000.0000 	 -1000.0000 
	  7.4280 	 1.559350e+00 	 148.1008 	  0.8285 	 7.630993e+22 	 5.698680e+20 	 7.197898e-08 	 1.651334e-08 	 -1000.0000 	 -1000.0000 	 -1000.0000 	 -1000.0000 
	  8.8400 	 1.296774e+00 	 149.2481 	  0.8064 	 6.299462e+22 	 4.524612e+20 	 9.112659e-08 	 1.840049e-08 	 -1000.0000 	 -1000.0000 	 -1000.0000 	 -1000.0000 
	  8.9820 	 1.273008e+00 	 149.3540 	  0.8053 	 6.179685e+22 	 4.429004e+20 	 9.305265e-08 	 1.871626e-08 	 -1000.0000 	 -1000.0000 	 -1000.0000 	 -1000.0000 
	  9.1250 	 1.249526e+00 	 149.4591 	  0.8044 	 6.061446e+22 	 4.336356e+20 	 9.501940e-08 	 1.905883e-08 	 -1000.0000 	 -1000.0000 	 -1000.0000 	 -1000.0000 
	  9.2670 	 1.226649e+00 	 149.5619 	  0.8037 	 5.946364e+22 	 4.247701e+20 	 9.700625e-08 	 1.942256e-08 	 -1000.0000 	 -1000.0000 	 -1000.0000 	 -1000.0000 
	  9.4100 	 1.204047e+00 	 149.6638 	  0.8031 	 5.832781e+22 	 4.161528e+20 	 9.904814e-08 	 1.981170e-08 	 -1000.0000 	 -1000.0000 	 -1000.0000 	 -1000.0000 
	 10.8100 	 1.004286e+00 	 150.5578 	  0.8019 	 4.835414e+22 	 3.429867e+20 	 1.225658e-07 	 2.465461e-08 	 -1000.0000 	 -1000.0000 	 -1000.0000 	 -1000.0000 
	 10.9520 	 9.860458e-01 	 150.6374 	  0.8021 	 4.745047e+22 	 3.363424e+20 	 1.253720e-07 	 2.523457e-08 	 -1000.0000 	 -1000.0000 	 -1000.0000 	 -1000.0000 
	 11.0950 	 9.680248e-01 	 150.7156 	  0.8024 	 4.655886e+22 	 3.297814e+20 	 1.282662e-07 	 2.583279e-08 	 -1000.0000 	 -1000.0000 	 -1000.0000 	 -1000.0000 
	 11.2370 	 9.504679e-01 	 150.7915 	  0.8027 	 4.569137e+22 	 3.233966e+20 	 1.312032e-07 	 2.644036e-08 	 -1000.0000 	 -1000.0000 	 -1000.0000 	 -1000.0000 
	 11.3800 	 9.331206e-01 	 150.8661 	  0.8031 	 4.483533e+22 	 3.170995e+20 	 1.342198e-07 	 2.706530e-08 	 -1000.0000 	 -1000.0000 	 -1000.0000 	 -1000.0000 
	 12.7830 	 7.791843e-01 	 151.5142 	  0.8127 	 3.728311e+22 	 2.625798e+20 	 1.661945e-07 	 3.381779e-08 	 -1000.0000 	 -1000.0000 	 -1000.0000 	 -1000.0000 
	 12.9250 	 7.651181e-01 	 151.5688 	  0.8142 	 3.659717e+22 	 2.577817e+20 	 1.697541e-07 	 3.458332e-08 	 -1000.0000 	 -1000.0000 	 -1000.0000 	 -1000.0000 
	 13.0670 	 7.513119e-01 	 151.6200 	  0.8158 	 3.592485e+22 	 2.531026e+20 	 1.734358e-07 	 3.537549e-08 	 -1000.0000 	 -1000.0000 	 -1000.0000 	 -1000.0000 
	 13.2090 	 7.377613e-01 	 151.6673 	  0.8174 	 3.526599e+22 	 2.485381e+20 	 1.772599e-07 	 3.619799e-08 	 -1000.0000 	 -1000.0000 	 -1000.0000 	 -1000.0000 
	 13.3510 	 7.244623e-01 	 151.7102 	  0.8191 	 3.462044e+22 	 2.440839e+20 	 1.812465e-07 	 3.705447e-08 	 -1000.0000 	 -1000.0000 	 -1000.0000 	 -1000.0000 
	 14.7460 	 6.063147e-01 	 151.8093 	  0.8353 	 2.895230e+22 	 2.053039e+20 	 2.328356e-07 	 4.795645e-08 	 -1000.0000 	 -1000.0000 	 -1000.0000 	 -1000.0000 
	 14.8880 	 5.954646e-01 	 151.7828 	  0.8369 	 2.843901e+22 	 2.017958e+20 	 2.393924e-07 	 4.932342e-08 	 -1000.0000 	 -1000.0000 	 -1000.0000 	 -1000.0000 
	 15.0300 	 5.848121e-01 	 151.7506 	  0.8386 	 2.793616e+22 	 1.983634e+20 	 2.460954e-07 	 5.071924e-08 	 -1000.0000 	 -1000.0000 	 -1000.0000 	 -1000.0000 
	 15.1710 	 5.744250e-01 	 151.7132 	  0.8403 	 2.744680e+22 	 1.950291e+20 	 2.528627e-07 	 5.212726e-08 	 -1000.0000 	 -1000.0000 	 -1000.0000 	 -1000.0000 
	 15.3130 	 5.641506e-01 	 151.6704 	  0.8421 	 2.696362e+22 	 1.917450e+20 	 2.597567e-07 	 5.356093e-08 	 -1000.0000 	 -1000.0000 	 -1000.0000 	 -1000.0000 
	 16.7200 	 4.713832e-01 	 151.0659 	  0.8682 	 2.262006e+22 	 1.629923e+20 	 3.257225e-07 	 6.736539e-08 	 -1000.0000 	 -1000.0000 	 -1000.0000 	 -1000.0000 
	 16.8610 	 4.629131e-01 	 151.0028 	  0.8717 	 2.222264e+22 	 1.604367e+20 	 3.318919e-07 	 6.870066e-08 	 -1000.0000 	 -1000.0000 	 -1000.0000 	 -1000.0000 
	 17.0020 	 4.545881e-01 	 150.9440 	  0.8751 	 2.183133e+22 	 1.579209e+20 	 3.380793e-07 	 7.006070e-08 	 -1000.0000 	 -1000.0000 	 -1000.0000 	 -1000.0000 
	 17.1440 	 4.463502e-01 	 150.8905 	  0.8786 	 2.144323e+22 	 1.554219e+20 	 3.443667e-07 	 7.146730e-08 	 -1000.0000 	 -1000.0000 	 -1000.0000 	 -1000.0000 
	 17.2850 	 4.383149e-01 	 150.8445 	  0.8820 	 2.106366e+22 	 1.529688e+20 	 3.507034e-07 	 7.291244e-08 	 -1000.0000 	 -1000.0000 	 -1000.0000 	 -1000.0000 
	 18.6730 	 3.667759e-01 	 151.0472 	  0.9050 	 1.760212e+22 	 1.292028e+20 	 4.264852e-07 	 9.205088e-08 	 -1000.0000 	 -1000.0000 	 -1000.0000 	 -1000.0000 
	 18.8140 	 3.602495e-01 	 151.1549 	  0.9060 	 1.727610e+22 	 1.267776e+20 	 4.367678e-07 	 9.463105e-08 	 -1000.0000 	 -1000.0000 	 -1000.0000 	 -1000.0000 
	 18.9550 	 3.538504e-01 	 151.2800 	  0.9069 	 1.695469e+22 	 1.243604e+20 	 4.478620e-07 	 9.732400e-08 	 -1000.0000 	 -1000.0000 	 -1000.0000 	 -1000.0000 
	 19.0960 	 3.475760e-01 	 151.4227 	  0.9077 	 1.663789e+22 	 1.219557e+20 	 4.598626e-07 	 1.001258e-07 	 -1000.0000 	 -1000.0000 	 -1000.0000 	 -1000.0000 
	 19.2370 	 3.414236e-01 	 151.5831 	  0.9085 	 1.632569e+22 	 1.195679e+20 	 4.728650e-07 	 1.030323e-07 	 -1000.0000 	 -1000.0000 	 -1000.0000 	 -1000.0000 
	 20.6370 	 2.863749e-01 	 154.1544 	  0.9248 	 1.347543e+22 	 9.767893e+19 	 6.760979e-07 	 1.367798e-07 	 -1000.0000 	 -1000.0000 	 -1000.0000 	 -1000.0000 
	 20.7770 	 2.814230e-01 	 154.5023 	  0.9279 	 1.321522e+22 	 9.572957e+19 	 7.052663e-07 	 1.406022e-07 	 -1000.0000 	 -1000.0000 	 -1000.0000 	 -1000.0000 
	 20.9170 	 2.765646e-01 	 154.8629 	  0.9312 	 1.295947e+22 	 9.382454e+19 	 7.361433e-07 	 1.445103e-07 	 -1000.0000 	 -1000.0000 	 -1000.0000 	 -1000.0000 
	 21.0580 	 2.717645e-01 	 155.2377 	  0.9348 	 1.270639e+22 	 9.194998e+19 	 7.689777e-07 	 1.485352e-07 	 -1000.0000 	 -1000.0000 	 -1000.0000 	 -1000.0000 
	 21.1980 	 2.670892e-01 	 155.6201 	  0.9385 	 1.245955e+22 	 9.013174e+19 	 8.033136e-07 	 1.526218e-07 	 -1000.0000 	 -1000.0000 	 -1000.0000 	 -1000.0000 
	 24.5200 	 1.787903e-01 	 164.6725 	  1.0660 	 7.863161e+21 	 5.773353e+19 	 2.146292e-06 	 2.812114e-07 	 -1000.0000 	 -1000.0000 	 -1000.0000 	 -1000.0000 
	 24.6600 	 1.758639e-01 	 164.9395 	  1.0716 	 7.720205e+21 	 5.674105e+19 	 2.222939e-06 	 2.879046e-07 	 -1000.0000 	 -1000.0000 	 -1000.0000 	 -1000.0000 
	 24.8000 	 1.729907e-01 	 165.1940 	  1.0771 	 7.580853e+21 	 5.577109e+19 	 2.299714e-06 	 2.945786e-07 	 -1000.0000 	 -1000.0000 	 -1000.0000 	 -1000.0000 
	 24.9400 	 1.701699e-01 	 165.4366 	  1.0825 	 7.445001e+21 	 5.482259e+19 	 2.376237e-06 	 3.012008e-07 	 -1000.0000 	 -1000.0000 	 -1000.0000 	 -1000.0000 
	 25.0800 	 1.674005e-01 	 165.6676 	  1.0877 	 7.312540e+21 	 5.389449e+19 	 2.452126e-06 	 3.077384e-07 	 -1000.0000 	 -1000.0000 	 -1000.0000 	 -1000.0000 
	 28.3870 	 1.144944e-01 	 169.1542 	  1.1151 	 4.906411e+21 	 3.526394e+19 	 3.128961e-06 	 3.575808e-07 	 -1000.0000 	 -1000.0000 	 -1000.0000 	 -1000.0000 
	 28.5260 	 1.127011e-01 	 169.3007 	  1.1111 	 4.825036e+21 	 3.452887e+19 	 3.082701e-06 	 3.529083e-07 	 -1000.0000 	 -1000.0000 	 -1000.0000 	 -1000.0000 
	 28.6650 	 1.109377e-01 	 169.4646 	  1.1070 	 4.744594e+21 	 3.379902e+19 	 3.032959e-06 	 3.479166e-07 	 -1000.0000 	 -1000.0000 	 -1000.0000 	 -1000.0000 
	 28.8040 	 1.092040e-01 	 169.6498 	  1.1028 	 4.665042e+21 	 3.307590e+19 	 2.980780e-06 	 3.426975e-07 	 -1000.0000 	 -1000.0000 	 -1000.0000 	 -1000.0000 
	 28.9430 	 1.074998e-01 	 169.8597 	  1.0988 	 4.586332e+21 	 3.236101e+19 	 2.927209e-06 	 3.373429e-07 	 -1000.0000 	 -1000.0000 	 -1000.0000 	 -1000.0000 
	 30.3200 	 9.217711e-02 	 173.9785 	  1.0834 	 3.843676e+21 	 2.603092e+19 	 2.532810e-06 	 2.955472e-07 	 -1000.0000 	 -1000.0000 	 -1000.0000 	 -1000.0000 
	 30.4590 	 9.078111e-02 	 174.5960 	  1.0851 	 3.772655e+21 	 2.548683e+19 	 2.518789e-06 	 2.935171e-07 	 -1000.0000 	 -1000.0000 	 -1000.0000 	 -1000.0000 
	 30.5980 	 8.941054e-02 	 175.2277 	  1.0873 	 3.702708e+21 	 2.496005e+19 	 2.508919e-06 	 2.918361e-07 	 -1000.0000 	 -1000.0000 	 -1000.0000 	 -1000.0000 
	 30.7360 	 8.807435e-02 	 175.8611 	  1.0897 	 3.634445e+21 	 2.445381e+19 	 2.502819e-06 	 2.904763e-07 	 -1000.0000 	 -1000.0000 	 -1000.0000 	 -1000.0000 
	 30.8750 	 8.675252e-02 	 176.4974 	  1.0924 	 3.566995e+21 	 2.396041e+19 	 2.499992e-06 	 2.893817e-07 	 -1000.0000 	 -1000.0000 	 -1000.0000 	 -1000.0000 
	 32.2640 	 7.472854e-02 	 181.1229 	  1.1132 	 2.989155e+21 	 1.986140e+19 	 2.567116e-06 	 2.858813e-07 	 -1000.0000 	 -1000.0000 	 -1000.0000 	 -1000.0000 
	 32.4020 	 7.363866e-02 	 181.3090 	  1.1138 	 2.942313e+21 	 1.953031e+19 	 2.576572e-06 	 2.857313e-07 	 -1000.0000 	 -1000.0000 	 -1000.0000 	 -1000.0000 
	 32.5400 	 7.256571e-02 	 181.4461 	  1.1142 	 2.897151e+21 	 1.921225e+19 	 2.585927e-06 	 2.855873e-07 	 -1000.0000 	 -1000.0000 	 -1000.0000 	 -1000.0000 
	 32.6790 	 7.150161e-02 	 181.5364 	  1.1146 	 2.853264e+21 	 1.890491e+19 	 2.595154e-06 	 2.854472e-07 	 -1000.0000 	 -1000.0000 	 -1000.0000 	 -1000.0000 
	 32.8170 	 7.046122e-02 	 181.5804 	  1.1148 	 2.811184e+21 	 1.861258e+19 	 2.604027e-06 	 2.853122e-07 	 -1000.0000 	 -1000.0000 	 -1000.0000 	 -1000.0000 
	 34.1940 	 6.085620e-02 	 179.9419 	  1.1239 	 2.452146e+21 	 1.636193e+19 	 2.658075e-06 	 2.839659e-07 	 -1000.0000 	 -1000.0000 	 -1000.0000 	 -1000.0000 
	 34.3320 	 5.996345e-02 	 179.6119 	  1.1264 	 2.420613e+21 	 1.619918e+19 	 2.659238e-06 	 2.837951e-07 	 -1000.0000 	 -1000.0000 	 -1000.0000 	 -1000.0000 
	 34.4700 	 5.908257e-02 	 179.2598 	  1.1294 	 2.389712e+21 	 1.604693e+19 	 2.659803e-06 	 2.836073e-07 	 -1000.0000 	 -1000.0000 	 -1000.0000 	 -1000.0000 
	 34.6090 	 5.820714e-02 	 178.8851 	  1.1329 	 2.359194e+21 	 1.590392e+19 	 2.659846e-06 	 2.833976e-07 	 -1000.0000 	 -1000.0000 	 -1000.0000 	 -1000.0000 
	 34.7470 	 5.734961e-02 	 178.4951 	  1.1368 	 2.329466e+21 	 1.577195e+19 	 2.659439e-06 	 2.831660e-07 	 -1000.0000 	 -1000.0000 	 -1000.0000 	 -1000.0000 
	 36.1270 	 4.937504e-02 	 174.0587 	  1.2094 	 2.056414e+21 	 1.493864e+19 	 2.646163e-06 	 2.789388e-07 	 -1000.0000 	 -1000.0000 	 -1000.0000 	 -1000.0000 
	 36.2650 	 4.863386e-02 	 173.5929 	  1.2199 	 2.030984e+21 	 1.489394e+19 	 2.644556e-06 	 2.782926e-07 	 -1000.0000 	 -1000.0000 	 -1000.0000 	 -1000.0000 
	 36.4030 	 4.790214e-02 	 173.1250 	  1.2307 	 2.005839e+21 	 1.485331e+19 	 2.642747e-06 	 2.776090e-07 	 -1000.0000 	 -1000.0000 	 -1000.0000 	 -1000.0000 
	 36.5410 	 4.717966e-02 	 172.6551 	  1.2418 	 1.980971e+21 	 1.481589e+19 	 2.640673e-06 	 2.768899e-07 	 -1000.0000 	 -1000.0000 	 -1000.0000 	 -1000.0000 
	 36.6790 	 4.646623e-02 	 172.1832 	  1.2531 	 1.956370e+21 	 1.478085e+19 	 2.638270e-06 	 2.761369e-07 	 -1000.0000 	 -1000.0000 	 -1000.0000 	 -1000.0000 
	 38.0500 	 3.982803e-02 	 167.4219 	  1.3593 	 1.724497e+21 	 1.437224e+19 	 2.582782e-06 	 2.671465e-07 	 -1000.0000 	 -1000.0000 	 -1000.0000 	 -1000.0000 
	 38.1880 	 3.920244e-02 	 166.9439 	  1.3667 	 1.702251e+21 	 1.430167e+19 	 2.572585e-06 	 2.660925e-07 	 -1000.0000 	 -1000.0000 	 -1000.0000 	 -1000.0000 
	 38.3250 	 3.858908e-02 	 166.4730 	  1.3729 	 1.680345e+21 	 1.422079e+19 	 2.561356e-06 	 2.650106e-07 	 -1000.0000 	 -1000.0000 	 -1000.0000 	 -1000.0000 
	 38.4630 	 3.797902e-02 	 166.0031 	  1.3776 	 1.658453e+21 	 1.412689e+19 	 2.548862e-06 	 2.638819e-07 	 -1000.0000 	 -1000.0000 	 -1000.0000 	 -1000.0000 
	 38.6000 	 3.738114e-02 	 165.5421 	  1.3806 	 1.636889e+21 	 1.401985e+19 	 2.535214e-06 	 2.627200e-07 	 -1000.0000 	 -1000.0000 	 -1000.0000 	 -1000.0000 
	 39.9740 	 3.182035e-02 	 161.4216 	  1.2810 	 1.429099e+21 	 1.189904e+19 	 2.317089e-06 	 2.482227e-07 	 -1000.0000 	 -1000.0000 	 -1000.0000 	 -1000.0000 
	 40.1110 	 3.130903e-02 	 161.0706 	  1.2584 	 1.409203e+21 	 1.158821e+19 	 2.287856e-06 	 2.465161e-07 	 -1000.0000 	 -1000.0000 	 -1000.0000 	 -1000.0000 
	 40.2480 	 3.080519e-02 	 160.7291 	  1.2349 	 1.389471e+21 	 1.127034e+19 	 2.257941e-06 	 2.447896e-07 	 -1000.0000 	 -1000.0000 	 -1000.0000 	 -1000.0000 
	 40.3850 	 3.030872e-02 	 160.3964 	  1.2108 	 1.369907e+21 	 1.094910e+19 	 2.227569e-06 	 2.430522e-07 	 -1000.0000 	 -1000.0000 	 -1000.0000 	 -1000.0000 
	 40.5220 	 2.981948e-02 	 160.0720 	  1.1865 	 1.350518e+21 	 1.062821e+19 	 2.196961e-06 	 2.413131e-07 	 -1000.0000 	 -1000.0000 	 -1000.0000 	 -1000.0000 
	 41.8870 	 2.531573e-02 	 157.1424 	  1.0279 	 1.167978e+21 	 8.205207e+18 	 1.925776e-06 	 2.258013e-07 	 -1000.0000 	 -1000.0000 	 -1000.0000 	 -1000.0000 
	 42.0240 	 2.489859e-02 	 156.8581 	  1.0249 	 1.150842e+21 	 8.078599e+18 	 1.905205e-06 	 2.245695e-07 	 -1000.0000 	 -1000.0000 	 -1000.0000 	 -1000.0000 
	 42.1600 	 2.449042e-02 	 156.5721 	  1.0238 	 1.134066e+21 	 7.969981e+18 	 1.886149e-06 	 2.234165e-07 	 -1000.0000 	 -1000.0000 	 -1000.0000 	 -1000.0000 
	 42.2970 	 2.408513e-02 	 156.2787 	  1.0244 	 1.117409e+21 	 7.875692e+18 	 1.868328e-06 	 2.223267e-07 	 -1000.0000 	 -1000.0000 	 -1000.0000 	 -1000.0000 
	 42.4340 	 2.368566e-02 	 155.9784 	  1.0264 	 1.100999e+21 	 7.794519e+18 	 1.851889e-06 	 2.213104e-07 	 -1000.0000 	 -1000.0000 	 -1000.0000 	 -1000.0000 
	 43.8110 	 1.997438e-02 	 152.2662 	  1.0735 	 9.508370e+20 	 7.262750e+18 	 1.762488e-06 	 2.154380e-07 	 -1000.0000 	 -1000.0000 	 -1000.0000 	 -1000.0000 
	 43.9470 	 1.963618e-02 	 151.8286 	  1.0774 	 9.374074e+20 	 7.207970e+18 	 1.760287e-06 	 2.152766e-07 	 -1000.0000 	 -1000.0000 	 -1000.0000 	 -1000.0000 
	 44.0830 	 1.930285e-02 	 151.3862 	  1.0810 	 9.241733e+20 	 7.151417e+18 	 1.758893e-06 	 2.151777e-07 	 -1000.0000 	 -1000.0000 	 -1000.0000 	 -1000.0000 
	 44.2190 	 1.897436e-02 	 150.9420 	  1.0844 	 9.111163e+20 	 7.093146e+18 	 1.758187e-06 	 2.151371e-07 	 -1000.0000 	 -1000.0000 	 -1000.0000 	 -1000.0000 
	 44.3550 	 1.865065e-02 	 150.4987 	  1.0877 	 8.982180e+20 	 7.033213e+18 	 1.758051e-06 	 2.151505e-07 	 -1000.0000 	 -1000.0000 	 -1000.0000 	 -1000.0000 
	 45.7140 	 1.566872e-02 	 146.7184 	  1.1132 	 7.741808e+20 	 6.354218e+18 	 1.762625e-06 	 2.173511e-07 	 -1000.0000 	 -1000.0000 	 -1000.0000 	 -1000.0000 
	 45.8500 	 1.539484e-02 	 146.4537 	  1.1153 	 7.620054e+20 	 6.278567e+18 	 1.761514e-06 	 2.177047e-07 	 -1000.0000 	 -1000.0000 	 -1000.0000 	 -1000.0000 
	 45.9860 	 1.512534e-02 	 146.2151 	  1.1172 	 7.498697e+20 	 6.201331e+18 	 1.759837e-06 	 2.180743e-07 	 -1000.0000 	 -1000.0000 	 -1000.0000 	 -1000.0000 
	 46.1210 	 1.486215e-02 	 146.0049 	  1.1189 	 7.378655e+20 	 6.123028e+18 	 1.757555e-06 	 2.184554e-07 	 -1000.0000 	 -1000.0000 	 -1000.0000 	 -1000.0000 
	 46.2570 	 1.460136e-02 	 145.8211 	  1.1204 	 7.258180e+20 	 6.042428e+18 	 1.754575e-06 	 2.188522e-07 	 -1000.0000 	 -1000.0000 	 -1000.0000 	 -1000.0000 
	 47.6270 	 1.221439e-02 	 145.7270 	  1.1209 	 6.077791e+20 	 5.122478e+18 	 1.674522e-06 	 2.231016e-07 	 -1000.0000 	 -1000.0000 	 -1000.0000 	 -1000.0000 
	 47.7630 	 1.200061e-02 	 145.8864 	  1.1193 	 5.965204e+20 	 5.021885e+18 	 1.661461e-06 	 2.234223e-07 	 -1000.0000 	 -1000.0000 	 -1000.0000 	 -1000.0000 
	 47.8980 	 1.179232e-02 	 146.0662 	  1.1173 	 5.854655e+20 	 4.921430e+18 	 1.647865e-06 	 2.236759e-07 	 -1000.0000 	 -1000.0000 	 -1000.0000 	 -1000.0000 
	 48.0330 	 1.158787e-02 	 146.2648 	  1.1152 	 5.745423e+20 	 4.820712e+18 	 1.633742e-06 	 2.238511e-07 	 -1000.0000 	 -1000.0000 	 -1000.0000 	 -1000.0000 
	 48.1690 	 1.138573e-02 	 146.4810 	  1.1128 	 5.636827e+20 	 4.719320e+18 	 1.619083e-06 	 2.239345e-07 	 -1000.0000 	 -1000.0000 	 -1000.0000 	 -1000.0000 
	 49.5370 	 9.550834e-03 	 148.9207 	  1.0794 	 4.649305e+20 	 3.777817e+18 	 1.468641e-06 	 2.167731e-07 	 -1000.0000 	 -1000.0000 	 -1000.0000 	 -1000.0000 
	 49.6730 	 9.386571e-03 	 149.1320 	  1.0759 	 4.563015e+20 	 3.697618e+18 	 1.454283e-06 	 2.152518e-07 	 -1000.0000 	 -1000.0000 	 -1000.0000 	 -1000.0000 
	 49.8080 	 9.226451e-03 	 149.3274 	  1.0726 	 4.479464e+20 	 3.620874e+18 	 1.439934e-06 	 2.136737e-07 	 -1000.0000 	 -1000.0000 	 -1000.0000 	 -1000.0000 
	 49.9430 	 9.069175e-03 	 149.5067 	  1.0696 	 4.397978e+20 	 3.547050e+18 	 1.425404e-06 	 2.120544e-07 	 -1000.0000 	 -1000.0000 	 -1000.0000 	 -1000.0000 
	 50.0790 	 8.913530e-03 	 149.6689 	  1.0668 	 4.317944e+20 	 3.475696e+18 	 1.410498e-06 	 2.104084e-07 	 -1000.0000 	 -1000.0000 	 -1000.0000 	 -1000.0000 
	 51.4310 	 7.501548e-03 	 149.8639 	  1.0707 	 3.627192e+20 	 2.943020e+18 	 1.230094e-06 	 1.987471e-07 	 -1000.0000 	 -1000.0000 	 -1000.0000 	 -1000.0000 
	 51.5660 	 7.372643e-03 	 149.7181 	  1.0746 	 3.567861e+20 	 2.907063e+18 	 1.208053e-06 	 1.983325e-07 	 -1000.0000 	 -1000.0000 	 -1000.0000 	 -1000.0000 
	 51.7010 	 7.245766e-03 	 149.5431 	  1.0790 	 3.510102e+20 	 2.873685e+18 	 1.185414e-06 	 1.980243e-07 	 -1000.0000 	 -1000.0000 	 -1000.0000 	 -1000.0000 
	 51.8360 	 7.120883e-03 	 149.3398 	  1.0838 	 3.453868e+20 	 2.842703e+18 	 1.162238e-06 	 1.978072e-07 	 -1000.0000 	 -1000.0000 	 -1000.0000 	 -1000.0000 
	 51.9700 	 6.998865e-03 	 149.1107 	  1.0890 	 3.399512e+20 	 2.814137e+18 	 1.138761e-06 	 1.976670e-07 	 -1000.0000 	 -1000.0000 	 -1000.0000 	 -1000.0000 
	 55.1980 	 4.559145e-03 	 137.2465 	  1.1455 	 2.408235e+20 	 2.316800e+18 	 5.855410e-07 	 1.783347e-07 	 -1000.0000 	 -1000.0000 	 -1000.0000 	 -1000.0000 
	 55.3320 	 4.475304e-03 	 136.5872 	  1.1400 	 2.375301e+20 	 2.288030e+18 	 5.688502e-07 	 1.756456e-07 	 -1000.0000 	 -1000.0000 	 -1000.0000 	 -1000.0000 
	 55.4660 	 4.392674e-03 	 135.9299 	  1.1343 	 2.342651e+20 	 2.258764e+18 	 5.528454e-07 	 1.728687e-07 	 -1000.0000 	 -1000.0000 	 -1000.0000 	 -1000.0000 
	 55.6000 	 4.311249e-03 	 135.2776 	  1.1286 	 2.310246e+20 	 2.229244e+18 	 5.375051e-07 	 1.700364e-07 	 -1000.0000 	 -1000.0000 	 -1000.0000 	 -1000.0000 
	 55.7340 	 4.231020e-03 	 134.6334 	  1.1232 	 2.278048e+20 	 2.199712e+18 	 5.228076e-07 	 1.671813e-07 	 -1000.0000 	 -1000.0000 	 -1000.0000 	 -1000.0000 
	 57.0910 	 3.484340e-03 	 129.1993 	  1.1179 	 1.955446e+20 	 1.951718e+18 	 4.052900e-07 	 1.439588e-07 	 -1000.0000 	 -1000.0000 	 -1000.0000 	 -1000.0000 
	 57.2250 	 3.416938e-03 	 128.8073 	  1.1246 	 1.923543e+20 	 1.934830e+18 	 3.963163e-07 	 1.426235e-07 	 -1000.0000 	 -1000.0000 	 -1000.0000 	 -1000.0000 
	 57.3580 	 3.351135e-03 	 128.4425 	  1.1323 	 1.891927e+20 	 1.919108e+18 	 3.878014e-07 	 1.414506e-07 	 -1000.0000 	 -1000.0000 	 -1000.0000 	 -1000.0000 
	 57.4920 	 3.285932e-03 	 128.0984 	  1.1412 	 1.860148e+20 	 1.904163e+18 	 3.795990e-07 	 1.404094e-07 	 -1000.0000 	 -1000.0000 	 -1000.0000 	 -1000.0000 
	 57.6260 	 3.221822e-03 	 127.7767 	  1.1511 	 1.828473e+20 	 1.889963e+18 	 3.717564e-07 	 1.394960e-07 	 -1000.0000 	 -1000.0000 	 -1000.0000 	 -1000.0000 
	 58.9740 	 2.635982e-03 	 125.5681 	  1.2873 	 1.521195e+20 	 1.754461e+18 	 3.089073e-07 	 1.346217e-07 	 -1000.0000 	 -1000.0000 	 -1000.0000 	 -1000.0000 
	 59.1080 	 2.583476e-03 	 125.4540 	  1.3019 	 1.492111e+20 	 1.738471e+18 	 3.039595e-07 	 1.343929e-07 	 -1000.0000 	 -1000.0000 	 -1000.0000 	 -1000.0000 
	 59.2410 	 2.532368e-03 	 125.3678 	  1.3159 	 1.463495e+20 	 1.721611e+18 	 2.992581e-07 	 1.342124e-07 	 -1000.0000 	 -1000.0000 	 -1000.0000 	 -1000.0000 
	 59.3740 	 2.482258e-03 	 125.3111 	  1.3293 	 1.435120e+20 	 1.703638e+18 	 2.947626e-07 	 1.340814e-07 	 -1000.0000 	 -1000.0000 	 -1000.0000 	 -1000.0000 
	 59.5070 	 2.433143e-03 	 125.2867 	  1.3417 	 1.406975e+20 	 1.684423e+18 	 2.904702e-07 	 1.340032e-07 	 -1000.0000 	 -1000.0000 	 -1000.0000 	 -1000.0000 
	 60.8580 	 1.989537e-03 	 127.4462 	  1.3797 	 1.132377e+20 	 1.392926e+18 	 2.576851e-07 	 1.368913e-07 	 -1000.0000 	 -1000.0000 	 -1000.0000 	 -1000.0000 
	 60.9910 	 1.951124e-03 	 127.9185 	  1.3733 	 1.106531e+20 	 1.354821e+18 	 2.554155e-07 	 1.375646e-07 	 -1000.0000 	 -1000.0000 	 -1000.0000 	 -1000.0000 
	 61.1230 	 1.913874e-03 	 128.4272 	  1.3656 	 1.081178e+20 	 1.316136e+18 	 2.533022e-07 	 1.382941e-07 	 -1000.0000 	 -1000.0000 	 -1000.0000 	 -1000.0000 
	 61.2560 	 1.877204e-03 	 128.9773 	  1.3568 	 1.055964e+20 	 1.276561e+18 	 2.513044e-07 	 1.390876e-07 	 -1000.0000 	 -1000.0000 	 -1000.0000 	 -1000.0000 
	 61.3890 	 1.841383e-03 	 129.5626 	  1.3471 	 1.031113e+20 	 1.236664e+18 	 2.494299e-07 	 1.399367e-07 	 -1000.0000 	 -1000.0000 	 -1000.0000 	 -1000.0000 
	 62.7410 	 1.521490e-03 	 136.9164 	  1.2398 	 8.055628e+19 	 8.736999e+17 	 2.353864e-07 	 1.510064e-07 	 -1000.0000 	 -1000.0000 	 -1000.0000 	 -1000.0000 
	 62.8740 	 1.493980e-03 	 137.7135 	  1.2313 	 7.864529e+19 	 8.459361e+17 	 2.343308e-07 	 1.522706e-07 	 -1000.0000 	 -1000.0000 	 -1000.0000 	 -1000.0000 
	 63.0060 	 1.467306e-03 	 138.5043 	  1.2233 	 7.680363e+19 	 8.197745e+17 	 2.333196e-07 	 1.535468e-07 	 -1000.0000 	 -1000.0000 	 -1000.0000 	 -1000.0000 
	 63.1380 	 1.441242e-03 	 139.2916 	  1.2157 	 7.501614e+19 	 7.949319e+17 	 2.323405e-07 	 1.548423e-07 	 -1000.0000 	 -1000.0000 	 -1000.0000 	 -1000.0000 
	 63.2710 	 1.415580e-03 	 140.0778 	  1.2085 	 7.326934e+19 	 7.711651e+17 	 2.313821e-07 	 1.561648e-07 	 -1000.0000 	 -1000.0000 	 -1000.0000 	 -1000.0000 
	 64.6110 	 1.186615e-03 	 146.8490 	  1.1533 	 5.856885e+19 	 5.870413e+17 	 2.223573e-07 	 1.699921e-07 	 -1000.0000 	 -1000.0000 	 -1000.0000 	 -1000.0000 
	 64.7440 	 1.166469e-03 	 147.3501 	  1.1491 	 5.737722e+19 	 5.730083e+17 	 2.214745e-07 	 1.713910e-07 	 -1000.0000 	 -1000.0000 	 -1000.0000 	 -1000.0000 
	 64.8760 	 1.146881e-03 	 147.8122 	  1.1451 	 5.623673e+19 	 5.597009e+17 	 2.206047e-07 	 1.727869e-07 	 -1000.0000 	 -1000.0000 	 -1000.0000 	 -1000.0000 
	 65.0080 	 1.127688e-03 	 148.2385 	  1.1412 	 5.513668e+19 	 5.469856e+17 	 2.197436e-07 	 1.741915e-07 	 -1000.0000 	 -1000.0000 	 -1000.0000 	 -1000.0000 
	 65.1410 	 1.108736e-03 	 148.6313 	  1.1375 	 5.406763e+19 	 5.347472e+17 	 2.188871e-07 	 1.756169e-07 	 -1000.0000 	 -1000.0000 	 -1000.0000 	 -1000.0000 
	 66.4850 	 9.362808e-04 	 150.4149 	  1.1042 	 4.511911e+19 	 4.374847e+17 	 2.113583e-07 	 1.908931e-07 	 -1000.0000 	 -1000.0000 	 -1000.0000 	 -1000.0000 
	 66.6170 	 9.209777e-04 	 150.3881 	  1.1011 	 4.438770e+19 	 4.299750e+17 	 2.107626e-07 	 1.925045e-07 	 -1000.0000 	 -1000.0000 	 -1000.0000 	 -1000.0000 
	 66.7490 	 9.059341e-04 	 150.3347 	  1.0982 	 4.367673e+19 	 4.227406e+17 	 2.101937e-07 	 1.941391e-07 	 -1000.0000 	 -1000.0000 	 -1000.0000 	 -1000.0000 
	 66.8800 	 8.912537e-04 	 150.2584 	  1.0953 	 4.298994e+19 	 4.158120e+17 	 2.096553e-07 	 1.957849e-07 	 -1000.0000 	 -1000.0000 	 -1000.0000 	 -1000.0000 
	 67.0120 	 8.767054e-04 	 150.1610 	  1.0924 	 4.231542e+19 	 4.090622e+17 	 2.091390e-07 	 1.974678e-07 	 -1000.0000 	 -1000.0000 	 -1000.0000 	 -1000.0000 
	 68.3480 	 7.416624e-04 	 148.6859 	  1.0675 	 3.616272e+19 	 3.491419e+17 	 2.053641e-07 	 2.160797e-07 	 -1000.0000 	 -1000.0000 	 -1000.0000 	 -1000.0000 
	 68.4800 	 7.294079e-04 	 148.5434 	  1.0655 	 3.559907e+19 	 3.437181e+17 	 2.051480e-07 	 2.181197e-07 	 -1000.0000 	 -1000.0000 	 -1000.0000 	 -1000.0000 
	 68.6110 	 7.174304e-04 	 148.4073 	  1.0636 	 3.504622e+19 	 3.384036e+17 	 2.049688e-07 	 2.201959e-07 	 -1000.0000 	 -1000.0000 	 -1000.0000 	 -1000.0000 
	 68.7430 	 7.055460e-04 	 148.2763 	  1.0618 	 3.449565e+19 	 3.331163e+17 	 2.048262e-07 	 2.223446e-07 	 -1000.0000 	 -1000.0000 	 -1000.0000 	 -1000.0000 
	 68.8740 	 6.939337e-04 	 148.1532 	  1.0601 	 3.395562e+19 	 3.279351e+17 	 2.047244e-07 	 2.245379e-07 	 -1000.0000 	 -1000.0000 	 -1000.0000 	 -1000.0000 
	 70.2110 	 5.855099e-04 	 147.4379 	  1.0485 	 2.879178e+19 	 2.785880e+17 	 2.064446e-07 	 2.514018e-07 	 -1000.0000 	 -1000.0000 	 -1000.0000 	 -1000.0000 
	 70.3430 	 5.757649e-04 	 147.4211 	  1.0479 	 2.831641e+19 	 2.740591e+17 	 2.069021e-07 	 2.545464e-07 	 -1000.0000 	 -1000.0000 	 -1000.0000 	 -1000.0000 
	 70.4740 	 5.662542e-04 	 147.4096 	  1.0473 	 2.785126e+19 	 2.696297e+17 	 2.074001e-07 	 2.577485e-07 	 -1000.0000 	 -1000.0000 	 -1000.0000 	 -1000.0000 
	 70.6050 	 5.569007e-04 	 147.4017 	  1.0468 	 2.739288e+19 	 2.652666e+17 	 2.079391e-07 	 2.610285e-07 	 -1000.0000 	 -1000.0000 	 -1000.0000 	 -1000.0000 
	 70.7360 	 5.477017e-04 	 147.3959 	  1.0463 	 2.694143e+19 	 2.609714e+17 	 2.085163e-07 	 2.643835e-07 	 -1000.0000 	 -1000.0000 	 -1000.0000 	 -1000.0000 
	 72.0650 	 4.624873e-04 	 147.1159 	  1.0406 	 2.278978e+19 	 2.215745e+17 	 2.159625e-07 	 3.020647e-07 	 -1000.0000 	 -1000.0000 	 -1000.0000 	 -1000.0000 
	 72.1960 	 4.548274e-04 	 147.0378 	  1.0400 	 2.242446e+19 	 2.181313e+17 	 2.168378e-07 	 3.061459e-07 	 -1000.0000 	 -1000.0000 	 -1000.0000 	 -1000.0000 
	 72.3260 	 4.473471e-04 	 146.9477 	  1.0394 	 2.206944e+19 	 2.147959e+17 	 2.177409e-07 	 3.102823e-07 	 -1000.0000 	 -1000.0000 	 -1000.0000 	 -1000.0000 
	 72.4570 	 4.399289e-04 	 146.8435 	  1.0388 	 2.171915e+19 	 2.115178e+17 	 2.186894e-07 	 3.145448e-07 	 -1000.0000 	 -1000.0000 	 -1000.0000 	 -1000.0000 
	 72.5870 	 4.326838e-04 	 146.7260 	  1.0383 	 2.137881e+19 	 2.083477e+17 	 2.196723e-07 	 3.188754e-07 	 -1000.0000 	 -1000.0000 	 -1000.0000 	 -1000.0000 
	 73.9180 	 3.646177e-04 	 144.5646 	  1.0413 	 1.828145e+19 	 1.807555e+17 	 2.329347e-07 	 3.706778e-07 	 -1000.0000 	 -1000.0000 	 -1000.0000 	 -1000.0000 
	 74.0490 	 3.584742e-04 	 144.2612 	  1.0426 	 1.801058e+19 	 1.784881e+17 	 2.346259e-07 	 3.766945e-07 	 -1000.0000 	 -1000.0000 	 -1000.0000 	 -1000.0000 
	 74.1790 	 3.524702e-04 	 143.9504 	  1.0441 	 1.774668e+19 	 1.762994e+17 	 2.363823e-07 	 3.828653e-07 	 -1000.0000 	 -1000.0000 	 -1000.0000 	 -1000.0000 
	 74.3090 	 3.465573e-04 	 143.6320 	  1.0457 	 1.748738e+19 	 1.741662e+17 	 2.382186e-07 	 3.892450e-07 	 -1000.0000 	 -1000.0000 	 -1000.0000 	 -1000.0000 
	 74.4390 	 3.407344e-04 	 143.3079 	  1.0475 	 1.723235e+19 	 1.720829e+17 	 2.401370e-07 	 3.958433e-07 	 -1000.0000 	 -1000.0000 	 -1000.0000 	 -1000.0000 
	 75.7620 	 2.863195e-04 	 140.1462 	  1.0713 	 1.481327e+19 	 1.524992e+17 	 2.647504e-07 	 4.774430e-07 	 -1000.0000 	 -1000.0000 	 -1000.0000 	 -1000.0000 
	 75.8910 	 2.814586e-04 	 139.8746 	  1.0743 	 1.459051e+19 	 1.506863e+17 	 2.676407e-07 	 4.868611e-07 	 -1000.0000 	 -1000.0000 	 -1000.0000 	 -1000.0000 
	 76.0210 	 2.766351e-04 	 139.6054 	  1.0775 	 1.436841e+19 	 1.488834e+17 	 2.706262e-07 	 4.965808e-07 	 -1000.0000 	 -1000.0000 	 -1000.0000 	 -1000.0000 
	 76.1510 	 2.718854e-04 	 139.3396 	  1.0809 	 1.414878e+19 	 1.471081e+17 	 2.736795e-07 	 5.065173e-07 	 -1000.0000 	 -1000.0000 	 -1000.0000 	 -1000.0000 
	 76.2810 	 2.672085e-04 	 139.0761 	  1.0845 	 1.393171e+19 	 1.453636e+17 	 2.767955e-07 	 5.166578e-07 	 -1000.0000 	 -1000.0000 	 -1000.0000 	 -1000.0000 
	 77.6150 	 2.231226e-04 	 136.2462 	  1.1428 	 1.186999e+19 	 1.299914e+17 	 3.112990e-07 	 6.299388e-07 	 -1000.0000 	 -1000.0000 	 -1000.0000 	 -1000.0000 
	 77.7440 	 2.192122e-04 	 135.9429 	  1.1506 	 1.168758e+19 	 1.287785e+17 	 3.148763e-07 	 6.418642e-07 	 -1000.0000 	 -1000.0000 	 -1000.0000 	 -1000.0000 
	 77.8740 	 2.153310e-04 	 135.6312 	  1.1587 	 1.150669e+19 	 1.275972e+17 	 3.185553e-07 	 6.541707e-07 	 -1000.0000 	 -1000.0000 	 -1000.0000 	 -1000.0000 
	 78.0030 	 2.115382e-04 	 135.3158 	  1.1669 	 1.133007e+19 	 1.264624e+17 	 3.222898e-07 	 6.667068e-07 	 -1000.0000 	 -1000.0000 	 -1000.0000 	 -1000.0000 
	 78.1330 	 2.077742e-04 	 134.9919 	  1.1753 	 1.115494e+19 	 1.253533e+17 	 3.261483e-07 	 6.797050e-07 	 -1000.0000 	 -1000.0000 	 -1000.0000 	 -1000.0000 
	 81.2820 	 1.325904e-04 	 125.3563 	  1.3135 	 7.667788e+18 	 1.005093e+17 	 4.767142e-07 	 1.207255e-06 	 -1000.0000 	 -1000.0000 	 -1000.0000 	 -1000.0000 
	 81.4100 	 1.301086e-04 	 124.9017 	  1.3131 	 7.551625e+18 	 9.930752e+16 	 4.856459e-07 	 1.239745e-06 	 -1000.0000 	 -1000.0000 	 -1000.0000 	 -1000.0000 
	 81.5390 	 1.276471e-04 	 124.4423 	  1.3125 	 7.436083e+18 	 9.809125e+16 	 4.946323e-07 	 1.272826e-06 	 -1000.0000 	 -1000.0000 	 -1000.0000 	 -1000.0000 
	 81.6670 	 1.252434e-04 	 123.9860 	  1.3120 	 7.322885e+18 	 9.688547e+16 	 5.034641e-07 	 1.305812e-06 	 -1000.0000 	 -1000.0000 	 -1000.0000 	 -1000.0000 
	 81.7960 	 1.228594e-04 	 123.5267 	  1.3116 	 7.210192e+18 	 9.567753e+16 	 5.122086e-07 	 1.339042e-06 	 -1000.0000 	 -1000.0000 	 -1000.0000 	 -1000.0000 
	 83.1220 	 1.004464e-04 	 119.0477 	  1.3470 	 6.116402e+18 	 8.504049e+16 	 5.766994e-07 	 1.638961e-06 	 -1000.0000 	 -1000.0000 	 -1000.0000 	 -1000.0000 
	 83.2500 	 9.847391e-05 	 118.6596 	  1.3554 	 6.015834e+18 	 8.423148e+16 	 5.793148e-07 	 1.660717e-06 	 -1000.0000 	 -1000.0000 	 -1000.0000 	 -1000.0000 
	 83.3790 	 9.651898e-05 	 118.2803 	  1.3644 	 5.915266e+18 	 8.343694e+16 	 5.812283e-07 	 1.681033e-06 	 -1000.0000 	 -1000.0000 	 -1000.0000 	 -1000.0000 
	 83.5070 	 9.461179e-05 	 117.9166 	  1.3738 	 5.816242e+18 	 8.266231e+16 	 5.824035e-07 	 1.699536e-06 	 -1000.0000 	 -1000.0000 	 -1000.0000 	 -1000.0000 
	 83.6360 	 9.272238e-05 	 117.5638 	  1.3835 	 5.717200e+18 	 8.188848e+16 	 5.828521e-07 	 1.716460e-06 	 -1000.0000 	 -1000.0000 	 -1000.0000 	 -1000.0000 
	 84.9450 	 7.536745e-05 	 114.9754 	  1.4690 	 4.751976e+18 	 7.290949e+16 	 5.440366e-07 	 1.775900e-06 	 -1000.0000 	 -1000.0000 	 -1000.0000 	 -1000.0000 
	 85.0730 	 7.384341e-05 	 114.8353 	  1.4744 	 4.661498e+18 	 7.184023e+16 	 5.358230e-07 	 1.768380e-06 	 -1000.0000 	 -1000.0000 	 -1000.0000 	 -1000.0000 
	 85.2010 	 7.234910e-05 	 114.7166 	  1.4792 	 4.571817e+18 	 7.074284e+16 	 5.267826e-07 	 1.757776e-06 	 -1000.0000 	 -1000.0000 	 -1000.0000 	 -1000.0000 
	 85.3300 	 7.087292e-05 	 114.6189 	  1.4835 	 4.482277e+18 	 6.961195e+16 	 5.168243e-07 	 1.743761e-06 	 -1000.0000 	 -1000.0000 	 -1000.0000 	 -1000.0000 
	 85.4580 	 6.943746e-05 	 114.5438 	  1.4874 	 4.394301e+18 	 6.846856e+16 	 5.060921e-07 	 1.726350e-06 	 -1000.0000 	 -1000.0000 	 -1000.0000 	 -1000.0000 
	 86.7690 	 5.634330e-05 	 115.0517 	  1.5123 	 3.551254e+18 	 5.633577e+16 	 3.469789e-07 	 1.309951e-06 	 -1000.0000 	 -1000.0000 	 -1000.0000 	 -1000.0000 
	 86.8960 	 5.522202e-05 	 115.2108 	  1.5140 	 3.476012e+18 	 5.518504e+16 	 3.283042e-07 	 1.250760e-06 	 -1000.0000 	 -1000.0000 	 -1000.0000 	 -1000.0000 
	 87.0240 	 5.411618e-05 	 115.3834 	  1.5155 	 3.401479e+18 	 5.403777e+16 	 3.096405e-07 	 1.190875e-06 	 -1000.0000 	 -1000.0000 	 -1000.0000 	 -1000.0000 
	 87.1520 	 5.303416e-05 	 115.5663 	  1.5169 	 3.328289e+18 	 5.290471e+16 	 2.913639e-07 	 1.131765e-06 	 -1000.0000 	 -1000.0000 	 -1000.0000 	 -1000.0000 
	 87.2790 	 5.198359e-05 	 115.7555 	  1.5182 	 3.257037e+18 	 5.179617e+16 	 2.738385e-07 	 1.074880e-06 	 -1000.0000 	 -1000.0000 	 -1000.0000 	 -1000.0000 
	 88.5860 	 4.237588e-05 	 117.6364 	  1.5275 	 2.611040e+18 	 4.166311e+16 	 1.782585e-07 	 8.108745e-07 	 -1000.0000 	 -1000.0000 	 -1000.0000 	 -1000.0000 
	 88.7120 	 4.155444e-05 	 117.7697 	  1.5284 	 2.557512e+18 	 4.083399e+16 	 1.792359e-07 	 8.261753e-07 	 -1000.0000 	 -1000.0000 	 -1000.0000 	 -1000.0000 
	 88.8390 	 4.074345e-05 	 117.8907 	  1.5294 	 2.505037e+18 	 4.002576e+16 	 1.815507e-07 	 8.471078e-07 	 -1000.0000 	 -1000.0000 	 -1000.0000 	 -1000.0000 
	 88.9660 	 3.994910e-05 	 117.9972 	  1.5306 	 2.454012e+18 	 3.924508e+16 	 1.849985e-07 	 8.728021e-07 	 -1000.0000 	 -1000.0000 	 -1000.0000 	 -1000.0000 
	 89.0930 	 3.917101e-05 	 118.0884 	  1.5320 	 2.404405e+18 	 3.849191e+16 	 1.893769e-07 	 9.024859e-07 	 -1000.0000 	 -1000.0000 	 -1000.0000 	 -1000.0000 
	 90.4060 	 3.198795e-05 	 117.9226 	  1.5696 	 1.966390e+18 	 3.228824e+16 	 2.426547e-07 	 1.265642e-06 	 -1000.0000 	 -1000.0000 	 -1000.0000 	 -1000.0000 
	 90.5320 	 3.137293e-05 	 117.7978 	  1.5753 	 1.930609e+18 	 3.182605e+16 	 2.457302e-07 	 1.295221e-06 	 -1000.0000 	 -1000.0000 	 -1000.0000 	 -1000.0000 
	 90.6590 	 3.076486e-05 	 117.6575 	  1.5813 	 1.895443e+18 	 3.137561e+16 	 2.484824e-07 	 1.324168e-06 	 -1000.0000 	 -1000.0000 	 -1000.0000 	 -1000.0000 
	 90.7860 	 3.016838e-05 	 117.5043 	  1.5872 	 1.861127e+18 	 3.093814e+16 	 2.509393e-07 	 1.352458e-06 	 -1000.0000 	 -1000.0000 	 -1000.0000 	 -1000.0000 
	 90.9130 	 2.958317e-05 	 117.3400 	  1.5930 	 1.827605e+18 	 3.051117e+16 	 2.531552e-07 	 1.380302e-06 	 -1000.0000 	 -1000.0000 	 -1000.0000 	 -1000.0000 
	 92.2190 	 2.414842e-05 	 115.4108 	  1.6242 	 1.516313e+18 	 2.616840e+16 	 2.742159e-07 	 1.688985e-06 	 -1000.0000 	 -1000.0000 	 -1000.0000 	 -1000.0000 
	 92.3450 	 2.367527e-05 	 115.2428 	  1.6231 	 1.488600e+18 	 2.572201e+16 	 2.768349e-07 	 1.724022e-06 	 -1000.0000 	 -1000.0000 	 -1000.0000 	 -1000.0000 
	 92.4720 	 2.320714e-05 	 115.0846 	  1.6215 	 1.461016e+18 	 2.526830e+16 	 2.795810e-07 	 1.760348e-06 	 -1000.0000 	 -1000.0000 	 -1000.0000 	 -1000.0000 
	 92.5980 	 2.275135e-05 	 114.9408 	  1.6192 	 1.433989e+18 	 2.481536e+16 	 2.823984e-07 	 1.797361e-06 	 -1000.0000 	 -1000.0000 	 -1000.0000 	 -1000.0000 
	 92.7240 	 2.230418e-05 	 114.8120 	  1.6163 	 1.407296e+18 	 2.436055e+16 	 2.852957e-07 	 1.835315e-06 	 -1000.0000 	 -1000.0000 	 -1000.0000 	 -1000.0000 
	 94.0220 	 1.819017e-05 	 114.8000 	  1.5623 	 1.150406e+18 	 1.978301e+16 	 3.169266e-07 	 2.274497e-06 	 -1000.0000 	 -1000.0000 	 -1000.0000 	 -1000.0000 
