	 height_(km) 	 press_(mbar) 	 temp_(K) 	 temperr_(K) 	 numdens_(m-3) 	 numdenserr_(m-3) 	 H2Ovmr_() 	 H2Ovmrerr_() 	 D/H_(VSMOW) 	 D/Herr_(VSMOW) 	 18O/16O_(VSMOW) 	 18O/16Oerr_(VSMOW) 
	 31.1850 	 3.044427e-01 	 200.6649 	  2.8552 	 1.099853e+22 	 1.612243e+20 	 1.200679e-04 	 1.310800e-05 	 -1000.0000 	 -1000.0000 	 -1000.0000 	 -1000.0000 
	 31.3280 	 3.002629e-01 	 200.5437 	  2.7649 	 1.085399e+22 	 1.542474e+20 	 1.184612e-04 	 1.272454e-05 	 -1000.0000 	 -1000.0000 	 -1000.0000 	 -1000.0000 
	 31.4700 	 2.961799e-01 	 200.4373 	  2.6538 	 1.071208e+22 	 1.465002e+20 	 1.172445e-04 	 1.235687e-05 	 -1000.0000 	 -1000.0000 	 -1000.0000 	 -1000.0000 
	 31.6120 	 2.921615e-01 	 200.3417 	  2.5255 	 1.057183e+22 	 1.381374e+20 	 1.163009e-04 	 1.199974e-05 	 -1000.0000 	 -1000.0000 	 -1000.0000 	 -1000.0000 
	 31.7430 	 2.885093e-01 	 200.2603 	  2.3954 	 1.044398e+22 	 1.300490e+20 	 1.156129e-04 	 1.168358e-05 	 -1000.0000 	 -1000.0000 	 -1000.0000 	 -1000.0000 
	 32.0280 	 2.807359e-01 	 200.0929 	  2.0891 	 1.017119e+22 	 1.119841e+20 	 1.145875e-04 	 1.106110e-05 	 -1000.0000 	 -1000.0000 	 -1000.0000 	 -1000.0000 
	 32.1700 	 2.769457e-01 	 200.0082 	  1.9326 	 1.003813e+22 	 1.031377e+20 	 1.142938e-04 	 1.079043e-05 	 -1000.0000 	 -1000.0000 	 -1000.0000 	 -1000.0000 
	 32.3120 	 2.732070e-01 	 199.9183 	  1.7790 	 9.907062e+21 	 9.466091e+19 	 1.141443e-04 	 1.054563e-05 	 -1000.0000 	 -1000.0000 	 -1000.0000 	 -1000.0000 
	 32.4370 	 2.699565e-01 	 199.8322 	  1.6493 	 9.793381e+21 	 8.766367e+19 	 1.141341e-04 	 1.034889e-05 	 -1000.0000 	 -1000.0000 	 -1000.0000 	 -1000.0000 
	 32.5780 	 2.663332e-01 	 199.7245 	  1.5131 	 9.667113e+21 	 8.047106e+19 	 1.142572e-04 	 1.014335e-05 	 -1000.0000 	 -1000.0000 	 -1000.0000 	 -1000.0000 
	 33.0030 	 2.556834e-01 	 199.3172 	  1.1930 	 9.299516e+21 	 6.421668e+19 	 1.152342e-04 	 9.587523e-06 	 -1000.0000 	 -1000.0000 	 -1000.0000 	 -1000.0000 
	 33.1370 	 2.524144e-01 	 199.1634 	  1.1251 	 9.187718e+21 	 6.077266e+19 	 1.155635e-04 	 9.426117e-06 	 -1000.0000 	 -1000.0000 	 -1000.0000 	 -1000.0000 
	 33.2780 	 2.490230e-01 	 198.9890 	  1.0729 	 9.072230e+21 	 5.800026e+19 	 1.157950e-04 	 9.264099e-06 	 -1000.0000 	 -1000.0000 	 -1000.0000 	 -1000.0000 
	 33.4200 	 2.456584e-01 	 198.8012 	  1.0403 	 8.958110e+21 	 5.603562e+19 	 1.158372e-04 	 9.107501e-06 	 -1000.0000 	 -1000.0000 	 -1000.0000 	 -1000.0000 
	 33.5620 	 2.423428e-01 	 198.6039 	  1.0236 	 8.845992e+21 	 5.472631e+19 	 1.156548e-04 	 8.949315e-06 	 -1000.0000 	 -1000.0000 	 -1000.0000 	 -1000.0000 
	 34.1100 	 2.299659e-01 	 197.8062 	  1.0224 	 8.427974e+21 	 5.227943e+19 	 1.123620e-04 	 8.231698e-06 	 -1000.0000 	 -1000.0000 	 -1000.0000 	 -1000.0000 
	 34.2520 	 2.268566e-01 	 197.6123 	  1.0223 	 8.322142e+21 	 5.164947e+19 	 1.107399e-04 	 8.019981e-06 	 -1000.0000 	 -1000.0000 	 -1000.0000 	 -1000.0000 
	 34.3930 	 2.238049e-01 	 197.4417 	  1.0216 	 8.217283e+21 	 5.099260e+19 	 1.088220e-04 	 7.813039e-06 	 -1000.0000 	 -1000.0000 	 -1000.0000 	 -1000.0000 
	 34.5270 	 2.209359e-01 	 197.3090 	  1.0211 	 8.117437e+21 	 5.036421e+19 	 1.067378e-04 	 7.633571e-06 	 -1000.0000 	 -1000.0000 	 -1000.0000 	 -1000.0000 
	 34.6680 	 2.179480e-01 	 197.2098 	  1.0216 	 8.011747e+21 	 4.972466e+19 	 1.042917e-04 	 7.490787e-06 	 -1000.0000 	 -1000.0000 	 -1000.0000 	 -1000.0000 
	 35.0930 	 2.091451e-01 	 197.1680 	  1.0306 	 7.689863e+21 	 4.799582e+19 	 9.681074e-05 	 7.397920e-06 	 -1000.0000 	 -1000.0000 	 -1000.0000 	 -1000.0000 
	 35.2200 	 2.065858e-01 	 197.2071 	  1.0340 	 7.594221e+21 	 4.750027e+19 	 9.505341e-05 	 7.443686e-06 	 -1000.0000 	 -1000.0000 	 -1000.0000 	 -1000.0000 
	 35.3610 	 2.037896e-01 	 197.2646 	  1.0374 	 7.489203e+21 	 4.693910e+19 	 9.358166e-05 	 7.511605e-06 	 -1000.0000 	 -1000.0000 	 -1000.0000 	 -1000.0000 
	 35.5020 	 2.010430e-01 	 197.3295 	  1.0400 	 7.385829e+21 	 4.635685e+19 	 9.266841e-05 	 7.593967e-06 	 -1000.0000 	 -1000.0000 	 -1000.0000 	 -1000.0000 
	 35.6440 	 1.983222e-01 	 197.3973 	  1.0419 	 7.283374e+21 	 4.575450e+19 	 9.230637e-05 	 7.698877e-06 	 -1000.0000 	 -1000.0000 	 -1000.0000 	 -1000.0000 
	 36.0610 	 1.905301e-01 	 197.5719 	  1.0456 	 6.991035e+21 	 4.397683e+19 	 9.431120e-05 	 8.155585e-06 	 -1000.0000 	 -1000.0000 	 -1000.0000 	 -1000.0000 
	 36.2020 	 1.879430e-01 	 197.6101 	  1.0471 	 6.894768e+21 	 4.339906e+19 	 9.598354e-05 	 8.346968e-06 	 -1000.0000 	 -1000.0000 	 -1000.0000 	 -1000.0000 
	 36.3440 	 1.853621e-01 	 197.6349 	  1.0487 	 6.799229e+21 	 4.283337e+19 	 9.807837e-05 	 8.551755e-06 	 -1000.0000 	 -1000.0000 	 -1000.0000 	 -1000.0000 
	 36.4850 	 1.828291e-01 	 197.6459 	  1.0504 	 6.705940e+21 	 4.228576e+19 	 1.004608e-04 	 8.762791e-06 	 -1000.0000 	 -1000.0000 	 -1000.0000 	 -1000.0000 
	 36.6200 	 1.804365e-01 	 197.6435 	  1.0520 	 6.618256e+21 	 4.177279e+19 	 1.029261e-04 	 8.965610e-06 	 -1000.0000 	 -1000.0000 	 -1000.0000 	 -1000.0000 
	 37.0440 	 1.731662e-01 	 197.5586 	  1.0559 	 6.354303e+21 	 4.020535e+19 	 1.108649e-04 	 9.479260e-06 	 -1000.0000 	 -1000.0000 	 -1000.0000 	 -1000.0000 
	 37.1850 	 1.708255e-01 	 197.5121 	  1.0561 	 6.269896e+21 	 3.967837e+19 	 1.133302e-04 	 9.576727e-06 	 -1000.0000 	 -1000.0000 	 -1000.0000 	 -1000.0000 
	 37.3100 	 1.687771e-01 	 197.4678 	  1.0556 	 6.196120e+21 	 3.919835e+19 	 1.153558e-04 	 9.626734e-06 	 -1000.0000 	 -1000.0000 	 -1000.0000 	 -1000.0000 
	 37.4510 	 1.664930e-01 	 197.4171 	  1.0539 	 6.113852e+21 	 3.863540e+19 	 1.173782e-04 	 9.648555e-06 	 -1000.0000 	 -1000.0000 	 -1000.0000 	 -1000.0000 
	 37.5930 	 1.642187e-01 	 197.3675 	  1.0510 	 6.031859e+21 	 3.804055e+19 	 1.190608e-04 	 9.643781e-06 	 -1000.0000 	 -1000.0000 	 -1000.0000 	 -1000.0000 
	 38.0030 	 1.578259e-01 	 197.2200 	  1.0353 	 5.801360e+21 	 3.620079e+19 	 1.221062e-04 	 9.516075e-06 	 -1000.0000 	 -1000.0000 	 -1000.0000 	 -1000.0000 
	 38.1440 	 1.556985e-01 	 197.1621 	  1.0278 	 5.724834e+21 	 3.554127e+19 	 1.226829e-04 	 9.442134e-06 	 -1000.0000 	 -1000.0000 	 -1000.0000 	 -1000.0000 
	 38.2850 	 1.536113e-01 	 197.0973 	  1.0193 	 5.649956e+21 	 3.487673e+19 	 1.230982e-04 	 9.357755e-06 	 -1000.0000 	 -1000.0000 	 -1000.0000 	 -1000.0000 
	 38.4260 	 1.515598e-01 	 197.0219 	  1.0103 	 5.576642e+21 	 3.421596e+19 	 1.233860e-04 	 9.262998e-06 	 -1000.0000 	 -1000.0000 	 -1000.0000 	 -1000.0000 
	 38.5670 	 1.495381e-01 	 196.9321 	  1.0012 	 5.504766e+21 	 3.356844e+19 	 1.235780e-04 	 9.157670e-06 	 -1000.0000 	 -1000.0000 	 -1000.0000 	 -1000.0000 
	 39.1180 	 1.418229e-01 	 196.3740 	  0.9726 	 5.235602e+21 	 3.133074e+19 	 1.037674e-04 	 1.148248e-05 	  4.4181 	  0.9474 	  1.2193 	  0.1464 
	 39.2580 	 1.399030e-01 	 196.1678 	  0.9681 	 5.170157e+21 	 3.085803e+19 	 1.038799e-04 	 1.146057e-05 	  4.4207 	  0.9248 	  1.2170 	  0.1452 
	 39.3970 	 1.380173e-01 	 195.9346 	  0.9648 	 5.106539e+21 	 3.042797e+19 	 1.039735e-04 	 1.144580e-05 	  4.4218 	  0.9019 	  1.2141 	  0.1445 
	 39.5370 	 1.361415e-01 	 195.6700 	  0.9626 	 5.043937e+21 	 3.003425e+19 	 1.040397e-04 	 1.143910e-05 	  4.4212 	  0.8791 	  1.2104 	  0.1440 
	 39.6780 	 1.342783e-01 	 195.3740 	  0.9615 	 4.982422e+21 	 2.967605e+19 	 1.040714e-04 	 1.144091e-05 	  4.4190 	  0.8564 	  1.2060 	  0.1436 
	 40.0970 	 1.288873e-01 	 194.3985 	  0.9624 	 4.806381e+21 	 2.875917e+19 	 1.040575e-04 	 1.146432e-05 	  4.4061 	  0.7951 	  1.1906 	  0.1422 
	 40.2370 	 1.271310e-01 	 194.0703 	  0.9633 	 4.748918e+21 	 2.847280e+19 	 1.040566e-04 	 1.146568e-05 	  4.4014 	  0.7789 	  1.1851 	  0.1414 
	 40.3780 	 1.253833e-01 	 193.7519 	  0.9641 	 4.691330e+21 	 2.818140e+19 	 1.040698e-04 	 1.145814e-05 	  4.3969 	  0.7646 	  1.1794 	  0.1403 
	 40.5180 	 1.236684e-01 	 193.4505 	  0.9648 	 4.634375e+21 	 2.788712e+19 	 1.040768e-04 	 1.144084e-05 	  4.3930 	  0.7517 	  1.1736 	  0.1388 
	 40.6580 	 1.219738e-01 	 193.1653 	  0.9653 	 4.577615e+21 	 2.758692e+19 	 1.040528e-04 	 1.141317e-05 	  4.3894 	  0.7398 	  1.1676 	  0.1368 
	 41.0680 	 1.171253e-01 	 192.4376 	  0.9649 	 4.412289e+21 	 2.666560e+19 	 1.035687e-04 	 1.126714e-05 	  4.3807 	  0.7119 	  1.1500 	  0.1295 
	 41.2080 	 1.155096e-01 	 192.2227 	  0.9643 	 4.356296e+21 	 2.634018e+19 	 1.031701e-04 	 1.119400e-05 	  4.3790 	  0.7060 	  1.1446 	  0.1270 
	 41.3480 	 1.139161e-01 	 192.0167 	  0.9637 	 4.300806e+21 	 2.601637e+19 	 1.025964e-04 	 1.110906e-05 	  4.3787 	  0.7023 	  1.1400 	  0.1246 
	 41.4800 	 1.124352e-01 	 191.8255 	  0.9632 	 4.249118e+21 	 2.571707e+19 	 1.018632e-04 	 1.101829e-05 	  4.3806 	  0.7005 	  1.1365 	  0.1224 
	 41.6200 	 1.108885e-01 	 191.6201 	  0.9631 	 4.195148e+21 	 2.541081e+19 	 1.008476e-04 	 1.091078e-05 	  4.3853 	  0.6990 	  1.1337 	  0.1203 
	 42.0400 	 1.063862e-01 	 190.9547 	  0.9657 	 4.038856e+21 	 2.458037e+19 	 9.662273e-05 	 1.054342e-05 	  4.4165 	  0.6993 	  1.1304 	  0.1189 
	 42.1700 	 1.050246e-01 	 190.7302 	  0.9673 	 3.991861e+21 	 2.434716e+19 	 9.523279e-05 	 1.043035e-05 	  4.4297 	  0.7009 	  1.1306 	  0.1202 
	 42.3100 	 1.035695e-01 	 190.4770 	  0.9696 	 3.941790e+21 	 2.410660e+19 	 9.384690e-05 	 1.031677e-05 	  4.4442 	  0.7035 	  1.1312 	  0.1224 
	 42.4500 	 1.021238e-01 	 190.2109 	  0.9722 	 3.892207e+21 	 2.387527e+19 	 9.265500e-05 	 1.021560e-05 	  4.4582 	  0.7062 	  1.1320 	  0.1246 
	 42.5900 	 1.006901e-01 	 189.9303 	  0.9750 	 3.843231e+21 	 2.364933e+19 	 9.167327e-05 	 1.012721e-05 	  4.4711 	  0.7081 	  1.1330 	  0.1266 
	 43.0100 	 9.649802e-02 	 188.9847 	  0.9805 	 3.701643e+21 	 2.296040e+19 	 8.998835e-05 	 9.933102e-06 	  4.4972 	  0.7029 	  1.1351 	  0.1297 
	 43.1500 	 9.514807e-02 	 188.6297 	  0.9804 	 3.656728e+21 	 2.271348e+19 	 8.984226e-05 	 9.890385e-06 	  4.4987 	  0.6970 	  1.1351 	  0.1297 
	 43.2900 	 9.382127e-02 	 188.2549 	  0.9791 	 3.612917e+21 	 2.245544e+19 	 8.988195e-05 	 9.858491e-06 	  4.4956 	  0.6894 	  1.1343 	  0.1293 
	 43.4300 	 9.251416e-02 	 187.8614 	  0.9767 	 3.570047e+21 	 2.218699e+19 	 9.008416e-05 	 9.837670e-06 	  4.4874 	  0.6807 	  1.1327 	  0.1289 
	 43.5630 	 9.128750e-02 	 187.4714 	  0.9735 	 3.530038e+21 	 2.192294e+19 	 9.040563e-05 	 9.828372e-06 	  4.4747 	  0.6720 	  1.1301 	  0.1286 
	 44.1220 	 8.624686e-02 	 185.6957 	  0.9531 	 3.366996e+21 	 2.075806e+19 	 9.276147e-05 	 9.905959e-06 	  4.3841 	  0.6446 	  1.1110 	  0.1329 
	 44.2530 	 8.509346e-02 	 185.2609 	  0.9485 	 3.329769e+21 	 2.049616e+19 	 9.350517e-05 	 9.952623e-06 	  4.3601 	  0.6416 	  1.1059 	  0.1354 
	 44.3930 	 8.387461e-02 	 184.7947 	  0.9446 	 3.290360e+21 	 2.023320e+19 	 9.436848e-05 	 1.001497e-05 	  4.3363 	  0.6387 	  1.1007 	  0.1378 
	 44.5320 	 8.267951e-02 	 184.3329 	  0.9419 	 3.251606e+21 	 1.999419e+19 	 9.528917e-05 	 1.008924e-05 	  4.3154 	  0.6360 	  1.0960 	  0.1399 
	 44.6720 	 8.149122e-02 	 183.8696 	  0.9406 	 3.212952e+21 	 1.977442e+19 	 9.627129e-05 	 1.017328e-05 	  4.2982 	  0.6342 	  1.0919 	  0.1419 
	 45.0930 	 7.801189e-02 	 182.4848 	  0.9424 	 3.099111e+21 	 1.921093e+19 	 9.945657e-05 	 1.044202e-05 	  4.2801 	  0.6371 	  1.0846 	  0.1490 
	 45.2330 	 7.688631e-02 	 182.0267 	  0.9444 	 3.062081e+21 	 1.904650e+19 	 1.005711e-04 	 1.052510e-05 	  4.2877 	  0.6403 	  1.0843 	  0.1513 
	 45.3720 	 7.578395e-02 	 181.5724 	  0.9469 	 3.025726e+21 	 1.889135e+19 	 1.017434e-04 	 1.060594e-05 	  4.3021 	  0.6430 	  1.0850 	  0.1531 
	 45.5120 	 7.468853e-02 	 181.1150 	  0.9499 	 2.989519e+21 	 1.874204e+19 	 1.030376e-04 	 1.069019e-05 	  4.3227 	  0.6446 	  1.0864 	  0.1539 
	 45.6430 	 7.367666e-02 	 180.6867 	  0.9529 	 2.956008e+21 	 1.860755e+19 	 1.043942e-04 	 1.077555e-05 	  4.3470 	  0.6446 	  1.0883 	  0.1538 
	 46.0620 	 7.052015e-02 	 179.3033 	  0.9639 	 2.851213e+21 	 1.820165e+19 	 1.099619e-04 	 1.112150e-05 	  4.4471 	  0.6450 	  1.0940 	  0.1503 
	 46.2020 	 6.948904e-02 	 178.8240 	  0.9678 	 2.817055e+21 	 1.807386e+19 	 1.120977e-04 	 1.125500e-05 	  4.4837 	  0.6480 	  1.0944 	  0.1490 
	 46.3370 	 6.850380e-02 	 178.3455 	  0.9718 	 2.784558e+21 	 1.795490e+19 	 1.141617e-04 	 1.138471e-05 	  4.5185 	  0.6533 	  1.0935 	  0.1480 
	 46.4760 	 6.749733e-02 	 177.8312 	  0.9759 	 2.751572e+21 	 1.783712e+19 	 1.162119e-04 	 1.151450e-05 	  4.5531 	  0.6612 	  1.0908 	  0.1472 
	 46.6150 	 6.649804e-02 	 177.2910 	  0.9802 	 2.719085e+21 	 1.772424e+19 	 1.181205e-04 	 1.163672e-05 	  4.5863 	  0.6709 	  1.0867 	  0.1465 
	 47.0370 	 6.352052e-02 	 175.5213 	  0.9932 	 2.623530e+21 	 1.740183e+19 	 1.230870e-04 	 1.197405e-05 	  4.6806 	  0.7057 	  1.0682 	  0.1469 
	 47.1760 	 6.256341e-02 	 174.9081 	  0.9973 	 2.593068e+21 	 1.729852e+19 	 1.244983e-04 	 1.208075e-05 	  4.7100 	  0.7166 	  1.0614 	  0.1472 
	 47.3150 	 6.162013e-02 	 174.2854 	  1.0011 	 2.563101e+21 	 1.719521e+19 	 1.258238e-04 	 1.218735e-05 	  4.7378 	  0.7258 	  1.0547 	  0.1473 
	 47.4540 	 6.069051e-02 	 173.6540 	  1.0049 	 2.533611e+21 	 1.709255e+19 	 1.270842e-04 	 1.229077e-05 	  4.7642 	  0.7326 	  1.0480 	  0.1472 
	 47.5930 	 5.977412e-02 	 173.0144 	  1.0085 	 2.504578e+21 	 1.699147e+19 	 1.283011e-04 	 1.238718e-05 	  4.7898 	  0.7364 	  1.0416 	  0.1469 
	 48.1360 	 5.631225e-02 	 170.4474 	  1.0253 	 2.395053e+21 	 1.664897e+19 	 1.327899e-04 	 1.263412e-05 	  4.8834 	  0.7317 	  1.0219 	  0.1443 
	 48.2750 	 5.545309e-02 	 169.7811 	  1.0340 	 2.367769e+21 	 1.661666e+19 	 1.334909e-04 	 1.266477e-05 	  4.9082 	  0.7288 	  1.0198 	  0.1439 
	 48.4170 	 5.458502e-02 	 169.1023 	  1.0475 	 2.340058e+21 	 1.663798e+19 	 1.336858e-04 	 1.268943e-05 	  4.9364 	  0.7257 	  1.0196 	  0.1436 
	 48.5560 	 5.374383e-02 	 168.4427 	  1.0667 	 2.313013e+21 	 1.672845e+19 	 1.331881e-04 	 1.271108e-05 	  4.9681 	  0.7222 	  1.0215 	  0.1434 
	 48.6950 	 5.291048e-02 	 167.7926 	  1.0925 	 2.285959e+21 	 1.689430e+19 	 1.318776e-04 	 1.273088e-05 	  5.0047 	  0.7203 	  1.0256 	  0.1437 
	 49.1070 	 5.049062e-02 	 166.0313 	  1.1847 	 2.204554e+21 	 1.752904e+19 	 1.236205e-04 	 1.266009e-05 	  5.1257 	  0.7288 	  1.0473 	  0.1479 
	 49.2460 	 4.969299e-02 	 165.5326 	  1.2121 	 2.176275e+21 	 1.767546e+19 	 1.195638e-04 	 1.254735e-05 	  5.1595 	  0.7329 	  1.0560 	  0.1496 
	 49.3850 	 4.890578e-02 	 165.0999 	  1.2338 	 2.147416e+21 	 1.773677e+19 	 1.150048e-04 	 1.237238e-05 	  5.1830 	  0.7346 	  1.0643 	  0.1510 
	 49.5240 	 4.812964e-02 	 164.7336 	  1.2497 	 2.118032e+21 	 1.771485e+19 	 1.101813e-04 	 1.214788e-05 	  5.1944 	  0.7331 	  1.0718 	  0.1517 
	 49.6630 	 4.736526e-02 	 164.4319 	  1.2604 	 2.088214e+21 	 1.761888e+19 	 1.053655e-04 	 1.189169e-05 	  5.1940 	  0.7287 	  1.0783 	  0.1518 
	 50.0780 	 4.515945e-02 	 163.8968 	  1.2664 	 1.997492e+21 	 1.698305e+19 	 9.364653e-05 	 1.111079e-05 	  5.1411 	  0.6976 	  1.0941 	  0.1489 
	 50.2160 	 4.445129e-02 	 163.8231 	  1.2621 	 1.967066e+21 	 1.668988e+19 	 9.106802e-05 	 1.087995e-05 	  5.1157 	  0.6798 	  1.0992 	  0.1465 
	 50.3550 	 4.374889e-02 	 163.7833 	  1.2561 	 1.936455e+21 	 1.637410e+19 	 8.897321e-05 	 1.065878e-05 	  5.0912 	  0.6587 	  1.1048 	  0.1435 
	 50.4900 	 4.307587e-02 	 163.7660 	  1.2497 	 1.906853e+21 	 1.606004e+19 	 8.727735e-05 	 1.045031e-05 	  5.0707 	  0.6361 	  1.1109 	  0.1402 
	 50.6290 	 4.239098e-02 	 163.7580 	  1.2435 	 1.876607e+21 	 1.574184e+19 	 8.573135e-05 	 1.023750e-05 	  5.0542 	  0.6128 	  1.1183 	  0.1364 
	 51.0450 	 4.038763e-02 	 163.7306 	  1.2276 	 1.788210e+21 	 1.485115e+19 	 8.134488e-05 	 9.572305e-06 	  5.0234 	  0.5709 	  1.1462 	  0.1258 
	 51.1830 	 3.974176e-02 	 163.7204 	  1.2202 	 1.759728e+21 	 1.454967e+19 	 7.984316e-05 	 9.332216e-06 	  5.0096 	  0.5743 	  1.1556 	  0.1232 
	 51.3220 	 3.910252e-02 	 163.7109 	  1.2100 	 1.731528e+21 	 1.422780e+19 	 7.825373e-05 	 9.075694e-06 	  4.9880 	  0.5856 	  1.1636 	  0.1212 
	 51.4600 	 3.847998e-02 	 163.7033 	  1.1966 	 1.704039e+21 	 1.388582e+19 	 7.660554e-05 	 8.808913e-06 	  4.9560 	  0.6055 	  1.1688 	  0.1212 
	 51.5980 	 3.786929e-02 	 163.7005 	  1.1816 	 1.677022e+21 	 1.353519e+19 	 7.503851e-05 	 8.553269e-06 	  4.9127 	  0.6234 	  1.1708 	  0.1213 
	 52.1500 	 3.553608e-02 	 163.8017 	  1.1481 	 1.572734e+21 	 1.239923e+19 	 7.325514e-05 	 8.195754e-06 	  4.6518 	  0.6420 	  1.1521 	  0.1183 
	 52.2880 	 3.497802e-02 	 163.8644 	  1.1520 	 1.547443e+21 	 1.222893e+19 	 7.460136e-05 	 8.355932e-06 	  4.5719 	  0.6335 	  1.1428 	  0.1168 
	 52.4270 	 3.442536e-02 	 163.9391 	  1.1579 	 1.522297e+21 	 1.207836e+19 	 7.668935e-05 	 8.593027e-06 	  4.4867 	  0.6201 	  1.1317 	  0.1149 
	 52.5630 	 3.389345e-02 	 164.0202 	  1.1633 	 1.498030e+21 	 1.193088e+19 	 7.939614e-05 	 8.875110e-06 	  4.3991 	  0.6017 	  1.1190 	  0.1127 
	 52.7020 	 3.335846e-02 	 164.1081 	  1.1658 	 1.473593e+21 	 1.175891e+19 	 8.279283e-05 	 9.190573e-06 	  4.3073 	  0.5860 	  1.1048 	  0.1119 
	 53.1170 	 3.181153e-02 	 164.3632 	  1.1464 	 1.403090e+21 	 1.104800e+19 	 9.551024e-05 	 1.008945e-05 	  4.0614 	  0.5893 	  1.0667 	  0.1187 
	 53.2570 	 3.130678e-02 	 164.4327 	  1.1340 	 1.380243e+21 	 1.077280e+19 	 9.997396e-05 	 1.032159e-05 	  4.0055 	  0.5927 	  1.0595 	  0.1195 
	 53.3950 	 3.081776e-02 	 164.4860 	  1.1207 	 1.358240e+21 	 1.050240e+19 	 1.041010e-04 	 1.048815e-05 	  3.9698 	  0.5924 	  1.0562 	  0.1225 
	 53.5320 	 3.034057e-02 	 164.5208 	  1.1077 	 1.336921e+21 	 1.024405e+19 	 1.077362e-04 	 1.058062e-05 	  3.9515 	  0.5881 	  1.0561 	  0.1243 
	 53.6700 	 2.986761e-02 	 164.5391 	  1.0951 	 1.315931e+21 	 9.996904e+18 	 1.108075e-04 	 1.060592e-05 	  3.9476 	  0.5811 	  1.0582 	  0.1254 
	 54.0850 	 2.848416e-02 	 164.5187 	  1.0655 	 1.255136e+21 	 9.346418e+18 	 1.153826e-04 	 1.037214e-05 	  3.9951 	  0.5536 	  1.0731 	  0.1319 
	 54.2220 	 2.803791e-02 	 164.4956 	  1.0597 	 1.235644e+21 	 9.165750e+18 	 1.150365e-04 	 1.022485e-05 	  4.0239 	  0.5472 	  1.0801 	  0.1355 
	 54.3600 	 2.759369e-02 	 164.4682 	  1.0555 	 1.216268e+21 	 8.997287e+18 	 1.138093e-04 	 1.005147e-05 	  4.0580 	  0.5444 	  1.0883 	  0.1399 
	 54.4980 	 2.715552e-02 	 164.4390 	  1.0520 	 1.197166e+21 	 8.837166e+18 	 1.118560e-04 	 9.855711e-06 	  4.0959 	  0.5475 	  1.0977 	  0.1451 
	 54.6400 	 2.671174e-02 	 164.4097 	  1.0484 	 1.177813e+21 	 8.675586e+18 	 1.092524e-04 	 9.633775e-06 	  4.1381 	  0.5527 	  1.1086 	  0.1500 
	 55.0520 	 2.547063e-02 	 164.3456 	  1.0311 	 1.123534e+21 	 8.184912e+18 	 9.974823e-05 	 8.902468e-06 	  4.2755 	  0.5790 	 -1000.0000 	 -1000.0000 
	 55.1900 	 2.507003e-02 	 164.3269 	  1.0238 	 1.105989e+21 	 8.017579e+18 	 9.625297e-05 	 8.642884e-06 	  4.3255 	  0.5946 	 -1000.0000 	 -1000.0000 
	 55.3300 	 2.467053e-02 	 164.3044 	  1.0169 	 1.088513e+21 	 7.853592e+18 	 9.267639e-05 	 8.380671e-06 	  4.3765 	  0.6147 	 -1000.0000 	 -1000.0000 
	 55.4680 	 2.428304e-02 	 164.2755 	  1.0114 	 1.071603e+21 	 7.702148e+18 	 8.919604e-05 	 8.128493e-06 	  4.4273 	  0.6358 	 -1000.0000 	 -1000.0000 
	 55.6050 	 2.390409e-02 	 164.2372 	  1.0076 	 1.055127e+21 	 7.565210e+18 	 8.585172e-05 	 7.888633e-06 	  4.4792 	  0.6583 	 -1000.0000 	 -1000.0000 
	 56.1580 	 2.242904e-02 	 163.9089 	  1.0051 	 9.919999e+20 	 7.117239e+18 	 7.410446e-05 	 7.040409e-06 	  4.7035 	  0.7675 	 -1000.0000 	 -1000.0000 
	 56.2950 	 2.207651e-02 	 163.7661 	  1.0059 	 9.772568e+20 	 7.022089e+18 	 7.175343e-05 	 6.861115e-06 	  4.7579 	  0.7980 	 -1000.0000 	 -1000.0000 
	 56.4320 	 2.172927e-02 	 163.5958 	  1.0070 	 9.628853e+20 	 6.931355e+18 	 6.961879e-05 	 6.693560e-06 	  4.8102 	  0.8289 	 -1000.0000 	 -1000.0000 
	 56.5700 	 2.138516e-02 	 163.3975 	  1.0085 	 9.487872e+20 	 6.844851e+18 	 6.764907e-05 	 6.535783e-06 	  4.8619 	  0.8607 	 -1000.0000 	 -1000.0000 
	 56.7100 	 2.104223e-02 	 163.1698 	  1.0105 	 9.348758e+20 	 6.762559e+18 	 6.579638e-05 	 6.386108e-06 	  4.9148 	  0.8935 	 -1000.0000 	 -1000.0000 
	 57.1220 	 2.007076e-02 	 162.3605 	  1.0198 	 8.961576e+20 	 6.554272e+18 	 6.085705e-05 	 5.996504e-06 	  5.0798 	  0.9950 	 -1000.0000 	 -1000.0000 
	 57.2600 	 1.975636e-02 	 162.0548 	  1.0238 	 8.837836e+20 	 6.493248e+18 	 5.932399e-05 	 5.878155e-06 	  5.1378 	  1.0311 	 -1000.0000 	 -1000.0000 
	 57.3930 	 1.945726e-02 	 161.7509 	  1.0279 	 8.720398e+20 	 6.436565e+18 	 5.789661e-05 	 5.767205e-06 	  5.1942 	  1.0668 	 -1000.0000 	 -1000.0000 
	 57.5300 	 1.915236e-02 	 161.4329 	  1.0323 	 8.600669e+20 	 6.379100e+18 	 5.647365e-05 	 5.654467e-06 	  5.2530 	  1.1050 	 -1000.0000 	 -1000.0000 
	 57.6680 	 1.884783e-02 	 161.1118 	  1.0367 	 8.480791e+20 	 6.321029e+18 	 5.508647e-05 	 5.541221e-06 	  5.3139 	  1.1452 	 -1000.0000 	 -1000.0000 
	 58.0930 	 1.792941e-02 	 160.1394 	  1.0500 	 8.116536e+20 	 6.140089e+18 	 5.119658e-05 	 5.208272e-06 	  5.5122 	  1.2785 	 -1000.0000 	 -1000.0000 
	 58.2300 	 1.764122e-02 	 159.8369 	  1.0543 	 8.001187e+20 	 6.081431e+18 	 5.010172e-05 	 5.112066e-06 	  5.5771 	  1.3237 	 -1000.0000 	 -1000.0000 
	 58.3680 	 1.735549e-02 	 159.5406 	  1.0586 	 7.886203e+20 	 6.022143e+18 	 4.909004e-05 	 5.023008e-06 	  5.6398 	  1.3697 	 -1000.0000 	 -1000.0000 
	 58.5050 	 1.707634e-02 	 159.2579 	  1.0626 	 7.773122e+20 	 5.962051e+18 	 4.815960e-05 	 4.940875e-06 	  5.6979 	  1.4155 	 -1000.0000 	 -1000.0000 
	 58.6420 	 1.680151e-02 	 158.9897 	  1.0660 	 7.660919e+20 	 5.899449e+18 	 4.728016e-05 	 4.862758e-06 	  5.7509 	  1.4619 	 -1000.0000 	 -1000.0000 
	 59.0580 	 1.599200e-02 	 158.2978 	  1.0705 	 7.323714e+20 	 5.681141e+18 	 4.469488e-05 	 4.627716e-06 	 -1000.0000 	 -1000.0000 	 -1000.0000 	 -1000.0000 
	 59.1950 	 1.573326e-02 	 158.1162 	  1.0695 	 7.213501e+20 	 5.597692e+18 	 4.382491e-05 	 4.546830e-06 	 -1000.0000 	 -1000.0000 	 -1000.0000 	 -1000.0000 
	 59.3320 	 1.547835e-02 	 157.9558 	  1.0672 	 7.103827e+20 	 5.509194e+18 	 4.294857e-05 	 4.465076e-06 	 -1000.0000 	 -1000.0000 	 -1000.0000 	 -1000.0000 
	 59.4670 	 1.523088e-02 	 157.8169 	  1.0638 	 6.996391e+20 	 5.417699e+18 	 4.208411e-05 	 4.384581e-06 	 -1000.0000 	 -1000.0000 	 -1000.0000 	 -1000.0000 
	 59.6030 	 1.498530e-02 	 157.6948 	  1.0592 	 6.888910e+20 	 5.321870e+18 	 4.121768e-05 	 4.304473e-06 	 -1000.0000 	 -1000.0000 	 -1000.0000 	 -1000.0000 
	 60.1570 	 1.402387e-02 	 157.3202 	  1.0356 	 6.462322e+20 	 4.922639e+18 	 3.779800e-05 	 3.999266e-06 	 -1000.0000 	 -1000.0000 	 -1000.0000 	 -1000.0000 
	 60.2930 	 1.379771e-02 	 157.2374 	  1.0311 	 6.361441e+20 	 4.832839e+18 	 3.699104e-05 	 3.930474e-06 	 -1000.0000 	 -1000.0000 	 -1000.0000 	 -1000.0000 
	 60.4300 	 1.357392e-02 	 157.1497 	  1.0280 	 6.261746e+20 	 4.749453e+18 	 3.619242e-05 	 3.863801e-06 	 -1000.0000 	 -1000.0000 	 -1000.0000 	 -1000.0000 
	 60.5670 	 1.335407e-02 	 157.0571 	  1.0264 	 6.163957e+20 	 4.672748e+18 	 3.540571e-05 	 3.799133e-06 	 -1000.0000 	 -1000.0000 	 -1000.0000 	 -1000.0000 
	 60.7030 	 1.313958e-02 	 156.9607 	  1.0259 	 6.068680e+20 	 4.602198e+18 	 3.463335e-05 	 3.736114e-06 	 -1000.0000 	 -1000.0000 	 -1000.0000 	 -1000.0000 
	 61.1200 	 1.250380e-02 	 156.6411 	  1.0294 	 5.786800e+20 	 4.410079e+18 	 3.228643e-05 	 3.541936e-06 	 -1000.0000 	 -1000.0000 	 -1000.0000 	 -1000.0000 
	 61.2570 	 1.230155e-02 	 156.5336 	  1.0316 	 5.697092e+20 	 4.351661e+18 	 3.151713e-05 	 3.476333e-06 	 -1000.0000 	 -1000.0000 	 -1000.0000 	 -1000.0000 
	 61.3930 	 1.210363e-02 	 156.4323 	  1.0338 	 5.609058e+20 	 4.294575e+18 	 3.075700e-05 	 3.410784e-06 	 -1000.0000 	 -1000.0000 	 -1000.0000 	 -1000.0000 
	 61.5370 	 1.189691e-02 	 156.3362 	  1.0363 	 5.516660e+20 	 4.234234e+18 	 2.995867e-05 	 3.341426e-06 	 -1000.0000 	 -1000.0000 	 -1000.0000 	 -1000.0000 
	 61.6730 	 1.170408e-02 	 156.2608 	  1.0384 	 5.429892e+20 	 4.176514e+18 	 2.921337e-05 	 3.276444e-06 	 -1000.0000 	 -1000.0000 	 -1000.0000 	 -1000.0000 
	 62.0830 	 1.113675e-02 	 156.1462 	  1.0426 	 5.170501e+20 	 3.994375e+18 	 2.710456e-05 	 3.093008e-06 	 -1000.0000 	 -1000.0000 	 -1000.0000 	 -1000.0000 
	 62.2300 	 1.093940e-02 	 156.1432 	  1.0433 	 5.078964e+20 	 3.926715e+18 	 2.646063e-05 	 3.037493e-06 	 -1000.0000 	 -1000.0000 	 -1000.0000 	 -1000.0000 
	 62.3660 	 1.076018e-02 	 156.1561 	  1.0435 	 4.995329e+20 	 3.863413e+18 	 2.594827e-05 	 2.993754e-06 	 -1000.0000 	 -1000.0000 	 -1000.0000 	 -1000.0000 
	 62.5020 	 1.058441e-02 	 156.1830 	  1.0433 	 4.912884e+20 	 3.799672e+18 	 2.553159e-05 	 2.958648e-06 	 -1000.0000 	 -1000.0000 	 -1000.0000 	 -1000.0000 
	 62.6390 	 1.041080e-02 	 156.2225 	  1.0428 	 4.831082e+20 	 3.735270e+18 	 2.521493e-05 	 2.932016e-06 	 -1000.0000 	 -1000.0000 	 -1000.0000 	 -1000.0000 
	 63.1820 	 9.754868e-03 	 156.4715 	  1.0386 	 4.519480e+20 	 3.483164e+18 	 2.505740e-05 	 2.906662e-06 	 -1000.0000 	 -1000.0000 	 -1000.0000 	 -1000.0000 
	 63.3190 	 9.596896e-03 	 156.5502 	  1.0373 	 4.444056e+20 	 3.421606e+18 	 2.530180e-05 	 2.919103e-06 	 -1000.0000 	 -1000.0000 	 -1000.0000 	 -1000.0000 
	 63.4550 	 9.442738e-03 	 156.6319 	  1.0362 	 4.370390e+20 	 3.361793e+18 	 2.564570e-05 	 2.938546e-06 	 -1000.0000 	 -1000.0000 	 -1000.0000 	 -1000.0000 
	 63.6000 	 9.281086e-03 	 156.7215 	  1.0354 	 4.293118e+20 	 3.299706e+18 	 2.611324e-05 	 2.966858e-06 	 -1000.0000 	 -1000.0000 	 -1000.0000 	 -1000.0000 
	 63.7360 	 9.131807e-03 	 156.8065 	  1.0349 	 4.221782e+20 	 3.243300e+18 	 2.663675e-05 	 3.000339e-06 	 -1000.0000 	 -1000.0000 	 -1000.0000 	 -1000.0000 
	 64.1450 	 8.695707e-03 	 157.0481 	  1.0363 	 4.014008e+20 	 3.085550e+18 	 2.861457e-05 	 3.136058e-06 	 -1000.0000 	 -1000.0000 	 -1000.0000 	 -1000.0000 
	 64.2830 	 8.553083e-03 	 157.1155 	  1.0377 	 3.946469e+20 	 3.036300e+18 	 2.938780e-05 	 3.190496e-06 	 -1000.0000 	 -1000.0000 	 -1000.0000 	 -1000.0000 
	 64.4190 	 8.414866e-03 	 157.1702 	  1.0393 	 3.881325e+20 	 2.989679e+18 	 3.018693e-05 	 3.246751e-06 	 -1000.0000 	 -1000.0000 	 -1000.0000 	 -1000.0000 
	 64.5550 	 8.279020e-03 	 157.2113 	  1.0413 	 3.817646e+20 	 2.944915e+18 	 3.101312e-05 	 3.304560e-06 	 -1000.0000 	 -1000.0000 	 -1000.0000 	 -1000.0000 
	 64.6910 	 8.145502e-03 	 157.2413 	  1.0436 	 3.755346e+20 	 2.901886e+18 	 3.185282e-05 	 3.362683e-06 	 -1000.0000 	 -1000.0000 	 -1000.0000 	 -1000.0000 
	 65.1090 	 7.748945e-03 	 157.3071 	  1.0529 	 3.571057e+20 	 2.778951e+18 	 3.436185e-05 	 3.529453e-06 	 -1000.0000 	 -1000.0000 	 -1000.0000 	 -1000.0000 
	 65.2450 	 7.624178e-03 	 157.3331 	  1.0567 	 3.512990e+20 	 2.741480e+18 	 3.510704e-05 	 3.575671e-06 	 -1000.0000 	 -1000.0000 	 -1000.0000 	 -1000.0000 
	 65.3810 	 7.501427e-03 	 157.3650 	  1.0610 	 3.455735e+20 	 2.705010e+18 	 3.581285e-05 	 3.617880e-06 	 -1000.0000 	 -1000.0000 	 -1000.0000 	 -1000.0000 
	 65.5170 	 7.380678e-03 	 157.4030 	  1.0655 	 3.399286e+20 	 2.669400e+18 	 3.648848e-05 	 3.657284e-06 	 -1000.0000 	 -1000.0000 	 -1000.0000 	 -1000.0000 
	 65.6630 	 7.253260e-03 	 157.4509 	  1.0706 	 3.339580e+20 	 2.631974e+18 	 3.719073e-05 	 3.697837e-06 	 -1000.0000 	 -1000.0000 	 -1000.0000 	 -1000.0000 
	 66.0710 	 6.909116e-03 	 157.6268 	  1.0856 	 3.177564e+20 	 2.530093e+18 	 3.911533e-05 	 3.811486e-06 	 -1000.0000 	 -1000.0000 	 -1000.0000 	 -1000.0000 
	 66.2070 	 6.798180e-03 	 157.6994 	  1.0903 	 3.125101e+20 	 2.496085e+18 	 3.976421e-05 	 3.849008e-06 	 -1000.0000 	 -1000.0000 	 -1000.0000 	 -1000.0000 
	 66.3470 	 6.685871e-03 	 157.7813 	  1.0945 	 3.071875e+20 	 2.460449e+18 	 4.044334e-05 	 3.886060e-06 	 -1000.0000 	 -1000.0000 	 -1000.0000 	 -1000.0000 
	 66.4820 	 6.579338e-03 	 157.8674 	  1.0978 	 3.021284e+20 	 2.425133e+18 	 4.111308e-05 	 3.919440e-06 	 -1000.0000 	 -1000.0000 	 -1000.0000 	 -1000.0000 
	 66.6180 	 6.473733e-03 	 157.9606 	  1.1003 	 2.971041e+20 	 2.388348e+18 	 4.179783e-05 	 3.949655e-06 	 -1000.0000 	 -1000.0000 	 -1000.0000 	 -1000.0000 
	 67.1720 	 6.062062e-03 	 158.3728 	  1.1027 	 2.774871e+20 	 2.232076e+18 	 4.344030e-05 	 3.982562e-06 	 -1000.0000 	 -1000.0000 	 -1000.0000 	 -1000.0000 
	 67.3080 	 5.965745e-03 	 158.4722 	  1.1022 	 2.729065e+20 	 2.193966e+18 	 4.323256e-05 	 3.954666e-06 	 -1000.0000 	 -1000.0000 	 -1000.0000 	 -1000.0000 
	 67.4430 	 5.871906e-03 	 158.5687 	  1.1014 	 2.684501e+20 	 2.156624e+18 	 4.275451e-05 	 3.911542e-06 	 -1000.0000 	 -1000.0000 	 -1000.0000 	 -1000.0000 
	 67.5780 	 5.779694e-03 	 158.6639 	  1.1005 	 2.640761e+20 	 2.119755e+18 	 4.204945e-05 	 3.854885e-06 	 -1000.0000 	 -1000.0000 	 -1000.0000 	 -1000.0000 
	 67.7170 	 5.686304e-03 	 158.7612 	  1.0995 	 2.596502e+20 	 2.082272e+18 	 4.113240e-05 	 3.784349e-06 	 -1000.0000 	 -1000.0000 	 -1000.0000 	 -1000.0000 
	 68.1230 	 5.421360e-03 	 159.0480 	  1.0958 	 2.471065e+20 	 1.975452e+18 	 3.779869e-05 	 3.529040e-06 	 -1000.0000 	 -1000.0000 	 -1000.0000 	 -1000.0000 
	 68.2580 	 5.335761e-03 	 159.1443 	  1.0943 	 2.430576e+20 	 1.940804e+18 	 3.663918e-05 	 3.439392e-06 	 -1000.0000 	 -1000.0000 	 -1000.0000 	 -1000.0000 
	 68.4030 	 5.245268e-03 	 159.2475 	  1.0927 	 2.387804e+20 	 1.904082e+18 	 3.546332e-05 	 3.348443e-06 	 -1000.0000 	 -1000.0000 	 -1000.0000 	 -1000.0000 
	 68.5380 	 5.162401e-03 	 159.3430 	  1.0910 	 2.348670e+20 	 1.870355e+18 	 3.448863e-05 	 3.273291e-06 	 -1000.0000 	 -1000.0000 	 -1000.0000 	 -1000.0000 
	 68.6720 	 5.081499e-03 	 159.4368 	  1.0891 	 2.310504e+20 	 1.837343e+18 	 3.368078e-05 	 3.211464e-06 	 -1000.0000 	 -1000.0000 	 -1000.0000 	 -1000.0000 
	 69.0930 	 4.836251e-03 	 159.7133 	  1.0837 	 2.195183e+20 	 1.738292e+18 	 3.209670e-05 	 3.090885e-06 	 -1000.0000 	 -1000.0000 	 -1000.0000 	 -1000.0000 
	 69.2280 	 4.760516e-03 	 159.7921 	  1.0826 	 2.159737e+20 	 1.708643e+18 	 3.183543e-05 	 3.070052e-06 	 -1000.0000 	 -1000.0000 	 -1000.0000 	 -1000.0000 
	 69.3620 	 4.686742e-03 	 159.8640 	  1.0819 	 2.125306e+20 	 1.680475e+18 	 3.166755e-05 	 3.055358e-06 	 -1000.0000 	 -1000.0000 	 -1000.0000 	 -1000.0000 
	 69.4970 	 4.613747e-03 	 159.9314 	  1.0817 	 2.091320e+20 	 1.653261e+18 	 3.158346e-05 	 3.046222e-06 	 -1000.0000 	 -1000.0000 	 -1000.0000 	 -1000.0000 
	 69.6320 	 4.541982e-03 	 159.9955 	  1.0820 	 2.057966e+20 	 1.627041e+18 	 3.157999e-05 	 3.042723e-06 	 -1000.0000 	 -1000.0000 	 -1000.0000 	 -1000.0000 
	 70.1770 	 4.262811e-03 	 160.2568 	  1.0855 	 1.928335e+20 	 1.527724e+18 	 3.229527e-05 	 3.083841e-06 	 -1000.0000 	 -1000.0000 	 -1000.0000 	 -1000.0000 
	 70.3120 	 4.196075e-03 	 160.3287 	  1.0864 	 1.897295e+20 	 1.503919e+18 	 3.264284e-05 	 3.105214e-06 	 -1000.0000 	 -1000.0000 	 -1000.0000 	 -1000.0000 
	 70.4630 	 4.122633e-03 	 160.4141 	  1.0871 	 1.863095e+20 	 1.477304e+18 	 3.311357e-05 	 3.132090e-06 	 -1000.0000 	 -1000.0000 	 -1000.0000 	 -1000.0000 
	 70.5980 	 4.058093e-03 	 160.4956 	  1.0872 	 1.832998e+20 	 1.453358e+18 	 3.360906e-05 	 3.157648e-06 	 -1000.0000 	 -1000.0000 	 -1000.0000 	 -1000.0000 
	 70.7320 	 3.995107e-03 	 160.5817 	  1.0867 	 1.803583e+20 	 1.429345e+18 	 3.416557e-05 	 3.183323e-06 	 -1000.0000 	 -1000.0000 	 -1000.0000 	 -1000.0000 
	 71.1430 	 3.808401e-03 	 160.8640 	  1.0826 	 1.716275e+20 	 1.355648e+18 	 3.587514e-05 	 3.248705e-06 	 -1000.0000 	 -1000.0000 	 -1000.0000 	 -1000.0000 
	 71.2780 	 3.749114e-03 	 160.9574 	  1.0810 	 1.688574e+20 	 1.332043e+18 	 3.628839e-05 	 3.260552e-06 	 -1000.0000 	 -1000.0000 	 -1000.0000 	 -1000.0000 
	 71.4130 	 3.690788e-03 	 161.0486 	  1.0795 	 1.661361e+20 	 1.309017e+18 	 3.656009e-05 	 3.265224e-06 	 -1000.0000 	 -1000.0000 	 -1000.0000 	 -1000.0000 
	 71.5470 	 3.633819e-03 	 161.1371 	  1.0782 	 1.634819e+20 	 1.286739e+18 	 3.668469e-05 	 3.262448e-06 	 -1000.0000 	 -1000.0000 	 -1000.0000 	 -1000.0000 
	 71.6820 	 3.577331e-03 	 161.2246 	  1.0770 	 1.608534e+20 	 1.264830e+18 	 3.667090e-05 	 3.252239e-06 	 -1000.0000 	 -1000.0000 	 -1000.0000 	 -1000.0000 
	 72.1030 	 3.406743e-03 	 161.4922 	  1.0739 	 1.529296e+20 	 1.199434e+18 	 3.580597e-05 	 3.173317e-06 	 -1000.0000 	 -1000.0000 	 -1000.0000 	 -1000.0000 
	 72.2370 	 3.354189e-03 	 161.5774 	  1.0729 	 1.504909e+20 	 1.179349e+18 	 3.529775e-05 	 3.133995e-06 	 -1000.0000 	 -1000.0000 	 -1000.0000 	 -1000.0000 
	 72.3720 	 3.302138e-03 	 161.6641 	  1.0718 	 1.480759e+20 	 1.159342e+18 	 3.468964e-05 	 3.088329e-06 	 -1000.0000 	 -1000.0000 	 -1000.0000 	 -1000.0000 
	 72.5070 	 3.251020e-03 	 161.7521 	  1.0703 	 1.457042e+20 	 1.139482e+18 	 3.399607e-05 	 3.037191e-06 	 -1000.0000 	 -1000.0000 	 -1000.0000 	 -1000.0000 
	 72.6410 	 3.201237e-03 	 161.8412 	  1.0684 	 1.433940e+20 	 1.119835e+18 	 3.323397e-05 	 2.981614e-06 	 -1000.0000 	 -1000.0000 	 -1000.0000 	 -1000.0000 
	 73.1970 	 3.003978e-03 	 162.2311 	  1.0563 	 1.342347e+20 	 1.038968e+18 	 2.962020e-05 	 2.721158e-06 	 -1000.0000 	 -1000.0000 	 -1000.0000 	 -1000.0000 
	 73.3310 	 2.958089e-03 	 162.3282 	  1.0530 	 1.321052e+20 	 1.020010e+18 	 2.874237e-05 	 2.658290e-06 	 -1000.0000 	 -1000.0000 	 -1000.0000 	 -1000.0000 
	 73.4650 	 2.912627e-03 	 162.4257 	  1.0499 	 1.299970e+20 	 1.001412e+18 	 2.790080e-05 	 2.598110e-06 	 -1000.0000 	 -1000.0000 	 -1000.0000 	 -1000.0000 
	 73.5990 	 2.867668e-03 	 162.5225 	  1.0469 	 1.279141e+20 	 9.832047e+17 	 2.710430e-05 	 2.541226e-06 	 -1000.0000 	 -1000.0000 	 -1000.0000 	 -1000.0000 
	 73.7330 	 2.823354e-03 	 162.6176 	  1.0441 	 1.258638e+20 	 9.654011e+17 	 2.635813e-05 	 2.487994e-06 	 -1000.0000 	 -1000.0000 	 -1000.0000 	 -1000.0000 
	 74.1550 	 2.689563e-03 	 162.8921 	  1.0351 	 1.196973e+20 	 9.121286e+17 	 2.439338e-05 	 2.348038e-06 	 -1000.0000 	 -1000.0000 	 -1000.0000 	 -1000.0000 
	 74.2890 	 2.649111e-03 	 162.9659 	  1.0321 	 1.178438e+20 	 8.961448e+17 	 2.389462e-05 	 2.312596e-06 	 -1000.0000 	 -1000.0000 	 -1000.0000 	 -1000.0000 
	 74.4230 	 2.609452e-03 	 163.0298 	  1.0293 	 1.160342e+20 	 8.806264e+17 	 2.344276e-05 	 2.280605e-06 	 -1000.0000 	 -1000.0000 	 -1000.0000 	 -1000.0000 
	 74.5600 	 2.569564e-03 	 163.0822 	  1.0265 	 1.142237e+20 	 8.652508e+17 	 2.301866e-05 	 2.250763e-06 	 -1000.0000 	 -1000.0000 	 -1000.0000 	 -1000.0000 
	 74.6940 	 2.531038e-03 	 163.1188 	  1.0240 	 1.124858e+20 	 8.507000e+17 	 2.263051e-05 	 2.223689e-06 	 -1000.0000 	 -1000.0000 	 -1000.0000 	 -1000.0000 
	 75.0950 	 2.417895e-03 	 163.1304 	  1.0186 	 1.074496e+20 	 8.101130e+17 	 2.152115e-05 	 2.148959e-06 	 -1000.0000 	 -1000.0000 	 -1000.0000 	 -1000.0000 
	 75.2500 	 2.375200e-03 	 163.0991 	  1.0174 	 1.055727e+20 	 7.956347e+17 	 2.106776e-05 	 2.120361e-06 	 -1000.0000 	 -1000.0000 	 -1000.0000 	 -1000.0000 
	 75.3840 	 2.338864e-03 	 163.0579 	  1.0169 	 1.039840e+20 	 7.836711e+17 	 2.064415e-05 	 2.094779e-06 	 -1000.0000 	 -1000.0000 	 -1000.0000 	 -1000.0000 
	 75.5180 	 2.303114e-03 	 163.0048 	  1.0168 	 1.024278e+20 	 7.722173e+17 	 2.018257e-05 	 2.067942e-06 	 -1000.0000 	 -1000.0000 	 -1000.0000 	 -1000.0000 
	 75.6510 	 2.268216e-03 	 162.9417 	  1.0171 	 1.009147e+20 	 7.613054e+17 	 1.969469e-05 	 2.040153e-06 	 -1000.0000 	 -1000.0000 	 -1000.0000 	 -1000.0000 
	 76.1980 	 2.130688e-03 	 162.6043 	  1.0205 	 9.499292e+19 	 7.198999e+17 	 1.764799e-05 	 1.919245e-06 	 -1000.0000 	 -1000.0000 	 -1000.0000 	 -1000.0000 
	 76.3310 	 2.098644e-03 	 162.5081 	  1.0214 	 9.361987e+19 	 7.103635e+17 	 1.720152e-05 	 1.890144e-06 	 -1000.0000 	 -1000.0000 	 -1000.0000 	 -1000.0000 
	 76.4650 	 2.066852e-03 	 162.4038 	  1.0221 	 9.226087e+19 	 7.008475e+17 	 1.678980e-05 	 1.862423e-06 	 -1000.0000 	 -1000.0000 	 -1000.0000 	 -1000.0000 
	 76.6130 	 2.032271e-03 	 162.2784 	  1.0226 	 9.078723e+19 	 6.903758e+17 	 1.638838e-05 	 1.834755e-06 	 -1000.0000 	 -1000.0000 	 -1000.0000 	 -1000.0000 
	 76.7470 	 2.001402e-03 	 162.1537 	  1.0224 	 8.947676e+19 	 6.808675e+17 	 1.608126e-05 	 1.813357e-06 	 -1000.0000 	 -1000.0000 	 -1000.0000 	 -1000.0000 
	 77.1470 	 1.911510e-03 	 161.7213 	  1.0194 	 8.568608e+19 	 6.523222e+17 	 1.550218e-05 	 1.774429e-06 	 -1000.0000 	 -1000.0000 	 -1000.0000 	 -1000.0000 
	 77.2970 	 1.878651e-03 	 161.5476 	  1.0181 	 8.430395e+19 	 6.418666e+17 	 1.539239e-05 	 1.768468e-06 	 -1000.0000 	 -1000.0000 	 -1000.0000 	 -1000.0000 
	 77.4300 	 1.849898e-03 	 161.3941 	  1.0174 	 8.309292e+19 	 6.328703e+17 	 1.533170e-05 	 1.766509e-06 	 -1000.0000 	 -1000.0000 	 -1000.0000 	 -1000.0000 
	 77.5620 	 1.821718e-03 	 161.2454 	  1.0173 	 8.190275e+19 	 6.242667e+17 	 1.529819e-05 	 1.767261e-06 	 -1000.0000 	 -1000.0000 	 -1000.0000 	 -1000.0000 
	 77.6950 	 1.793698e-03 	 161.1004 	  1.0177 	 8.071560e+19 	 6.158744e+17 	 1.528208e-05 	 1.770060e-06 	 -1000.0000 	 -1000.0000 	 -1000.0000 	 -1000.0000 
	 78.1100 	 1.708877e-03 	 160.6839 	  1.0195 	 7.709780e+19 	 5.904512e+17 	 1.523520e-05 	 1.783428e-06 	 -1000.0000 	 -1000.0000 	 -1000.0000 	 -1000.0000 
	 78.2420 	 1.682791e-03 	 160.5646 	  1.0195 	 7.597724e+19 	 5.823004e+17 	 1.518709e-05 	 1.786471e-06 	 -1000.0000 	 -1000.0000 	 -1000.0000 	 -1000.0000 
	 78.3750 	 1.656951e-03 	 160.4510 	  1.0191 	 7.486348e+19 	 5.740246e+17 	 1.511135e-05 	 1.787865e-06 	 -1000.0000 	 -1000.0000 	 -1000.0000 	 -1000.0000 
	 78.5080 	 1.631545e-03 	 160.3436 	  1.0185 	 7.376486e+19 	 5.657452e+17 	 1.500553e-05 	 1.787093e-06 	 -1000.0000 	 -1000.0000 	 -1000.0000 	 -1000.0000 
	 78.6570 	 1.603584e-03 	 160.2305 	  1.0177 	 7.255184e+19 	 5.565401e+17 	 1.484790e-05 	 1.783055e-06 	 -1000.0000 	 -1000.0000 	 -1000.0000 	 -1000.0000 
	 79.1880 	 1.508010e-03 	 159.8768 	  1.0162 	 6.837880e+19 	 5.251486e+17 	 1.395220e-05 	 1.737152e-06 	 -1000.0000 	 -1000.0000 	 -1000.0000 	 -1000.0000 
	 79.3370 	 1.482262e-03 	 159.7849 	  1.0155 	 6.724998e+19 	 5.165991e+17 	 1.365637e-05 	 1.719118e-06 	 -1000.0000 	 -1000.0000 	 -1000.0000 	 -1000.0000 
	 79.4700 	 1.459647e-03 	 159.7025 	  1.0146 	 6.625815e+19 	 5.089557e+17 	 1.340133e-05 	 1.703221e-06 	 -1000.0000 	 -1000.0000 	 -1000.0000 	 -1000.0000 
	 79.6020 	 1.437534e-03 	 159.6189 	  1.0131 	 6.528862e+19 	 5.013203e+17 	 1.316811e-05 	 1.688605e-06 	 -1000.0000 	 -1000.0000 	 -1000.0000 	 -1000.0000 
	 79.7350 	 1.415575e-03 	 159.5305 	  1.0113 	 6.432709e+19 	 4.936317e+17 	 1.295915e-05 	 1.675703e-06 	 -1000.0000 	 -1000.0000 	 -1000.0000 	 -1000.0000 
	 80.1520 	 1.348708e-03 	 159.1942 	  1.0059 	 6.141759e+19 	 4.705614e+17 	 1.251787e-05 	 1.653193e-06 	 -1000.0000 	 -1000.0000 	 -1000.0000 	 -1000.0000 
	 80.2850 	 1.327974e-03 	 159.0588 	  1.0052 	 6.052474e+19 	 4.638335e+17 	 1.245874e-05 	 1.653588e-06 	 -1000.0000 	 -1000.0000 	 -1000.0000 	 -1000.0000 
	 80.4180 	 1.307510e-03 	 158.9095 	  1.0049 	 5.964795e+19 	 4.573662e+17 	 1.243884e-05 	 1.657820e-06 	 -1000.0000 	 -1000.0000 	 -1000.0000 	 -1000.0000 
	 80.5500 	 1.287455e-03 	 158.7509 	  1.0043 	 5.879182e+19 	 4.510333e+17 	 1.245252e-05 	 1.665353e-06 	 -1000.0000 	 -1000.0000 	 -1000.0000 	 -1000.0000 
	 80.7100 	 1.263474e-03 	 158.5494 	  1.0027 	 5.777027e+19 	 4.432256e+17 	 1.250609e-05 	 1.678276e-06 	 -1000.0000 	 -1000.0000 	 -1000.0000 	 -1000.0000 
	 81.1080 	 1.205312e-03 	 158.0361 	  0.9895 	 5.529010e+19 	 4.216587e+17 	 1.275829e-05 	 1.723408e-06 	 -1000.0000 	 -1000.0000 	 -1000.0000 	 -1000.0000 
	 81.2400 	 1.186545e-03 	 157.8662 	  0.9824 	 5.448767e+19 	 4.139139e+17 	 1.286494e-05 	 1.740961e-06 	 -1000.0000 	 -1000.0000 	 -1000.0000 	 -1000.0000 
	 81.3800 	 1.166977e-03 	 157.6864 	  0.9740 	 5.365007e+19 	 4.056111e+17 	 1.298408e-05 	 1.760213e-06 	 -1000.0000 	 -1000.0000 	 -1000.0000 	 -1000.0000 
	 81.5120 	 1.148875e-03 	 157.5174 	  0.9657 	 5.287452e+19 	 3.978379e+17 	 1.309844e-05 	 1.778529e-06 	 -1000.0000 	 -1000.0000 	 -1000.0000 	 -1000.0000 
	 81.6450 	 1.131000e-03 	 157.3474 	  0.9574 	 5.210822e+19 	 3.901923e+17 	 1.321235e-05 	 1.796741e-06 	 -1000.0000 	 -1000.0000 	 -1000.0000 	 -1000.0000 
	 82.1950 	 1.060236e-03 	 156.6072 	  0.9324 	 4.907881e+19 	 3.626067e+17 	 1.364998e-05 	 1.865699e-06 	 -1000.0000 	 -1000.0000 	 -1000.0000 	 -1000.0000 
	 82.3280 	 1.043668e-03 	 156.4088 	  0.9308 	 4.837291e+19 	 3.573493e+17 	 1.374536e-05 	 1.880175e-06 	 -1000.0000 	 -1000.0000 	 -1000.0000 	 -1000.0000 
	 82.4600 	 1.027404e-03 	 156.2052 	  0.9311 	 4.768099e+19 	 3.526620e+17 	 1.383688e-05 	 1.893848e-06 	 -1000.0000 	 -1000.0000 	 -1000.0000 	 -1000.0000 
	 82.5920 	 1.011350e-03 	 155.9993 	  0.9326 	 4.699779e+19 	 3.483546e+17 	 1.392713e-05 	 1.907218e-06 	 -1000.0000 	 -1000.0000 	 -1000.0000 	 -1000.0000 
	 82.7430 	 9.932762e-04 	 155.7664 	  0.9353 	 4.622706e+19 	 3.437022e+17 	 1.403116e-05 	 1.922643e-06 	 -1000.0000 	 -1000.0000 	 -1000.0000 	 -1000.0000 
	 83.1400 	 9.474833e-04 	 155.2065 	  0.9413 	 4.425550e+19 	 3.314464e+17 	 1.432612e-05 	 1.967423e-06 	 -1000.0000 	 -1000.0000 	 -1000.0000 	 -1000.0000 
	 83.2720 	 9.327686e-04 	 155.0382 	  0.9423 	 4.361552e+19 	 3.271848e+17 	 1.443287e-05 	 1.983802e-06 	 -1000.0000 	 -1000.0000 	 -1000.0000 	 -1000.0000 
	 83.4230 	 9.161726e-04 	 154.8522 	  0.9429 	 4.289084e+19 	 3.222046e+17 	 1.455978e-05 	 2.003101e-06 	 -1000.0000 	 -1000.0000 	 -1000.0000 	 -1000.0000 
	 83.5550 	 9.018293e-04 	 154.6930 	  0.9429 	 4.226269e+19 	 3.177682e+17 	 1.467458e-05 	 2.020262e-06 	 -1000.0000 	 -1000.0000 	 -1000.0000 	 -1000.0000 
	 83.6880 	 8.874992e-04 	 154.5334 	  0.9425 	 4.163405e+19 	 3.132332e+17 	 1.479347e-05 	 2.037653e-06 	 -1000.0000 	 -1000.0000 	 -1000.0000 	 -1000.0000 
	 84.1070 	 8.434426e-04 	 154.0137 	  0.9403 	 3.970079e+19 	 2.990939e+17 	 1.517470e-05 	 2.092893e-06 	 -1000.0000 	 -1000.0000 	 -1000.0000 	 -1000.0000 
	 84.2380 	 8.301402e-04 	 153.8394 	  0.9400 	 3.911891e+19 	 2.949266e+17 	 1.529083e-05 	 2.110349e-06 	 -1000.0000 	 -1000.0000 	 -1000.0000 	 -1000.0000 
	 84.3700 	 8.170184e-04 	 153.6552 	  0.9402 	 3.854668e+19 	 2.909368e+17 	 1.540420e-05 	 2.128045e-06 	 -1000.0000 	 -1000.0000 	 -1000.0000 	 -1000.0000 
	 84.5020 	 8.041608e-04 	 153.4636 	  0.9408 	 3.798741e+19 	 2.871358e+17 	 1.551428e-05 	 2.145835e-06 	 -1000.0000 	 -1000.0000 	 -1000.0000 	 -1000.0000 
	 84.6330 	 7.916275e-04 	 153.2680 	  0.9418 	 3.744311e+19 	 2.835083e+17 	 1.562112e-05 	 2.163563e-06 	 -1000.0000 	 -1000.0000 	 -1000.0000 	 -1000.0000 
	 85.1720 	 7.417640e-04 	 152.4434 	  0.9468 	 3.527443e+19 	 2.692363e+17 	 1.605117e-05 	 2.236673e-06 	 -1000.0000 	 -1000.0000 	 -1000.0000 	 -1000.0000 
	 85.3030 	 7.300015e-04 	 152.2457 	  0.9478 	 3.476013e+19 	 2.657851e+17 	 1.615166e-05 	 2.254029e-06 	 -1000.0000 	 -1000.0000 	 -1000.0000 	 -1000.0000 
	 85.4600 	 7.161284e-04 	 152.0129 	  0.9487 	 3.415175e+19 	 2.616288e+17 	 1.626543e-05 	 2.274169e-06 	 -1000.0000 	 -1000.0000 	 -1000.0000 	 -1000.0000 
	 85.5910 	 7.047622e-04 	 151.8231 	  0.9491 	 3.365170e+19 	 2.581351e+17 	 1.635257e-05 	 2.290216e-06 	 -1000.0000 	 -1000.0000 	 -1000.0000 	 -1000.0000 
	 85.7220 	 6.936035e-04 	 151.6386 	  0.9490 	 3.315917e+19 	 2.546120e+17 	 1.643101e-05 	 2.305446e-06 	 -1000.0000 	 -1000.0000 	 -1000.0000 	 -1000.0000 
	 86.1370 	 6.594881e-04 	 151.1185 	  0.9472 	 3.163680e+19 	 2.433318e+17 	 1.663950e-05 	 2.351899e-06 	 -1000.0000 	 -1000.0000 	 -1000.0000 	 -1000.0000 
	 86.2680 	 6.490474e-04 	 150.9851 	  0.9465 	 3.116347e+19 	 2.397657e+17 	 1.670029e-05 	 2.367434e-06 	 -1000.0000 	 -1000.0000 	 -1000.0000 	 -1000.0000 
	 86.4000 	 6.386581e-04 	 150.8703 	  0.9459 	 3.068792e+19 	 2.361863e+17 	 1.676251e-05 	 2.384147e-06 	 -1000.0000 	 -1000.0000 	 -1000.0000 	 -1000.0000 
	 86.5320 	 6.283998e-04 	 150.7741 	  0.9456 	 3.021414e+19 	 2.326367e+17 	 1.682548e-05 	 2.401813e-06 	 -1000.0000 	 -1000.0000 	 -1000.0000 	 -1000.0000 
	 86.6630 	 6.183542e-04 	 150.6943 	  0.9455 	 2.974673e+19 	 2.291620e+17 	 1.688755e-05 	 2.419975e-06 	 -1000.0000 	 -1000.0000 	 -1000.0000 	 -1000.0000 
	 87.2140 	 5.776966e-04 	 150.4504 	  0.9498 	 2.783711e+19 	 2.155245e+17 	 1.711028e-05 	 2.495935e-06 	 -1000.0000 	 -1000.0000 	 -1000.0000 	 -1000.0000 
	 87.3450 	 5.684284e-04 	 150.3542 	  0.9523 	 2.740822e+19 	 2.127051e+17 	 1.713093e-05 	 2.511704e-06 	 -1000.0000 	 -1000.0000 	 -1000.0000 	 -1000.0000 
	 87.5000 	 5.576629e-04 	 150.1639 	  0.9561 	 2.692284e+19 	 2.097303e+17 	 1.711752e-05 	 2.527807e-06 	 -1000.0000 	 -1000.0000 	 -1000.0000 	 -1000.0000 
	 87.6310 	 5.487346e-04 	 149.9119 	  0.9602 	 2.653566e+19 	 2.075898e+17 	 1.706417e-05 	 2.538635e-06 	 -1000.0000 	 -1000.0000 	 -1000.0000 	 -1000.0000 
	 87.7620 	 5.399605e-04 	 149.5586 	  0.9651 	 2.617234e+19 	 2.058363e+17 	 1.696553e-05 	 2.546511e-06 	 -1000.0000 	 -1000.0000 	 -1000.0000 	 -1000.0000 
	 88.1700 	 5.134393e-04 	 148.0723 	  0.9857 	 2.513680e+19 	 2.020694e+17 	 1.646433e-05 	 2.559608e-06 	 -1000.0000 	 -1000.0000 	 -1000.0000 	 -1000.0000 
	 88.3010 	 5.051148e-04 	 147.5807 	  0.9938 	 2.481206e+19 	 2.010819e+17 	 1.628132e-05 	 2.563196e-06 	 -1000.0000 	 -1000.0000 	 -1000.0000 	 -1000.0000 
	 88.4320 	 4.968534e-04 	 147.1335 	  1.0026 	 2.448045e+19 	 2.000464e+17 	 1.610655e-05 	 2.567852e-06 	 -1000.0000 	 -1000.0000 	 -1000.0000 	 -1000.0000 
	 88.5640 	 4.886032e-04 	 146.7427 	  1.0115 	 2.413776e+19 	 1.988650e+17 	 1.594513e-05 	 2.573456e-06 	 -1000.0000 	 -1000.0000 	 -1000.0000 	 -1000.0000 
	 88.6950 	 4.805121e-04 	 146.4220 	  1.0198 	 2.378976e+19 	 1.974691e+17 	 1.580363e-05 	 2.579315e-06 	 -1000.0000 	 -1000.0000 	 -1000.0000 	 -1000.0000 
	 89.1150 	 4.554845e-04 	 145.9299 	  1.0352 	 2.262795e+19 	 1.905090e+17 	 1.552255e-05 	 2.593163e-06 	 -1000.0000 	 -1000.0000 	 -1000.0000 	 -1000.0000 
	 89.2460 	 4.480145e-04 	 145.9395 	  1.0354 	 2.225609e+19 	 1.874771e+17 	 1.549684e-05 	 2.595040e-06 	 -1000.0000 	 -1000.0000 	 -1000.0000 	 -1000.0000 
	 89.3770 	 4.406947e-04 	 145.9904 	  1.0344 	 2.188504e+19 	 1.842395e+17 	 1.549722e-05 	 2.596727e-06 	 -1000.0000 	 -1000.0000 	 -1000.0000 	 -1000.0000 
	 89.5230 	 4.326991e-04 	 146.0627 	  1.0329 	 2.147688e+19 	 1.805872e+17 	 1.552440e-05 	 2.599381e-06 	 -1000.0000 	 -1000.0000 	 -1000.0000 	 -1000.0000 
	 89.6540 	 4.256576e-04 	 146.1116 	  1.0322 	 2.111943e+19 	 1.774485e+17 	 1.556921e-05 	 2.603352e-06 	 -1000.0000 	 -1000.0000 	 -1000.0000 	 -1000.0000 
	 90.2030 	 3.973012e-04 	 145.9874 	  1.0347 	 1.972834e+19 	 1.662249e+17 	 1.593705e-05 	 2.650713e-06 	 -1000.0000 	 -1000.0000 	 -1000.0000 	 -1000.0000 
	 90.3340 	 3.907751e-04 	 145.9514 	  1.0317 	 1.940973e+19 	 1.633459e+17 	 1.607160e-05 	 2.671674e-06 	 -1000.0000 	 -1000.0000 	 -1000.0000 	 -1000.0000 
	 90.4650 	 3.843300e-04 	 145.9431 	  1.0256 	 1.909126e+19 	 1.601324e+17 	 1.622567e-05 	 2.697172e-06 	 -1000.0000 	 -1000.0000 	 -1000.0000 	 -1000.0000 
	 90.5960 	 3.779687e-04 	 145.9609 	  1.0172 	 1.877330e+19 	 1.566765e+17 	 1.639701e-05 	 2.727332e-06 	 -1000.0000 	 -1000.0000 	 -1000.0000 	 -1000.0000 
	 90.7270 	 3.716974e-04 	 145.9973 	  1.0083 	 1.845723e+19 	 1.531511e+17 	 1.658223e-05 	 2.762176e-06 	 -1000.0000 	 -1000.0000 	 -1000.0000 	 -1000.0000 
	 91.1380 	 3.526724e-04 	 146.1487 	  0.9957 	 1.749323e+19 	 1.435385e+17 	 1.721614e-05 	 2.902115e-06 	 -1000.0000 	 -1000.0000 	 -1000.0000 	 -1000.0000 
	 91.2680 	 3.468745e-04 	 146.1882 	  1.0005 	 1.720060e+19 	 1.413710e+17 	 1.742396e-05 	 2.955604e-06 	 -1000.0000 	 -1000.0000 	 -1000.0000 	 -1000.0000 
	 91.3980 	 3.411809e-04 	 146.2213 	  1.0093 	 1.691412e+19 	 1.396070e+17 	 1.763365e-05 	 3.012724e-06 	 -1000.0000 	 -1000.0000 	 -1000.0000 	 -1000.0000 
	 91.5500 	 3.346529e-04 	 146.2517 	  1.0237 	 1.658673e+19 	 1.379890e+17 	 1.788060e-05 	 3.083338e-06 	 -1000.0000 	 -1000.0000 	 -1000.0000 	 -1000.0000 
	 91.6800 	 3.291776e-04 	 146.2706 	  1.0391 	 1.631304e+19 	 1.369278e+17 	 1.809284e-05 	 3.146341e-06 	 -1000.0000 	 -1000.0000 	 -1000.0000 	 -1000.0000 
