	 height_(km) 	 press_(mbar) 	 temp_(K) 	 temperr_(K) 	 numdens_(m-3) 	 numdenserr_(m-3) 	 H2Ovmr_() 	 H2Ovmrerr_() 	 D/H_(VSMOW) 	 D/Herr_(VSMOW) 	 18O/16O_(VSMOW) 	 18O/16Oerr_(VSMOW) 
	 18.4010 	 5.326478e-01 	 180.3678 	  5.7250 	 2.145131e+22 	 9.257677e+20 	 6.030737e-05 	 7.681188e+03 	 -1000.0000 	 -1000.0000 	 -1000.0000 	 -1000.0000 
	 18.5470 	 5.245078e-01 	 180.1265 	  5.9754 	 2.114475e+22 	 9.140761e+20 	 5.899178e-05 	 7.854523e+03 	 -1000.0000 	 -1000.0000 	 -1000.0000 	 -1000.0000 
	 18.6930 	 5.164764e-01 	 179.8904 	  6.2025 	 2.084194e+22 	 9.018719e+20 	 5.785720e-05 	 8.019894e+03 	 -1000.0000 	 -1000.0000 	 -1000.0000 	 -1000.0000 
	 18.8400 	 5.084989e-01 	 179.6576 	  6.4083 	 2.054081e+22 	 8.890899e+20 	 5.680593e-05 	 8.174064e+03 	 -1000.0000 	 -1000.0000 	 -1000.0000 	 -1000.0000 
	 18.9860 	 5.006827e-01 	 179.4311 	  6.5906 	 2.024544e+22 	 8.759274e+20 	 5.579648e-05 	 8.312784e+03 	 -1000.0000 	 -1000.0000 	 -1000.0000 	 -1000.0000 
	 25.2250 	 2.527099e-01 	 171.0916 	  2.8354 	 1.070801e+22 	 2.026419e+20 	 1.307715e-05 	 7.411825e+03 	 -1000.0000 	 -1000.0000 	 -1000.0000 	 -1000.0000 
	 25.3700 	 2.486280e-01 	 170.8580 	  2.6891 	 1.054946e+22 	 1.919573e+20 	 1.252913e-05 	 7.356085e+03 	 -1000.0000 	 -1000.0000 	 -1000.0000 	 -1000.0000 
	 25.5140 	 2.446355e-01 	 170.6210 	  2.5505 	 1.039446e+22 	 1.819083e+20 	 1.200771e-05 	 7.306369e+03 	 -1000.0000 	 -1000.0000 	 -1000.0000 	 -1000.0000 
	 25.6580 	 2.407032e-01 	 170.3789 	  2.4193 	 1.024188e+22 	 1.724417e+20 	 1.150671e-05 	 7.262396e+03 	 -1000.0000 	 -1000.0000 	 -1000.0000 	 -1000.0000 
	 25.8030 	 2.368033e-01 	 170.1296 	  2.2952 	 1.009066e+22 	 1.635204e+20 	 1.102038e-05 	 7.223902e+03 	 -1000.0000 	 -1000.0000 	 -1000.0000 	 -1000.0000 
	 26.9250 	 2.085501e-01 	 167.9960 	  1.6681 	 8.999467e+21 	 1.171496e+20 	 7.616202e-06 	 7.086590e+03 	 -1000.0000 	 -1000.0000 	 -1000.0000 	 -1000.0000 
	 27.0700 	 2.051342e-01 	 167.6934 	  1.6305 	 8.868077e+21 	 1.139110e+20 	 7.200538e-06 	 7.082630e+03 	 -1000.0000 	 -1000.0000 	 -1000.0000 	 -1000.0000 
	 27.2140 	 2.017921e-01 	 167.3874 	  1.6012 	 8.739596e+21 	 1.111623e+20 	 6.792322e-06 	 7.080228e+03 	 -1000.0000 	 -1000.0000 	 -1000.0000 	 -1000.0000 
	 27.3580 	 1.984994e-01 	 167.0760 	  1.5790 	 8.613053e+21 	 1.088226e+20 	 6.390713e-06 	 7.078972e+03 	 -1000.0000 	 -1000.0000 	 -1000.0000 	 -1000.0000 
	 27.5030 	 1.952327e-01 	 166.7574 	  1.5633 	 8.487529e+21 	 1.068222e+20 	 5.995938e-06 	 7.078588e+03 	 -1000.0000 	 -1000.0000 	 -1000.0000 	 -1000.0000 
	 28.6290 	 1.714389e-01 	 164.1354 	  1.5842 	 7.571158e+21 	 9.735240e+19 	 3.549241e-06 	 7.097482e+03 	 -1000.0000 	 -1000.0000 	 -1000.0000 	 -1000.0000 
	 28.7730 	 1.685869e-01 	 163.7880 	  1.5971 	 7.460717e+21 	 9.640658e+19 	 3.331491e-06 	 7.101892e+03 	 -1000.0000 	 -1000.0000 	 -1000.0000 	 -1000.0000 
	 28.9170 	 1.657765e-01 	 163.4402 	  1.6112 	 7.351678e+21 	 9.547966e+19 	 3.134381e-06 	 7.106167e+03 	 -1000.0000 	 -1000.0000 	 -1000.0000 	 -1000.0000 
	 29.0600 	 1.630263e-01 	 163.0953 	  1.6259 	 7.244745e+21 	 9.457133e+19 	 3.151921e-06 	 6.532623e-07 	 -1000.0000 	 -1000.0000 	 -1000.0000 	 -1000.0000 
	 29.2040 	 1.602975e-01 	 162.7493 	  1.6412 	 7.138388e+21 	 9.366233e+19 	 2.988593e-06 	 6.214290e-07 	 -1000.0000 	 -1000.0000 	 -1000.0000 	 -1000.0000 
	 32.0120 	 1.145609e-01 	 157.3888 	  1.5766 	 5.277184e+21 	 6.779310e+19 	 1.771870e-06 	 2.694730e-07 	 -1000.0000 	 -1000.0000 	 -1000.0000 	 -1000.0000 
	 32.1560 	 1.125681e-01 	 157.2325 	  1.5388 	 5.190570e+21 	 6.576133e+19 	 1.746535e-06 	 2.559608e-07 	 -1000.0000 	 -1000.0000 	 -1000.0000 	 -1000.0000 
	 32.2990 	 1.106216e-01 	 157.0885 	  1.4998 	 5.105476e+21 	 6.372982e+19 	 1.722309e-06 	 2.428508e-07 	 -1000.0000 	 -1000.0000 	 -1000.0000 	 -1000.0000 
	 32.4430 	 1.086940e-01 	 156.9542 	  1.4596 	 5.020764e+21 	 6.169076e+19 	 1.699037e-06 	 2.300624e-07 	 -1000.0000 	 -1000.0000 	 -1000.0000 	 -1000.0000 
	 32.5860 	 1.068122e-01 	 156.8306 	  1.4197 	 4.937662e+21 	 5.969286e+19 	 1.677228e-06 	 2.178747e-07 	 -1000.0000 	 -1000.0000 	 -1000.0000 	 -1000.0000 
	 33.7060 	 9.318050e-02 	 156.1052 	  1.1820 	 4.327345e+21 	 4.705894e+19 	 1.565921e-06 	 1.500522e-07 	 -1000.0000 	 -1000.0000 	 -1000.0000 	 -1000.0000 
	 33.8490 	 9.157525e-02 	 156.0265 	  1.1656 	 4.254989e+21 	 4.593520e+19 	 1.556610e-06 	 1.450945e-07 	 -1000.0000 	 -1000.0000 	 -1000.0000 	 -1000.0000 
	 33.9920 	 8.999786e-02 	 155.9457 	  1.1518 	 4.183901e+21 	 4.490109e+19 	 1.546529e-06 	 1.407085e-07 	 -1000.0000 	 -1000.0000 	 -1000.0000 	 -1000.0000 
	 34.1350 	 8.844738e-02 	 155.8609 	  1.1404 	 4.114076e+21 	 4.394652e+19 	 1.535002e-06 	 1.367880e-07 	 -1000.0000 	 -1000.0000 	 -1000.0000 	 -1000.0000 
	 34.2780 	 8.692285e-02 	 155.7704 	  1.1310 	 4.045510e+21 	 4.306142e+19 	 1.521352e-06 	 1.332271e-07 	 -1000.0000 	 -1000.0000 	 -1000.0000 	 -1000.0000 
	 35.3990 	 7.576876e-02 	 154.6779 	  1.0971 	 3.551014e+21 	 3.745871e+19 	 1.273041e-06 	 1.066764e-07 	 -1000.0000 	 -1000.0000 	 -1000.0000 	 -1000.0000 
	 35.5420 	 7.443894e-02 	 154.4741 	  1.0955 	 3.493285e+21 	 3.683349e+19 	 1.221448e-06 	 1.027659e-07 	 -1000.0000 	 -1000.0000 	 -1000.0000 	 -1000.0000 
	 35.6840 	 7.313857e-02 	 154.2562 	  1.0943 	 3.437112e+21 	 3.623001e+19 	 1.167206e-06 	 9.880817e-08 	 -1000.0000 	 -1000.0000 	 -1000.0000 	 -1000.0000 
	 35.8270 	 7.184922e-02 	 154.0210 	  1.0936 	 3.381688e+21 	 3.564024e+19 	 1.110148e-06 	 9.477682e-08 	 -1000.0000 	 -1000.0000 	 -1000.0000 	 -1000.0000 
	 35.9700 	 7.058001e-02 	 153.7696 	  1.0934 	 3.327397e+21 	 3.506893e+19 	 1.051247e-06 	 9.072905e-08 	 -1000.0000 	 -1000.0000 	 -1000.0000 	 -1000.0000 
	 37.0890 	 6.132879e-02 	 151.2334 	  1.1091 	 2.939793e+21 	 3.127427e+19 	 5.919276e-07 	 6.160317e-08 	 -1000.0000 	 -1000.0000 	 -1000.0000 	 -1000.0000 
	 37.2320 	 6.023012e-02 	 150.8376 	  1.1130 	 2.894692e+21 	 3.087119e+19 	 5.397198e-07 	 5.843782e-08 	 -1000.0000 	 -1000.0000 	 -1000.0000 	 -1000.0000 
	 37.3740 	 5.915667e-02 	 150.4297 	  1.1173 	 2.850804e+21 	 3.048565e+19 	 4.901743e-07 	 5.542499e-08 	 -1000.0000 	 -1000.0000 	 -1000.0000 	 -1000.0000 
	 37.5170 	 5.809294e-02 	 150.0041 	  1.1218 	 2.807478e+21 	 3.011089e+19 	 4.428054e-07 	 5.252014e-08 	 -1000.0000 	 -1000.0000 	 -1000.0000 	 -1000.0000 
	 37.6600 	 5.704613e-02 	 149.5643 	  1.1267 	 2.764996e+21 	 2.974835e+19 	 3.981837e-07 	 4.974285e-08 	 -1000.0000 	 -1000.0000 	 -1000.0000 	 -1000.0000 
	 38.7730 	 4.943332e-02 	 145.6952 	  1.1694 	 2.459704e+21 	 2.721391e+19 	 1.648832e-07 	 3.226030e-08 	 -1000.0000 	 -1000.0000 	 -1000.0000 	 -1000.0000 
	 38.9150 	 4.852537e-02 	 145.1496 	  1.1757 	 2.423610e+21 	 2.692448e+19 	 1.494833e-07 	 3.053302e-08 	 -1000.0000 	 -1000.0000 	 -1000.0000 	 -1000.0000 
	 39.0570 	 4.763087e-02 	 144.5933 	  1.1824 	 2.388096e+21 	 2.664599e+19 	 1.365386e-07 	 2.891567e-08 	 -1000.0000 	 -1000.0000 	 -1000.0000 	 -1000.0000 
	 39.1990 	 4.674954e-02 	 144.0263 	  1.1897 	 2.353141e+21 	 2.637973e+19 	 1.257452e-07 	 2.740715e-08 	 -1000.0000 	 -1000.0000 	 -1000.0000 	 -1000.0000 
	 39.3410 	 4.588115e-02 	 143.4491 	  1.1975 	 2.318727e+21 	 2.612699e+19 	 1.167995e-07 	 2.600638e-08 	 -1000.0000 	 -1000.0000 	 -1000.0000 	 -1000.0000 
	 40.4660 	 3.943025e-02 	 138.5601 	  1.2897 	 2.062857e+21 	 2.473435e+19 	 7.794633e-08 	 1.856027e-08 	 -1000.0000 	 -1000.0000 	 -1000.0000 	 -1000.0000 
	 40.6080 	 3.866778e-02 	 137.9224 	  1.3059 	 2.032299e+21 	 2.463641e+19 	 7.455184e-08 	 1.803954e-08 	 -1000.0000 	 -1000.0000 	 -1000.0000 	 -1000.0000 
	 40.7500 	 3.791674e-02 	 137.2882 	  1.3230 	 2.002024e+21 	 2.455169e+19 	 7.139950e-08 	 1.759719e-08 	 -1000.0000 	 -1000.0000 	 -1000.0000 	 -1000.0000 
	 40.8910 	 3.718225e-02 	 136.6647 	  1.3410 	 1.972205e+21 	 2.447903e+19 	 6.851855e-08 	 1.723035e-08 	 -1000.0000 	 -1000.0000 	 -1000.0000 	 -1000.0000 
	 41.0330 	 3.645387e-02 	 136.0456 	  1.3601 	 1.942387e+21 	 2.441577e+19 	 6.587781e-08 	 1.692863e-08 	 -1000.0000 	 -1000.0000 	 -1000.0000 	 -1000.0000 
	 42.1500 	 3.111699e-02 	 131.7900 	  1.5433 	 1.711586e+21 	 2.407683e+19 	 5.505893e-08 	 1.634133e-08 	 -1000.0000 	 -1000.0000 	 -1000.0000 	 -1000.0000 
	 42.2910 	 3.049254e-02 	 131.3592 	  1.5699 	 1.682703e+21 	 2.403051e+19 	 5.484255e-08 	 1.642960e-08 	 -1000.0000 	 -1000.0000 	 -1000.0000 	 -1000.0000 
	 42.4320 	 2.987909e-02 	 130.9562 	  1.5969 	 1.653894e+21 	 2.397817e+19 	 5.480090e-08 	 1.654320e-08 	 -1000.0000 	 -1000.0000 	 -1000.0000 	 -1000.0000 
	 42.5730 	 2.927664e-02 	 130.5819 	  1.6242 	 1.625169e+21 	 2.391823e+19 	 5.490411e-08 	 1.667902e-08 	 -1000.0000 	 -1000.0000 	 -1000.0000 	 -1000.0000 
	 42.7150 	 2.868100e-02 	 130.2350 	  1.6520 	 1.596335e+21 	 2.384859e+19 	 5.512417e-08 	 1.683514e-08 	 -1000.0000 	 -1000.0000 	 -1000.0000 	 -1000.0000 
	 43.8400 	 2.435367e-02 	 128.6598 	  1.8675 	 1.372562e+21 	 2.279366e+19 	 5.785350e-08 	 1.844524e-08 	 -1000.0000 	 -1000.0000 	 -1000.0000 	 -1000.0000 
	 43.9810 	 2.385935e-02 	 128.6169 	  1.8924 	 1.345261e+21 	 2.258710e+19 	 5.825004e-08 	 1.869790e-08 	 -1000.0000 	 -1000.0000 	 -1000.0000 	 -1000.0000 
	 44.1220 	 2.337529e-02 	 128.6085 	  1.9165 	 1.318162e+21 	 2.236441e+19 	 5.873442e-08 	 1.897499e-08 	 -1000.0000 	 -1000.0000 	 -1000.0000 	 -1000.0000 
	 44.2630 	 2.290135e-02 	 128.6345 	  1.9397 	 1.291277e+21 	 2.212597e+19 	 5.933691e-08 	 1.928143e-08 	 -1000.0000 	 -1000.0000 	 -1000.0000 	 -1000.0000 
	 44.4050 	 2.243412e-02 	 128.6953 	  1.9620 	 1.264428e+21 	 2.187029e+19 	 6.009371e-08 	 1.962473e-08 	 -1000.0000 	 -1000.0000 	 -1000.0000 	 -1000.0000 
	 47.1770 	 1.512097e-02 	 136.6529 	  2.0497 	 8.021271e+20 	 1.431535e+19 	 1.495782e-07 	 4.059384e-08 	 -1000.0000 	 -1000.0000 	 -1000.0000 	 -1000.0000 
	 47.3170 	 1.483211e-02 	 137.3798 	  2.0316 	 7.826512e+20 	 1.384593e+19 	 1.602548e-07 	 4.279042e-08 	 -1000.0000 	 -1000.0000 	 -1000.0000 	 -1000.0000 
	 47.4570 	 1.455006e-02 	 138.1331 	  2.0118 	 7.635924e+20 	 1.337783e+19 	 1.718135e-07 	 4.515804e-08 	 -1000.0000 	 -1000.0000 	 -1000.0000 	 -1000.0000 
	 47.5980 	 1.427276e-02 	 138.9172 	  1.9905 	 7.448210e+20 	 1.291001e+19 	 1.843962e-07 	 4.772746e-08 	 -1000.0000 	 -1000.0000 	 -1000.0000 	 -1000.0000 
	 47.7380 	 1.400403e-02 	 139.7199 	  1.9681 	 7.266050e+20 	 1.245138e+19 	 1.978744e-07 	 5.047420e-08 	 -1000.0000 	 -1000.0000 	 -1000.0000 	 -1000.0000 
	 48.8500 	 1.208959e-02 	 146.8073 	  1.7746 	 5.970157e+20 	 9.260553e+18 	 3.492036e-07 	 8.065696e-08 	 -1000.0000 	 -1000.0000 	 -1000.0000 	 -1000.0000 
	 48.9900 	 1.187433e-02 	 147.7693 	  1.7503 	 5.825742e+20 	 8.930758e+18 	 3.777138e-07 	 8.572816e-08 	 -1000.0000 	 -1000.0000 	 -1000.0000 	 -1000.0000 
	 49.1300 	 1.166433e-02 	 148.7418 	  1.7262 	 5.685327e+20 	 8.615973e+18 	 4.099685e-07 	 9.114255e-08 	 -1000.0000 	 -1000.0000 	 -1000.0000 	 -1000.0000 
	 49.2700 	 1.145944e-02 	 149.7233 	  1.7023 	 5.548843e+20 	 8.315505e+18 	 4.465219e-07 	 9.691874e-08 	 -1000.0000 	 -1000.0000 	 -1000.0000 	 -1000.0000 
	 49.4100 	 1.125950e-02 	 150.7121 	  1.6786 	 5.416222e+20 	 8.028666e+18 	 4.879283e-07 	 1.030753e-07 	 -1000.0000 	 -1000.0000 	 -1000.0000 	 -1000.0000 
	 50.5300 	 9.819894e-03 	 158.6891 	  1.4992 	 4.486164e+20 	 6.144965e+18 	 1.044901e-06 	 1.673774e-07 	 -1000.0000 	 -1000.0000 	 -1000.0000 	 -1000.0000 
	 50.6700 	 9.657875e-03 	 159.6618 	  1.4785 	 4.385308e+20 	 5.953411e+18 	 1.137485e-06 	 1.768069e-07 	 -1000.0000 	 -1000.0000 	 -1000.0000 	 -1000.0000 
	 50.8100 	 9.499452e-03 	 160.6195 	  1.4584 	 4.287676e+20 	 5.770659e+18 	 1.230705e-06 	 1.862500e-07 	 -1000.0000 	 -1000.0000 	 -1000.0000 	 -1000.0000 
	 50.9500 	 9.344513e-03 	 161.5593 	  1.4390 	 4.193211e+20 	 5.596480e+18 	 1.322947e-06 	 1.956023e-07 	 -1000.0000 	 -1000.0000 	 -1000.0000 	 -1000.0000 
	 51.0900 	 9.192947e-03 	 162.4781 	  1.4202 	 4.101853e+20 	 5.430646e+18 	 1.412595e-06 	 2.047598e-07 	 -1000.0000 	 -1000.0000 	 -1000.0000 	 -1000.0000 
	 52.2030 	 8.095044e-03 	 168.6775 	  1.3005 	 3.479190e+20 	 4.381473e+18 	 1.859923e-06 	 2.593170e-07 	 -1000.0000 	 -1000.0000 	 -1000.0000 	 -1000.0000 
	 52.3430 	 7.968910e-03 	 169.2731 	  1.2892 	 3.412987e+20 	 4.279328e+18 	 1.874138e-06 	 2.632109e-07 	 -1000.0000 	 -1000.0000 	 -1000.0000 	 -1000.0000 
	 52.4830 	 7.845153e-03 	 169.8174 	  1.2786 	 3.349275e+20 	 4.182788e+18 	 1.880743e-06 	 2.665037e-07 	 -1000.0000 	 -1000.0000 	 -1000.0000 	 -1000.0000 
	 52.6220 	 7.724544e-03 	 170.3040 	  1.2686 	 3.288416e+20 	 4.092154e+18 	 1.880610e-06 	 2.692142e-07 	 -1000.0000 	 -1000.0000 	 -1000.0000 	 -1000.0000 
	 52.7620 	 7.605264e-03 	 170.7369 	  1.2590 	 3.229469e+20 	 4.005793e+18 	 1.874579e-06 	 2.714177e-07 	 -1000.0000 	 -1000.0000 	 -1000.0000 	 -1000.0000 
	 53.8770 	 6.724032e-03 	 171.8474 	  1.1924 	 2.835682e+20 	 3.455772e+18 	 1.711894e-06 	 2.744036e-07 	 -1000.0000 	 -1000.0000 	 -1000.0000 	 -1000.0000 
	 54.0160 	 6.621776e-03 	 171.7152 	  1.1848 	 2.794517e+20 	 3.400159e+18 	 1.686414e-06 	 2.734818e-07 	 -1000.0000 	 -1000.0000 	 -1000.0000 	 -1000.0000 
	 54.1550 	 6.521069e-03 	 171.5437 	  1.1774 	 2.754651e+20 	 3.346656e+18 	 1.660958e-06 	 2.723840e-07 	 -1000.0000 	 -1000.0000 	 -1000.0000 	 -1000.0000 
	 54.2940 	 6.421878e-03 	 171.3403 	  1.1702 	 2.715936e+20 	 3.295049e+18 	 1.635806e-06 	 2.711429e-07 	 -1000.0000 	 -1000.0000 	 -1000.0000 	 -1000.0000 
	 54.4330 	 6.324167e-03 	 171.1126 	  1.1632 	 2.678224e+20 	 3.245125e+18 	 1.611242e-06 	 2.697915e-07 	 -1000.0000 	 -1000.0000 	 -1000.0000 	 -1000.0000 
	 55.5400 	 5.594848e-03 	 169.2286 	  1.1180 	 2.397591e+20 	 2.884422e+18 	 1.466729e-06 	 2.588470e-07 	 -1000.0000 	 -1000.0000 	 -1000.0000 	 -1000.0000 
	 55.6790 	 5.508934e-03 	 169.0168 	  1.1140 	 2.363878e+20 	 2.842504e+18 	 1.456318e-06 	 2.578229e-07 	 -1000.0000 	 -1000.0000 	 -1000.0000 	 -1000.0000 
	 55.8180 	 5.424188e-03 	 168.7989 	  1.1105 	 2.330597e+20 	 2.801525e+18 	 1.447223e-06 	 2.569320e-07 	 -1000.0000 	 -1000.0000 	 -1000.0000 	 -1000.0000 
	 55.9570 	 5.340582e-03 	 168.5699 	  1.1074 	 2.297802e+20 	 2.761582e+18 	 1.439264e-06 	 2.561885e-07 	 -1000.0000 	 -1000.0000 	 -1000.0000 	 -1000.0000 
	 56.0950 	 5.258677e-03 	 168.3266 	  1.1050 	 2.265776e+20 	 2.723045e+18 	 1.432306e-06 	 2.556102e-07 	 -1000.0000 	 -1000.0000 	 -1000.0000 	 -1000.0000 
	 57.2140 	 4.631706e-03 	 165.1985 	  1.1074 	 2.031560e+20 	 2.461851e+18 	 1.389788e-06 	 2.582657e-07 	 -1000.0000 	 -1000.0000 	 -1000.0000 	 -1000.0000 
	 57.3520 	 4.558654e-03 	 164.6382 	  1.1101 	 2.006077e+20 	 2.436094e+18 	 1.384656e-06 	 2.594750e-07 	 -1000.0000 	 -1000.0000 	 -1000.0000 	 -1000.0000 
	 57.4900 	 4.486497e-03 	 164.0433 	  1.1130 	 1.981267e+20 	 2.411463e+18 	 1.379471e-06 	 2.608143e-07 	 -1000.0000 	 -1000.0000 	 -1000.0000 	 -1000.0000 
	 57.6290 	 4.414711e-03 	 163.4112 	  1.1161 	 1.956921e+20 	 2.387677e+18 	 1.374197e-06 	 2.622705e-07 	 -1000.0000 	 -1000.0000 	 -1000.0000 	 -1000.0000 
	 57.7670 	 4.344317e-03 	 162.7531 	  1.1193 	 1.933359e+20 	 2.364962e+18 	 1.368910e-06 	 2.637987e-07 	 -1000.0000 	 -1000.0000 	 -1000.0000 	 -1000.0000 
	 60.4970 	 3.115503e-03 	 146.4899 	  1.0476 	 1.541851e+20 	 1.932514e+18 	 1.255250e-06 	 2.758978e-07 	 -1000.0000 	 -1000.0000 	 -1000.0000 	 -1000.0000 
	 60.6350 	 3.060931e-03 	 145.6613 	  1.0326 	 1.523437e+20 	 1.904901e+18 	 1.249530e-06 	 2.743467e-07 	 -1000.0000 	 -1000.0000 	 -1000.0000 	 -1000.0000 
	 60.7730 	 3.007042e-03 	 144.8491 	  1.0174 	 1.504977e+20 	 1.876921e+18 	 1.244042e-06 	 2.726982e-07 	 -1000.0000 	 -1000.0000 	 -1000.0000 	 -1000.0000 
	 60.9110 	 2.953833e-03 	 144.0560 	  1.0021 	 1.486454e+20 	 1.848729e+18 	 1.238846e-06 	 2.710043e-07 	 -1000.0000 	 -1000.0000 	 -1000.0000 	 -1000.0000 
	 61.0490 	 2.901303e-03 	 143.2847 	  0.9871 	 1.467853e+20 	 1.820480e+18 	 1.234004e-06 	 2.693165e-07 	 -1000.0000 	 -1000.0000 	 -1000.0000 	 -1000.0000 
	 62.1670 	 2.500562e-03 	 138.1211 	  0.9096 	 1.312630e+20 	 1.607397e+18 	 1.214475e-06 	 2.617527e-07 	 -1000.0000 	 -1000.0000 	 -1000.0000 	 -1000.0000 
	 62.3050 	 2.454138e-03 	 137.6168 	  0.9071 	 1.293025e+20 	 1.584143e+18 	 1.214676e-06 	 2.618890e-07 	 -1000.0000 	 -1000.0000 	 -1000.0000 	 -1000.0000 
	 62.4430 	 2.408380e-03 	 137.1310 	  0.9056 	 1.273438e+20 	 1.561483e+18 	 1.215306e-06 	 2.622116e-07 	 -1000.0000 	 -1000.0000 	 -1000.0000 	 -1000.0000 
	 62.5810 	 2.363285e-03 	 136.6600 	  0.9052 	 1.253910e+20 	 1.539368e+18 	 1.216306e-06 	 2.626962e-07 	 -1000.0000 	 -1000.0000 	 -1000.0000 	 -1000.0000 
	 62.7190 	 2.318853e-03 	 136.1997 	  0.9054 	 1.234484e+20 	 1.517748e+18 	 1.217617e-06 	 2.633183e-07 	 -1000.0000 	 -1000.0000 	 -1000.0000 	 -1000.0000 
	 63.8240 	 1.986803e-03 	 132.4566 	  0.9145 	 1.087220e+20 	 1.356955e+18 	 1.232770e-06 	 2.705165e-07 	 -1000.0000 	 -1000.0000 	 -1000.0000 	 -1000.0000 
	 63.9610 	 1.948521e-03 	 131.9607 	  0.9152 	 1.070256e+20 	 1.338146e+18 	 1.234804e-06 	 2.714981e-07 	 -1000.0000 	 -1000.0000 	 -1000.0000 	 -1000.0000 
	 64.0980 	 1.910854e-03 	 131.4608 	  0.9159 	 1.053548e+20 	 1.319581e+18 	 1.236892e-06 	 2.725025e-07 	 -1000.0000 	 -1000.0000 	 -1000.0000 	 -1000.0000 
	 64.2350 	 1.873796e-03 	 130.9585 	  0.9166 	 1.037081e+20 	 1.301265e+18 	 1.239048e-06 	 2.735344e-07 	 -1000.0000 	 -1000.0000 	 -1000.0000 	 -1000.0000 
	 64.3720 	 1.837339e-03 	 130.4556 	  0.9175 	 1.020838e+20 	 1.283202e+18 	 1.241287e-06 	 2.745984e-07 	 -1000.0000 	 -1000.0000 	 -1000.0000 	 -1000.0000 
	 65.4840 	 1.562770e-03 	 126.5365 	  0.9346 	 8.954362e+19 	 1.146658e+18 	 1.264256e-06 	 2.849855e-07 	 -1000.0000 	 -1000.0000 	 -1000.0000 	 -1000.0000 
	 65.6210 	 1.531456e-03 	 126.0848 	  0.9386 	 8.806547e+19 	 1.131174e+18 	 1.267751e-06 	 2.865390e-07 	 -1000.0000 	 -1000.0000 	 -1000.0000 	 -1000.0000 
	 65.7580 	 1.500668e-03 	 125.6387 	  0.9432 	 8.660223e+19 	 1.116009e+18 	 1.271370e-06 	 2.881618e-07 	 -1000.0000 	 -1000.0000 	 -1000.0000 	 -1000.0000 
	 65.8950 	 1.470396e-03 	 125.1976 	  0.9483 	 8.515422e+19 	 1.101170e+18 	 1.275102e-06 	 2.898567e-07 	 -1000.0000 	 -1000.0000 	 -1000.0000 	 -1000.0000 
	 66.0320 	 1.440632e-03 	 124.7611 	  0.9539 	 8.372177e+19 	 1.086667e+18 	 1.278937e-06 	 2.916260e-07 	 -1000.0000 	 -1000.0000 	 -1000.0000 	 -1000.0000 
	 67.1380 	 1.218016e-03 	 121.3433 	  1.0216 	 7.275834e+19 	 9.823102e+17 	 1.312290e-06 	 3.088744e-07 	 -1000.0000 	 -1000.0000 	 -1000.0000 	 -1000.0000 
	 67.2740 	 1.192726e-03 	 120.9454 	  1.0321 	 7.148060e+19 	 9.707237e+17 	 1.316388e-06 	 3.113346e-07 	 -1000.0000 	 -1000.0000 	 -1000.0000 	 -1000.0000 
	 67.4110 	 1.167701e-03 	 120.5561 	  1.0430 	 7.020621e+19 	 9.591486e+17 	 1.320414e-06 	 3.138667e-07 	 -1000.0000 	 -1000.0000 	 -1000.0000 	 -1000.0000 
	 67.5470 	 1.143305e-03 	 120.1835 	  1.0539 	 6.895277e+19 	 9.476922e+17 	 1.324276e-06 	 3.164263e-07 	 -1000.0000 	 -1000.0000 	 -1000.0000 	 -1000.0000 
	 67.6840 	 1.119176e-03 	 119.8245 	  1.0649 	 6.770082e+19 	 9.361235e+17 	 1.327998e-06 	 3.190434e-07 	 -1000.0000 	 -1000.0000 	 -1000.0000 	 -1000.0000 
	 68.7980 	 9.393245e-04 	 117.7989 	  1.1418 	 5.780449e+19 	 8.338024e+17 	 1.348080e-06 	 3.408392e-07 	 -1000.0000 	 -1000.0000 	 -1000.0000 	 -1000.0000 
	 68.9340 	 9.193191e-04 	 117.6841 	  1.1488 	 5.662688e+19 	 8.199267e+17 	 1.349062e-06 	 3.434776e-07 	 -1000.0000 	 -1000.0000 	 -1000.0000 	 -1000.0000 
	 69.0710 	 8.995846e-04 	 117.5995 	  1.1554 	 5.544934e+19 	 8.057073e+17 	 1.349747e-06 	 3.461197e-07 	 -1000.0000 	 -1000.0000 	 -1000.0000 	 -1000.0000 
	 69.2070 	 8.804053e-04 	 117.5467 	  1.1614 	 5.428990e+19 	 7.913825e+17 	 1.350139e-06 	 3.487243e-07 	 -1000.0000 	 -1000.0000 	 -1000.0000 	 -1000.0000 
	 69.3440 	 8.614958e-04 	 117.5252 	  1.1669 	 5.313236e+19 	 7.767727e+17 	 1.350256e-06 	 3.513275e-07 	 -1000.0000 	 -1000.0000 	 -1000.0000 	 -1000.0000 
	 70.4450 	 7.240261e-04 	 118.4984 	  1.1962 	 4.431572e+19 	 6.567200e+17 	 1.343176e-06 	 3.713937e-07 	 -1000.0000 	 -1000.0000 	 -1000.0000 	 -1000.0000 
	 70.5800 	 7.088591e-04 	 118.7253 	  1.1984 	 4.330938e+19 	 6.422443e+17 	 1.342077e-06 	 3.738928e-07 	 -1000.0000 	 -1000.0000 	 -1000.0000 	 -1000.0000 
	 70.7160 	 6.939257e-04 	 118.9612 	  1.2004 	 4.231611e+19 	 6.278667e+17 	 1.341228e-06 	 3.764954e-07 	 -1000.0000 	 -1000.0000 	 -1000.0000 	 -1000.0000 
	 70.8520 	 6.793309e-04 	 119.1988 	  1.2023 	 4.134469e+19 	 6.137426e+17 	 1.340739e-06 	 3.792101e-07 	 -1000.0000 	 -1000.0000 	 -1000.0000 	 -1000.0000 
	 70.9870 	 6.651696e-04 	 119.4307 	  1.2042 	 4.040326e+19 	 6.000197e+17 	 1.340713e-06 	 3.820418e-07 	 -1000.0000 	 -1000.0000 	 -1000.0000 	 -1000.0000 
	 72.1050 	 5.592607e-04 	 120.5240 	  1.2247 	 3.362237e+19 	 5.032828e+17 	 1.370198e-06 	 4.138912e-07 	 -1000.0000 	 -1000.0000 	 -1000.0000 	 -1000.0000 
	 72.2400 	 5.477138e-04 	 120.5202 	  1.2283 	 3.292724e+19 	 4.938661e+17 	 1.377834e-06 	 4.189140e-07 	 -1000.0000 	 -1000.0000 	 -1000.0000 	 -1000.0000 
	 72.3760 	 5.363247e-04 	 120.4921 	  1.2323 	 3.224946e+19 	 4.847915e+17 	 1.386238e-06 	 4.242023e-07 	 -1000.0000 	 -1000.0000 	 -1000.0000 	 -1000.0000 
	 72.5120 	 5.251721e-04 	 120.4425 	  1.2366 	 3.159256e+19 	 4.760953e+17 	 1.395279e-06 	 4.297060e-07 	 -1000.0000 	 -1000.0000 	 -1000.0000 	 -1000.0000 
	 72.6470 	 5.143274e-04 	 120.3748 	  1.2413 	 3.095944e+19 	 4.678023e+17 	 1.404807e-06 	 4.353686e-07 	 -1000.0000 	 -1000.0000 	 -1000.0000 	 -1000.0000 
	 73.7480 	 4.333632e-04 	 119.4707 	  1.2920 	 2.629894e+19 	 4.085244e+17 	 1.494145e-06 	 4.873704e-07 	 -1000.0000 	 -1000.0000 	 -1000.0000 	 -1000.0000 
	 73.8830 	 4.242795e-04 	 119.3571 	  1.2992 	 2.577191e+19 	 4.018349e+17 	 1.505836e-06 	 4.943523e-07 	 -1000.0000 	 -1000.0000 	 -1000.0000 	 -1000.0000 
	 74.0190 	 4.153105e-04 	 119.2507 	  1.3063 	 2.524918e+19 	 3.951477e+17 	 1.517744e-06 	 5.015213e-07 	 -1000.0000 	 -1000.0000 	 -1000.0000 	 -1000.0000 
	 74.1540 	 4.065875e-04 	 119.1554 	  1.3132 	 2.473814e+19 	 3.885405e+17 	 1.529693e-06 	 5.087746e-07 	 -1000.0000 	 -1000.0000 	 -1000.0000 	 -1000.0000 
	 74.2890 	 3.980436e-04 	 119.0730 	  1.3197 	 2.423464e+19 	 3.819437e+17 	 1.541771e-06 	 5.161670e-07 	 -1000.0000 	 -1000.0000 	 -1000.0000 	 -1000.0000 
	 75.3920 	 3.348789e-04 	 119.1803 	  1.3460 	 2.036881e+19 	 3.261286e+17 	 1.645540e-06 	 5.821988e-07 	 -1000.0000 	 -1000.0000 	 -1000.0000 	 -1000.0000 
	 75.5270 	 3.279350e-04 	 119.3146 	  1.3454 	 1.992363e+19 	 3.189899e+17 	 1.659041e-06 	 5.910905e-07 	 -1000.0000 	 -1000.0000 	 -1000.0000 	 -1000.0000 
	 75.6610 	 3.212018e-04 	 119.4764 	  1.3443 	 1.948778e+19 	 3.118820e+17 	 1.672696e-06 	 6.001366e-07 	 -1000.0000 	 -1000.0000 	 -1000.0000 	 -1000.0000 
	 75.7960 	 3.145752e-04 	 119.6685 	  1.3426 	 1.905480e+19 	 3.047173e+17 	 1.686735e-06 	 6.094874e-07 	 -1000.0000 	 -1000.0000 	 -1000.0000 	 -1000.0000 
	 75.9310 	 3.081024e-04 	 119.8902 	  1.3405 	 1.862800e+19 	 2.975670e+17 	 1.701087e-06 	 6.190915e-07 	 -1000.0000 	 -1000.0000 	 -1000.0000 	 -1000.0000 
	 77.0350 	 2.604918e-04 	 122.8460 	  1.3179 	 1.537678e+19 	 2.418777e+17 	 1.833335e-06 	 7.089755e-07 	 -1000.0000 	 -1000.0000 	 -1000.0000 	 -1000.0000 
	 77.1700 	 2.552707e-04 	 123.3317 	  1.3152 	 1.501023e+19 	 2.356022e+17 	 1.851459e-06 	 7.214924e-07 	 -1000.0000 	 -1000.0000 	 -1000.0000 	 -1000.0000 
	 77.3040 	 2.502085e-04 	 123.8319 	  1.3126 	 1.465376e+19 	 2.295069e+17 	 1.869822e-06 	 7.342505e-07 	 -1000.0000 	 -1000.0000 	 -1000.0000 	 -1000.0000 
	 77.4380 	 2.452635e-04 	 124.3469 	  1.3100 	 1.430483e+19 	 2.235484e+17 	 1.888539e-06 	 7.473405e-07 	 -1000.0000 	 -1000.0000 	 -1000.0000 	 -1000.0000 
	 77.5730 	 2.403974e-04 	 124.8778 	  1.3074 	 1.396113e+19 	 2.176872e+17 	 1.907731e-06 	 7.608631e-07 	 -1000.0000 	 -1000.0000 	 -1000.0000 	 -1000.0000 
	 78.6850 	 2.043956e-04 	 129.3232 	  1.2840 	 1.145527e+19 	 1.752280e+17 	 2.075791e-06 	 8.847841e-07 	 -1000.0000 	 -1000.0000 	 -1000.0000 	 -1000.0000 
	 78.8200 	 2.004799e-04 	 129.8370 	  1.2806 	 1.119112e+19 	 1.707844e+17 	 2.096869e-06 	 9.011902e-07 	 -1000.0000 	 -1000.0000 	 -1000.0000 	 -1000.0000 
	 78.9540 	 1.966821e-04 	 130.3377 	  1.2771 	 1.093690e+19 	 1.665142e+17 	 2.117767e-06 	 9.176948e-07 	 -1000.0000 	 -1000.0000 	 -1000.0000 	 -1000.0000 
	 79.0880 	 1.929707e-04 	 130.8283 	  1.2733 	 1.069039e+19 	 1.623792e+17 	 2.138587e-06 	 9.343945e-07 	 -1000.0000 	 -1000.0000 	 -1000.0000 	 -1000.0000 
	 79.2230 	 1.893165e-04 	 131.3115 	  1.2692 	 1.044960e+19 	 1.583455e+17 	 2.159430e-06 	 9.513917e-07 	 -1000.0000 	 -1000.0000 	 -1000.0000 	 -1000.0000 
	 80.3190 	 1.624999e-04 	 134.7181 	  1.2246 	 8.745664e+18 	 1.299689e+17 	 2.317675e-06 	 1.093148e-06 	 -1000.0000 	 -1000.0000 	 -1000.0000 	 -1000.0000 
	 80.4530 	 1.595343e-04 	 135.0572 	  1.2186 	 8.564738e+18 	 1.269970e+17 	 2.335521e-06 	 1.110916e-06 	 -1000.0000 	 -1000.0000 	 -1000.0000 	 -1000.0000 
	 80.5870 	 1.566299e-04 	 135.3759 	  1.2130 	 8.389186e+18 	 1.241342e+17 	 2.353172e-06 	 1.128862e-06 	 -1000.0000 	 -1000.0000 	 -1000.0000 	 -1000.0000 
	 80.7200 	 1.538057e-04 	 135.6709 	  1.2079 	 8.220091e+18 	 1.214015e+17 	 2.370550e-06 	 1.146880e-06 	 -1000.0000 	 -1000.0000 	 -1000.0000 	 -1000.0000 
	 80.8540 	 1.510170e-04 	 135.9456 	  1.2035 	 8.054746e+18 	 1.187588e+17 	 2.387971e-06 	 1.165272e-06 	 -1000.0000 	 -1000.0000 	 -1000.0000 	 -1000.0000 
	 81.9590 	 1.299416e-04 	 137.2202 	  1.2154 	 6.862076e+18 	 1.012638e+17 	 2.534633e-06 	 1.329923e-06 	 -1000.0000 	 -1000.0000 	 -1000.0000 	 -1000.0000 
	 82.0930 	 1.275945e-04 	 137.2484 	  1.2232 	 6.735858e+18 	 9.963159e+16 	 2.553161e-06 	 1.351688e-06 	 -1000.0000 	 -1000.0000 	 -1000.0000 	 -1000.0000 
	 82.2270 	 1.252893e-04 	 137.2507 	  1.2321 	 6.613211e+18 	 9.808659e+16 	 2.571815e-06 	 1.373821e-06 	 -1000.0000 	 -1000.0000 	 -1000.0000 	 -1000.0000 
	 82.3600 	 1.230419e-04 	 137.2281 	  1.2417 	 6.494897e+18 	 9.663304e+16 	 2.590435e-06 	 1.396141e-06 	 -1000.0000 	 -1000.0000 	 -1000.0000 	 -1000.0000 
	 82.4940 	 1.208178e-04 	 137.1808 	  1.2521 	 6.379023e+18 	 9.524267e+16 	 2.609281e-06 	 1.418971e-06 	 -1000.0000 	 -1000.0000 	 -1000.0000 	 -1000.0000 
	 85.1760 	 8.358440e-05 	 132.0944 	  1.3514 	 4.587809e+18 	 7.320234e+16 	 2.974579e-06 	 1.930670e-06 	 -1000.0000 	 -1000.0000 	 -1000.0000 	 -1000.0000 
	 85.3090 	 8.204249e-05 	 131.6936 	  1.3421 	 4.516893e+18 	 7.200299e+16 	 2.991520e-06 	 1.958833e-06 	 -1000.0000 	 -1000.0000 	 -1000.0000 	 -1000.0000 
	 85.4420 	 8.052529e-05 	 131.2866 	  1.3320 	 4.447070e+18 	 7.079845e+16 	 3.008695e-06 	 1.987685e-06 	 -1000.0000 	 -1000.0000 	 -1000.0000 	 -1000.0000 
	 85.5750 	 7.903248e-05 	 130.8750 	  1.3216 	 4.378288e+18 	 6.959602e+16 	 3.026214e-06 	 2.017348e-06 	 -1000.0000 	 -1000.0000 	 -1000.0000 	 -1000.0000 
	 85.7080 	 7.756369e-05 	 130.4602 	  1.3111 	 4.310497e+18 	 6.840304e+16 	 3.044186e-06 	 2.047948e-06 	 -1000.0000 	 -1000.0000 	 -1000.0000 	 -1000.0000 
	 86.8090 	 6.628271e-05 	 127.0879 	  1.2633 	 3.780763e+18 	 5.977349e+16 	 3.218395e-06 	 2.347797e-06 	 -1000.0000 	 -1000.0000 	 -1000.0000 	 -1000.0000 
	 86.9420 	 6.502089e-05 	 126.7038 	  1.2645 	 3.720010e+18 	 5.892721e+16 	 3.238527e-06 	 2.386552e-06 	 -1000.0000 	 -1000.0000 	 -1000.0000 	 -1000.0000 
	 87.0740 	 6.378905e-05 	 126.3290 	  1.2670 	 3.660350e+18 	 5.812111e+16 	 3.256030e-06 	 2.423630e-06 	 -1000.0000 	 -1000.0000 	 -1000.0000 	 -1000.0000 
	 87.2070 	 6.256823e-05 	 125.9581 	  1.2706 	 3.600870e+18 	 5.733906e+16 	 3.270371e-06 	 2.458918e-06 	 -1000.0000 	 -1000.0000 	 -1000.0000 	 -1000.0000 
	 87.3400 	 6.136757e-05 	 125.5941 	  1.2752 	 3.542015e+18 	 5.658338e+16 	 3.280606e-06 	 2.491448e-06 	 -1000.0000 	 -1000.0000 	 -1000.0000 	 -1000.0000 
	 88.4390 	 5.217976e-05 	 122.8842 	  1.3352 	 3.078437e+18 	 5.085933e+16 	 3.115015e-06 	 2.574820e-06 	 -1000.0000 	 -1000.0000 	 -1000.0000 	 -1000.0000 
	 88.5720 	 5.115260e-05 	 122.5926 	  1.3435 	 3.025049e+18 	 5.019024e+16 	 3.062620e-06 	 2.559885e-06 	 -1000.0000 	 -1000.0000 	 -1000.0000 	 -1000.0000 
	 88.7040 	 5.015054e-05 	 122.3100 	  1.3517 	 2.972663e+18 	 4.952856e+16 	 3.005926e-06 	 2.541220e-06 	 -1000.0000 	 -1000.0000 	 -1000.0000 	 -1000.0000 
	 88.8370 	 4.915821e-05 	 122.0318 	  1.3599 	 2.920493e+18 	 4.886397e+16 	 2.944955e-06 	 2.519161e-06 	 -1000.0000 	 -1000.0000 	 -1000.0000 	 -1000.0000 
	 88.9700 	 4.818306e-05 	 121.7599 	  1.3680 	 2.868947e+18 	 4.820123e+16 	 2.881010e-06 	 2.494460e-06 	 -1000.0000 	 -1000.0000 	 -1000.0000 	 -1000.0000 
	 90.0660 	 4.077624e-05 	 119.7204 	  1.4243 	 2.468929e+18 	 4.277708e+16 	 2.347520e-06 	 2.264036e-06 	 -1000.0000 	 -1000.0000 	 -1000.0000 	 -1000.0000 
	 90.1980 	 3.995710e-05 	 119.5009 	  1.4294 	 2.423738e+18 	 4.212731e+16 	 2.288528e-06 	 2.236197e-06 	 -1000.0000 	 -1000.0000 	 -1000.0000 	 -1000.0000 
	 90.3300 	 3.915311e-05 	 119.2894 	  1.4343 	 2.379159e+18 	 4.147896e+16 	 2.229972e-06 	 2.207336e-06 	 -1000.0000 	 -1000.0000 	 -1000.0000 	 -1000.0000 
	 90.4610 	 3.837006e-05 	 119.0881 	  1.4389 	 2.335510e+18 	 4.083720e+16 	 2.171923e-06 	 2.177250e-06 	 -1000.0000 	 -1000.0000 	 -1000.0000 	 -1000.0000 
	 90.5930 	 3.759584e-05 	 118.8948 	  1.4433 	 2.292113e+18 	 4.019248e+16 	 2.113118e-06 	 2.145046e-06 	 -1000.0000 	 -1000.0000 	 -1000.0000 	 -1000.0000 
	 91.6860 	 3.173665e-05 	 117.7598 	  1.4747 	 1.953950e+18 	 3.496602e+16 	 1.573353e-06 	 1.758629e-06 	 -1000.0000 	 -1000.0000 	 -1000.0000 	 -1000.0000 
	 91.8180 	 3.109270e-05 	 117.6819 	  1.4782 	 1.915606e+18 	 3.435359e+16 	 1.503471e-06 	 1.700142e-06 	 -1000.0000 	 -1000.0000 	 -1000.0000 	 -1000.0000 
	 91.9500 	 3.046168e-05 	 117.6148 	  1.4818 	 1.877818e+18 	 3.374658e+16 	 1.434881e-06 	 1.642111e-06 	 -1000.0000 	 -1000.0000 	 -1000.0000 	 -1000.0000 
	 92.0810 	 2.984796e-05 	 117.5581 	  1.4852 	 1.840875e+18 	 3.314994e+16 	 1.368919e-06 	 1.586045e-06 	 -1000.0000 	 -1000.0000 	 -1000.0000 	 -1000.0000 
	 92.2130 	 2.924193e-05 	 117.5100 	  1.4887 	 1.804219e+18 	 3.255498e+16 	 1.305413e-06 	 1.532170e-06 	 -1000.0000 	 -1000.0000 	 -1000.0000 	 -1000.0000 
	 93.3100 	 2.465389e-05 	 117.3675 	  1.5185 	 1.522689e+18 	 2.790353e+16 	 9.928692e-07 	 1.316842e-06 	 -1000.0000 	 -1000.0000 	 -1000.0000 	 -1000.0000 
	 93.4410 	 2.415625e-05 	 117.3748 	  1.5220 	 1.491853e+18 	 2.738543e+16 	 9.843929e-07 	 1.323802e-06 	 -1000.0000 	 -1000.0000 	 -1000.0000 	 -1000.0000 
	 93.5720 	 2.366881e-05 	 117.3874 	  1.5254 	 1.461591e+18 	 2.687472e+16 	 9.801675e-07 	 1.335665e-06 	 -1000.0000 	 -1000.0000 	 -1000.0000 	 -1000.0000 
	 93.7030 	 2.319144e-05 	 117.4056 	  1.5287 	 1.431895e+18 	 2.637114e+16 	 9.794169e-07 	 1.351561e-06 	 -1000.0000 	 -1000.0000 	 -1000.0000 	 -1000.0000 
	 93.8350 	 2.272046e-05 	 117.4299 	  1.5318 	 1.402536e+18 	 2.587066e+16 	 9.813879e-07 	 1.370773e-06 	 -1000.0000 	 -1000.0000 	 -1000.0000 	 -1000.0000 
