	 height_(km) 	 press_(mbar) 	 temp_(K) 	 temperr_(K) 	 numdens_(m-3) 	 numdenserr_(m-3) 	 H2Ovmr_() 	 H2Ovmrerr_() 	 D/H_(VSMOW) 	 D/Herr_(VSMOW) 	 18O/16O_(VSMOW) 	 18O/16Oerr_(VSMOW) 
	 11.9600 	 1.181336e+00 	 176.0579 	  3.0526 	 4.865036e+22 	 8.759624e+20 	 1.983921e-05 	 2.426166e-06 	  3.4259 	  0.9475 	 -1000.0000 	 -1000.0000 
	 12.1200 	 1.160759e+00 	 175.7698 	  2.9076 	 4.788228e+22 	 8.247328e+20 	 1.929207e-05 	 2.365917e-06 	  3.4005 	  0.9324 	 -1000.0000 	 -1000.0000 
	 12.2800 	 1.140529e+00 	 175.5130 	  2.7675 	 4.711668e+22 	 7.760797e+20 	 1.899962e-05 	 2.315405e-06 	  3.3708 	  0.9144 	 -1000.0000 	 -1000.0000 
	 12.4400 	 1.120643e+00 	 175.2887 	  2.6324 	 4.635377e+22 	 7.299436e+20 	 1.894187e-05 	 2.274329e-06 	  3.3375 	  0.8941 	 -1000.0000 	 -1000.0000 
	 12.6000 	 1.101096e+00 	 175.0978 	  2.5024 	 4.559375e+22 	 6.862648e+20 	 1.910253e-05 	 2.242680e-06 	  3.3015 	  0.8716 	 -1000.0000 	 -1000.0000 
	 13.5300 	 9.940318e-01 	 174.7020 	  1.8514 	 4.124421e+22 	 4.779592e+20 	 2.347722e-05 	 2.225153e-06 	  3.0691 	  0.7190 	 -1000.0000 	 -1000.0000 
	 13.6900 	 9.767082e-01 	 174.7656 	  1.7582 	 4.050947e+22 	 4.494342e+20 	 2.462869e-05 	 2.241771e-06 	  3.0305 	  0.6917 	 -1000.0000 	 -1000.0000 
	 13.8500 	 9.596973e-01 	 174.8705 	  1.6708 	 3.977926e+22 	 4.229007e+20 	 2.582976e-05 	 2.260555e-06 	  2.9937 	  0.6649 	 -1000.0000 	 -1000.0000 
	 14.0100 	 9.429958e-01 	 175.0178 	  1.5891 	 3.905378e+22 	 3.982990e+20 	 2.705256e-05 	 2.280070e-06 	  2.9591 	  0.6387 	 -1000.0000 	 -1000.0000 
	 14.1700 	 9.266000e-01 	 175.2083 	  1.5134 	 3.833325e+22 	 3.755697e+20 	 2.826910e-05 	 2.298927e-06 	  2.9274 	  0.6132 	 -1000.0000 	 -1000.0000 
	 15.1040 	 8.368083e-01 	 177.2114 	  1.1922 	 3.423982e+22 	 2.769651e+20 	 3.388099e-05 	 2.333123e-06 	  2.8193 	  0.4870 	 -1000.0000 	 -1000.0000 
	 15.2630 	 8.224935e-01 	 177.6765 	  1.1566 	 3.356826e+22 	 2.651981e+20 	 3.443011e-05 	 2.320324e-06 	  2.8180 	  0.4700 	 -1000.0000 	 -1000.0000 
	 15.4230 	 8.083618e-01 	 178.1603 	  1.1251 	 3.290316e+22 	 2.545178e+20 	 3.484754e-05 	 2.301829e-06 	  2.8226 	  0.4543 	 -1000.0000 	 -1000.0000 
	 15.5820 	 7.945850e-01 	 178.6480 	  1.0977 	 3.225422e+22 	 2.449309e+20 	 3.512749e-05 	 2.278530e-06 	  2.8332 	  0.4401 	 -1000.0000 	 -1000.0000 
	 15.7420 	 7.809850e-01 	 179.1367 	  1.0734 	 3.161465e+22 	 2.361889e+20 	 3.527531e-05 	 2.250983e-06 	  2.8494 	  0.4273 	 -1000.0000 	 -1000.0000 
	 16.6680 	 7.072203e-01 	 181.4904 	  0.9723 	 2.824313e+22 	 1.971668e+20 	 3.392295e-05 	 2.076785e-06 	  3.0091 	  0.3841 	  1.2668 	  0.1512 
	 16.8270 	 6.953593e-01 	 181.7774 	  0.9589 	 2.772437e+22 	 1.917345e+20 	 3.346650e-05 	 2.055599e-06 	  3.0384 	  0.3816 	  1.2679 	  0.1492 
	 16.9860 	 6.837210e-01 	 182.0345 	  0.9465 	 2.722136e+22 	 1.866010e+20 	 3.300996e-05 	 2.036157e-06 	  3.0655 	  0.3796 	  1.2690 	  0.1475 
	 17.1450 	 6.723004e-01 	 182.2646 	  0.9350 	 2.673310e+22 	 1.817515e+20 	 3.258055e-05 	 2.017323e-06 	  3.0894 	  0.3774 	  1.2697 	  0.1458 
	 17.3040 	 6.610922e-01 	 182.4708 	  0.9246 	 2.625860e+22 	 1.771710e+20 	 3.220341e-05 	 1.998514e-06 	  3.1093 	  0.3748 	  1.2703 	  0.1441 
	 18.2380 	 5.992708e-01 	 183.3453 	  0.8830 	 2.369862e+22 	 1.549203e+20 	 3.180492e-05 	 1.951549e-06 	  3.1561 	  0.3641 	  1.2751 	  0.1384 
	 18.3970 	 5.893806e-01 	 183.4423 	  0.8790 	 2.329604e+22 	 1.518032e+20 	 3.207229e-05 	 1.964457e-06 	  3.1563 	  0.3649 	  1.2775 	  0.1389 
	 18.5560 	 5.796588e-01 	 183.5184 	  0.8757 	 2.290273e+22 	 1.488499e+20 	 3.242013e-05 	 1.985106e-06 	  3.1555 	  0.3667 	  1.2810 	  0.1400 
	 18.7150 	 5.700994e-01 	 183.5706 	  0.8731 	 2.251865e+22 	 1.460488e+20 	 3.283853e-05 	 2.012640e-06 	  3.1549 	  0.3694 	  1.2857 	  0.1416 
	 18.8740 	 5.606960e-01 	 183.5958 	  0.8711 	 2.214377e+22 	 1.433884e+20 	 3.331508e-05 	 2.045878e-06 	  3.1548 	  0.3729 	  1.2918 	  0.1436 
	 19.8010 	 5.086775e-01 	 183.0843 	  0.8677 	 2.013730e+22 	 1.300793e+20 	 3.634496e-05 	 2.298135e-06 	  3.1708 	  0.4008 	  1.3398 	  0.1594 
	 19.9600 	 5.002068e-01 	 182.9009 	  0.8681 	 1.982055e+22 	 1.280727e+20 	 3.677917e-05 	 2.341026e-06 	  3.1762 	  0.4056 	  1.3467 	  0.1619 
	 20.1190 	 4.918684e-01 	 182.7093 	  0.8685 	 1.950983e+22 	 1.261180e+20 	 3.717370e-05 	 2.380686e-06 	  3.1823 	  0.4103 	  1.3521 	  0.1643 
	 20.2770 	 4.837146e-01 	 182.5198 	  0.8691 	 1.920617e+22 	 1.242159e+20 	 3.752550e-05 	 2.416456e-06 	  3.1888 	  0.4150 	  1.3557 	  0.1664 
	 20.4360 	 4.756429e-01 	 182.3392 	  0.8697 	 1.890487e+22 	 1.223313e+20 	 3.783785e-05 	 2.448139e-06 	  3.1958 	  0.4199 	  1.3574 	  0.1684 
	 21.3650 	 4.311977e-01 	 181.9071 	  0.8723 	 1.718931e+22 	 1.113930e+20 	 3.880248e-05 	 2.476946e-06 	  3.2299 	  0.4475 	  1.3401 	  0.1767 
	 21.5230 	 4.240891e-01 	 181.9500 	  0.8727 	 1.690333e+22 	 1.095303e+20 	 3.881312e-05 	 2.446397e-06 	  3.2309 	  0.4494 	  1.3354 	  0.1769 
	 21.6810 	 4.171018e-01 	 182.0057 	  0.8732 	 1.662050e+22 	 1.076911e+20 	 3.877698e-05 	 2.405869e-06 	  3.2295 	  0.4494 	  1.3310 	  0.1763 
	 21.8400 	 4.101884e-01 	 182.0645 	  0.8741 	 1.633981e+22 	 1.058763e+20 	 3.869470e-05 	 2.356416e-06 	  3.2251 	  0.4468 	  1.3269 	  0.1748 
	 21.9980 	 4.034314e-01 	 182.1152 	  0.8753 	 1.606557e+22 	 1.041207e+20 	 3.857001e-05 	 2.300957e-06 	  3.2171 	  0.4417 	  1.3235 	  0.1725 
	 22.9350 	 3.654467e-01 	 181.7301 	  0.8948 	 1.457292e+22 	 9.528846e+19 	 3.711765e-05 	 1.980573e-06 	  3.0768 	  0.4040 	  1.3051 	  0.1488 
	 23.0930 	 3.593646e-01 	 181.4995 	  0.9003 	 1.434682e+22 	 9.410199e+19 	 3.678296e-05 	 1.940927e-06 	  3.0365 	  0.3985 	  1.3007 	  0.1446 
	 23.2510 	 3.533711e-01 	 181.2216 	  0.9061 	 1.412768e+22 	 9.298821e+19 	 3.643024e-05 	 1.905466e-06 	  2.9918 	  0.3935 	  1.2956 	  0.1408 
	 23.4100 	 3.474275e-01 	 180.8962 	  0.9122 	 1.391386e+22 	 9.193264e+19 	 3.605857e-05 	 1.873221e-06 	  2.9429 	  0.3891 	  1.2897 	  0.1372 
	 23.5680 	 3.416072e-01 	 180.5290 	  0.9185 	 1.370776e+22 	 9.094047e+19 	 3.567382e-05 	 1.843203e-06 	  2.8916 	  0.3854 	  1.2832 	  0.1339 
	 26.0290 	 2.609439e-01 	 170.5138 	  0.9455 	 1.109342e+22 	 7.675638e+19 	 2.618784e-05 	 1.266153e-06 	  2.2824 	  0.3818 	  1.2889 	  0.1291 
	 26.1870 	 2.563421e-01 	 169.7174 	  0.9389 	 1.094840e+22 	 7.561654e+19 	 2.523775e-05 	 1.219600e-06 	  2.2785 	  0.3836 	  1.3084 	  0.1343 
	 26.3440 	 2.518332e-01 	 168.9444 	  0.9321 	 1.080457e+22 	 7.446575e+19 	 2.428269e-05 	 1.169965e-06 	  2.2812 	  0.3855 	  1.3318 	  0.1414 
	 26.5020 	 2.473592e-01 	 168.1957 	  0.9254 	 1.065955e+22 	 7.330028e+19 	 2.333240e-05 	 1.115477e-06 	  2.2900 	  0.3876 	  1.3593 	  0.1492 
	 26.6600 	 2.429486e-01 	 167.4870 	  0.9192 	 1.051370e+22 	 7.213841e+19 	 2.240712e-05 	 1.058576e-06 	  2.3041 	  0.3901 	 -1000.0000 	 -1000.0000 
	 27.5930 	 2.181766e-01 	 164.6341 	  0.9091 	 9.609697e+21 	 6.589366e+19 	 1.843725e-05 	 7.266328e-07 	  2.3924 	  0.4088 	 -1000.0000 	 -1000.0000 
	 27.7500 	 2.142211e-01 	 164.3864 	  0.9126 	 9.450479e+21 	 6.497945e+19 	 1.809274e-05 	 6.868295e-07 	  2.3891 	  0.4127 	 -1000.0000 	 -1000.0000 
	 27.9070 	 2.103276e-01 	 164.1776 	  0.9169 	 9.290976e+21 	 6.409140e+19 	 1.782569e-05 	 6.685745e-07 	  2.3754 	  0.4169 	 -1000.0000 	 -1000.0000 
	 28.0640 	 2.064965e-01 	 163.9940 	  0.9217 	 9.132023e+21 	 6.322229e+19 	 1.766636e-05 	 6.530289e-07 	  2.3512 	  0.4199 	 -1000.0000 	 -1000.0000 
	 28.2210 	 2.027282e-01 	 163.8219 	  0.9266 	 8.974453e+21 	 6.236488e+19 	 1.759948e-05 	 6.397480e-07 	  2.3169 	  0.4208 	 -1000.0000 	 -1000.0000 
	 29.1470 	 1.817924e-01 	 162.3648 	  0.9405 	 8.114708e+21 	 5.718796e+19 	 1.745152e-05 	 6.736669e-07 	  2.0230 	  0.3965 	 -1000.0000 	 -1000.0000 
	 29.3030 	 1.784780e-01 	 161.9937 	  0.9390 	 7.984553e+21 	 5.627041e+19 	 1.714707e-05 	 6.979589e-07 	  1.9783 	  0.3923 	 -1000.0000 	 -1000.0000 
	 29.4600 	 1.752002e-01 	 161.5933 	  0.9367 	 7.857132e+21 	 5.534012e+19 	 1.671872e-05 	 7.097238e-07 	  1.9398 	  0.3889 	 -1000.0000 	 -1000.0000 
	 29.6170 	 1.719786e-01 	 161.1722 	  0.9336 	 7.732870e+21 	 5.440671e+19 	 1.617678e-05 	 7.065918e-07 	  1.9093 	  0.3889 	 -1000.0000 	 -1000.0000 
	 29.7730 	 1.688316e-01 	 160.7392 	  0.9301 	 7.612108e+21 	 5.347990e+19 	 1.553744e-05 	 6.897463e-07 	  1.8879 	  0.3937 	 -1000.0000 	 -1000.0000 
	 30.7100 	 1.509647e-01 	 158.1474 	  0.9065 	 6.921672e+21 	 4.813343e+19 	 9.879723e-06 	 5.147739e-07 	  1.9399 	  0.4754 	 -1000.0000 	 -1000.0000 
	 30.8670 	 1.481329e-01 	 157.7360 	  0.9034 	 6.809936e+21 	 4.730743e+19 	 8.825505e-06 	 4.805099e-07 	  1.9777 	  0.5019 	 -1000.0000 	 -1000.0000 
	 31.0230 	 1.453635e-01 	 157.3276 	  0.9009 	 6.700190e+21 	 4.651519e+19 	 7.829799e-06 	 4.436343e-07 	  2.0240 	  0.5321 	 -1000.0000 	 -1000.0000 
	 31.1790 	 1.426378e-01 	 156.9160 	  0.8990 	 6.591845e+21 	 4.575453e+19 	 6.897703e-06 	 4.054222e-07 	  2.0785 	  0.5659 	 -1000.0000 	 -1000.0000 
	 31.3350 	 1.399554e-01 	 156.4977 	  0.8978 	 6.485029e+21 	 4.502860e+19 	 6.033479e-06 	 3.677288e-07 	  2.1402 	  0.6031 	 -1000.0000 	 -1000.0000 
	 32.2700 	 1.247598e-01 	 153.6918 	  0.9104 	 5.882733e+21 	 4.154405e+19 	 2.588107e-06 	 2.038710e-07 	  2.6076 	  0.8798 	 -1000.0000 	 -1000.0000 
	 32.4270 	 1.223531e-01 	 153.1921 	  0.9154 	 5.787439e+21 	 4.108032e+19 	 2.302817e-06 	 1.888494e-07 	  2.6912 	  0.9309 	 -1000.0000 	 -1000.0000 
	 32.5830 	 1.200025e-01 	 152.7126 	  0.9206 	 5.693667e+21 	 4.062861e+19 	 2.079504e-06 	 1.766802e-07 	  2.7712 	  0.9823 	 -1000.0000 	 -1000.0000 
	 32.7390 	 1.176922e-01 	 152.2612 	  0.9257 	 5.600469e+21 	 4.017452e+19 	 1.905632e-06 	 1.668629e-07 	  2.8470 	  1.0352 	 -1000.0000 	 -1000.0000 
	 32.8950 	 1.154222e-01 	 151.8492 	  0.9305 	 5.507505e+21 	 3.970668e+19 	 1.771893e-06 	 1.588572e-07 	  2.9187 	  1.0895 	 -1000.0000 	 -1000.0000 
	 33.8340 	 1.025973e-01 	 150.7750 	  0.9395 	 4.935656e+21 	 3.601492e+19 	 1.317050e-06 	 1.196961e-07 	 -1000.0000 	 -1000.0000 	 -1000.0000 	 -1000.0000 
	 33.9900 	 1.006026e-01 	 150.8488 	  0.9371 	 4.838126e+21 	 3.523120e+19 	 1.246337e-06 	 1.117639e-07 	 -1000.0000 	 -1000.0000 	 -1000.0000 	 -1000.0000 
	 34.1460 	 9.864515e-02 	 150.9694 	  0.9342 	 4.740680e+21 	 3.442049e+19 	 1.174402e-06 	 1.034557e-07 	 -1000.0000 	 -1000.0000 	 -1000.0000 	 -1000.0000 
	 34.3010 	 9.673646e-02 	 151.1234 	  0.9311 	 4.644334e+21 	 3.359910e+19 	 1.102385e-06 	 9.497254e-08 	 -1000.0000 	 -1000.0000 	 -1000.0000 	 -1000.0000 
	 34.4570 	 9.485126e-02 	 151.3002 	  0.9279 	 4.548237e+21 	 3.276732e+19 	 1.030250e-06 	 8.639695e-08 	 -1000.0000 	 -1000.0000 	 -1000.0000 	 -1000.0000 
	 35.3840 	 8.435501e-02 	 152.1607 	  0.9230 	 4.015625e+21 	 2.828394e+19 	 6.608149e-07 	 4.479853e-08 	 -1000.0000 	 -1000.0000 	 -1000.0000 	 -1000.0000 
	 35.5400 	 8.270199e-02 	 152.2071 	  0.9256 	 3.934399e+21 	 2.765989e+19 	 6.137114e-07 	 4.037163e-08 	 -1000.0000 	 -1000.0000 	 -1000.0000 	 -1000.0000 
	 35.6960 	 8.108015e-02 	 152.2228 	  0.9292 	 3.855566e+21 	 2.707226e+19 	 5.708568e-07 	 3.667710e-08 	 -1000.0000 	 -1000.0000 	 -1000.0000 	 -1000.0000 
	 35.8510 	 7.949907e-02 	 152.2086 	  0.9335 	 3.779539e+21 	 2.652242e+19 	 5.322844e-07 	 3.369257e-08 	 -1000.0000 	 -1000.0000 	 -1000.0000 	 -1000.0000 
	 36.0070 	 7.793782e-02 	 152.1650 	  0.9384 	 3.705269e+21 	 2.600123e+19 	 4.972855e-07 	 3.133561e-08 	 -1000.0000 	 -1000.0000 	 -1000.0000 	 -1000.0000 
	 40.0060 	 4.651134e-02 	 143.2831 	  0.9801 	 2.353534e+21 	 1.718174e+19 	 2.135719e-07 	 3.691701e-08 	 -1000.0000 	 -1000.0000 	 -1000.0000 	 -1000.0000 
	 40.1600 	 4.556862e-02 	 142.7492 	  0.9685 	 2.314418e+21 	 1.679601e+19 	 2.032341e-07 	 3.540186e-08 	 -1000.0000 	 -1000.0000 	 -1000.0000 	 -1000.0000 
	 40.3140 	 4.464210e-02 	 142.2224 	  0.9566 	 2.275679e+21 	 1.640964e+19 	 1.924670e-07 	 3.372415e-08 	 -1000.0000 	 -1000.0000 	 -1000.0000 	 -1000.0000 
	 40.4690 	 4.372579e-02 	 141.7048 	  0.9448 	 2.237017e+21 	 1.602490e+19 	 1.813949e-07 	 3.192433e-08 	 -1000.0000 	 -1000.0000 	 -1000.0000 	 -1000.0000 
	 40.6230 	 4.283135e-02 	 141.2084 	  0.9336 	 2.198874e+21 	 1.565152e+19 	 1.703735e-07 	 3.008284e-08 	 -1000.0000 	 -1000.0000 	 -1000.0000 	 -1000.0000 
	 41.5560 	 3.774417e-02 	 138.8610 	  0.8998 	 1.970813e+21 	 1.382984e+19 	 1.154309e-07 	 2.124907e-08 	 -1000.0000 	 -1000.0000 	 -1000.0000 	 -1000.0000 
	 41.7100 	 3.695767e-02 	 138.5870 	  0.9011 	 1.933687e+21 	 1.361793e+19 	 1.093898e-07 	 2.048683e-08 	 -1000.0000 	 -1000.0000 	 -1000.0000 	 -1000.0000 
	 41.8640 	 3.618573e-02 	 138.3303 	  0.9039 	 1.896899e+21 	 1.342570e+19 	 1.041043e-07 	 1.989075e-08 	 -1000.0000 	 -1000.0000 	 -1000.0000 	 -1000.0000 
	 42.0190 	 3.542327e-02 	 138.0820 	  0.9079 	 1.860303e+21 	 1.324901e+19 	 9.945274e-08 	 1.943061e-08 	 -1000.0000 	 -1000.0000 	 -1000.0000 	 -1000.0000 
	 42.1730 	 3.467993e-02 	 137.8383 	  0.9127 	 1.824462e+21 	 1.308707e+19 	 9.539583e-08 	 1.908343e-08 	 -1000.0000 	 -1000.0000 	 -1000.0000 	 -1000.0000 
	 43.1100 	 3.045063e-02 	 136.0347 	  0.9449 	 1.622317e+21 	 1.222542e+19 	 7.719542e-08 	 1.773962e-08 	 -1000.0000 	 -1000.0000 	 -1000.0000 	 -1000.0000 
	 43.2630 	 2.980599e-02 	 135.6697 	  0.9493 	 1.592133e+21 	 1.208794e+19 	 7.468230e-08 	 1.749327e-08 	 -1000.0000 	 -1000.0000 	 -1000.0000 	 -1000.0000 
	 43.4170 	 2.916958e-02 	 135.2947 	  0.9537 	 1.562394e+21 	 1.194987e+19 	 7.223946e-08 	 1.723528e-08 	 -1000.0000 	 -1000.0000 	 -1000.0000 	 -1000.0000 
	 43.5710 	 2.854546e-02 	 134.9186 	  0.9582 	 1.533219e+21 	 1.181234e+19 	 6.988495e-08 	 1.697111e-08 	 -1000.0000 	 -1000.0000 	 -1000.0000 	 -1000.0000 
	 43.7250 	 2.793340e-02 	 134.5478 	  0.9627 	 1.504527e+21 	 1.167556e+19 	 6.762352e-08 	 1.670537e-08 	 -1000.0000 	 -1000.0000 	 -1000.0000 	 -1000.0000 
	 44.6530 	 2.448871e-02 	 132.7588 	  0.9984 	 1.337592e+21 	 1.087733e+19 	 5.643414e-08 	 1.537222e-08 	 -1000.0000 	 -1000.0000 	 -1000.0000 	 -1000.0000 
	 44.8070 	 2.395582e-02 	 132.5536 	  1.0058 	 1.310606e+21 	 1.074871e+19 	 5.502676e-08 	 1.522923e-08 	 -1000.0000 	 -1000.0000 	 -1000.0000 	 -1000.0000 
	 44.9600 	 2.343698e-02 	 132.3658 	  1.0132 	 1.284091e+21 	 1.062103e+19 	 5.375108e-08 	 1.511117e-08 	 -1000.0000 	 -1000.0000 	 -1000.0000 	 -1000.0000 
	 45.1130 	 2.292856e-02 	 132.1886 	  1.0206 	 1.257923e+21 	 1.049300e+19 	 5.259315e-08 	 1.501673e-08 	 -1000.0000 	 -1000.0000 	 -1000.0000 	 -1000.0000 
	 45.2670 	 2.242725e-02 	 132.0158 	  1.0279 	 1.231988e+21 	 1.036330e+19 	 5.154119e-08 	 1.494491e-08 	 -1000.0000 	 -1000.0000 	 -1000.0000 	 -1000.0000 
	 46.2070 	 1.958662e-02 	 130.7986 	  1.0613 	 1.085312e+21 	 9.528454e+18 	 4.720997e-08 	 1.495390e-08 	 -1000.0000 	 -1000.0000 	 -1000.0000 	 -1000.0000 
	 46.3600 	 1.915831e-02 	 130.5586 	  1.0642 	 1.063468e+21 	 9.383391e+18 	 4.678214e-08 	 1.501608e-08 	 -1000.0000 	 -1000.0000 	 -1000.0000 	 -1000.0000 
	 46.5130 	 1.873889e-02 	 130.3151 	  1.0665 	 1.042100e+21 	 9.235956e+18 	 4.641470e-08 	 1.509115e-08 	 -1000.0000 	 -1000.0000 	 -1000.0000 	 -1000.0000 
	 46.6660 	 1.832811e-02 	 130.0723 	  1.0683 	 1.021162e+21 	 9.086306e+18 	 4.610169e-08 	 1.517762e-08 	 -1000.0000 	 -1000.0000 	 -1000.0000 	 -1000.0000 
	 46.8190 	 1.792571e-02 	 129.8344 	  1.0695 	 1.000605e+21 	 8.934596e+18 	 4.583753e-08 	 1.527407e-08 	 -1000.0000 	 -1000.0000 	 -1000.0000 	 -1000.0000 
	 47.7510 	 1.564151e-02 	 128.7250 	  1.0693 	 8.810550e+20 	 7.977139e+18 	 4.502047e-08 	 1.601443e-08 	 -1000.0000 	 -1000.0000 	 -1000.0000 	 -1000.0000 
	 47.9030 	 1.529474e-02 	 128.6166 	  1.0688 	 8.622873e+20 	 7.820021e+18 	 4.500265e-08 	 1.615922e-08 	 -1000.0000 	 -1000.0000 	 -1000.0000 	 -1000.0000 
	 48.0560 	 1.495292e-02 	 128.5245 	  1.0687 	 8.436389e+20 	 7.663927e+18 	 4.502518e-08 	 1.631530e-08 	 -1000.0000 	 -1000.0000 	 -1000.0000 	 -1000.0000 
	 48.2080 	 1.462053e-02 	 128.4480 	  1.0689 	 8.253759e+20 	 7.511860e+18 	 4.509219e-08 	 1.648246e-08 	 -1000.0000 	 -1000.0000 	 -1000.0000 	 -1000.0000 
	 48.3600 	 1.429532e-02 	 128.3841 	  1.0697 	 8.073980e+20 	 7.363751e+18 	 4.520822e-08 	 1.666356e-08 	 -1000.0000 	 -1000.0000 	 -1000.0000 	 -1000.0000 
	 49.3010 	 1.244194e-02 	 128.1558 	  1.0951 	 7.036895e+20 	 6.587284e+18 	 4.729156e-08 	 1.820905e-08 	 -1000.0000 	 -1000.0000 	 -1000.0000 	 -1000.0000 
	 49.4530 	 1.216764e-02 	 128.1425 	  1.1027 	 6.882202e+20 	 6.485604e+18 	 4.788528e-08 	 1.854229e-08 	 -1000.0000 	 -1000.0000 	 -1000.0000 	 -1000.0000 
	 49.6060 	 1.189807e-02 	 128.1410 	  1.1109 	 6.729672e+20 	 6.387214e+18 	 4.856201e-08 	 1.890385e-08 	 -1000.0000 	 -1000.0000 	 -1000.0000 	 -1000.0000 
	 49.7580 	 1.163652e-02 	 128.1539 	  1.1194 	 6.581082e+20 	 6.292102e+18 	 4.931471e-08 	 1.928967e-08 	 -1000.0000 	 -1000.0000 	 -1000.0000 	 -1000.0000 
	 49.9100 	 1.138099e-02 	 128.1837 	  1.1281 	 6.435213e+20 	 6.198323e+18 	 5.014907e-08 	 1.970258e-08 	 -1000.0000 	 -1000.0000 	 -1000.0000 	 -1000.0000 
	 50.8450 	 9.929036e-03 	 128.8768 	  1.1734 	 5.585872e+20 	 5.578466e+18 	 5.716366e-08 	 2.286691e-08 	 -1000.0000 	 -1000.0000 	 -1000.0000 	 -1000.0000 
	 50.9970 	 9.711003e-03 	 129.0796 	  1.1782 	 5.454766e+20 	 5.465007e+18 	 5.863288e-08 	 2.348910e-08 	 -1000.0000 	 -1000.0000 	 -1000.0000 	 -1000.0000 
	 51.1490 	 9.497825e-03 	 129.3034 	  1.1823 	 5.325823e+20 	 5.348836e+18 	 6.020439e-08 	 2.414398e-08 	 -1000.0000 	 -1000.0000 	 -1000.0000 	 -1000.0000 
	 51.3000 	 9.290816e-03 	 129.5444 	  1.1856 	 5.199992e+20 	 5.231298e+18 	 6.187136e-08 	 2.482806e-08 	 -1000.0000 	 -1000.0000 	 -1000.0000 	 -1000.0000 
	 51.4520 	 9.087191e-03 	 129.8036 	  1.1880 	 5.075731e+20 	 5.111392e+18 	 6.366072e-08 	 2.555164e-08 	 -1000.0000 	 -1000.0000 	 -1000.0000 	 -1000.0000 
	 52.3950 	 7.927715e-03 	 131.6465 	  1.1855 	 4.365868e+20 	 4.365149e+18 	 7.761837e-08 	 3.091993e-08 	 -1000.0000 	 -1000.0000 	 -1000.0000 	 -1000.0000 
	 52.5470 	 7.756824e-03 	 131.9562 	  1.1824 	 4.261924e+20 	 4.248745e+18 	 8.043121e-08 	 3.195403e-08 	 -1000.0000 	 -1000.0000 	 -1000.0000 	 -1000.0000 
	 52.6990 	 7.590061e-03 	 132.2612 	  1.1786 	 4.160854e+20 	 4.134152e+18 	 8.344670e-08 	 3.304720e-08 	 -1000.0000 	 -1000.0000 	 -1000.0000 	 -1000.0000 
	 52.8500 	 7.428357e-03 	 132.5564 	  1.1744 	 4.063262e+20 	 4.022326e+18 	 8.666179e-08 	 3.419662e-08 	 -1000.0000 	 -1000.0000 	 -1000.0000 	 -1000.0000 
	 53.0020 	 7.269445e-03 	 132.8424 	  1.1696 	 3.967820e+20 	 3.912004e+18 	 9.013783e-08 	 3.542244e-08 	 -1000.0000 	 -1000.0000 	 -1000.0000 	 -1000.0000 
	 53.9390 	 6.367973e-03 	 134.1979 	  1.1324 	 3.438931e+20 	 3.293648e+18 	 1.179713e-07 	 4.478449e-08 	 -1000.0000 	 -1000.0000 	 -1000.0000 	 -1000.0000 
	 54.0900 	 6.234289e-03 	 134.3589 	  1.1254 	 3.362355e+20 	 3.204193e+18 	 1.236252e-07 	 4.661319e-08 	 -1000.0000 	 -1000.0000 	 -1000.0000 	 -1000.0000 
	 54.2410 	 6.103632e-03 	 134.5201 	  1.1182 	 3.287718e+20 	 3.116969e+18 	 1.296253e-07 	 4.853212e-08 	 -1000.0000 	 -1000.0000 	 -1000.0000 	 -1000.0000 
	 54.3930 	 5.975105e-03 	 134.6900 	  1.1106 	 3.214352e+20 	 3.031127e+18 	 1.360207e-07 	 5.055456e-08 	 -1000.0000 	 -1000.0000 	 -1000.0000 	 -1000.0000 
	 54.5440 	 5.850337e-03 	 134.8738 	  1.1027 	 3.143031e+20 	 2.947508e+18 	 1.427332e-07 	 5.265352e-08 	 -1000.0000 	 -1000.0000 	 -1000.0000 	 -1000.0000 
	 55.4720 	 5.143729e-03 	 136.7300 	  1.0468 	 2.728334e+20 	 2.454220e+18 	 1.921916e-07 	 6.749526e-08 	 -1000.0000 	 -1000.0000 	 -1000.0000 	 -1000.0000 
	 55.6230 	 5.038026e-03 	 137.1674 	  1.0367 	 2.664031e+20 	 2.376752e+18 	 2.016191e-07 	 7.022275e-08 	 -1000.0000 	 -1000.0000 	 -1000.0000 	 -1000.0000 
	 55.7740 	 4.934802e-03 	 137.6283 	  1.0265 	 2.600852e+20 	 2.300711e+18 	 2.114405e-07 	 7.303688e-08 	 -1000.0000 	 -1000.0000 	 -1000.0000 	 -1000.0000 
	 55.9250 	 4.834013e-03 	 138.1052 	  1.0163 	 2.538926e+20 	 2.226417e+18 	 2.216574e-07 	 7.593709e-08 	 -1000.0000 	 -1000.0000 	 -1000.0000 	 -1000.0000 
	 56.0760 	 4.735621e-03 	 138.5910 	  1.0063 	 2.478383e+20 	 2.154190e+18 	 2.322704e-07 	 7.892254e-08 	 -1000.0000 	 -1000.0000 	 -1000.0000 	 -1000.0000 
	 57.0160 	 4.174326e-03 	 141.3742 	  0.9507 	 2.140081e+20 	 1.769399e+18 	 3.068568e-07 	 9.927001e-08 	 -1000.0000 	 -1000.0000 	 -1000.0000 	 -1000.0000 
	 57.1670 	 4.091783e-03 	 141.7297 	  0.9433 	 2.092453e+20 	 1.719206e+18 	 3.197249e-07 	 1.027016e-07 	 -1000.0000 	 -1000.0000 	 -1000.0000 	 -1000.0000 
	 57.3170 	 4.011638e-03 	 142.0503 	  0.9363 	 2.046848e+20 	 1.672157e+18 	 3.324505e-07 	 1.060839e-07 	 -1000.0000 	 -1000.0000 	 -1000.0000 	 -1000.0000 
	 57.4680 	 3.932727e-03 	 142.3383 	  0.9296 	 2.002579e+20 	 1.627411e+18 	 3.450748e-07 	 1.094317e-07 	 -1000.0000 	 -1000.0000 	 -1000.0000 	 -1000.0000 
	 57.6180 	 3.856003e-03 	 142.5879 	  0.9232 	 1.960154e+20 	 1.585351e+18 	 3.573040e-07 	 1.126709e-07 	 -1000.0000 	 -1000.0000 	 -1000.0000 	 -1000.0000 
	 58.5560 	 3.408240e-03 	 143.2157 	  0.8867 	 1.725170e+20 	 1.363703e+18 	 4.194014e-07 	 1.292612e-07 	 -1000.0000 	 -1000.0000 	 -1000.0000 	 -1000.0000 
	 58.7070 	 3.340731e-03 	 143.1678 	  0.8812 	 1.691529e+20 	 1.333126e+18 	 4.264283e-07 	 1.312067e-07 	 -1000.0000 	 -1000.0000 	 -1000.0000 	 -1000.0000 
	 58.8570 	 3.274891e-03 	 143.0872 	  0.8758 	 1.659099e+20 	 1.303917e+18 	 4.326271e-07 	 1.329600e-07 	 -1000.0000 	 -1000.0000 	 -1000.0000 	 -1000.0000 
	 59.0080 	 3.209840e-03 	 142.9767 	  0.8705 	 1.627389e+20 	 1.275621e+18 	 4.381171e-07 	 1.345585e-07 	 -1000.0000 	 -1000.0000 	 -1000.0000 	 -1000.0000 
	 59.1580 	 3.146443e-03 	 142.8412 	  0.8653 	 1.596764e+20 	 1.248547e+18 	 4.428632e-07 	 1.359951e-07 	 -1000.0000 	 -1000.0000 	 -1000.0000 	 -1000.0000 
	 60.0900 	 2.779759e-03 	 141.6454 	  0.8364 	 1.422672e+20 	 1.099543e+18 	 4.588932e-07 	 1.424007e-07 	 -1000.0000 	 -1000.0000 	 -1000.0000 	 -1000.0000 
	 60.2400 	 2.724993e-03 	 141.4220 	  0.8323 	 1.396826e+20 	 1.078162e+18 	 4.597036e-07 	 1.431475e-07 	 -1000.0000 	 -1000.0000 	 -1000.0000 	 -1000.0000 
	 60.3900 	 2.671318e-03 	 141.1936 	  0.8285 	 1.371506e+20 	 1.057418e+18 	 4.601405e-07 	 1.438423e-07 	 -1000.0000 	 -1000.0000 	 -1000.0000 	 -1000.0000 
	 60.5400 	 2.618698e-03 	 140.9614 	  0.8249 	 1.346688e+20 	 1.037289e+18 	 4.602464e-07 	 1.444939e-07 	 -1000.0000 	 -1000.0000 	 -1000.0000 	 -1000.0000 
	 60.6900 	 2.567096e-03 	 140.7260 	  0.8216 	 1.322347e+20 	 1.017748e+18 	 4.600629e-07 	 1.451106e-07 	 -1000.0000 	 -1000.0000 	 -1000.0000 	 -1000.0000 
	 61.6240 	 2.266466e-03 	 139.2376 	  0.8070 	 1.180191e+20 	 9.079026e+17 	 4.548396e-07 	 1.486585e-07 	 -1000.0000 	 -1000.0000 	 -1000.0000 	 -1000.0000 
	 61.7730 	 2.221514e-03 	 138.9857 	  0.8056 	 1.158936e+20 	 8.921446e+17 	 4.536206e-07 	 1.492308e-07 	 -1000.0000 	 -1000.0000 	 -1000.0000 	 -1000.0000 
	 61.9230 	 2.177043e-03 	 138.7177 	  0.8045 	 1.137969e+20 	 8.767826e+17 	 4.523105e-07 	 1.498130e-07 	 -1000.0000 	 -1000.0000 	 -1000.0000 	 -1000.0000 
	 62.0720 	 2.133629e-03 	 138.4327 	  0.8036 	 1.117591e+20 	 8.620301e+17 	 4.509300e-07 	 1.503979e-07 	 -1000.0000 	 -1000.0000 	 -1000.0000 	 -1000.0000 
	 62.2220 	 2.090671e-03 	 138.1225 	  0.8028 	 1.097545e+20 	 8.476978e+17 	 4.494642e-07 	 1.509940e-07 	 -1000.0000 	 -1000.0000 	 -1000.0000 	 -1000.0000 
	 63.1640 	 1.837041e-03 	 135.3839 	  0.8004 	 9.834479e+19 	 7.699311e+17 	 4.387051e-07 	 1.549190e-07 	 -1000.0000 	 -1000.0000 	 -1000.0000 	 -1000.0000 
	 63.3130 	 1.799352e-03 	 134.8293 	  0.8002 	 9.671619e+19 	 7.593405e+17 	 4.367629e-07 	 1.555570e-07 	 -1000.0000 	 -1000.0000 	 -1000.0000 	 -1000.0000 
	 63.4630 	 1.762065e-03 	 134.2564 	  0.8001 	 9.511167e+19 	 7.489747e+17 	 4.347322e-07 	 1.561950e-07 	 -1000.0000 	 -1000.0000 	 -1000.0000 	 -1000.0000 
	 63.6120 	 1.725671e-03 	 133.6814 	  0.8000 	 9.354662e+19 	 7.388966e+17 	 4.326362e-07 	 1.568206e-07 	 -1000.0000 	 -1000.0000 	 -1000.0000 	 -1000.0000 
	 63.7620 	 1.689678e-03 	 133.1054 	  0.8000 	 9.199396e+19 	 7.288951e+17 	 4.304428e-07 	 1.574385e-07 	 -1000.0000 	 -1000.0000 	 -1000.0000 	 -1000.0000 
	 64.6880 	 1.481547e-03 	 130.1028 	  0.8007 	 8.257569e+19 	 6.661000e+17 	 4.149595e-07 	 1.608224e-07 	 -1000.0000 	 -1000.0000 	 -1000.0000 	 -1000.0000 
	 64.8370 	 1.450243e-03 	 129.7387 	  0.8010 	 8.106383e+19 	 6.555655e+17 	 4.122947e-07 	 1.613399e-07 	 -1000.0000 	 -1000.0000 	 -1000.0000 	 -1000.0000 
	 64.9860 	 1.419512e-03 	 129.3963 	  0.8014 	 7.955940e+19 	 6.450109e+17 	 4.096819e-07 	 1.618893e-07 	 -1000.0000 	 -1000.0000 	 -1000.0000 	 -1000.0000 
	 65.1350 	 1.389341e-03 	 129.0693 	  0.8018 	 7.806609e+19 	 6.344899e+17 	 4.071641e-07 	 1.624878e-07 	 -1000.0000 	 -1000.0000 	 -1000.0000 	 -1000.0000 
	 65.2840 	 1.359715e-03 	 128.7516 	  0.8024 	 7.658758e+19 	 6.240569e+17 	 4.047838e-07 	 1.631524e-07 	 -1000.0000 	 -1000.0000 	 -1000.0000 	 -1000.0000 
	 66.2280 	 1.183888e-03 	 126.5780 	  0.8092 	 6.778834e+19 	 5.633198e+17 	 3.953541e-07 	 1.698919e-07 	 -1000.0000 	 -1000.0000 	 -1000.0000 	 -1000.0000 
	 66.3770 	 1.157923e-03 	 126.1818 	  0.8110 	 6.650641e+19 	 5.548914e+17 	 3.948198e-07 	 1.713812e-07 	 -1000.0000 	 -1000.0000 	 -1000.0000 	 -1000.0000 
	 66.5260 	 1.132443e-03 	 125.7764 	  0.8133 	 6.525096e+19 	 5.467768e+17 	 3.944296e-07 	 1.729405e-07 	 -1000.0000 	 -1000.0000 	 -1000.0000 	 -1000.0000 
	 66.6750 	 1.107447e-03 	 125.3652 	  0.8159 	 6.402023e+19 	 5.389659e+17 	 3.941270e-07 	 1.745476e-07 	 -1000.0000 	 -1000.0000 	 -1000.0000 	 -1000.0000 
	 66.8240 	 1.082935e-03 	 124.9515 	  0.8189 	 6.281245e+19 	 5.314487e+17 	 3.938557e-07 	 1.761802e-07 	 -1000.0000 	 -1000.0000 	 -1000.0000 	 -1000.0000 
	 67.7510 	 9.413177e-04 	 122.5078 	  0.8510 	 5.571206e+19 	 4.906316e+17 	 3.896134e-07 	 1.856086e-07 	 -1000.0000 	 -1000.0000 	 -1000.0000 	 -1000.0000 
	 67.9000 	 9.202517e-04 	 122.1456 	  0.8582 	 5.462885e+19 	 4.848884e+17 	 3.882521e-07 	 1.868977e-07 	 -1000.0000 	 -1000.0000 	 -1000.0000 	 -1000.0000 
	 68.0490 	 8.996202e-04 	 121.7861 	  0.8658 	 5.356260e+19 	 4.793187e+17 	 3.867323e-07 	 1.881345e-07 	 -1000.0000 	 -1000.0000 	 -1000.0000 	 -1000.0000 
	 68.1970 	 8.795421e-04 	 121.4287 	  0.8736 	 5.252097e+19 	 4.739375e+17 	 3.850876e-07 	 1.893193e-07 	 -1000.0000 	 -1000.0000 	 -1000.0000 	 -1000.0000 
	 68.3460 	 8.597313e-04 	 121.0659 	  0.8816 	 5.149053e+19 	 4.686516e+17 	 3.833183e-07 	 1.904767e-07 	 -1000.0000 	 -1000.0000 	 -1000.0000 	 -1000.0000 
	 69.2850 	 7.432489e-04 	 118.5297 	  0.9298 	 4.545556e+19 	 4.370956e+17 	 3.709172e-07 	 1.974599e-07 	 -1000.0000 	 -1000.0000 	 -1000.0000 	 -1000.0000 
	 69.4330 	 7.260991e-04 	 118.0788 	  0.9365 	 4.457661e+19 	 4.322523e+17 	 3.688899e-07 	 1.985478e-07 	 -1000.0000 	 -1000.0000 	 -1000.0000 	 -1000.0000 
	 69.5810 	 7.092655e-04 	 117.6172 	  0.9431 	 4.371489e+19 	 4.274277e+17 	 3.668388e-07 	 1.996238e-07 	 -1000.0000 	 -1000.0000 	 -1000.0000 	 -1000.0000 
	 69.7300 	 6.926344e-04 	 117.1437 	  0.9495 	 4.286360e+19 	 4.225855e+17 	 3.647443e-07 	 2.006901e-07 	 -1000.0000 	 -1000.0000 	 -1000.0000 	 -1000.0000 
	 69.8780 	 6.764262e-04 	 116.6665 	  0.9557 	 4.203301e+19 	 4.177872e+17 	 3.626287e-07 	 2.017271e-07 	 -1000.0000 	 -1000.0000 	 -1000.0000 	 -1000.0000 
	 70.8090 	 5.813971e-04 	 113.6417 	  0.9934 	 3.707812e+19 	 3.875547e+17 	 3.482941e-07 	 2.075252e-07 	 -1000.0000 	 -1000.0000 	 -1000.0000 	 -1000.0000 
	 70.9570 	 5.673763e-04 	 113.1980 	  0.9992 	 3.632148e+19 	 3.825920e+17 	 3.459716e-07 	 2.084156e-07 	 -1000.0000 	 -1000.0000 	 -1000.0000 	 -1000.0000 
	 71.1040 	 5.537460e-04 	 112.7865 	  1.0049 	 3.557501e+19 	 3.775393e+17 	 3.437484e-07 	 2.093626e-07 	 -1000.0000 	 -1000.0000 	 -1000.0000 	 -1000.0000 
	 71.2520 	 5.403218e-04 	 112.4091 	  1.0104 	 3.482731e+19 	 3.722941e+17 	 3.416355e-07 	 2.104102e-07 	 -1000.0000 	 -1000.0000 	 -1000.0000 	 -1000.0000 
	 71.4000 	 5.271984e-04 	 112.0767 	  1.0157 	 3.408224e+19 	 3.668562e+17 	 3.396903e-07 	 2.115836e-07 	 -1000.0000 	 -1000.0000 	 -1000.0000 	 -1000.0000 
	 72.3330 	 4.514312e-04 	 111.4706 	  1.0428 	 2.937569e+19 	 3.262376e+17 	 3.337449e-07 	 2.237353e-07 	 -1000.0000 	 -1000.0000 	 -1000.0000 	 -1000.0000 
	 72.4800 	 4.405703e-04 	 111.6279 	  1.0463 	 2.863354e+19 	 3.188755e+17 	 3.339494e-07 	 2.265231e-07 	 -1000.0000 	 -1000.0000 	 -1000.0000 	 -1000.0000 
	 72.6270 	 4.299866e-04 	 111.8369 	  1.0498 	 2.789637e+19 	 3.113985e+17 	 3.344063e-07 	 2.295138e-07 	 -1000.0000 	 -1000.0000 	 -1000.0000 	 -1000.0000 
	 72.7740 	 4.196734e-04 	 112.0895 	  1.0534 	 2.716656e+19 	 3.038742e+17 	 3.350837e-07 	 2.326873e-07 	 -1000.0000 	 -1000.0000 	 -1000.0000 	 -1000.0000 
	 72.9210 	 4.096238e-04 	 112.3770 	  1.0574 	 2.644647e+19 	 2.963700e+17 	 3.359499e-07 	 2.360234e-07 	 -1000.0000 	 -1000.0000 	 -1000.0000 	 -1000.0000 
	 73.8530 	 3.516051e-04 	 114.4891 	  1.0966 	 2.225326e+19 	 2.534118e+17 	 3.438545e-07 	 2.597239e-07 	 -1000.0000 	 -1000.0000 	 -1000.0000 	 -1000.0000 
	 74.0000 	 3.432889e-04 	 114.8094 	  1.1054 	 2.166389e+19 	 2.477373e+17 	 3.452899e-07 	 2.637623e-07 	 -1000.0000 	 -1000.0000 	 -1000.0000 	 -1000.0000 
	 74.1470 	 3.351851e-04 	 115.1204 	  1.1148 	 2.109379e+19 	 2.423487e+17 	 3.467737e-07 	 2.678930e-07 	 -1000.0000 	 -1000.0000 	 -1000.0000 	 -1000.0000 
	 74.2940 	 3.272882e-04 	 115.4211 	  1.1246 	 2.054239e+19 	 2.372288e+17 	 3.483102e-07 	 2.721241e-07 	 -1000.0000 	 -1000.0000 	 -1000.0000 	 -1000.0000 
	 74.4410 	 3.195931e-04 	 115.7104 	  1.1347 	 2.000914e+19 	 2.323599e+17 	 3.499037e-07 	 2.764637e-07 	 -1000.0000 	 -1000.0000 	 -1000.0000 	 -1000.0000 
	 76.8970 	 2.160445e-04 	 117.9273 	  1.2667 	 1.327291e+19 	 1.721357e+17 	 3.891107e-07 	 3.724968e-07 	 -1000.0000 	 -1000.0000 	 -1000.0000 	 -1000.0000 
	 77.0430 	 2.111012e-04 	 117.8650 	  1.2678 	 1.297198e+19 	 1.689430e+17 	 3.923933e-07 	 3.800031e-07 	 -1000.0000 	 -1000.0000 	 -1000.0000 	 -1000.0000 
	 77.1900 	 2.062383e-04 	 117.7863 	  1.2680 	 1.267741e+19 	 1.657263e+17 	 3.958034e-07 	 3.877811e-07 	 -1000.0000 	 -1000.0000 	 -1000.0000 	 -1000.0000 
	 77.3370 	 2.014878e-04 	 117.6949 	  1.2676 	 1.239093e+19 	 1.625109e+17 	 3.993130e-07 	 3.957768e-07 	 -1000.0000 	 -1000.0000 	 -1000.0000 	 -1000.0000 
	 77.4830 	 1.968790e-04 	 117.5944 	  1.2665 	 1.211406e+19 	 1.593220e+17 	 4.028915e-07 	 4.039304e-07 	 -1000.0000 	 -1000.0000 	 -1000.0000 	 -1000.0000 
	 79.9240 	 1.340407e-04 	 117.3400 	  1.2425 	 8.292486e+18 	 1.097655e+17 	 4.711168e-07 	 5.686373e-07 	 -1000.0000 	 -1000.0000 	 -1000.0000 	 -1000.0000 
	 80.0700 	 1.310210e-04 	 117.5577 	  1.2448 	 8.094810e+18 	 1.071883e+17 	 4.754421e-07 	 5.801064e-07 	 -1000.0000 	 -1000.0000 	 -1000.0000 	 -1000.0000 
	 80.2160 	 1.280739e-04 	 117.8046 	  1.2475 	 7.899850e+18 	 1.046596e+17 	 4.798026e-07 	 5.918088e-07 	 -1000.0000 	 -1000.0000 	 -1000.0000 	 -1000.0000 
	 80.3610 	 1.252174e-04 	 118.0764 	  1.2503 	 7.709034e+18 	 1.021943e+17 	 4.841768e-07 	 6.036820e-07 	 -1000.0000 	 -1000.0000 	 -1000.0000 	 -1000.0000 
	 80.5070 	 1.224106e-04 	 118.3747 	  1.2533 	 7.519851e+18 	 9.975644e+16 	 4.886338e-07 	 6.159102e-07 	 -1000.0000 	 -1000.0000 	 -1000.0000 	 -1000.0000 
	 82.9480 	 8.453647e-05 	 124.8319 	  1.2046 	 4.907043e+18 	 6.379651e+16 	 5.791131e-07 	 8.796781e-07 	 -1000.0000 	 -1000.0000 	 -1000.0000 	 -1000.0000 
	 83.0930 	 8.274712e-05 	 125.1663 	  1.1912 	 4.790143e+18 	 6.188978e+16 	 5.858007e-07 	 8.998037e-07 	 -1000.0000 	 -1000.0000 	 -1000.0000 	 -1000.0000 
	 83.2390 	 8.098824e-05 	 125.4770 	  1.1774 	 4.676789e+18 	 6.002179e+16 	 5.926509e-07 	 9.205683e-07 	 -1000.0000 	 -1000.0000 	 -1000.0000 	 -1000.0000 
	 83.3840 	 7.928234e-05 	 125.7556 	  1.1637 	 4.568405e+18 	 5.822881e+16 	 5.995497e-07 	 9.416644e-07 	 -1000.0000 	 -1000.0000 	 -1000.0000 	 -1000.0000 
	 83.5290 	 7.761560e-05 	 126.0002 	  1.1504 	 4.464077e+18 	 5.650846e+16 	 6.065236e-07 	 9.632096e-07 	 -1000.0000 	 -1000.0000 	 -1000.0000 	 -1000.0000 
	 84.4620 	 6.772275e-05 	 126.4974 	  1.1000 	 3.881108e+18 	 4.783390e+16 	 6.520096e-07 	 1.111386e-06 	 -1000.0000 	 -1000.0000 	 -1000.0000 	 -1000.0000 
	 84.6070 	 6.630094e-05 	 126.3940 	  1.0995 	 3.802642e+18 	 4.688794e+16 	 6.591950e-07 	 1.136086e-06 	 -1000.0000 	 -1000.0000 	 -1000.0000 	 -1000.0000 
	 84.7510 	 6.491727e-05 	 126.2508 	  1.1007 	 3.727421e+18 	 4.603382e+16 	 6.664516e-07 	 1.161263e-06 	 -1000.0000 	 -1000.0000 	 -1000.0000 	 -1000.0000 
	 84.8960 	 6.355176e-05 	 126.0698 	  1.1033 	 3.654201e+18 	 4.524860e+16 	 6.739214e-07 	 1.187357e-06 	 -1000.0000 	 -1000.0000 	 -1000.0000 	 -1000.0000 
	 85.0410 	 6.221336e-05 	 125.8559 	  1.1072 	 3.583313e+18 	 4.452738e+16 	 6.815958e-07 	 1.214283e-06 	 -1000.0000 	 -1000.0000 	 -1000.0000 	 -1000.0000 
	 85.9660 	 5.426443e-05 	 123.9728 	  1.1478 	 3.173143e+18 	 4.072388e+16 	 7.375551e-07 	 1.410492e-06 	 -1000.0000 	 -1000.0000 	 -1000.0000 	 -1000.0000 
	 86.1100 	 5.311239e-05 	 123.6325 	  1.1546 	 3.114290e+18 	 4.017400e+16 	 7.470716e-07 	 1.444462e-06 	 -1000.0000 	 -1000.0000 	 -1000.0000 	 -1000.0000 
	 86.2540 	 5.198226e-05 	 123.2860 	  1.1611 	 3.056559e+18 	 3.962523e+16 	 7.564710e-07 	 1.478788e-06 	 -1000.0000 	 -1000.0000 	 -1000.0000 	 -1000.0000 
	 86.3990 	 5.086608e-05 	 122.9327 	  1.1671 	 2.999500e+18 	 3.907134e+16 	 7.656685e-07 	 1.513457e-06 	 -1000.0000 	 -1000.0000 	 -1000.0000 	 -1000.0000 
	 86.5430 	 4.977892e-05 	 122.5796 	  1.1724 	 2.943840e+18 	 3.851757e+16 	 7.743886e-07 	 1.547735e-06 	 -1000.0000 	 -1000.0000 	 -1000.0000 	 -1000.0000 
	 87.4800 	 4.320084e-05 	 120.3581 	  1.1802 	 2.602151e+18 	 3.467634e+16 	 8.110945e-07 	 1.749279e-06 	 -1000.0000 	 -1000.0000 	 -1000.0000 	 -1000.0000 
	 87.6230 	 4.226898e-05 	 120.0423 	  1.1774 	 2.552731e+18 	 3.405360e+16 	 8.124748e-07 	 1.773778e-06 	 -1000.0000 	 -1000.0000 	 -1000.0000 	 -1000.0000 
	 87.7670 	 4.134890e-05 	 119.7302 	  1.1742 	 2.503678e+18 	 3.342606e+16 	 8.125705e-07 	 1.795863e-06 	 -1000.0000 	 -1000.0000 	 -1000.0000 	 -1000.0000 
	 87.9110 	 4.044683e-05 	 119.4234 	  1.1709 	 2.455343e+18 	 3.280242e+16 	 8.113257e-07 	 1.815020e-06 	 -1000.0000 	 -1000.0000 	 -1000.0000 	 -1000.0000 
	 88.0550 	 3.956241e-05 	 119.1213 	  1.1678 	 2.407730e+18 	 3.218702e+16 	 8.086988e-07 	 1.830917e-06 	 -1000.0000 	 -1000.0000 	 -1000.0000 	 -1000.0000 
	 88.9830 	 3.426282e-05 	 117.2541 	  1.1735 	 2.118404e+18 	 2.869719e+16 	 7.562577e-07 	 1.834415e-06 	 -1000.0000 	 -1000.0000 	 -1000.0000 	 -1000.0000 
	 89.1270 	 3.349933e-05 	 116.9729 	  1.1800 	 2.076220e+18 	 2.825304e+16 	 7.427502e-07 	 1.818572e-06 	 -1000.0000 	 -1000.0000 	 -1000.0000 	 -1000.0000 
	 89.2700 	 3.275612e-05 	 116.6957 	  1.1878 	 2.035031e+18 	 2.783593e+16 	 7.281556e-07 	 1.799115e-06 	 -1000.0000 	 -1000.0000 	 -1000.0000 	 -1000.0000 
	 89.4130 	 3.202763e-05 	 116.4204 	  1.1969 	 1.994535e+18 	 2.744112e+16 	 7.124962e-07 	 1.776272e-06 	 -1000.0000 	 -1000.0000 	 -1000.0000 	 -1000.0000 
	 89.5570 	 3.130869e-05 	 116.1451 	  1.2070 	 1.954446e+18 	 2.706448e+16 	 6.957657e-07 	 1.750178e-06 	 -1000.0000 	 -1000.0000 	 -1000.0000 	 -1000.0000 
	 93.4410 	 1.666222e-05 	 109.3573 	  1.4450 	 1.104401e+18 	 1.899703e+16 	 2.930883e-07 	 1.095545e-06 	 -1000.0000 	 -1000.0000 	 -1000.0000 	 -1000.0000 
	 93.5830 	 1.627145e-05 	 109.1422 	  1.4380 	 1.080592e+18 	 1.858601e+16 	 2.935616e-07 	 1.113819e-06 	 -1000.0000 	 -1000.0000 	 -1000.0000 	 -1000.0000 
	 93.7260 	 1.588659e-05 	 108.9375 	  1.4302 	 1.057001e+18 	 1.816425e+16 	 2.951191e-07 	 1.135478e-06 	 -1000.0000 	 -1000.0000 	 -1000.0000 	 -1000.0000 
	 93.8680 	 1.551295e-05 	 108.7494 	  1.4221 	 1.033931e+18 	 1.774096e+16 	 2.975176e-07 	 1.159635e-06 	 -1000.0000 	 -1000.0000 	 -1000.0000 	 -1000.0000 
	 94.0100 	 1.514773e-05 	 108.5794 	  1.4141 	 1.011193e+18 	 1.731652e+16 	 3.005430e-07 	 1.185846e-06 	 -1000.0000 	 -1000.0000 	 -1000.0000 	 -1000.0000 
