	 height_(km) 	 press_(mbar) 	 temp_(K) 	 temperr_(K) 	 numdens_(m-3) 	 numdenserr_(m-3) 	 H2Ovmr_() 	 H2Ovmrerr_() 	 D/H_(VSMOW) 	 D/Herr_(VSMOW) 	 18O/16O_(VSMOW) 	 18O/16Oerr_(VSMOW) 
	  6.9290 	 1.772275e+00 	 154.1681 	  3.4192 	 8.330245e+22 	 1.926932e+21 	 4.464883e-06 	 8.451014e-07 	  3.0005 	  0.9262 	  0.7936 	  0.2407 
	  7.0830 	 1.738098e+00 	 154.8715 	  3.4215 	 8.134142e+22 	 1.845923e+21 	 4.782896e-06 	 8.979711e-07 	  2.9621 	  0.8976 	  0.7867 	  0.2342 
	  7.2370 	 1.704739e+00 	 155.5576 	  3.3867 	 7.943959e+22 	 1.757992e+21 	 5.126485e-06 	 1.008661e-06 	  2.9272 	  0.8900 	  0.7804 	  0.2332 
	  7.3910 	 1.672177e+00 	 156.2277 	  3.3190 	 7.759499e+22 	 1.664364e+21 	 5.497095e-06 	 1.120688e-06 	  2.8953 	  0.8804 	  0.7746 	  0.2317 
	  7.5450 	 1.640387e+00 	 156.8832 	  3.2225 	 7.580560e+22 	 1.566268e+21 	 5.896056e-06 	 1.233362e-06 	  2.8663 	  0.8688 	  0.7692 	  0.2294 
	  7.9260 	 1.564916e+00 	 158.4508 	  2.8864 	 7.160314e+22 	 1.312239e+21 	 7.011930e-06 	 1.510421e-06 	  2.8066 	  0.8320 	  0.7576 	  0.2211 
	  8.0800 	 1.535637e+00 	 159.0660 	  2.7219 	 6.999008e+22 	 1.208156e+21 	 7.517017e-06 	 1.619801e-06 	  2.7871 	  0.8143 	  0.7536 	  0.2168 
	  8.2340 	 1.507028e+00 	 159.6727 	  2.5471 	 6.842332e+22 	 1.105096e+21 	 8.053717e-06 	 1.726517e-06 	  2.7703 	  0.7952 	  0.7500 	  0.2119 
	  8.3890 	 1.478889e+00 	 160.2760 	  2.3648 	 6.689111e+22 	 1.003640e+21 	 8.625608e-06 	 1.830429e-06 	  2.7562 	  0.7750 	  0.7467 	  0.2067 
	  8.5430 	 1.451560e+00 	 160.8695 	  2.1816 	 6.541121e+22 	 9.063323e+20 	 9.224610e-06 	 1.929413e-06 	  2.7448 	  0.7542 	  0.7439 	  0.2012 
	  8.9290 	 1.385660e+00 	 162.3403 	  1.7406 	 6.187450e+22 	 6.858443e+20 	 1.085112e-05 	 2.154332e-06 	  2.7289 	  0.7002 	  0.7387 	  0.1865 
	  9.0830 	 1.360346e+00 	 162.9239 	  1.5828 	 6.052710e+22 	 6.104510e+20 	 1.154375e-05 	 2.233489e-06 	  2.7277 	  0.6788 	  0.7374 	  0.1805 
	  9.2370 	 1.335555e+00 	 163.5077 	  1.4414 	 5.921300e+22 	 5.440726e+20 	 1.225692e-05 	 2.306185e-06 	  2.7296 	  0.6577 	  0.7366 	  0.1745 
	  9.3910 	 1.311265e+00 	 164.0930 	  1.3207 	 5.793020e+22 	 4.879331e+20 	 1.298850e-05 	 2.371381e-06 	  2.7342 	  0.6370 	  0.7363 	  0.1686 
	  9.5450 	 1.287462e+00 	 164.6795 	  1.2232 	 5.667757e+22 	 4.425835e+20 	 1.373760e-05 	 2.426822e-06 	  2.7413 	  0.6163 	  0.7366 	  0.1627 
	  9.9230 	 1.231106e+00 	 166.0953 	  1.0758 	 5.373644e+22 	 3.706494e+20 	 1.566084e-05 	 2.513544e-06 	  2.7638 	  0.5643 	  0.7392 	  0.1482 
	 10.0760 	 1.209141e+00 	 166.6465 	  1.0499 	 5.260263e+22 	 3.545292e+20 	 1.648396e-05 	 2.530943e-06 	  2.7725 	  0.5427 	  0.7409 	  0.1423 
	 10.2290 	 1.187670e+00 	 167.1780 	  1.0416 	 5.150300e+22 	 3.442217e+20 	 1.734207e-05 	 2.540635e-06 	  2.7795 	  0.5210 	  0.7428 	  0.1366 
	 10.3830 	 1.166560e+00 	 167.6882 	  1.0497 	 5.043177e+22 	 3.385783e+20 	 1.824954e-05 	 2.544403e-06 	  2.7839 	  0.4992 	  0.7449 	  0.1313 
	 10.5360 	 1.146081e+00 	 168.1692 	  1.0718 	 4.940268e+22 	 3.365055e+20 	 1.920305e-05 	 2.544331e-06 	  2.7855 	  0.4779 	  0.7472 	  0.1267 
	 10.9260 	 1.095951e+00 	 169.3432 	  1.1570 	 4.691218e+22 	 3.384499e+20 	 2.192341e-05 	 2.514161e-06 	  2.7780 	  0.4237 	  0.7546 	  0.1148 
	 11.0790 	 1.077028e+00 	 169.8115 	  1.1876 	 4.597595e+22 	 3.386066e+20 	 2.312850e-05 	 2.470396e-06 	  2.7710 	  0.4011 	  0.7585 	  0.1095 
	 11.2320 	 1.058484e+00 	 170.3001 	  1.2084 	 4.505639e+22 	 3.364821e+20 	 2.442303e-05 	 2.393478e-06 	  2.7624 	  0.3770 	  0.7630 	  0.1033 
	 11.3850 	 1.040294e+00 	 170.8196 	  1.2142 	 4.414931e+22 	 3.307978e+20 	 2.580567e-05 	 2.277779e-06 	  2.7531 	  0.3519 	  0.7683 	  0.0963 
	 11.5380 	 1.022439e+00 	 171.3769 	  1.2018 	 4.325184e+22 	 3.207962e+20 	 2.726519e-05 	 2.123479e-06 	  2.7445 	  0.3267 	  0.7744 	  0.0895 
	 11.9330 	 9.778832e-01 	 172.9626 	  1.1094 	 4.098829e+22 	 2.813746e+20 	 3.121324e-05 	 1.856372e-06 	  2.7378 	  0.2817 	  0.7947 	  0.0789 
	 12.0860 	 9.612270e-01 	 173.6192 	  1.0617 	 4.013701e+22 	 2.638193e+20 	 3.271931e-05 	 1.893383e-06 	  2.7460 	  0.2747 	  0.8047 	  0.0777 
	 12.2390 	 9.449097e-01 	 174.2914 	  1.0138 	 3.930262e+22 	 2.466531e+20 	 3.415602e-05 	 1.918750e-06 	  2.7629 	  0.2682 	  0.8159 	  0.0764 
	 12.3930 	 9.288295e-01 	 174.9785 	  0.9695 	 3.848161e+22 	 2.308697e+20 	 3.550062e-05 	 1.931616e-06 	  2.7897 	  0.2623 	  0.8286 	  0.0751 
	 12.5460 	 9.131937e-01 	 175.6649 	  0.9322 	 3.768617e+22 	 2.173856e+20 	 3.671384e-05 	 1.932392e-06 	  2.8272 	  0.2570 	  0.8429 	  0.0738 
	 12.9260 	 8.757625e-01 	 177.3246 	  0.8637 	 3.580397e+22 	 1.918562e+20 	 3.918962e-05 	 1.896266e-06 	  2.9684 	  0.2472 	  0.8854 	  0.0711 
	 13.0790 	 8.612289e-01 	 177.9493 	  0.8430 	 3.508610e+22 	 1.839486e+20 	 3.999276e-05 	 1.873228e-06 	  3.0441 	  0.2446 	  0.9051 	  0.0701 
	 13.2320 	 8.469881e-01 	 178.5343 	  0.8248 	 3.439250e+22 	 1.769236e+20 	 4.070483e-05 	 1.849340e-06 	  3.1299 	  0.2427 	  0.9262 	  0.0693 
	 13.3850 	 8.330295e-01 	 179.0699 	  0.8079 	 3.372409e+22 	 1.704609e+20 	 4.134717e-05 	 1.827133e-06 	  3.2242 	  0.2416 	  0.9481 	  0.0687 
	 13.5380 	 8.193421e-01 	 179.5487 	  0.7917 	 3.308120e+22 	 1.643287e+20 	 4.194568e-05 	 1.808824e-06 	  3.3243 	  0.2412 	  0.9701 	  0.0682 
	 13.9260 	 7.857616e-01 	 180.5078 	  0.7552 	 3.155694e+22 	 1.504040e+20 	 4.334878e-05 	 1.786921e-06 	  3.5852 	  0.2429 	  1.0223 	  0.0678 
	 14.0790 	 7.729311e-01 	 180.7871 	  0.7437 	 3.099395e+22 	 1.456829e+20 	 4.386930e-05 	 1.789001e-06 	  3.6837 	  0.2447 	  1.0399 	  0.0683 
	 14.2320 	 7.603138e-01 	 181.0113 	  0.7345 	 3.045037e+22 	 1.414699e+20 	 4.437670e-05 	 1.797477e-06 	  3.7754 	  0.2471 	  1.0551 	  0.0685 
	 14.3850 	 7.478969e-01 	 181.1810 	  0.7279 	 2.992480e+22 	 1.378129e+20 	 4.487408e-05 	 1.811936e-06 	  3.8582 	  0.2501 	  1.0672 	  0.0681 
	 14.5380 	 7.356724e-01 	 181.3003 	  0.7240 	 2.941572e+22 	 1.347165e+20 	 4.536173e-05 	 1.831381e-06 	  3.9311 	  0.2537 	  1.0764 	  0.0685 
	 14.9160 	 7.063192e-01 	 181.4521 	  0.7229 	 2.821744e+22 	 1.288488e+20 	 4.651339e-05 	 1.892136e-06 	  4.0744 	  0.2636 	  1.0884 	  0.0699 
	 15.0690 	 6.947935e-01 	 181.4874 	  0.7246 	 2.775184e+22 	 1.269204e+20 	 4.695573e-05 	 1.918527e-06 	  4.1206 	  0.2677 	  1.0901 	  0.0704 
	 15.2220 	 6.834795e-01 	 181.5257 	  0.7266 	 2.729478e+22 	 1.250912e+20 	 4.738164e-05 	 1.944070e-06 	  4.1621 	  0.2714 	  1.0905 	  0.0708 
	 15.3750 	 6.723819e-01 	 181.5793 	  0.7285 	 2.684445e+22 	 1.232548e+20 	 4.777915e-05 	 1.967824e-06 	  4.2006 	  0.2750 	  1.0903 	  0.0712 
	 15.5280 	 6.615016e-01 	 181.6562 	  0.7298 	 2.639961e+22 	 1.213371e+20 	 4.813163e-05 	 1.989158e-06 	  4.2378 	  0.2782 	  1.0900 	  0.0715 
	 15.9130 	 6.350179e-01 	 181.9234 	  0.7311 	 2.530610e+22 	 1.162636e+20 	 4.877409e-05 	 2.031551e-06 	  4.3219 	  0.2856 	  1.0887 	  0.0720 
	 16.0650 	 6.248856e-01 	 182.0432 	  0.7312 	 2.488565e+22 	 1.142326e+20 	 4.891652e-05 	 2.044095e-06 	  4.3497 	  0.2882 	  1.0880 	  0.0722 
	 16.2170 	 6.149202e-01 	 182.1627 	  0.7312 	 2.447218e+22 	 1.122251e+20 	 4.898821e-05 	 2.054458e-06 	  4.3738 	  0.2907 	  1.0874 	  0.0724 
	 16.3690 	 6.051108e-01 	 182.2763 	  0.7314 	 2.406609e+22 	 1.102672e+20 	 4.899812e-05 	 2.062854e-06 	  4.3930 	  0.2930 	  1.0867 	  0.0727 
	 16.5210 	 5.954489e-01 	 182.3815 	  0.7317 	 2.366750e+22 	 1.083754e+20 	 4.896413e-05 	 2.283261e-06 	  4.4060 	  0.3075 	  1.0857 	  0.0760 
	 16.9030 	 5.718058e-01 	 182.6413 	  0.7330 	 2.269466e+22 	 1.038595e+20 	 4.879366e-05 	 2.667754e-06 	  4.4109 	  0.3346 	  1.0814 	  0.0821 
	 17.0550 	 5.626488e-01 	 182.7579 	  0.7337 	 2.231720e+22 	 1.021296e+20 	 4.873383e-05 	 2.748292e-06 	  4.4025 	  0.3404 	  1.0789 	  0.0835 
	 17.2070 	 5.536326e-01 	 182.8907 	  0.7345 	 2.194415e+22 	 1.004219e+20 	 4.870065e-05 	 2.796490e-06 	  4.3889 	  0.3437 	  1.0759 	  0.0843 
	 17.3590 	 5.447558e-01 	 183.0453 	  0.7352 	 2.157482e+22 	 9.872601e+19 	 4.870528e-05 	 2.814794e-06 	  4.3709 	  0.3446 	  1.0724 	  0.0845 
	 17.5110 	 5.360180e-01 	 183.2235 	  0.7360 	 2.120895e+22 	 9.703786e+19 	 4.875509e-05 	 2.803915e-06 	  4.3495 	  0.3433 	  1.0685 	  0.0842 
	 17.9030 	 5.141436e-01 	 183.7142 	  0.7387 	 2.029004e+22 	 9.284152e+19 	 4.908345e-05 	 2.697060e-06 	  4.2863 	  0.3337 	  1.0574 	  0.0820 
	 18.0550 	 5.059252e-01 	 183.8823 	  0.7403 	 1.994713e+22 	 9.132923e+19 	 4.927336e-05 	 2.660111e-06 	  4.2620 	  0.3302 	  1.0534 	  0.0812 
	 18.2070 	 4.978586e-01 	 184.0190 	  0.7425 	 1.961383e+22 	 8.991122e+19 	 4.948715e-05 	 2.645101e-06 	  4.2396 	  0.3280 	  1.0499 	  0.0808 
	 18.3590 	 4.899465e-01 	 184.1118 	  0.7452 	 1.929157e+22 	 8.860719e+19 	 4.971116e-05 	 2.658100e-06 	  4.2207 	  0.3275 	  1.0473 	  0.0807 
	 18.5110 	 4.821886e-01 	 184.1540 	  0.7486 	 1.898097e+22 	 8.742333e+19 	 4.993126e-05 	 2.702340e-06 	  4.2064 	  0.3291 	  1.0456 	  0.0812 
	 18.8960 	 4.631619e-01 	 184.1100 	  0.7581 	 1.823576e+22 	 8.473712e+19 	 5.042913e-05 	 2.916807e-06 	  4.1967 	  0.3405 	  1.0465 	  0.0842 
	 19.0480 	 4.558672e-01 	 184.0674 	  0.7613 	 1.795306e+22 	 8.369968e+19 	 5.059632e-05 	 3.014249e-06 	  4.2046 	  0.3467 	  1.0487 	  0.0857 
	 19.2000 	 4.486790e-01 	 184.0300 	  0.7638 	 1.767414e+22 	 8.261855e+19 	 5.074763e-05 	 3.104804e-06 	  4.2196 	  0.3531 	  1.0518 	  0.0872 
	 19.3510 	 4.416329e-01 	 184.0109 	  0.7653 	 1.739898e+22 	 8.146423e+19 	 5.089075e-05 	 3.188929e-06 	  4.2409 	  0.3596 	  1.0555 	  0.0887 
	 19.5030 	 4.346285e-01 	 184.0185 	  0.7656 	 1.712275e+22 	 8.020340e+19 	 5.103867e-05 	 3.272343e-06 	  4.2674 	  0.3666 	  1.0597 	  0.0902 
	 19.8860 	 4.173988e-01 	 184.1399 	  0.7643 	 1.643326e+22 	 7.682698e+19 	 5.148551e-05 	 3.521517e-06 	  4.3474 	  0.3876 	  1.0712 	  0.0948 
	 20.0380 	 4.107406e-01 	 184.2188 	  0.7645 	 1.616400e+22 	 7.551806e+19 	 5.171058e-05 	 3.655093e-06 	  4.3805 	  0.3982 	  1.0759 	  0.0971 
	 20.1900 	 4.041922e-01 	 184.3095 	  0.7658 	 1.589821e+22 	 7.428944e+19 	 5.197061e-05 	 3.817970e-06 	  4.4123 	  0.4105 	  1.0805 	  0.0998 
	 20.3410 	 3.978003e-01 	 184.4077 	  0.7688 	 1.563827e+22 	 7.318945e+19 	 5.226397e-05 	 4.011214e-06 	  4.4422 	  0.4247 	  1.0849 	  0.1031 
	 20.4930 	 3.914835e-01 	 184.5113 	  0.7738 	 1.538123e+22 	 7.223015e+19 	 5.259246e-05 	 4.235308e-06 	  4.4701 	  0.4407 	  1.0893 	  0.1068 
	 20.8800 	 3.759148e-01 	 184.7878 	  0.7937 	 1.474769e+22 	 7.032845e+19 	 5.360534e-05 	 4.879544e-06 	  4.5278 	  0.4853 	  1.0988 	  0.1172 
	 21.0310 	 3.700318e-01 	 184.8973 	  0.8033 	 1.450845e+22 	 6.973301e+19 	 5.409020e-05 	 5.130879e-06 	  4.5429 	  0.5017 	  1.1012 	  0.1210 
	 21.1820 	 3.642515e-01 	 185.0058 	  0.8132 	 1.427359e+22 	 6.918397e+19 	 5.464001e-05 	 5.365482e-06 	  4.5525 	  0.5159 	  1.1026 	  0.1244 
	 21.3340 	 3.585335e-01 	 185.1129 	  0.8233 	 1.404151e+22 	 6.865426e+19 	 5.527061e-05 	 5.572221e-06 	  4.5555 	  0.5268 	  1.1026 	  0.1269 
	 21.4850 	 3.529498e-01 	 185.2159 	  0.8329 	 1.381522e+22 	 6.812713e+19 	 5.598453e-05 	 5.736809e-06 	  4.5510 	  0.5332 	  1.1010 	  0.1284 
	 22.8600 	 3.060190e-01 	 185.8517 	  0.8522 	 1.193619e+22 	 5.984498e+19 	 6.501029e-05 	 5.621296e-06 	  4.3112 	  0.4512 	  1.0466 	  0.1087 
	 23.0110 	 3.012515e-01 	 185.9132 	  0.8480 	 1.174643e+22 	 5.859870e+19 	 6.598324e-05 	 5.441981e-06 	  4.2851 	  0.4345 	  1.0412 	  0.1047 
	 23.1620 	 2.965558e-01 	 185.9899 	  0.8449 	 1.155875e+22 	 5.741746e+19 	 6.687685e-05 	 5.224537e-06 	  4.2633 	  0.4172 	  1.0370 	  0.1005 
	 23.3140 	 2.919006e-01 	 186.0881 	  0.8436 	 1.137154e+22 	 5.634117e+19 	 6.766485e-05 	 4.967566e-06 	  4.2468 	  0.3994 	  1.0341 	  0.0961 
	 23.4650 	 2.873467e-01 	 186.2090 	  0.8446 	 1.118711e+22 	 5.541120e+19 	 6.830244e-05 	 4.677865e-06 	  4.2366 	  0.3817 	  1.0329 	  0.0918 
	 23.8430 	 2.762571e-01 	 186.5729 	  0.8543 	 1.073462e+22 	 5.353012e+19 	 6.906640e-05 	 3.859590e-06 	  4.2400 	  0.3408 	  1.0384 	  0.0819 
	 23.9940 	 2.719520e-01 	 186.7243 	  0.8595 	 1.055868e+22 	 5.287936e+19 	 6.897499e-05 	 3.528605e-06 	  4.2530 	  0.3272 	  1.0443 	  0.0786 
	 24.1450 	 2.677189e-01 	 186.8686 	  0.8646 	 1.038614e+22 	 5.224162e+19 	 6.862835e-05 	 3.230438e-06 	  4.2728 	  0.3164 	  1.0524 	  0.0760 
	 24.2960 	 2.635581e-01 	 186.9989 	  0.8691 	 1.021742e+22 	 5.158730e+19 	 6.803145e-05 	 3.028151e-06 	  4.2993 	  0.3106 	  1.0627 	  0.0747 
	 24.4470 	 2.594695e-01 	 187.1100 	  0.8725 	 1.005281e+22 	 5.089588e+19 	 6.721427e-05 	 3.001936e-06 	  4.3316 	  0.3126 	  1.0748 	  0.0754 
	 24.8330 	 2.493358e-01 	 187.3118 	  0.8775 	 9.649725e+21 	 4.901222e+19 	 6.453133e-05 	 3.754952e-06 	  4.4266 	  0.3584 	  1.1102 	  0.0877 
	 24.9840 	 2.454916e-01 	 187.3622 	  0.8786 	 9.498443e+21 	 4.825900e+19 	 6.342268e-05 	 4.196749e-06 	  4.4616 	  0.3874 	  1.1238 	  0.0954 
	 25.1350 	 2.417124e-01 	 187.3987 	  0.8794 	 9.350467e+21 	 4.751294e+19 	 6.237451e-05 	 4.632123e-06 	  4.4912 	  0.4181 	  1.1360 	  0.1036 
	 25.2860 	 2.379966e-01 	 187.4226 	  0.8801 	 9.205602e+21 	 4.678481e+19 	 6.143274e-05 	 5.016621e-06 	  4.5131 	  0.4470 	  1.1463 	  0.1114 
	 25.4370 	 2.343424e-01 	 187.4352 	  0.8810 	 9.063671e+21 	 4.608278e+19 	 6.062602e-05 	 5.323828e-06 	  4.5259 	  0.4714 	  1.1545 	  0.1181 
	 25.8170 	 2.254037e-01 	 187.4216 	  0.8844 	 8.718545e+21 	 4.443765e+19 	 5.922277e-05 	 5.758040e-06 	  4.5217 	  0.5073 	  1.1653 	  0.1286 
	 25.9670 	 2.219705e-01 	 187.4003 	  0.8862 	 8.586709e+21 	 4.383656e+19 	 5.889883e-05 	 5.814003e-06 	  4.5092 	  0.5118 	  1.1664 	  0.1302 
	 26.1170 	 2.185877e-01 	 187.3712 	  0.8885 	 8.457163e+21 	 4.326304e+19 	 5.868827e-05 	 5.802479e-06 	  4.4931 	  0.5108 	  1.1662 	  0.1303 
	 26.2680 	 2.152311e-01 	 187.3346 	  0.8913 	 8.328933e+21 	 4.271372e+19 	 5.857849e-05 	 5.720132e-06 	  4.4745 	  0.5041 	  1.1648 	  0.1289 
	 26.4180 	 2.119430e-01 	 187.2912 	  0.8945 	 8.203621e+21 	 4.219417e+19 	 5.855128e-05 	 5.572680e-06 	  4.4549 	  0.4927 	  1.1625 	  0.1261 
	 26.8070 	 2.036277e-01 	 187.1351 	  0.9034 	 7.888394e+21 	 4.091323e+19 	 5.866617e-05 	 4.981721e-06 	  4.4079 	  0.4505 	  1.1544 	  0.1152 
	 26.9570 	 2.005017e-01 	 187.0532 	  0.9065 	 7.770693e+21 	 4.042174e+19 	 5.871073e-05 	 4.717201e-06 	  4.3943 	  0.4333 	  1.1513 	  0.1106 
	 27.1070 	 1.974199e-01 	 186.9565 	  0.9089 	 7.655187e+21 	 3.991871e+19 	 5.872201e-05 	 4.466398e-06 	  4.3845 	  0.4179 	  1.1486 	  0.1064 
	 27.2580 	 1.943617e-01 	 186.8425 	  0.9104 	 7.541163e+21 	 3.939216e+19 	 5.867557e-05 	 4.247348e-06 	  4.3793 	  0.4057 	  1.1464 	  0.1030 
	 27.4080 	 1.913672e-01 	 186.7122 	  0.9109 	 7.430114e+21 	 3.884301e+19 	 5.855354e-05 	 4.074704e-06 	  4.3797 	  0.3972 	  1.1450 	  0.1005 
	 27.9470 	 1.809531e-01 	 186.1638 	  0.9054 	 7.046454e+21 	 3.668825e+19 	 5.745829e-05 	 3.727547e-06 	  4.4190 	  0.3895 	  1.1459 	  0.0974 
	 28.0970 	 1.781481e-01 	 186.0075 	  0.9021 	 6.943092e+21 	 3.605060e+19 	 5.698703e-05 	 3.647347e-06 	  4.4372 	  0.3896 	  1.1474 	  0.0971 
	 28.2480 	 1.753639e-01 	 185.8566 	  0.8983 	 6.840155e+21 	 3.539752e+19 	 5.645670e-05 	 3.555052e-06 	  4.4568 	  0.3895 	  1.1491 	  0.0967 
	 28.3980 	 1.726374e-01 	 185.7169 	  0.8940 	 6.738865e+21 	 3.474182e+19 	 5.588985e-05 	 3.449167e-06 	  4.4760 	  0.3887 	  1.1510 	  0.0961 
	 28.7770 	 1.659331e-01 	 185.4222 	  0.8829 	 6.487407e+21 	 3.310436e+19 	 5.435802e-05 	 3.114049e-06 	  4.5167 	  0.3827 	  1.1557 	  0.0938 
	 28.9270 	 1.633575e-01 	 185.3333 	  0.8791 	 6.389768e+21 	 3.248459e+19 	 5.372697e-05 	 2.960306e-06 	  4.5283 	  0.3790 	  1.1574 	  0.0925 
	 29.0770 	 1.608288e-01 	 185.2628 	  0.8760 	 6.293264e+21 	 3.189261e+19 	 5.308843e-05 	 2.796746e-06 	  4.5365 	  0.3745 	  1.1591 	  0.0911 
	 29.2280 	 1.583322e-01 	 185.2121 	  0.8739 	 6.197305e+21 	 3.133259e+19 	 5.244403e-05 	 2.623039e-06 	  4.5407 	  0.3692 	  1.1604 	  0.0896 
	 29.3780 	 1.559012e-01 	 185.1820 	  0.8729 	 6.103202e+21 	 3.081644e+19 	 5.180865e-05 	 2.443335e-06 	  4.5406 	  0.3634 	  1.1613 	  0.0879 
	 29.7600 	 1.499053e-01 	 185.1612 	  0.8741 	 5.869197e+21 	 2.964537e+19 	 5.025229e-05 	 2.015083e-06 	  4.5204 	  0.3498 	  1.1607 	  0.0841 
	 29.9100 	 1.476159e-01 	 185.1595 	  0.8755 	 5.779583e+21 	 2.922425e+19 	 4.969094e-05 	 1.889464e-06 	  4.5037 	  0.3463 	  1.1588 	  0.0831 
	 30.0600 	 1.453567e-01 	 185.1529 	  0.8770 	 5.691281e+21 	 2.881507e+19 	 4.916847e-05 	 1.806758e-06 	  4.4819 	  0.3445 	  1.1559 	  0.0826 
	 30.2100 	 1.431234e-01 	 185.1356 	  0.8784 	 5.604314e+21 	 2.841128e+19 	 4.868117e-05 	 1.767592e-06 	  4.4563 	  0.3444 	  1.1522 	  0.0826 
	 30.3600 	 1.409133e-01 	 185.1033 	  0.8797 	 5.518708e+21 	 2.800851e+19 	 4.822098e-05 	 1.763258e-06 	  4.4284 	  0.3456 	  1.1481 	  0.0830 
	 30.7430 	 1.353862e-01 	 184.9508 	  0.8823 	 5.306638e+21 	 2.700151e+19 	 4.710358e-05 	 1.801456e-06 	  4.3582 	  0.3510 	  1.1385 	  0.0848 
	 30.8930 	 1.332730e-01 	 184.8645 	  0.8835 	 5.226269e+21 	 2.662418e+19 	 4.665779e-05 	 1.791575e-06 	  4.3359 	  0.3524 	  1.1361 	  0.0853 
	 31.0430 	 1.311921e-01 	 184.7636 	  0.8849 	 5.147489e+21 	 2.626132e+19 	 4.619411e-05 	 1.750461e-06 	  4.3189 	  0.3536 	  1.1351 	  0.0855 
	 31.1920 	 1.291592e-01 	 184.6493 	  0.8867 	 5.070860e+21 	 2.591840e+19 	 4.571929e-05 	 1.688452e-06 	  4.3074 	  0.3567 	  1.1353 	  0.0855 
	 31.3420 	 1.271484e-01 	 184.5208 	  0.8889 	 4.995361e+21 	 2.559242e+19 	 4.523475e-05 	 1.621177e-06 	  4.3007 	  0.3593 	  1.1368 	  0.0855 
	 31.7300 	 1.221045e-01 	 184.1486 	  0.8958 	 4.806823e+21 	 2.481216e+19 	 4.400886e-05 	 1.531141e-06 	  4.3026 	  0.3652 	  1.1445 	  0.0869 
	 31.8800 	 1.202110e-01 	 183.9984 	  0.8985 	 4.736151e+21 	 2.452282e+19 	 4.355742e-05 	 1.552980e-06 	  4.3104 	  0.3676 	  1.1487 	  0.0881 
	 32.0300 	 1.183466e-01 	 183.8500 	  0.9010 	 4.666495e+21 	 2.423364e+19 	 4.312164e-05 	 1.601704e-06 	  4.3223 	  0.3699 	  1.1535 	  0.0898 
	 32.1800 	 1.165097e-01 	 183.7066 	  0.9031 	 4.597711e+21 	 2.394023e+19 	 4.270169e-05 	 1.666377e-06 	  4.3380 	  0.3739 	  1.1588 	  0.0917 
	 32.3300 	 1.146991e-01 	 183.5689 	  0.9049 	 4.529726e+21 	 2.364142e+19 	 4.230201e-05 	 1.737333e-06 	  4.3568 	  0.3813 	  1.1646 	  0.0940 
	 32.7030 	 1.103066e-01 	 183.2110 	  0.9098 	 4.364866e+21 	 2.292110e+19 	 4.152425e-05 	 1.908424e-06 	  4.3976 	  0.3989 	  1.1767 	  0.1143 
	 32.8530 	 1.085832e-01 	 183.0429 	  0.9129 	 4.300594e+21 	 2.266116e+19 	 4.138774e-05 	 1.961077e-06 	  4.3992 	  0.4035 	  1.1782 	  0.1220 
	 33.0030 	 1.068838e-01 	 182.8506 	  0.9172 	 4.237678e+21 	 2.243010e+19 	 4.140347e-05 	 1.980534e-06 	  4.3852 	  0.4045 	  1.1761 	  0.1289 
	 33.1520 	 1.052190e-01 	 182.6288 	  0.9229 	 4.176652e+21 	 2.223697e+19 	 4.160214e-05 	 1.940916e-06 	  4.3520 	  0.4001 	  1.1698 	  0.1346 
	 33.3020 	 1.035660e-01 	 182.3697 	  0.9304 	 4.116786e+21 	 2.208381e+19 	 4.201311e-05 	 1.815494e-06 	  4.2963 	  0.3891 	  1.1582 	  0.1391 
	 33.6870 	 9.942752e-02 	 181.5473 	  0.9554 	 3.969988e+21 	 2.183713e+19 	 4.406689e-05 	 1.513887e-06 	  4.0582 	  0.3564 	  1.1046 	  0.1479 
	 33.8360 	 9.786551e-02 	 181.1734 	  0.9663 	 3.915650e+21 	 2.177810e+19 	 4.520041e-05 	 1.532245e-06 	  3.9392 	  0.3477 	  1.0761 	  0.1505 
	 33.9850 	 9.632532e-02 	 180.7711 	  0.9772 	 3.862592e+21 	 2.172820e+19 	 4.648030e-05 	 1.552577e-06 	  3.8117 	  0.3386 	  1.0445 	  0.1519 
	 34.1340 	 9.480675e-02 	 180.3423 	  0.9879 	 3.810753e+21 	 2.168006e+19 	 4.785846e-05 	 1.575188e-06 	  3.6811 	  0.3298 	  1.0111 	  0.1521 
	 34.2830 	 9.330959e-02 	 179.8890 	  0.9979 	 3.760066e+21 	 2.162637e+19 	 4.927481e-05 	 1.749415e-06 	  3.5523 	  0.3256 	  0.9769 	  0.1519 
	 35.6370 	 8.064577e-02 	 175.0515 	  1.0069 	 3.339640e+21 	 1.981337e+19 	 5.565773e-05 	 2.453296e-06 	  2.8176 	  0.3114 	  0.7531 	  0.1288 
	 35.7860 	 7.934717e-02 	 174.5597 	  1.0007 	 3.295138e+21 	 1.947678e+19 	 5.491041e-05 	 2.223672e-06 	  2.8013 	  0.3118 	  0.7443 	  0.1263 
	 35.9350 	 7.806447e-02 	 174.1211 	  0.9956 	 3.250091e+21 	 1.915141e+19 	 5.378207e-05 	 1.985952e-06 	  2.8004 	  0.3144 	  0.7395 	  0.1245 
	 36.0840 	 7.679679e-02 	 173.7499 	  0.9925 	 3.204227e+21 	 1.885094e+19 	 5.230528e-05 	 1.842598e-06 	  2.8144 	  0.3208 	  0.7386 	  0.1235 
	 36.2330 	 7.554368e-02 	 173.4541 	  0.9920 	 3.157402e+21 	 1.858476e+19 	 5.053944e-05 	 1.924379e-06 	  2.8419 	  0.3330 	  0.7412 	  0.1237 
	 36.6100 	 7.244446e-02 	 172.9770 	  1.0007 	 3.036301e+21 	 1.804406e+19 	 4.545091e-05 	 3.102325e-06 	  2.9462 	  0.3990 	  0.7574 	  0.1319 
	 36.7590 	 7.125064e-02 	 172.8647 	  1.0072 	 2.988168e+21 	 1.787130e+19 	 4.348302e-05 	 3.640221e-06 	  2.9865 	  0.4356 	  0.7642 	  0.1379 
	 36.9080 	 7.007604e-02 	 172.7780 	  1.0148 	 2.940315e+21 	 1.771518e+19 	 4.166093e-05 	 4.081558e-06 	  3.0179 	  0.4720 	  0.7695 	  0.1442 
	 37.0560 	 6.892941e-02 	 172.7059 	  1.0232 	 2.893344e+21 	 1.757230e+19 	 4.003038e-05 	 4.367202e-06 	  3.0369 	  0.5024 	  0.7724 	  0.1498 
	 37.2050 	 6.779597e-02 	 172.6380 	  1.0321 	 2.846844e+21 	 1.743666e+19 	 3.858074e-05 	 4.465766e-06 	  3.0417 	  0.5222 	  0.7726 	  0.1535 
	 37.5900 	 6.496090e-02 	 172.4728 	  1.0556 	 2.730397e+21 	 1.710072e+19 	 3.557506e-05 	 3.958161e-06 	  2.9947 	  0.5200 	  0.7611 	  0.1524 
	 37.7390 	 6.389810e-02 	 172.4109 	  1.0641 	 2.686708e+21 	 1.696749e+19 	 3.460709e-05 	 3.608634e-06 	  2.9606 	  0.5070 	  0.7533 	  0.1494 
	 37.8880 	 6.285350e-02 	 172.3490 	  1.0720 	 2.643757e+21 	 1.682753e+19 	 3.371033e-05 	 3.241115e-06 	  2.9212 	  0.4924 	  0.7443 	  0.1460 
	 38.0360 	 6.183327e-02 	 172.2868 	  1.0788 	 2.601805e+21 	 1.667864e+19 	 3.287794e-05 	 2.898255e-06 	  2.8784 	  0.4789 	  0.7343 	  0.1426 
	 38.1850 	 6.082296e-02 	 172.2228 	  1.0844 	 2.560264e+21 	 1.651559e+19 	 3.208156e-05 	 2.609761e-06 	  2.8335 	  0.4680 	  0.7235 	  0.1395 
	 39.5340 	 5.234149e-02 	 171.5061 	  1.0464 	 2.212347e+21 	 1.402963e+19 	 2.544574e-05 	 1.363693e-06 	  2.5479 	  0.4592 	  0.6457 	  0.1247 
	 39.6820 	 5.147914e-02 	 171.4410 	  1.0374 	 2.176736e+21 	 1.369786e+19 	 2.485400e-05 	 1.277732e-06 	  2.5379 	  0.4607 	  0.6414 	  0.1233 
	 39.8300 	 5.063118e-02 	 171.3948 	  1.0307 	 2.141487e+21 	 1.339264e+19 	 2.426763e-05 	 1.186131e-06 	  2.5327 	  0.4624 	  0.6381 	  0.1219 
	 39.9790 	 4.979242e-02 	 171.3727 	  1.0277 	 2.106322e+21 	 1.312516e+19 	 2.367560e-05 	 1.091500e-06 	  2.5321 	  0.4671 	  0.6357 	  0.1207 
	 40.1270 	 4.897439e-02 	 171.3790 	  1.0289 	 2.071684e+21 	 1.290700e+19 	 2.308260e-05 	 9.995329e-07 	  2.5357 	  0.4762 	  0.6342 	  0.1198 
	 40.5040 	 4.695682e-02 	 171.5185 	  1.0469 	 1.984805e+21 	 1.252223e+19 	 2.164151e-05 	 8.482890e-07 	  2.5588 	  0.5060 	  0.6327 	  0.1193 
	 40.6520 	 4.618995e-02 	 171.6192 	  1.0579 	 1.951260e+21 	 1.241735e+19 	 2.113106e-05 	 8.252213e-07 	  2.5716 	  0.5200 	  0.6326 	  0.1196 
	 40.8000 	 4.543682e-02 	 171.7445 	  1.0699 	 1.918050e+21 	 1.232669e+19 	 2.064585e-05 	 8.073454e-07 	  2.5856 	  0.5345 	  0.6325 	  0.1201 
	 40.9490 	 4.469218e-02 	 171.8946 	  1.0822 	 1.884963e+21 	 1.224189e+19 	 2.018569e-05 	 7.951172e-07 	  2.6005 	  0.5496 	  0.6323 	  0.1206 
	 41.0970 	 4.396570e-02 	 172.0664 	  1.0940 	 1.852456e+21 	 1.215626e+19 	 1.978634e-05 	 8.112190e-07 	  2.6158 	  0.5659 	  0.6319 	  0.1213 
	 42.4270 	 3.797783e-02 	 174.4248 	  1.0722 	 1.578475e+21 	 1.022107e+19 	 1.712101e-05 	 8.195157e-07 	  2.7725 	  0.7169 	  0.6203 	  0.1266 
	 42.5750 	 3.736739e-02 	 174.7177 	  1.0559 	 1.550492e+21 	 9.883191e+18 	 1.691566e-05 	 8.159209e-07 	  2.7943 	  0.7351 	  0.6189 	  0.1280 
	 42.7230 	 3.676759e-02 	 174.9938 	  1.0404 	 1.523181e+21 	 9.559694e+18 	 1.671720e-05 	 8.094783e-07 	  2.8176 	  0.7537 	  0.6176 	  0.1293 
	 42.8710 	 3.617832e-02 	 175.2459 	  1.0271 	 1.496592e+21 	 9.264527e+18 	 1.652286e-05 	 8.008568e-07 	  2.8427 	  0.7727 	  0.6165 	  0.1306 
	 43.0190 	 3.559942e-02 	 175.4686 	  1.0167 	 1.470758e+21 	 9.007113e+18 	 1.633111e-05 	 7.909719e-07 	  2.8699 	  0.7924 	  0.6157 	  0.1319 
	 43.3970 	 3.416612e-02 	 175.9077 	  1.0010 	 1.408010e+21 	 8.489846e+18 	 1.586467e-05 	 7.641789e-07 	  2.9499 	  0.8468 	  0.6150 	  0.1352 
	 43.5450 	 3.362191e-02 	 176.0318 	  0.9977 	 1.384613e+21 	 8.325790e+18 	 1.569868e-05 	 7.546133e-07 	  2.9853 	  0.8698 	  0.6152 	  0.1366 
	 43.6930 	 3.308682e-02 	 176.1308 	  0.9952 	 1.361820e+21 	 8.174147e+18 	 1.554619e-05 	 7.462302e-07 	  3.0226 	  0.8939 	  0.6155 	  0.1381 
	 43.8410 	 3.256058e-02 	 176.2058 	  0.9929 	 1.339597e+21 	 8.028833e+18 	 1.541005e-05 	 7.391685e-07 	  3.0615 	  0.9189 	  0.6159 	  0.1395 
	 43.9890 	 3.204293e-02 	 176.2580 	  0.9904 	 1.317910e+21 	 7.885131e+18 	 1.529149e-05 	 7.334054e-07 	  3.1016 	  0.9448 	  0.6163 	  0.1410 
	 44.3710 	 3.074507e-02 	 176.3030 	  0.9831 	 1.264203e+21 	 7.521448e+18 	 1.505000e-05 	 7.239323e-07 	  3.2092 	  1.0141 	  0.6172 	  0.1448 
	 44.5180 	 3.025979e-02 	 176.2916 	  0.9802 	 1.244330e+21 	 7.385737e+18 	 1.497187e-05 	 7.217192e-07 	  3.2521 	  1.0417 	  0.6174 	  0.1463 
	 44.6650 	 2.978207e-02 	 176.2676 	  0.9773 	 1.224854e+21 	 7.253197e+18 	 1.489595e-05 	 7.199424e-07 	  3.2961 	  1.0698 	  0.6177 	  0.1478 
	 44.8130 	 2.930855e-02 	 176.2329 	  0.9744 	 1.205619e+21 	 7.123494e+18 	 1.481789e-05 	 7.184451e-07 	  3.3416 	  1.0987 	  0.6180 	  0.1494 
	 44.9600 	 2.884546e-02 	 176.1895 	  0.9717 	 1.186863e+21 	 6.998825e+18 	 1.473622e-05 	 7.171815e-07 	  3.3882 	  1.1279 	  0.6184 	  0.1509 
	 45.3440 	 2.766963e-02 	 176.0323 	  0.9654 	 1.139496e+21 	 6.693510e+18 	 1.450616e-05 	 7.145864e-07 	 -1000.0000 	 -1000.0000 	 -1000.0000 	 -1000.0000 
	 45.4910 	 2.723246e-02 	 175.9538 	  0.9635 	 1.121991e+21 	 6.584608e+18 	 1.441466e-05 	 7.138472e-07 	 -1000.0000 	 -1000.0000 	 -1000.0000 	 -1000.0000 
	 45.6380 	 2.680246e-02 	 175.8642 	  0.9620 	 1.104835e+21 	 6.480225e+18 	 1.432320e-05 	 7.132590e-07 	 -1000.0000 	 -1000.0000 	 -1000.0000 	 -1000.0000 
	 45.9320 	 2.596386e-02 	 175.6497 	  0.9600 	 1.071578e+21 	 6.285048e+18 	 1.414569e-05 	 7.124773e-07 	 -1000.0000 	 -1000.0000 	 -1000.0000 	 -1000.0000 
	 46.3070 	 2.493316e-02 	 175.2919 	  0.9585 	 1.031148e+21 	 6.055444e+18 	 1.394049e-05 	 7.117046e-07 	 -1000.0000 	 -1000.0000 	 -1000.0000 	 -1000.0000 
	 46.4540 	 2.453991e-02 	 175.1198 	  0.9575 	 1.015882e+21 	 5.968120e+18 	 1.386865e-05 	 7.114042e-07 	 -1000.0000 	 -1000.0000 	 -1000.0000 	 -1000.0000 
	 46.6010 	 2.415221e-02 	 174.9269 	  0.9561 	 1.000934e+21 	 5.880789e+18 	 1.380237e-05 	 7.110962e-07 	 -1000.0000 	 -1000.0000 	 -1000.0000 	 -1000.0000 
	 46.7470 	 2.377230e-02 	 174.7129 	  0.9541 	 9.863928e+20 	 5.793057e+18 	 1.374234e-05 	 7.107722e-07 	 -1000.0000 	 -1000.0000 	 -1000.0000 	 -1000.0000 
	 46.8940 	 2.339471e-02 	 174.4736 	  0.9512 	 9.720529e+20 	 5.702997e+18 	 1.368781e-05 	 7.104493e-07 	 -1000.0000 	 -1000.0000 	 -1000.0000 	 -1000.0000 
	 47.2840 	 2.241713e-02 	 173.7326 	  0.9402 	 9.354032e+20 	 5.458595e+18 	 1.356579e-05 	 7.097316e-07 	 -1000.0000 	 -1000.0000 	 -1000.0000 	 -1000.0000 
	 47.4310 	 2.205802e-02 	 173.4179 	  0.9351 	 9.220898e+20 	 5.365969e+18 	 1.352641e-05 	 7.094461e-07 	 -1000.0000 	 -1000.0000 	 -1000.0000 	 -1000.0000 
	 47.5780 	 2.170416e-02 	 173.0865 	  0.9296 	 9.090366e+20 	 5.273917e+18 	 1.348959e-05 	 7.091090e-07 	 -1000.0000 	 -1000.0000 	 -1000.0000 	 -1000.0000 
	 47.7250 	 2.135564e-02 	 172.7400 	  0.9239 	 8.962350e+20 	 5.182989e+18 	 1.345445e-05 	 7.086981e-07 	 -1000.0000 	 -1000.0000 	 -1000.0000 	 -1000.0000 
	 47.8720 	 2.101244e-02 	 172.3802 	  0.9181 	 8.836723e+20 	 5.093715e+18 	 1.342034e-05 	 7.082117e-07 	 -1000.0000 	 -1000.0000 	 -1000.0000 	 -1000.0000 
	 48.2470 	 2.015913e-02 	 171.4182 	  0.9037 	 8.525425e+20 	 4.876695e+18 	 1.351474e-05 	 7.667688e-07 	 -1000.0000 	 -1000.0000 	 -1000.0000 	 -1000.0000 
	 48.3940 	 1.983249e-02 	 171.0304 	  0.8987 	 8.406314e+20 	 4.797075e+18 	 1.359442e-05 	 8.011273e-07 	 -1000.0000 	 -1000.0000 	 -1000.0000 	 -1000.0000 
	 48.5410 	 1.950980e-02 	 170.6401 	  0.8944 	 8.288464e+20 	 4.721229e+18 	 1.366992e-05 	 8.325126e-07 	 -1000.0000 	 -1000.0000 	 -1000.0000 	 -1000.0000 
	 48.6870 	 1.919291e-02 	 170.2524 	  0.8908 	 8.172415e+20 	 4.650091e+18 	 1.373667e-05 	 8.600681e-07 	 -1000.0000 	 -1000.0000 	 -1000.0000 	 -1000.0000 
	 48.8340 	 1.887728e-02 	 169.8639 	  0.8882 	 8.056412e+20 	 4.583023e+18 	 1.379219e-05 	 8.836783e-07 	 -1000.0000 	 -1000.0000 	 -1000.0000 	 -1000.0000 
	 49.2170 	 1.807314e-02 	 168.8552 	  0.8853 	 7.759282e+20 	 4.428783e+18 	 1.388547e-05 	 9.270890e-07 	 -1000.0000 	 -1000.0000 	 -1000.0000 	 -1000.0000 
	 49.3640 	 1.777243e-02 	 168.4669 	  0.8857 	 7.647757e+20 	 4.376910e+18 	 1.390681e-05 	 9.377138e-07 	 -1000.0000 	 -1000.0000 	 -1000.0000 	 -1000.0000 
	 49.5110 	 1.747663e-02 	 168.0765 	  0.8868 	 7.537935e+20 	 4.328801e+18 	 1.392408e-05 	 9.455113e-07 	 -1000.0000 	 -1000.0000 	 -1000.0000 	 -1000.0000 
	 49.6570 	 1.718805e-02 	 167.6858 	  0.8886 	 7.430745e+20 	 4.284551e+18 	 1.394189e-05 	 9.511842e-07 	 -1000.0000 	 -1000.0000 	 -1000.0000 	 -1000.0000 
	 49.8040 	 1.690293e-02 	 167.2883 	  0.8910 	 7.324859e+20 	 4.243286e+18 	 1.396407e-05 	 9.554979e-07 	 -1000.0000 	 -1000.0000 	 -1000.0000 	 -1000.0000 
	 50.1810 	 1.619464e-02 	 166.2397 	  0.8993 	 7.062224e+20 	 4.149000e+18 	 1.402033e-05 	 9.614091e-07 	 -1000.0000 	 -1000.0000 	 -1000.0000 	 -1000.0000 
	 50.3270 	 1.592830e-02 	 165.8181 	  0.9029 	 6.963736e+20 	 4.115502e+18 	 1.403052e-05 	 9.618600e-07 	 -1000.0000 	 -1000.0000 	 -1000.0000 	 -1000.0000 
	 50.4730 	 1.566590e-02 	 165.3854 	  0.9065 	 6.866920e+20 	 4.082881e+18 	 1.402739e-05 	 9.613339e-07 	 -1000.0000 	 -1000.0000 	 -1000.0000 	 -1000.0000 
	 50.6190 	 1.540709e-02 	 164.9402 	  0.9100 	 6.771694e+20 	 4.050611e+18 	 1.400634e-05 	 9.598641e-07 	 -1000.0000 	 -1000.0000 	 -1000.0000 	 -1000.0000 
	 51.1440 	 1.450371e-02 	 163.2354 	  0.9223 	 6.441214e+20 	 3.938347e+18 	 1.377851e-05 	 9.486235e-07 	 -1000.0000 	 -1000.0000 	 -1000.0000 	 -1000.0000 
	 51.2900 	 1.425996e-02 	 162.7382 	  0.9264 	 6.352319e+20 	 3.910502e+18 	 1.368840e-05 	 9.447527e-07 	 -1000.0000 	 -1000.0000 	 -1000.0000 	 -1000.0000 
	 51.4360 	 1.401945e-02 	 162.2336 	  0.9312 	 6.264599e+20 	 3.885203e+18 	 1.359419e-05 	 9.409418e-07 	 -1000.0000 	 -1000.0000 	 -1000.0000 	 -1000.0000 
	 51.5810 	 1.378376e-02 	 161.7265 	  0.9368 	 6.178570e+20 	 3.863170e+18 	 1.350027e-05 	 9.373299e-07 	 -1000.0000 	 -1000.0000 	 -1000.0000 	 -1000.0000 
	 51.7270 	 1.354963e-02 	 161.2125 	  0.9434 	 6.092939e+20 	 3.844219e+18 	 1.340833e-05 	 9.339716e-07 	 -1000.0000 	 -1000.0000 	 -1000.0000 	 -1000.0000 
	 52.1140 	 1.294420e-02 	 159.8889 	  0.9621 	 5.868807e+20 	 3.796182e+18 	 1.317246e-05 	 9.271099e-07 	 -1000.0000 	 -1000.0000 	 -1000.0000 	 -1000.0000 
	 52.2600 	 1.272138e-02 	 159.4271 	  0.9680 	 5.784522e+20 	 3.772997e+18 	 1.308220e-05 	 9.254748e-07 	 -1000.0000 	 -1000.0000 	 -1000.0000 	 -1000.0000 
	 52.4060 	 1.250155e-02 	 158.9984 	  0.9726 	 5.699945e+20 	 3.743810e+18 	 1.298784e-05 	 9.243330e-07 	 -1000.0000 	 -1000.0000 	 -1000.0000 	 -1000.0000 
	 52.5510 	 1.228614e-02 	 158.6134 	  0.9752 	 5.615378e+20 	 3.706830e+18 	 1.288705e-05 	 9.235736e-07 	 -1000.0000 	 -1000.0000 	 -1000.0000 	 -1000.0000 
	 52.6970 	 1.207218e-02 	 158.2731 	  0.9755 	 5.529469e+20 	 3.660286e+18 	 1.277574e-05 	 9.230456e-07 	 -1000.0000 	 -1000.0000 	 -1000.0000 	 -1000.0000 
	 53.0740 	 1.153444e-02 	 157.6179 	  0.9687 	 5.305085e+20 	 3.507546e+18 	 1.243843e-05 	 9.213724e-07 	 -1000.0000 	 -1000.0000 	 -1000.0000 	 -1000.0000 
	 53.2200 	 1.133239e-02 	 157.4501 	  0.9644 	 5.217689e+20 	 3.440827e+18 	 1.228764e-05 	 9.200166e-07 	 -1000.0000 	 -1000.0000 	 -1000.0000 	 -1000.0000 
	 53.3660 	 1.113406e-02 	 157.3301 	  0.9598 	 5.130286e+20 	 3.372698e+18 	 1.212555e-05 	 9.179811e-07 	 -1000.0000 	 -1000.0000 	 -1000.0000 	 -1000.0000 
	 53.5110 	 1.094096e-02 	 157.2579 	  0.9556 	 5.043651e+20 	 3.305460e+18 	 1.195358e-05 	 9.151275e-07 	 -1000.0000 	 -1000.0000 	 -1000.0000 	 -1000.0000 
	 53.6570 	 1.075051e-02 	 157.2312 	  0.9520 	 4.956759e+20 	 3.239677e+18 	 1.177068e-05 	 9.113250e-07 	 -1000.0000 	 -1000.0000 	 -1000.0000 	 -1000.0000 
	 54.0380 	 1.027088e-02 	 157.3319 	  0.9460 	 4.732662e+20 	 3.078588e+18 	 1.128864e-05 	 8.987887e-07 	 -1000.0000 	 -1000.0000 	 -1000.0000 	 -1000.0000 
	 54.1830 	 1.009425e-02 	 157.4155 	  0.9450 	 4.648772e+20 	 3.021401e+18 	 1.112243e-05 	 8.940293e-07 	 -1000.0000 	 -1000.0000 	 -1000.0000 	 -1000.0000 
	 54.3280 	 9.920512e-03 	 157.5135 	  0.9448 	 4.565865e+20 	 2.966541e+18 	 1.097716e-05 	 8.899605e-07 	 -1000.0000 	 -1000.0000 	 -1000.0000 	 -1000.0000 
	 54.4740 	 9.748244e-03 	 157.6196 	  0.9452 	 4.483519e+20 	 2.913692e+18 	 1.085990e-05 	 8.870613e-07 	 -1000.0000 	 -1000.0000 	 -1000.0000 	 -1000.0000 
	 54.6190 	 9.579632e-03 	 157.7259 	  0.9464 	 4.403004e+20 	 2.863460e+18 	 1.077774e-05 	 8.857447e-07 	 -1000.0000 	 -1000.0000 	 -1000.0000 	 -1000.0000 
	 54.9980 	 9.151035e-03 	 157.9706 	  0.9496 	 4.199546e+20 	 2.737948e+18 	 1.069940e-05 	 8.884285e-07 	 -1000.0000 	 -1000.0000 	 -1000.0000 	 -1000.0000 
	 55.1430 	 8.991963e-03 	 158.0381 	  0.9499 	 4.124780e+20 	 2.690101e+18 	 1.070807e-05 	 8.910610e-07 	 -1000.0000 	 -1000.0000 	 -1000.0000 	 -1000.0000 
	 55.2880 	 8.835752e-03 	 158.0836 	  0.9489 	 4.051934e+20 	 2.641223e+18 	 1.073017e-05 	 8.941189e-07 	 -1000.0000 	 -1000.0000 	 -1000.0000 	 -1000.0000 
	 55.4340 	 8.681450e-03 	 158.1023 	  0.9464 	 3.980670e+20 	 2.590220e+18 	 1.076063e-05 	 8.973083e-07 	 -1000.0000 	 -1000.0000 	 -1000.0000 	 -1000.0000 
	 55.5790 	 8.531218e-03 	 158.0903 	  0.9420 	 3.912053e+20 	 2.537385e+18 	 1.079436e-05 	 9.003321e-07 	 -1000.0000 	 -1000.0000 	 -1000.0000 	 -1000.0000 
	 55.9580 	 8.151820e-03 	 157.9242 	  0.9246 	 3.741994e+20 	 2.394637e+18 	 1.088333e-05 	 9.076212e-07 	 -1000.0000 	 -1000.0000 	 -1000.0000 	 -1000.0000 
	 56.1030 	 8.011338e-03 	 157.8142 	  0.9169 	 3.680088e+20 	 2.340807e+18 	 1.091252e-05 	 9.102807e-07 	 -1000.0000 	 -1000.0000 	 -1000.0000 	 -1000.0000 
	 56.2480 	 7.873215e-03 	 157.6814 	  0.9094 	 3.619705e+20 	 2.288830e+18 	 1.093618e-05 	 9.129311e-07 	 -1000.0000 	 -1000.0000 	 -1000.0000 	 -1000.0000 
	 56.3940 	 7.736374e-03 	 157.5265 	  0.9025 	 3.560300e+20 	 2.239299e+18 	 1.095253e-05 	 9.156327e-07 	 -1000.0000 	 -1000.0000 	 -1000.0000 	 -1000.0000 
	 56.5390 	 7.602571e-03 	 157.3538 	  0.8965 	 3.502552e+20 	 2.193606e+18 	 1.096070e-05 	 9.184042e-07 	 -1000.0000 	 -1000.0000 	 -1000.0000 	 -1000.0000 
	 56.9210 	 7.260107e-03 	 156.8384 	  0.8858 	 3.355739e+20 	 2.088844e+18 	 1.097558e-05 	 9.270022e-07 	 -1000.0000 	 -1000.0000 	 -1000.0000 	 -1000.0000 
	 57.0660 	 7.133975e-03 	 156.6314 	  0.8836 	 3.301804e+20 	 2.054265e+18 	 1.099284e-05 	 9.311166e-07 	 -1000.0000 	 -1000.0000 	 -1000.0000 	 -1000.0000 
	 57.2110 	 7.009997e-03 	 156.4245 	  0.8824 	 3.248731e+20 	 2.022131e+18 	 1.102429e-05 	 9.358925e-07 	 -1000.0000 	 -1000.0000 	 -1000.0000 	 -1000.0000 
	 57.3560 	 6.888189e-03 	 156.2219 	  0.8822 	 3.196439e+20 	 1.992178e+18 	 1.107494e-05 	 9.414446e-07 	 -1000.0000 	 -1000.0000 	 -1000.0000 	 -1000.0000 
	 57.5010 	 6.768551e-03 	 156.0269 	  0.8829 	 3.144856e+20 	 1.964119e+18 	 1.114817e-05 	 9.478403e-07 	 -1000.0000 	 -1000.0000 	 -1000.0000 	 -1000.0000 
	 57.8750 	 6.469498e-03 	 155.5651 	  0.8877 	 3.014830e+20 	 1.897868e+18 	 1.142602e-05 	 9.675830e-07 	 -1000.0000 	 -1000.0000 	 -1000.0000 	 -1000.0000 
	 58.0190 	 6.357808e-03 	 155.4043 	  0.8901 	 2.965842e+20 	 1.873680e+18 	 1.155948e-05 	 9.761305e-07 	 -1000.0000 	 -1000.0000 	 -1000.0000 	 -1000.0000 
	 58.1630 	 6.247924e-03 	 155.2537 	  0.8927 	 2.917403e+20 	 1.849656e+18 	 1.170331e-05 	 9.850322e-07 	 -1000.0000 	 -1000.0000 	 -1000.0000 	 -1000.0000 
	 58.3080 	 6.139024e-03 	 155.1129 	  0.8950 	 2.869152e+20 	 1.825250e+18 	 1.185574e-05 	 9.942401e-07 	 -1000.0000 	 -1000.0000 	 -1000.0000 	 -1000.0000 
	 58.4520 	 6.032543e-03 	 154.9838 	  0.8971 	 2.821731e+20 	 1.800504e+18 	 1.201238e-05 	 1.003527e-06 	 -1000.0000 	 -1000.0000 	 -1000.0000 	 -1000.0000 
	 58.8410 	 5.752989e-03 	 154.6810 	  0.9012 	 2.696231e+20 	 1.731690e+18 	 1.246496e-05 	 1.028926e-06 	 -1000.0000 	 -1000.0000 	 -1000.0000 	 -1000.0000 
	 58.9860 	 5.651743e-03 	 154.5813 	  0.9024 	 2.650487e+20 	 1.705682e+18 	 1.264709e-05 	 1.038384e-06 	 -1000.0000 	 -1000.0000 	 -1000.0000 	 -1000.0000 
	 59.1310 	 5.552069e-03 	 154.4869 	  0.9034 	 2.605341e+20 	 1.679683e+18 	 1.283788e-05 	 1.047769e-06 	 -1000.0000 	 -1000.0000 	 -1000.0000 	 -1000.0000 
	 59.2760 	 5.453945e-03 	 154.3962 	  0.9042 	 2.560814e+20 	 1.653826e+18 	 1.303825e-05 	 1.057044e-06 	 -1000.0000 	 -1000.0000 	 -1000.0000 	 -1000.0000 
	 59.4210 	 5.357358e-03 	 154.3070 	  0.9051 	 2.516949e+20 	 1.628278e+18 	 1.324706e-05 	 1.066113e-06 	 -1000.0000 	 -1000.0000 	 -1000.0000 	 -1000.0000 
	 59.9390 	 5.025321e-03 	 153.8992 	  0.9099 	 2.367234e+20 	 1.544011e+18 	 1.393485e-05 	 1.092574e-06 	 -1000.0000 	 -1000.0000 	 -1000.0000 	 -1000.0000 
	 60.0830 	 4.936766e-03 	 153.7318 	  0.9124 	 2.328024e+20 	 1.523822e+18 	 1.407148e-05 	 1.097016e-06 	 -1000.0000 	 -1000.0000 	 -1000.0000 	 -1000.0000 
	 60.2280 	 4.849307e-03 	 153.5266 	  0.9157 	 2.289806e+20 	 1.505486e+18 	 1.416808e-05 	 1.099648e-06 	 -1000.0000 	 -1000.0000 	 -1000.0000 	 -1000.0000 
	 60.3720 	 4.764148e-03 	 153.2812 	  0.9199 	 2.253176e+20 	 1.489446e+18 	 1.421630e-05 	 1.100201e-06 	 -1000.0000 	 -1000.0000 	 -1000.0000 	 -1000.0000 
	 60.7480 	 4.548926e-03 	 152.4515 	  0.9342 	 2.163097e+20 	 1.456219e+18 	 1.412174e-05 	 1.092064e-06 	 -1000.0000 	 -1000.0000 	 -1000.0000 	 -1000.0000 
	 60.8920 	 4.468871e-03 	 152.0662 	  0.9406 	 2.130426e+20 	 1.446075e+18 	 1.400530e-05 	 1.085408e-06 	 -1000.0000 	 -1000.0000 	 -1000.0000 	 -1000.0000 
	 61.0360 	 4.389927e-03 	 151.6461 	  0.9473 	 2.098596e+20 	 1.436953e+18 	 1.384675e-05 	 1.076862e-06 	 -1000.0000 	 -1000.0000 	 -1000.0000 	 -1000.0000 
	 61.1800 	 4.311963e-03 	 151.1930 	  0.9542 	 2.067500e+20 	 1.428590e+18 	 1.364762e-05 	 1.066469e-06 	 -1000.0000 	 -1000.0000 	 -1000.0000 	 -1000.0000 
	 61.3240 	 4.234881e-03 	 150.7097 	  0.9613 	 2.037031e+20 	 1.420766e+18 	 1.341144e-05 	 1.054358e-06 	 -1000.0000 	 -1000.0000 	 -1000.0000 	 -1000.0000 
	 61.7080 	 4.033951e-03 	 149.3350 	  0.9814 	 1.958200e+20 	 1.402359e+18 	 1.269462e-05 	 1.017412e-06 	 -1000.0000 	 -1000.0000 	 -1000.0000 	 -1000.0000 
	 61.8520 	 3.960512e-03 	 148.8124 	  0.9898 	 1.929313e+20 	 1.396395e+18 	 1.243219e-05 	 1.003383e-06 	 -1000.0000 	 -1000.0000 	 -1000.0000 	 -1000.0000 
	 61.9960 	 3.888210e-03 	 148.2996 	  0.9989 	 1.900665e+20 	 1.390952e+18 	 1.219456e-05 	 9.901224e-07 	 -1000.0000 	 -1000.0000 	 -1000.0000 	 -1000.0000 
	 62.1400 	 3.817108e-03 	 147.8055 	  1.0088 	 1.872175e+20 	 1.386036e+18 	 1.199552e-05 	 9.781980e-07 	 -1000.0000 	 -1000.0000 	 -1000.0000 	 -1000.0000 
	 62.2840 	 3.747246e-03 	 147.3365 	  1.0195 	 1.843782e+20 	 1.381569e+18 	 1.184258e-05 	 9.679319e-07 	 -1000.0000 	 -1000.0000 	 -1000.0000 	 -1000.0000 
	 62.6580 	 3.571335e-03 	 146.2250 	  1.0486 	 1.770599e+20 	 1.369439e+18 	 1.155816e-05 	 9.451572e-07 	 -1000.0000 	 -1000.0000 	 -1000.0000 	 -1000.0000 
	 62.8020 	 3.505614e-03 	 145.8309 	  1.0592 	 1.742702e+20 	 1.363453e+18 	 1.144509e-05 	 9.360975e-07 	 -1000.0000 	 -1000.0000 	 -1000.0000 	 -1000.0000 
	 62.9460 	 3.440940e-03 	 145.4518 	  1.0688 	 1.714998e+20 	 1.356118e+18 	 1.130390e-05 	 9.258801e-07 	 -1000.0000 	 -1000.0000 	 -1000.0000 	 -1000.0000 
	 63.0900 	 3.377270e-03 	 145.0850 	  1.0770 	 1.687510e+20 	 1.347030e+18 	 1.111751e-05 	 9.138500e-07 	 -1000.0000 	 -1000.0000 	 -1000.0000 	 -1000.0000 
	 63.2340 	 3.314569e-03 	 144.7280 	  1.0836 	 1.660265e+20 	 1.335935e+18 	 1.087269e-05 	 8.994850e-07 	 -1000.0000 	 -1000.0000 	 -1000.0000 	 -1000.0000 
	 63.6180 	 3.152151e-03 	 143.8033 	  1.0951 	 1.589074e+20 	 1.299512e+18 	 9.961175e-06 	 8.502655e-07 	 -1000.0000 	 -1000.0000 	 -1000.0000 	 -1000.0000 
	 63.9060 	 3.035022e-03 	 143.1118 	  1.1014 	 1.537415e+20 	 1.269964e+18 	 9.083948e-06 	 8.042875e-07 	 -1000.0000 	 -1000.0000 	 -1000.0000 	 -1000.0000 
	 64.0500 	 2.978000e-03 	 142.7589 	  1.1049 	 1.512251e+20 	 1.255853e+18 	 8.600267e-06 	 7.788196e-07 	 -1000.0000 	 -1000.0000 	 -1000.0000 	 -1000.0000 
	 64.1940 	 2.922012e-03 	 142.3988 	  1.1091 	 1.487563e+20 	 1.242746e+18 	 8.096018e-06 	 7.519942e-07 	 -1000.0000 	 -1000.0000 	 -1000.0000 	 -1000.0000 
	 64.5610 	 2.783727e-03 	 141.4624 	  1.1244 	 1.426536e+20 	 1.214779e+18 	 6.798296e-06 	 6.810422e-07 	 -1000.0000 	 -1000.0000 	 -1000.0000 	 -1000.0000 
	 64.7050 	 2.731083e-03 	 141.0942 	  1.1329 	 1.403213e+20 	 1.206208e+18 	 6.316899e-06 	 6.536871e-07 	 -1000.0000 	 -1000.0000 	 -1000.0000 	 -1000.0000 
	 64.8490 	 2.679284e-03 	 140.7292 	  1.1432 	 1.380175e+20 	 1.199143e+18 	 5.869444e-06 	 6.274605e-07 	 -1000.0000 	 -1000.0000 	 -1000.0000 	 -1000.0000 
	 64.9920 	 2.628639e-03 	 140.3724 	  1.1554 	 1.357533e+20 	 1.193716e+18 	 5.470409e-06 	 6.030942e-07 	 -1000.0000 	 -1000.0000 	 -1000.0000 	 -1000.0000 
	 65.1360 	 2.578405e-03 	 140.0209 	  1.1699 	 1.334935e+20 	 1.189878e+18 	 5.123412e-06 	 5.807437e-07 	 -1000.0000 	 -1000.0000 	 -1000.0000 	 -1000.0000 
	 65.5210 	 2.447893e-03 	 139.1236 	  1.2167 	 1.275535e+20 	 1.185292e+18 	 4.449143e-06 	 5.330835e-07 	 -1000.0000 	 -1000.0000 	 -1000.0000 	 -1000.0000 
	 65.6650 	 2.400523e-03 	 138.8049 	  1.2362 	 1.253723e+20 	 1.184672e+18 	 4.280624e-06 	 5.201046e-07 	 -1000.0000 	 -1000.0000 	 -1000.0000 	 -1000.0000 
	 65.8090 	 2.353954e-03 	 138.4958 	  1.2562 	 1.232144e+20 	 1.184089e+18 	 4.151738e-06 	 5.099324e-07 	 -1000.0000 	 -1000.0000 	 -1000.0000 	 -1000.0000 
	 65.9520 	 2.308510e-03 	 138.1989 	  1.2761 	 1.210955e+20 	 1.183194e+18 	 4.059301e-06 	 5.027140e-07 	 -1000.0000 	 -1000.0000 	 -1000.0000 	 -1000.0000 
	 66.0960 	 2.263560e-03 	 137.9102 	  1.2959 	 1.189866e+20 	 1.181686e+18 	 3.999123e-06 	 4.984396e-07 	 -1000.0000 	 -1000.0000 	 -1000.0000 	 -1000.0000 
	 66.4750 	 2.149087e-03 	 137.1989 	  1.3470 	 1.135560e+20 	 1.174837e+18 	 4.000545e-06 	 5.017891e-07 	 -1000.0000 	 -1000.0000 	 -1000.0000 	 -1000.0000 
	 66.6180 	 2.107309e-03 	 136.9485 	  1.3659 	 1.115522e+20 	 1.171294e+18 	 4.063257e-06 	 5.086229e-07 	 -1000.0000 	 -1000.0000 	 -1000.0000 	 -1000.0000 
	 66.9040 	 2.026014e-03 	 136.4767 	  1.4034 	 1.076187e+20 	 1.162881e+18 	 4.294875e-06 	 5.316039e-07 	 -1000.0000 	 -1000.0000 	 -1000.0000 	 -1000.0000 
	 67.0470 	 1.986475e-03 	 136.2558 	  1.4220 	 1.056887e+20 	 1.158065e+18 	 4.464789e-06 	 5.477531e-07 	 -1000.0000 	 -1000.0000 	 -1000.0000 	 -1000.0000 
	 67.4180 	 1.887196e-03 	 135.7523 	  1.4689 	 1.007777e+20 	 1.142882e+18 	 5.066225e-06 	 6.024959e-07 	 -1000.0000 	 -1000.0000 	 -1000.0000 	 -1000.0000 
	 67.5610 	 1.850152e-03 	 135.5945 	  1.4862 	 9.891477e+19 	 1.135639e+18 	 5.356459e-06 	 6.278712e-07 	 -1000.0000 	 -1000.0000 	 -1000.0000 	 -1000.0000 
	 67.7040 	 1.813759e-03 	 135.4622 	  1.5028 	 9.706462e+19 	 1.127425e+18 	 5.677311e-06 	 6.552508e-07 	 -1000.0000 	 -1000.0000 	 -1000.0000 	 -1000.0000 
	 67.8460 	 1.778249e-03 	 135.3594 	  1.5185 	 9.523746e+19 	 1.118181e+18 	 6.025034e-06 	 6.841814e-07 	 -1000.0000 	 -1000.0000 	 -1000.0000 	 -1000.0000 
	 67.9890 	 1.743108e-03 	 135.2874 	  1.5334 	 9.340591e+19 	 1.107674e+18 	 6.401943e-06 	 7.147661e-07 	 -1000.0000 	 -1000.0000 	 -1000.0000 	 -1000.0000 
	 68.3680 	 1.653105e-03 	 135.2480 	  1.5676 	 8.860934e+19 	 1.074099e+18 	 7.466114e-06 	 7.986112e-07 	 -1000.0000 	 -1000.0000 	 -1000.0000 	 -1000.0000 
	 68.5110 	 1.620385e-03 	 135.2886 	  1.5782 	 8.682915e+19 	 1.059346e+18 	 7.865362e-06 	 8.295874e-07 	 -1000.0000 	 -1000.0000 	 -1000.0000 	 -1000.0000 
	 68.6540 	 1.588377e-03 	 135.3587 	  1.5872 	 8.506948e+19 	 1.043493e+18 	 8.248670e-06 	 8.592744e-07 	 -1000.0000 	 -1000.0000 	 -1000.0000 	 -1000.0000 
	 68.9390 	 1.526776e-03 	 135.5842 	  1.6003 	 8.163367e+19 	 1.008735e+18 	 8.930617e-06 	 9.124707e-07 	 -1000.0000 	 -1000.0000 	 -1000.0000 	 -1000.0000 
	 69.3120 	 1.450404e-03 	 136.0685 	  1.6082 	 7.727483e+19 	 9.576204e+17 	 9.677940e-06 	 9.733041e-07 	 -1000.0000 	 -1000.0000 	 -1000.0000 	 -1000.0000 
	 69.4540 	 1.422488e-03 	 136.3176 	  1.6088 	 7.564934e+19 	 9.367708e+17 	 9.954002e-06 	 9.975738e-07 	 -1000.0000 	 -1000.0000 	 -1000.0000 	 -1000.0000 
	 69.5960 	 1.395162e-03 	 136.6063 	  1.6083 	 7.403916e+19 	 9.152854e+17 	 1.022478e-05 	 1.021936e-06 	 -1000.0000 	 -1000.0000 	 -1000.0000 	 -1000.0000 
	 69.7390 	 1.368206e-03 	 136.9395 	  1.6069 	 7.243090e+19 	 8.930920e+17 	 1.049800e-05 	 1.047083e-06 	 -1000.0000 	 -1000.0000 	 -1000.0000 	 -1000.0000 
	 69.8810 	 1.341971e-03 	 137.3161 	  1.6047 	 7.084508e+19 	 8.705623e+17 	 1.077441e-05 	 1.073076e-06 	 -1000.0000 	 -1000.0000 	 -1000.0000 	 -1000.0000 
	 70.2620 	 1.274244e-03 	 138.6091 	  1.5926 	 6.663770e+19 	 8.073374e+17 	 1.153064e-05 	 1.147348e-06 	 -1000.0000 	 -1000.0000 	 -1000.0000 	 -1000.0000 
	 70.4040 	 1.250021e-03 	 139.2196 	  1.5850 	 6.508493e+19 	 7.825597e+17 	 1.181140e-05 	 1.176320e-06 	 -1000.0000 	 -1000.0000 	 -1000.0000 	 -1000.0000 
	 70.5460 	 1.226366e-03 	 139.9125 	  1.5754 	 6.353919e+19 	 7.570258e+17 	 1.208799e-05 	 1.205772e-06 	 -1000.0000 	 -1000.0000 	 -1000.0000 	 -1000.0000 
	 70.6890 	 1.203128e-03 	 140.7018 	  1.5633 	 6.198883e+19 	 7.304847e+17 	 1.235998e-05 	 1.235769e-06 	 -1000.0000 	 -1000.0000 	 -1000.0000 	 -1000.0000 
	 70.8310 	 1.180638e-03 	 141.5821 	  1.5489 	 6.045550e+19 	 7.032994e+17 	 1.262214e-05 	 1.265790e-06 	 -1000.0000 	 -1000.0000 	 -1000.0000 	 -1000.0000 
	 71.2150 	 1.122674e-03 	 144.3939 	  1.4996 	 5.637170e+19 	 6.277154e+17 	 1.331804e-05 	 1.349142e-06 	 -1000.0000 	 -1000.0000 	 -1000.0000 	 -1000.0000 
	 71.3570 	 1.102261e-03 	 145.5686 	  1.4788 	 5.489837e+19 	 5.998964e+17 	 1.358266e-05 	 1.381253e-06 	 -1000.0000 	 -1000.0000 	 -1000.0000 	 -1000.0000 
	 71.4990 	 1.082380e-03 	 146.8028 	  1.4573 	 5.345228e+19 	 5.726320e+17 	 1.385778e-05 	 1.414322e-06 	 -1000.0000 	 -1000.0000 	 -1000.0000 	 -1000.0000 
	 71.6410 	 1.063020e-03 	 148.0882 	  1.4354 	 5.203816e+19 	 5.462310e+17 	 1.414761e-05 	 1.448521e-06 	 -1000.0000 	 -1000.0000 	 -1000.0000 	 -1000.0000 
	 72.1550 	 9.971072e-04 	 153.0658 	  1.3550 	 4.722402e+19 	 4.597747e+17 	 1.530161e-05 	 1.581030e-06 	 -1000.0000 	 -1000.0000 	 -1000.0000 	 -1000.0000 
	 72.2970 	 9.799908e-04 	 154.5093 	  1.3319 	 4.598005e+19 	 4.382379e+17 	 1.562454e-05 	 1.619032e-06 	 -1000.0000 	 -1000.0000 	 -1000.0000 	 -1000.0000 
	 72.4390 	 9.633230e-04 	 155.9733 	  1.3083 	 4.477384e+19 	 4.176221e+17 	 1.593778e-05 	 1.657170e-06 	 -1000.0000 	 -1000.0000 	 -1000.0000 	 -1000.0000 
	 72.5810 	 9.470905e-04 	 157.4531 	  1.2839 	 4.360565e+19 	 3.978761e+17 	 1.623520e-05 	 1.695191e-06 	 -1000.0000 	 -1000.0000 	 -1000.0000 	 -1000.0000 
	 72.7230 	 9.312799e-04 	 158.9438 	  1.2587 	 4.247569e+19 	 3.789664e+17 	 1.651151e-05 	 1.732834e-06 	 -1000.0000 	 -1000.0000 	 -1000.0000 	 -1000.0000 
	 73.1050 	 8.907360e-04 	 162.9664 	  1.1906 	 3.962355e+19 	 3.326272e+17 	 1.714127e-05 	 1.829859e-06 	 -1000.0000 	 -1000.0000 	 -1000.0000 	 -1000.0000 
	 73.2470 	 8.763643e-04 	 164.4509 	  1.1667 	 3.863211e+19 	 3.172651e+17 	 1.733176e-05 	 1.863452e-06 	 -1000.0000 	 -1000.0000 	 -1000.0000 	 -1000.0000 
	 73.3890 	 8.623502e-04 	 165.9210 	  1.1444 	 3.767743e+19 	 3.030102e+17 	 1.749783e-05 	 1.895214e-06 	 -1000.0000 	 -1000.0000 	 -1000.0000 	 -1000.0000 
	 73.5310 	 8.486801e-04 	 167.3715 	  1.1242 	 3.675916e+19 	 2.899245e+17 	 1.763895e-05 	 1.924831e-06 	 -1000.0000 	 -1000.0000 	 -1000.0000 	 -1000.0000 
	 73.6730 	 8.353400e-04 	 168.7953 	  1.1066 	 3.587708e+19 	 2.780366e+17 	 1.775580e-05 	 1.952143e-06 	 -1000.0000 	 -1000.0000 	 -1000.0000 	 -1000.0000 
	 74.0390 	 8.023761e-04 	 172.2537 	  1.0714 	 3.377115e+19 	 2.523162e+17 	 1.797823e-05 	 2.014441e-06 	 -1000.0000 	 -1000.0000 	 -1000.0000 	 -1000.0000 
	 74.1800 	 7.901834e-04 	 173.4689 	  1.0610 	 3.302471e+19 	 2.440309e+17 	 1.804780e-05 	 2.036481e-06 	 -1000.0000 	 -1000.0000 	 -1000.0000 	 -1000.0000 
	 74.3210 	 7.782507e-04 	 174.5992 	  1.0521 	 3.231459e+19 	 2.364994e+17 	 1.811629e-05 	 2.058077e-06 	 -1000.0000 	 -1000.0000 	 -1000.0000 	 -1000.0000 
	 74.4630 	 7.664815e-04 	 175.6386 	  1.0443 	 3.163628e+19 	 2.295777e+17 	 1.818945e-05 	 2.079808e-06 	 -1000.0000 	 -1000.0000 	 -1000.0000 	 -1000.0000 
	 74.6040 	 7.550287e-04 	 176.5621 	  1.0375 	 3.099910e+19 	 2.232718e+17 	 1.826994e-05 	 2.101680e-06 	 -1000.0000 	 -1000.0000 	 -1000.0000 	 -1000.0000 
	 74.9890 	 7.248852e-04 	 178.5690 	  1.0224 	 2.942550e+19 	 2.084568e+17 	 1.849543e-05 	 2.160292e-06 	 -1000.0000 	 -1000.0000 	 -1000.0000 	 -1000.0000 
	 75.1300 	 7.142416e-04 	 179.1357 	  1.0176 	 2.890240e+19 	 2.037537e+17 	 1.856365e-05 	 2.180086e-06 	 -1000.0000 	 -1000.0000 	 -1000.0000 	 -1000.0000 
	 75.2710 	 7.038009e-04 	 179.6230 	  1.0131 	 2.840371e+19 	 1.993536e+17 	 1.861534e-05 	 2.198300e-06 	 -1000.0000 	 -1000.0000 	 -1000.0000 	 -1000.0000 
	 75.4130 	 6.934852e-04 	 180.0406 	  1.0086 	 2.792352e+19 	 1.951743e+17 	 1.864497e-05 	 2.214605e-06 	 -1000.0000 	 -1000.0000 	 -1000.0000 	 -1000.0000 
	 75.5540 	 6.834327e-04 	 180.3888 	  1.0040 	 2.746617e+19 	 1.912273e+17 	 1.864871e-05 	 2.228502e-06 	 -1000.0000 	 -1000.0000 	 -1000.0000 	 -1000.0000 
	 75.9320 	 6.573233e-04 	 181.0192 	  0.9913 	 2.632483e+19 	 1.815111e+17 	 1.858544e-05 	 2.258476e-06 	 -1000.0000 	 -1000.0000 	 -1000.0000 	 -1000.0000 
	 76.0730 	 6.478587e-04 	 181.1488 	  0.9865 	 2.592706e+19 	 1.781735e+17 	 1.855885e-05 	 2.268785e-06 	 -1000.0000 	 -1000.0000 	 -1000.0000 	 -1000.0000 
	 76.2140 	 6.385225e-04 	 181.2252 	  0.9815 	 2.554250e+19 	 1.749720e+17 	 1.854392e-05 	 2.279629e-06 	 -1000.0000 	 -1000.0000 	 -1000.0000 	 -1000.0000 
	 76.3550 	 6.293011e-04 	 181.2510 	  0.9765 	 2.516990e+19 	 1.718940e+17 	 1.854914e-05 	 2.291655e-06 	 -1000.0000 	 -1000.0000 	 -1000.0000 	 -1000.0000 
	 76.4960 	 6.201841e-04 	 181.2288 	  0.9714 	 2.480811e+19 	 1.689295e+17 	 1.858007e-05 	 2.305289e-06 	 -1000.0000 	 -1000.0000 	 -1000.0000 	 -1000.0000 
	 76.8720 	 5.964038e-04 	 180.9588 	  0.9583 	 2.389228e+19 	 1.615814e+17 	 1.873202e-05 	 2.345456e-06 	 -1000.0000 	 -1000.0000 	 -1000.0000 	 -1000.0000 
	 77.0130 	 5.876989e-04 	 180.7875 	  0.9538 	 2.356596e+19 	 1.590403e+17 	 1.878841e-05 	 2.360006e-06 	 -1000.0000 	 -1000.0000 	 -1000.0000 	 -1000.0000 
	 77.1540 	 5.791173e-04 	 180.5828 	  0.9496 	 2.324831e+19 	 1.566192e+17 	 1.882992e-05 	 2.373214e-06 	 -1000.0000 	 -1000.0000 	 -1000.0000 	 -1000.0000 
	 77.2950 	 5.706637e-04 	 180.3480 	  0.9459 	 2.293890e+19 	 1.543200e+17 	 1.884715e-05 	 2.384394e-06 	 -1000.0000 	 -1000.0000 	 -1000.0000 	 -1000.0000 
	 77.4360 	 5.623410e-04 	 180.0861 	  0.9427 	 2.263725e+19 	 1.521423e+17 	 1.883320e-05 	 2.393041e-06 	 -1000.0000 	 -1000.0000 	 -1000.0000 	 -1000.0000 
	 77.8120 	 5.407454e-04 	 179.2776 	  0.9364 	 2.186598e+19 	 1.468513e+17 	 1.867425e-05 	 2.405867e-06 	 -1000.0000 	 -1000.0000 	 -1000.0000 	 -1000.0000 
	 77.9530 	 5.328525e-04 	 178.9414 	  0.9348 	 2.158729e+19 	 1.450272e+17 	 1.858516e-05 	 2.407986e-06 	 -1000.0000 	 -1000.0000 	 -1000.0000 	 -1000.0000 
	 78.0940 	 5.250614e-04 	 178.5916 	  0.9336 	 2.131331e+19 	 1.432723e+17 	 1.848884e-05 	 2.409268e-06 	 -1000.0000 	 -1000.0000 	 -1000.0000 	 -1000.0000 
	 78.2350 	 5.173655e-04 	 178.2311 	  0.9326 	 2.104339e+19 	 1.415747e+17 	 1.839102e-05 	 2.410121e-06 	 -1000.0000 	 -1000.0000 	 -1000.0000 	 -1000.0000 
	 78.3760 	 5.097598e-04 	 177.8624 	  0.9319 	 2.077698e+19 	 1.399223e+17 	 1.829674e-05 	 2.410941e-06 	 -1000.0000 	 -1000.0000 	 -1000.0000 	 -1000.0000 
	 78.8860 	 4.830323e-04 	 176.4787 	  0.9291 	 1.984194e+19 	 1.341139e+17 	 1.802172e-05 	 2.418917e-06 	 -1000.0000 	 -1000.0000 	 -1000.0000 	 -1000.0000 
	 79.0270 	 4.758706e-04 	 176.0863 	  0.9275 	 1.959134e+19 	 1.324957e+17 	 1.797279e-05 	 2.423952e-06 	 -1000.0000 	 -1000.0000 	 -1000.0000 	 -1000.0000 
	 79.1670 	 4.688620e-04 	 175.6944 	  0.9253 	 1.934592e+19 	 1.308585e+17 	 1.793965e-05 	 2.430788e-06 	 -1000.0000 	 -1000.0000 	 -1000.0000 	 -1000.0000 
	 79.3080 	 4.619076e-04 	 175.2980 	  0.9224 	 1.910213e+19 	 1.291688e+17 	 1.792280e-05 	 2.439728e-06 	 -1000.0000 	 -1000.0000 	 -1000.0000 	 -1000.0000 
	 79.6850 	 4.437819e-04 	 174.2289 	  0.9113 	 1.846527e+19 	 1.244895e+17 	 1.792730e-05 	 2.470683e-06 	 -1000.0000 	 -1000.0000 	 -1000.0000 	 -1000.0000 
	 79.8260 	 4.371583e-04 	 173.8246 	  0.9062 	 1.823195e+19 	 1.227008e+17 	 1.793325e-05 	 2.483467e-06 	 -1000.0000 	 -1000.0000 	 -1000.0000 	 -1000.0000 
	 79.9670 	 4.306084e-04 	 173.4175 	  0.9008 	 1.800089e+19 	 1.209030e+17 	 1.793372e-05 	 2.496122e-06 	 -1000.0000 	 -1000.0000 	 -1000.0000 	 -1000.0000 
	 80.1070 	 4.241712e-04 	 173.0102 	  0.8951 	 1.777346e+19 	 1.191165e+17 	 1.792380e-05 	 2.508062e-06 	 -1000.0000 	 -1000.0000 	 -1000.0000 	 -1000.0000 
	 80.2480 	 4.177498e-04 	 172.5970 	  0.8891 	 1.754619e+19 	 1.173230e+17 	 1.789949e-05 	 2.519040e-06 	 -1000.0000 	 -1000.0000 	 -1000.0000 	 -1000.0000 
	 80.6190 	 4.011793e-04 	 171.5164 	  0.8734 	 1.695621e+19 	 1.126780e+17 	 1.777320e-05 	 2.542508e-06 	 -1000.0000 	 -1000.0000 	 -1000.0000 	 -1000.0000 
	 80.8990 	 3.890296e-04 	 170.7337 	  0.8624 	 1.651818e+19 	 1.092961e+17 	 1.763130e-05 	 2.555009e-06 	 -1000.0000 	 -1000.0000 	 -1000.0000 	 -1000.0000 
	 81.0390 	 3.830841e-04 	 170.3616 	  0.8574 	 1.630136e+19 	 1.076620e+17 	 1.754956e-05 	 2.559571e-06 	 -1000.0000 	 -1000.0000 	 -1000.0000 	 -1000.0000 
	 81.1790 	 3.772301e-04 	 170.0055 	  0.8530 	 1.608596e+19 	 1.060733e+17 	 1.746308e-05 	 2.563103e-06 	 -1000.0000 	 -1000.0000 	 -1000.0000 	 -1000.0000 
	 81.5590 	 3.617806e-04 	 169.1065 	  0.8438 	 1.550921e+19 	 1.020081e+17 	 1.723814e-05 	 2.572096e-06 	 -1000.0000 	 -1000.0000 	 -1000.0000 	 -1000.0000 
	 81.6990 	 3.562395e-04 	 168.7932 	  0.8415 	 1.529998e+19 	 1.006067e+17 	 1.717245e-05 	 2.577134e-06 	 -1000.0000 	 -1000.0000 	 -1000.0000 	 -1000.0000 
	 81.8390 	 3.507737e-04 	 168.4859 	  0.8399 	 1.509269e+19 	 9.926004e+16 	 1.712338e-05 	 2.584154e-06 	 -1000.0000 	 -1000.0000 	 -1000.0000 	 -1000.0000 
	 81.9790 	 3.453792e-04 	 168.1822 	  0.8389 	 1.488746e+19 	 9.797001e+16 	 1.709565e-05 	 2.593832e-06 	 -1000.0000 	 -1000.0000 	 -1000.0000 	 -1000.0000 
	 82.1190 	 3.400532e-04 	 167.8793 	  0.8386 	 1.468445e+19 	 9.673744e+16 	 1.709271e-05 	 2.606651e-06 	 -1000.0000 	 -1000.0000 	 -1000.0000 	 -1000.0000 
	 82.4920 	 3.262028e-04 	 167.0410 	  0.8404 	 1.415734e+19 	 9.370872e+16 	 1.718830e-05 	 2.653128e-06 	 -1000.0000 	 -1000.0000 	 -1000.0000 	 -1000.0000 
	 82.6320 	 3.211356e-04 	 166.7005 	  0.8417 	 1.396584e+19 	 9.265637e+16 	 1.725389e-05 	 2.673686e-06 	 -1000.0000 	 -1000.0000 	 -1000.0000 	 -1000.0000 
	 82.9110 	 3.112587e-04 	 165.9521 	  0.8448 	 1.359691e+19 	 9.067424e+16 	 1.741485e-05 	 2.716710e-06 	 -1000.0000 	 -1000.0000 	 -1000.0000 	 -1000.0000 
	 83.0510 	 3.064154e-04 	 165.5349 	  0.8463 	 1.341870e+19 	 8.972650e+16 	 1.750468e-05 	 2.738342e-06 	 -1000.0000 	 -1000.0000 	 -1000.0000 	 -1000.0000 
	 83.4220 	 2.939177e-04 	 164.3798 	  0.8487 	 1.296127e+19 	 8.721005e+16 	 1.775850e-05 	 2.794569e-06 	 -1000.0000 	 -1000.0000 	 -1000.0000 	 -1000.0000 
	 83.5620 	 2.893167e-04 	 163.9642 	  0.8484 	 1.279084e+19 	 8.619861e+16 	 1.785751e-05 	 2.815335e-06 	 -1000.0000 	 -1000.0000 	 -1000.0000 	 -1000.0000 
	 83.7020 	 2.847720e-04 	 163.5808 	  0.8473 	 1.261974e+19 	 8.512044e+16 	 1.795680e-05 	 2.835836e-06 	 -1000.0000 	 -1000.0000 	 -1000.0000 	 -1000.0000 
	 83.8410 	 2.803113e-04 	 163.2458 	  0.8450 	 1.244801e+19 	 8.396302e+16 	 1.805475e-05 	 2.855919e-06 	 -1000.0000 	 -1000.0000 	 -1000.0000 	 -1000.0000 
	 83.9810 	 2.758671e-04 	 162.9642 	  0.8414 	 1.227231e+19 	 8.269703e+16 	 1.815228e-05 	 2.875979e-06 	 -1000.0000 	 -1000.0000 	 -1000.0000 	 -1000.0000 
	 84.3620 	 2.640390e-04 	 162.4020 	  0.8293 	 1.178736e+19 	 7.900119e+16 	 1.842745e-05 	 2.935523e-06 	 -1000.0000 	 -1000.0000 	 -1000.0000 	 -1000.0000 
	 84.5020 	 2.598006e-04 	 162.2311 	  0.8255 	 1.161016e+19 	 7.766918e+16 	 1.853915e-05 	 2.961688e-06 	 -1000.0000 	 -1000.0000 	 -1000.0000 	 -1000.0000 
	 84.6420 	 2.556255e-04 	 162.0583 	  0.8230 	 1.143540e+19 	 7.641464e+16 	 1.866035e-05 	 2.991487e-06 	 -1000.0000 	 -1000.0000 	 -1000.0000 	 -1000.0000 
	 84.9210 	 2.475062e-04 	 161.6573 	  0.8237 	 1.109882e+19 	 7.429364e+16 	 1.893877e-05 	 3.064743e-06 	 -1000.0000 	 -1000.0000 	 -1000.0000 	 -1000.0000 
	 85.2860 	 2.372833e-04 	 160.9720 	  0.8351 	 1.068510e+19 	 7.227203e+16 	 1.936531e-05 	 3.185143e-06 	 -1000.0000 	 -1000.0000 	 -1000.0000 	 -1000.0000 
	 85.4250 	 2.335011e-04 	 160.6648 	  0.8412 	 1.053482e+19 	 7.165395e+16 	 1.953676e-05 	 3.235365e-06 	 -1000.0000 	 -1000.0000 	 -1000.0000 	 -1000.0000 
	 85.5640 	 2.297761e-04 	 160.3331 	  0.8477 	 1.038823e+19 	 7.108510e+16 	 1.970867e-05 	 3.286611e-06 	 -1000.0000 	 -1000.0000 	 -1000.0000 	 -1000.0000 
	 85.7040 	 2.260797e-04 	 159.9750 	  0.8540 	 1.024408e+19 	 7.053922e+16 	 1.987933e-05 	 3.338351e-06 	 -1000.0000 	 -1000.0000 	 -1000.0000 	 -1000.0000 
	 85.8430 	 2.224622e-04 	 159.5963 	  0.8598 	 1.010422e+19 	 7.000161e+16 	 2.004334e-05 	 3.388940e-06 	 -1000.0000 	 -1000.0000 	 -1000.0000 	 -1000.0000 
	 87.1390 	 1.908422e-04 	 155.1552 	  0.8233 	 8.916442e+18 	 6.169533e+16 	 2.080411e-05 	 3.671418e-06 	 -1000.0000 	 -1000.0000 	 -1000.0000 	 -1000.0000 
	 87.2780 	 1.876662e-04 	 154.6541 	  0.8122 	 8.796489e+18 	 6.049529e+16 	 2.077124e-05 	 3.674427e-06 	 -1000.0000 	 -1000.0000 	 -1000.0000 	 -1000.0000 
	 87.4170 	 1.845396e-04 	 154.1777 	  0.8028 	 8.676790e+18 	 5.936835e+16 	 2.071685e-05 	 3.673587e-06 	 -1000.0000 	 -1000.0000 	 -1000.0000 	 -1000.0000 
	 87.5560 	 1.814654e-04 	 153.7351 	  0.7963 	 8.557011e+18 	 5.836124e+16 	 2.064178e-05 	 3.669544e-06 	 -1000.0000 	 -1000.0000 	 -1000.0000 	 -1000.0000 
	 87.6950 	 1.784453e-04 	 153.3325 	  0.7936 	 8.436940e+18 	 5.750933e+16 	 2.054760e-05 	 3.662967e-06 	 -1000.0000 	 -1000.0000 	 -1000.0000 	 -1000.0000 
	 88.0690 	 1.705648e-04 	 152.3763 	  0.8010 	 8.115270e+18 	 5.583930e+16 	 2.023717e-05 	 3.638446e-06 	 -1000.0000 	 -1000.0000 	 -1000.0000 	 -1000.0000 
	 88.2080 	 1.677160e-04 	 152.0345 	  0.8070 	 7.997567e+18 	 5.536974e+16 	 2.011627e-05 	 3.628973e-06 	 -1000.0000 	 -1000.0000 	 -1000.0000 	 -1000.0000 
	 88.3470 	 1.649045e-04 	 151.6821 	  0.8137 	 7.881584e+18 	 5.493867e+16 	 2.000089e-05 	 3.620493e-06 	 -1000.0000 	 -1000.0000 	 -1000.0000 	 -1000.0000 
	 88.4860 	 1.621265e-04 	 151.3073 	  0.8204 	 7.767782e+18 	 5.451831e+16 	 1.989650e-05 	 3.613764e-06 	 -1000.0000 	 -1000.0000 	 -1000.0000 	 -1000.0000 
	 88.6250 	 1.593788e-04 	 150.9008 	  0.8264 	 7.656531e+18 	 5.408557e+16 	 1.980790e-05 	 3.609470e-06 	 -1000.0000 	 -1000.0000 	 -1000.0000 	 -1000.0000 
	 89.0030 	 1.520670e-04 	 149.6555 	  0.8399 	 7.365971e+18 	 5.286294e+16 	 1.965727e-05 	 3.612074e-06 	 -1000.0000 	 -1000.0000 	 -1000.0000 	 -1000.0000 
	 89.1410 	 1.494605e-04 	 149.1635 	  0.8444 	 7.263679e+18 	 5.241865e+16 	 1.963720e-05 	 3.618728e-06 	 -1000.0000 	 -1000.0000 	 -1000.0000 	 -1000.0000 
	 89.2790 	 1.468900e-04 	 148.6586 	  0.8490 	 7.163102e+18 	 5.198550e+16 	 1.963690e-05 	 3.628700e-06 	 -1000.0000 	 -1000.0000 	 -1000.0000 	 -1000.0000 
	 89.4180 	 1.443389e-04 	 148.1418 	  0.8539 	 7.063332e+18 	 5.156690e+16 	 1.965728e-05 	 3.642272e-06 	 -1000.0000 	 -1000.0000 	 -1000.0000 	 -1000.0000 
	 89.5560 	 1.418450e-04 	 147.6250 	  0.8592 	 6.965613e+18 	 5.117158e+16 	 1.969821e-05 	 3.659322e-06 	 -1000.0000 	 -1000.0000 	 -1000.0000 	 -1000.0000 
	 89.9230 	 1.354040e-04 	 146.2673 	  0.8729 	 6.710977e+18 	 5.012619e+16 	 1.989190e-05 	 3.719577e-06 	 -1000.0000 	 -1000.0000 	 -1000.0000 	 -1000.0000 
	 90.0610 	 1.330545e-04 	 145.7759 	  0.8770 	 6.616748e+18 	 4.969470e+16 	 1.998993e-05 	 3.746767e-06 	 -1000.0000 	 -1000.0000 	 -1000.0000 	 -1000.0000 
	 90.1990 	 1.307448e-04 	 145.3021 	  0.8799 	 6.523103e+18 	 4.922000e+16 	 2.009806e-05 	 3.775844e-06 	 -1000.0000 	 -1000.0000 	 -1000.0000 	 -1000.0000 
	 90.3380 	 1.284588e-04 	 144.8472 	  0.8814 	 6.429210e+18 	 4.868371e+16 	 2.021475e-05 	 3.806647e-06 	 -1000.0000 	 -1000.0000 	 -1000.0000 	 -1000.0000 
	 90.4760 	 1.262291e-04 	 144.4214 	  0.8811 	 6.336279e+18 	 4.808325e+16 	 2.033646e-05 	 3.838448e-06 	 -1000.0000 	 -1000.0000 	 -1000.0000 	 -1000.0000 
	 90.8530 	 1.203205e-04 	 143.3814 	  0.8739 	 6.083528e+18 	 4.618452e+16 	 2.070758e-05 	 3.933598e-06 	 -1000.0000 	 -1000.0000 	 -1000.0000 	 -1000.0000 
	 90.9910 	 1.182160e-04 	 143.0405 	  0.8701 	 5.991349e+18 	 4.543726e+16 	 2.086225e-05 	 3.972481e-06 	 -1000.0000 	 -1000.0000 	 -1000.0000 	 -1000.0000 
	 91.1290 	 1.161384e-04 	 142.7181 	  0.8661 	 5.899314e+18 	 4.468468e+16 	 2.102954e-05 	 4.014089e-06 	 -1000.0000 	 -1000.0000 	 -1000.0000 	 -1000.0000 
	 91.2680 	 1.140698e-04 	 142.4103 	  0.8625 	 5.806731e+18 	 4.393584e+16 	 2.121241e-05 	 4.059108e-06 	 -1000.0000 	 -1000.0000 	 -1000.0000 	 -1000.0000 
	 91.4060 	 1.120381e-04 	 142.1197 	  0.8595 	 5.714952e+18 	 4.321380e+16 	 2.140874e-05 	 4.107008e-06 	 -1000.0000 	 -1000.0000 	 -1000.0000 	 -1000.0000 
	 91.9140 	 1.047851e-04 	 141.1467 	  0.8544 	 5.381804e+18 	 4.077220e+16 	 2.218285e-05 	 4.294879e-06 	 -1000.0000 	 -1000.0000 	 -1000.0000 	 -1000.0000 
	 92.0520 	 1.028884e-04 	 140.9003 	  0.8546 	 5.293648e+18 	 4.017090e+16 	 2.238378e-05 	 4.344104e-06 	 -1000.0000 	 -1000.0000 	 -1000.0000 	 -1000.0000 
	 92.1900 	 1.010285e-04 	 140.6577 	  0.8554 	 5.206951e+18 	 3.959745e+16 	 2.257077e-05 	 4.390445e-06 	 -1000.0000 	 -1000.0000 	 -1000.0000 	 -1000.0000 
	 92.3280 	 9.920733e-05 	 140.4176 	  0.8570 	 5.121891e+18 	 3.905165e+16 	 2.274066e-05 	 4.433164e-06 	 -1000.0000 	 -1000.0000 	 -1000.0000 	 -1000.0000 
	 92.6990 	 9.448587e-05 	 139.7830 	  0.8633 	 4.900435e+18 	 3.768551e+16 	 2.316586e-05 	 4.538490e-06 	 -1000.0000 	 -1000.0000 	 -1000.0000 	 -1000.0000 
	 92.8370 	 9.278630e-05 	 139.5516 	  0.8660 	 4.820271e+18 	 3.719951e+16 	 2.333687e-05 	 4.578129e-06 	 -1000.0000 	 -1000.0000 	 -1000.0000 	 -1000.0000 
	 92.9750 	 9.111295e-05 	 139.3231 	  0.8689 	 4.741047e+18 	 3.671715e+16 	 2.352819e-05 	 4.620196e-06 	 -1000.0000 	 -1000.0000 	 -1000.0000 	 -1000.0000 
	 93.1120 	 8.947480e-05 	 139.0991 	  0.8715 	 4.663166e+18 	 3.623658e+16 	 2.374665e-05 	 4.665733e-06 	 -1000.0000 	 -1000.0000 	 -1000.0000 	 -1000.0000 
	 93.2500 	 8.784566e-05 	 138.8778 	  0.8740 	 4.585334e+18 	 3.574590e+16 	 2.400168e-05 	 4.716411e-06 	 -1000.0000 	 -1000.0000 	 -1000.0000 	 -1000.0000 
	 93.6290 	 8.348885e-05 	 138.3579 	  0.8793 	 4.373820e+18 	 3.434570e+16 	 2.482615e-05 	 4.870371e-06 	 -1000.0000 	 -1000.0000 	 -1000.0000 	 -1000.0000 
	 93.9050 	 8.044050e-05 	 138.1452 	  0.8815 	 4.220871e+18 	 3.326117e+16 	 2.545514e-05 	 4.981032e-06 	 -1000.0000 	 -1000.0000 	 -1000.0000 	 -1000.0000 
	 94.0420 	 7.897133e-05 	 138.1180 	  0.8821 	 4.144982e+18 	 3.269744e+16 	 2.574937e-05 	 5.030766e-06 	 -1000.0000 	 -1000.0000 	 -1000.0000 	 -1000.0000 
