	 height_(km) 	 press_(mbar) 	 temp_(K) 	 temperr_(K) 	 numdens_(m-3) 	 numdenserr_(m-3) 	 H2Ovmr_() 	 H2Ovmrerr_() 	 D/H_(VSMOW) 	 D/Herr_(VSMOW) 	 18O/16O_(VSMOW) 	 18O/16Oerr_(VSMOW) 
	  9.2230 	 2.170333e+00 	 189.0935 	  8.7840 	 8.320456e+22 	 3.931715e+21 	 1.071516e-04 	 7.764274e-06 	 -1000.0000 	 -1000.0000 	 -1000.0000 	 -1000.0000 
	  9.4370 	 2.123706e+00 	 188.6191 	  8.6232 	 8.162321e+22 	 3.793274e+21 	 1.072518e-04 	 8.161341e-06 	 -1000.0000 	 -1000.0000 	 -1000.0000 	 -1000.0000 
	  9.4570 	 2.119376e+00 	 188.5745 	  8.6082 	 8.147618e+22 	 3.780508e+21 	 1.072799e-04 	 8.191620e-06 	 -1000.0000 	 -1000.0000 	 -1000.0000 	 -1000.0000 
	  9.6900 	 2.069304e+00 	 188.0500 	  8.4325 	 7.977368e+22 	 3.633948e+21 	 1.078181e-04 	 8.463235e-06 	 -1000.0000 	 -1000.0000 	 -1000.0000 	 -1000.0000 
	  9.9230 	 2.019962e+00 	 187.5188 	  8.2564 	 7.809212e+22 	 3.491419e+21 	 1.086887e-04 	 8.594858e-06 	 -1000.0000 	 -1000.0000 	 -1000.0000 	 -1000.0000 
	 10.1710 	 1.968319e+00 	 186.9469 	  8.0688 	 7.632810e+22 	 3.344182e+21 	 1.098961e-04 	 8.597599e-06 	 -1000.0000 	 -1000.0000 	 -1000.0000 	 -1000.0000 
	 10.4040 	 1.920692e+00 	 186.4043 	  7.8926 	 7.469764e+22 	 3.210086e+21 	 1.112247e-04 	 8.487987e-06 	 -1000.0000 	 -1000.0000 	 -1000.0000 	 -1000.0000 
	 10.6370 	 1.873997e+00 	 185.8574 	  7.7168 	 7.309573e+22 	 3.080131e+21 	 1.126843e-04 	 8.286736e-06 	 -1000.0000 	 -1000.0000 	 -1000.0000 	 -1000.0000 
	 10.6640 	 1.868649e+00 	 185.7938 	  7.6965 	 7.291206e+22 	 3.065341e+21 	 1.128596e-04 	 8.258256e-06 	 -1000.0000 	 -1000.0000 	 -1000.0000 	 -1000.0000 
	 10.8690 	 1.828492e+00 	 185.3094 	  7.5424 	 7.153154e+22 	 2.954885e+21 	 1.142183e-04 	 8.011931e-06 	 -1000.0000 	 -1000.0000 	 -1000.0000 	 -1000.0000 
	 11.3600 	 1.735741e+00 	 184.1419 	  7.1764 	 6.833370e+22 	 2.703638e+21 	 1.174967e-04 	 7.260006e-06 	 -1000.0000 	 -1000.0000 	 -1000.0000 	 -1000.0000 
	 11.3890 	 1.730424e+00 	 184.0728 	  7.1549 	 6.814998e+22 	 2.689391e+21 	 1.176827e-04 	 7.210894e-06 	 -1000.0000 	 -1000.0000 	 -1000.0000 	 -1000.0000 
	 11.5920 	 1.693731e+00 	 183.5883 	  7.0054 	 6.688107e+22 	 2.591525e+21 	 1.189238e-04 	 6.860807e-06 	 -1000.0000 	 -1000.0000 	 -1000.0000 	 -1000.0000 
	 11.6210 	 1.688564e+00 	 183.5191 	  6.9841 	 6.670220e+22 	 2.577805e+21 	 1.190825e-04 	 6.810602e-06 	 -1000.0000 	 -1000.0000 	 -1000.0000 	 -1000.0000 
	 11.8540 	 1.647658e+00 	 182.9624 	  6.8141 	 6.528442e+22 	 2.469740e+21 	 1.198479e-04 	 6.422400e-06 	 -1000.0000 	 -1000.0000 	 -1000.0000 	 -1000.0000 
	 12.3190 	 1.568645e+00 	 181.8484 	  6.4791 	 6.253426e+22 	 2.263800e+21 	 1.155491e-04 	 5.875627e-06 	 -1000.0000 	 -1000.0000 	 -1000.0000 	 -1000.0000 
	 12.3360 	 1.565808e+00 	 181.8076 	  6.4670 	 6.243520e+22 	 2.256477e+21 	 1.151804e-04 	 5.864352e-06 	 -1000.0000 	 -1000.0000 	 -1000.0000 	 -1000.0000 
	 12.5680 	 1.527457e+00 	 181.2497 	  6.3019 	 6.109332e+22 	 2.157921e+21 	 1.088795e-04 	 5.758534e-06 	 -1000.0000 	 -1000.0000 	 -1000.0000 	 -1000.0000 
	 12.8000 	 1.489795e+00 	 180.6901 	  6.1379 	 5.977136e+22 	 2.062018e+21 	 1.009419e-04 	 5.704387e-06 	 -1000.0000 	 -1000.0000 	 -1000.0000 	 -1000.0000 
	 12.8240 	 1.485940e+00 	 180.6321 	  6.1210 	 5.963582e+22 	 2.052252e+21 	 1.000700e-04 	 5.699614e-06 	 -1000.0000 	 -1000.0000 	 -1000.0000 	 -1000.0000 
	 13.2880 	 1.413013e+00 	 179.5071 	  5.7946 	 5.706446e+22 	 1.869375e+21 	 8.356363e-05 	 5.536304e-06 	 -1000.0000 	 -1000.0000 	 -1000.0000 	 -1000.0000 
	 13.5200 	 1.377761e+00 	 178.9415 	  5.6316 	 5.581680e+22 	 1.782312e+21 	 7.694296e-05 	 5.337857e-06 	 -1000.0000 	 -1000.0000 	 -1000.0000 	 -1000.0000 
	 13.5440 	 1.374162e+00 	 178.8828 	  5.6148 	 5.568929e+22 	 1.773477e+21 	 7.636530e-05 	 5.310153e-06 	 -1000.0000 	 -1000.0000 	 -1000.0000 	 -1000.0000 
	 13.7520 	 1.343372e+00 	 178.3735 	  5.4684 	 5.459704e+22 	 1.698286e+21 	 7.238866e-05 	 4.998301e-06 	 -1000.0000 	 -1000.0000 	 -1000.0000 	 -1000.0000 
	 13.7760 	 1.339864e+00 	 178.3146 	  5.4515 	 5.447248e+22 	 1.689766e+21 	 7.204747e-05 	 4.954260e-06 	 -1000.0000 	 -1000.0000 	 -1000.0000 	 -1000.0000 
	 14.2400 	 1.273729e+00 	 177.1720 	  5.1236 	 5.211782e+22 	 1.530447e+21 	 6.815436e-05 	 4.007166e-06 	  4.2494 	  1.0106 	 -1000.0000 	 -1000.0000 
	 14.2640 	 1.270388e+00 	 177.1127 	  5.1066 	 5.199853e+22 	 1.522448e+21 	 6.800421e-05 	 3.963407e-06 	  4.2370 	  1.0072 	 -1000.0000 	 -1000.0000 
	 14.4720 	 1.241730e+00 	 176.5984 	  4.9590 	 5.097355e+22 	 1.453914e+21 	 6.637836e-05 	 3.663955e-06 	  4.1277 	  0.9788 	 -1000.0000 	 -1000.0000 
	 14.4960 	 1.238457e+00 	 176.5390 	  4.9419 	 5.085627e+22 	 1.446092e+21 	 6.613966e-05 	 3.639658e-06 	  4.1147 	  0.9754 	 -1000.0000 	 -1000.0000 
	 14.7280 	 1.207160e+00 	 175.9642 	  4.7766 	 4.973307e+22 	 1.371407e+21 	 6.330060e-05 	 3.496560e-06 	  3.9865 	  0.9415 	 -1000.0000 	 -1000.0000 
	 15.1920 	 1.146451e+00 	 174.8093 	  4.4429 	 4.754397e+22 	 1.227189e+21 	 5.532390e-05 	 3.502676e-06 	  3.7292 	  0.8758 	 -1000.0000 	 -1000.0000 
	 15.2210 	 1.142740e+00 	 174.7369 	  4.4218 	 4.740971e+22 	 1.218409e+21 	 5.475385e-05 	 3.506823e-06 	  3.7140 	  0.8723 	 -1000.0000 	 -1000.0000 
	 15.4520 	 1.113524e+00 	 174.1584 	  4.2532 	 4.635095e+22 	 1.149482e+21 	 5.005064e-05 	 3.519186e-06 	  3.5990 	  0.8482 	 -1000.0000 	 -1000.0000 
	 15.6830 	 1.084920e+00 	 173.5774 	  4.0826 	 4.531139e+22 	 1.082374e+21 	 4.522789e-05 	 3.455505e-06 	  3.4971 	  0.8289 	 -1000.0000 	 -1000.0000 
	 15.6990 	 1.082962e+00 	 173.5370 	  4.0707 	 4.524009e+22 	 1.077794e+21 	 4.489553e-05 	 3.447009e-06 	  3.4905 	  0.8277 	 -1000.0000 	 -1000.0000 
	 16.1620 	 1.027604e+00 	 172.3638 	  3.7225 	 4.321954e+22 	 9.493353e+20 	 3.585472e-05 	 2.948298e-06 	  3.3218 	  0.8033 	 -1000.0000 	 -1000.0000 
	 16.3930 	 1.001074e+00 	 171.7769 	  3.5484 	 4.224766e+22 	 8.885718e+20 	 3.210414e-05 	 2.615295e-06 	  3.2468 	  0.8073 	 -1000.0000 	 -1000.0000 
	 16.4250 	 9.974645e-01 	 171.6956 	  3.5245 	 4.211526e+22 	 8.803521e+20 	 3.164343e-05 	 2.570960e-06 	  3.2366 	  0.8077 	 -1000.0000 	 -1000.0000 
	 16.6250 	 9.752903e-01 	 171.1888 	  3.3759 	 4.130118e+22 	 8.301279e+20 	 2.915850e-05 	 2.326582e-06 	  3.1732 	  0.8078 	 -1000.0000 	 -1000.0000 
	 16.6550 	 9.720210e-01 	 171.1128 	  3.3538 	 4.118104e+22 	 8.227451e+20 	 2.884511e-05 	 2.295829e-06 	  3.1637 	  0.8074 	 -1000.0000 	 -1000.0000 
	 17.3470 	 8.994112e-01 	 169.3354 	  2.7803 	 3.850442e+22 	 6.486818e+20 	 2.385221e-05 	 1.887721e-06 	  2.9328 	  0.7618 	 -1000.0000 	 -1000.0000 
	 17.3750 	 8.965441e-01 	 169.2615 	  2.7524 	 3.839837e+22 	 6.410373e+20 	 2.367113e-05 	 1.878213e-06 	  2.9223 	  0.7588 	 -1000.0000 	 -1000.0000 
	 17.6060 	 8.730547e-01 	 168.6474 	  2.5098 	 3.752788e+22 	 5.763288e+20 	 2.213676e-05 	 1.807813e-06 	  2.8322 	  0.7317 	 -1000.0000 	 -1000.0000 
	 17.8370 	 8.499161e-01 	 168.0329 	  2.2520 	 3.666657e+22 	 5.104664e+20 	 2.057713e-05 	 1.746186e-06 	  2.7382 	  0.7016 	 -1000.0000 	 -1000.0000 
	 17.8650 	 8.471393e-01 	 167.9588 	  2.2203 	 3.656288e+22 	 5.025253e+20 	 2.038946e-05 	 1.738896e-06 	  2.7268 	  0.6978 	 -1000.0000 	 -1000.0000 
	 18.3260 	 8.024641e-01 	 166.7732 	  1.7092 	 3.488149e+22 	 3.786033e+20 	 1.747132e-05 	 1.605204e-06 	  2.5559 	  0.6319 	 -1000.0000 	 -1000.0000 
	 18.5570 	 7.809467e-01 	 166.2180 	  1.4791 	 3.406002e+22 	 3.252527e+20 	 1.620100e-05 	 1.515735e-06 	  2.4907 	  0.5999 	 -1000.0000 	 -1000.0000 
	 18.5850 	 7.783837e-01 	 166.1531 	  1.4532 	 3.396153e+22 	 3.193600e+20 	 1.605761e-05 	 1.503448e-06 	  2.4839 	  0.5963 	 -1000.0000 	 -1000.0000 
	 18.7870 	 7.602056e-01 	 165.7036 	  1.2826 	 3.325831e+22 	 2.812187e+20 	 1.509153e-05 	 1.404732e-06 	  2.4411 	  0.5733 	 -1000.0000 	 -1000.0000 
	 18.8150 	 7.577291e-01 	 165.6442 	  1.2614 	 3.316180e+22 	 2.765593e+20 	 1.496665e-05 	 1.389791e-06 	  2.4361 	  0.5705 	 -1000.0000 	 -1000.0000 
	 19.2770 	 7.181635e-01 	 164.8149 	  0.9983 	 3.158798e+22 	 2.194352e+20 	 1.317193e-05 	 1.137648e-06 	  2.3761 	  0.5355 	 -1000.0000 	 -1000.0000 
	 19.3000 	 7.162488e-01 	 164.7829 	  0.9896 	 3.150994e+22 	 2.174669e+20 	 1.309508e-05 	 1.126177e-06 	  2.3739 	  0.5341 	 -1000.0000 	 -1000.0000 
	 19.5070 	 6.992014e-01 	 164.5442 	  0.9304 	 3.080562e+22 	 2.029225e+20 	 1.245398e-05 	 1.034362e-06 	  2.3563 	  0.5223 	 -1000.0000 	 -1000.0000 
	 19.5300 	 6.973267e-01 	 164.5232 	  0.9259 	 3.072710e+22 	 2.016340e+20 	 1.238811e-05 	 1.025510e-06 	  2.3545 	  0.5211 	 -1000.0000 	 -1000.0000 
	 19.7600 	 6.787963e-01 	 164.3669 	  0.8999 	 2.994077e+22 	 1.918145e+20 	 1.178104e-05 	 9.490306e-07 	  2.3349 	  0.5090 	 -1000.0000 	 -1000.0000 
	 20.2200 	 6.429609e-01 	 164.2688 	  0.9230 	 2.837866e+22 	 1.843011e+20 	 1.077168e-05 	 8.350731e-07 	  2.2798 	  0.4877 	 -1000.0000 	 -1000.0000 
	 20.2550 	 6.403037e-01 	 164.2688 	  0.9272 	 2.826132e+22 	 1.841362e+20 	 1.070239e-05 	 8.272156e-07 	  2.2743 	  0.4862 	 -1000.0000 	 -1000.0000 
	 20.4860 	 6.230216e-01 	 164.2804 	  0.9572 	 2.749563e+22 	 1.835855e+20 	 1.026092e-05 	 7.756608e-07 	  2.2342 	  0.4772 	 -1000.0000 	 -1000.0000 
	 20.7170 	 6.061936e-01 	 164.2941 	  0.9846 	 2.674907e+22 	 1.828910e+20 	 9.836687e-06 	 7.246765e-07 	  2.1880 	  0.4698 	 -1000.0000 	 -1000.0000 
	 20.7400 	 6.045435e-01 	 164.2946 	  0.9868 	 2.667600e+22 	 1.827564e+20 	 9.794971e-06 	 7.197024e-07 	  2.1831 	  0.4692 	 -1000.0000 	 -1000.0000 
	 21.2000 	 5.725183e-01 	 164.2307 	  0.9976 	 2.527069e+22 	 1.755538e+20 	 8.964858e-06 	 6.241671e-07 	  2.0844 	  0.4598 	 -1000.0000 	 -1000.0000 
	 21.4300 	 5.571726e-01 	 164.1340 	  0.9834 	 2.460771e+22 	 1.693239e+20 	 8.549556e-06 	 5.788784e-07 	  2.0404 	  0.4580 	 -1000.0000 	 -1000.0000 
	 21.6600 	 5.422388e-01 	 163.9874 	  0.9621 	 2.396980e+22 	 1.621879e+20 	 8.133548e-06 	 5.357029e-07 	  2.0035 	  0.4584 	 -1000.0000 	 -1000.0000 
	 22.1750 	 5.101676e-01 	 163.4520 	  0.9111 	 2.262679e+22 	 1.462331e+20 	 7.235327e-06 	 4.501180e-07 	  1.9423 	  0.4659 	 -1000.0000 	 -1000.0000 
	 22.4050 	 4.963993e-01 	 163.1091 	  0.8970 	 2.206267e+22 	 1.405743e+20 	 6.866769e-06 	 4.162622e-07 	  1.9217 	  0.4712 	 -1000.0000 	 -1000.0000 
	 22.6340 	 4.830116e-01 	 162.7022 	  0.8906 	 2.152147e+22 	 1.362185e+20 	 6.521186e-06 	 3.861309e-07 	  1.9041 	  0.4774 	 -1000.0000 	 -1000.0000 
	 22.8630 	 4.699484e-01 	 162.2353 	  0.8890 	 2.099983e+22 	 1.327635e+20 	 6.190673e-06 	 3.608173e-07 	  1.8883 	  0.4845 	 -1000.0000 	 -1000.0000 
	 23.0930 	 4.571599e-01 	 161.7113 	  0.8889 	 2.049473e+22 	 1.298007e+20 	 5.865190e-06 	 3.384926e-07 	  1.8749 	  0.4925 	 -1000.0000 	 -1000.0000 
	 23.3540 	 4.430569e-01 	 161.0569 	  0.8869 	 1.994328e+22 	 1.265472e+20 	 5.491038e-06 	 3.115080e-07 	  1.8640 	  0.5028 	 -1000.0000 	 -1000.0000 
	 23.5830 	 4.310472e-01 	 160.4364 	  0.8799 	 1.947751e+22 	 1.233438e+20 	 5.148770e-06 	 2.838546e-07 	  1.8586 	  0.5128 	 -1000.0000 	 -1000.0000 
	 23.6150 	 4.293963e-01 	 160.3466 	  0.8784 	 1.941372e+22 	 1.228462e+20 	 5.098874e-06 	 2.812654e-07 	  1.8581 	  0.5144 	 -1000.0000 	 -1000.0000 
	 23.8130 	 4.193323e-01 	 159.7763 	  0.8647 	 1.902569e+22 	 1.193876e+20 	 4.785367e-06 	 2.655667e-07 	  1.8550 	  0.5246 	 -1000.0000 	 -1000.0000 
	 23.8450 	 4.177294e-01 	 159.6829 	  0.8619 	 1.896389e+22 	 1.187664e+20 	 4.734241e-06 	 2.630844e-07 	  1.8545 	  0.5263 	 -1000.0000 	 -1000.0000 
	 24.3030 	 3.953745e-01 	 158.5348 	  0.8139 	 1.807862e+22 	 1.090154e+20 	 4.022861e-06 	 2.301331e-07 	  1.8457 	  0.5507 	 -1000.0000 	 -1000.0000 
	 24.3310 	 3.940368e-01 	 158.4866 	  0.8110 	 1.802307e+22 	 1.084188e+20 	 3.982048e-06 	 2.283253e-07 	  1.8450 	  0.5522 	 -1000.0000 	 -1000.0000 
	 24.5330 	 3.844567e-01 	 158.2593 	  0.7937 	 1.761150e+22 	 1.043419e+20 	 3.701662e-06 	 2.161842e-07 	  1.8393 	  0.5629 	 -1000.0000 	 -1000.0000 
	 24.5590 	 3.832325e-01 	 158.2455 	  0.7919 	 1.755714e+22 	 1.038529e+20 	 3.667497e-06 	 2.147360e-07 	  1.8385 	  0.5643 	 -1000.0000 	 -1000.0000 
	 24.7880 	 3.725598e-01 	 158.2274 	  0.7805 	 1.707123e+22 	 9.992114e+19 	 3.385899e-06 	 2.029774e-07 	  1.8306 	  0.5762 	 -1000.0000 	 -1000.0000 
	 25.2450 	 3.520807e-01 	 158.2866 	  0.7797 	 1.612434e+22 	 9.416094e+19 	 2.919762e-06 	 1.838729e-07 	  1.8131 	  0.5998 	 -1000.0000 	 -1000.0000 
	 25.2790 	 3.506116e-01 	 158.2735 	  0.7807 	 1.605810e+22 	 9.384413e+19 	 2.889674e-06 	 1.826588e-07 	  1.8118 	  0.6016 	 -1000.0000 	 -1000.0000 
	 25.5080 	 3.409144e-01 	 158.1050 	  0.7899 	 1.562896e+22 	 9.201800e+19 	 2.702079e-06 	 1.751727e-07 	  1.8047 	  0.6140 	 -1000.0000 	 -1000.0000 
	 25.7370 	 3.315356e-01 	 157.8200 	  0.8014 	 1.522565e+22 	 9.054916e+19 	 2.539582e-06 	 1.687886e-07 	  1.7992 	  0.6272 	 -1000.0000 	 -1000.0000 
	 25.7760 	 3.299675e-01 	 157.7622 	  0.8034 	 1.515915e+22 	 9.031664e+19 	 2.514312e-06 	 1.677918e-07 	  1.7984 	  0.6295 	 -1000.0000 	 -1000.0000 
	 26.2320 	 3.121842e-01 	 156.9579 	  0.8205 	 1.441703e+22 	 8.741305e+19 	 2.268353e-06 	 1.579039e-07 	  1.7927 	  0.6576 	 -1000.0000 	 -1000.0000 
	 26.4600 	 3.036182e-01 	 156.5174 	  0.8204 	 1.406211e+22 	 8.544334e+19 	 2.178029e-06 	 1.542171e-07 	  1.7910 	  0.6724 	 -1000.0000 	 -1000.0000 
	 26.4910 	 3.024675e-01 	 156.4581 	  0.8197 	 1.401427e+22 	 8.512900e+19 	 2.167323e-06 	 1.537807e-07 	  1.7908 	  0.6744 	 -1000.0000 	 -1000.0000 
	 26.6880 	 2.952235e-01 	 156.0936 	  0.8108 	 1.371103e+22 	 8.280680e+19 	 2.107315e-06 	 1.513129e-07 	  1.7894 	  0.6873 	 -1000.0000 	 -1000.0000 
	 26.7190 	 2.940941e-01 	 156.0389 	  0.8087 	 1.366337e+22 	 8.239235e+19 	 2.099036e-06 	 1.509650e-07 	  1.7891 	  0.6894 	 -1000.0000 	 -1000.0000 
	 27.1770 	 2.777912e-01 	 155.3640 	  0.7737 	 1.296164e+22 	 7.586462e+19 	 2.002622e-06 	 1.468763e-07 	  1.7843 	  0.7196 	 -1000.0000 	 -1000.0000 
	 27.2160 	 2.764398e-01 	 155.3213 	  0.7715 	 1.290217e+22 	 7.535594e+19 	 1.995890e-06 	 1.466138e-07 	  1.7838 	  0.7221 	 -1000.0000 	 -1000.0000 
	 27.4050 	 2.699833e-01 	 155.1559 	  0.7662 	 1.261490e+22 	 7.322816e+19 	 1.964698e-06 	 1.455458e-07 	  1.7806 	  0.7344 	 -1000.0000 	 -1000.0000 
	 27.4440 	 2.686705e-01 	 155.1302 	  0.7663 	 1.255585e+22 	 7.286733e+19 	 1.958446e-06 	 1.453677e-07 	  1.7799 	  0.7370 	 -1000.0000 	 -1000.0000 
	 27.6720 	 2.611270e-01 	 155.0213 	  0.7736 	 1.221333e+22 	 7.121347e+19 	 1.922313e-06 	 1.445449e-07 	  1.7750 	  0.7517 	 -1000.0000 	 -1000.0000 
	 28.1540 	 2.458867e-01 	 154.8486 	  0.8103 	 1.151478e+22 	 6.931305e+19 	 1.843840e-06 	 1.433197e-07 	  1.7616 	  0.7821 	 -1000.0000 	 -1000.0000 
	 28.3820 	 2.389938e-01 	 154.6912 	  0.8279 	 1.120267e+22 	 6.859694e+19 	 1.803279e-06 	 1.425864e-07 	  1.7537 	  0.7962 	 -1000.0000 	 -1000.0000 
	 28.6100 	 2.322921e-01 	 154.4190 	  0.8395 	 1.090634e+22 	 6.763086e+19 	 1.758569e-06 	 1.414039e-07 	  1.7446 	  0.8098 	 -1000.0000 	 -1000.0000 
	 28.6460 	 2.312508e-01 	 154.3623 	  0.8405 	 1.086119e+22 	 6.743785e+19 	 1.751028e-06 	 1.411528e-07 	  1.7431 	  0.8120 	 -1000.0000 	 -1000.0000 
	 28.8380 	 2.257731e-01 	 153.9851 	  0.8404 	 1.062861e+22 	 6.615101e+19 	 1.708030e-06 	 1.394091e-07 	  1.7345 	  0.8231 	 -1000.0000 	 -1000.0000 
	 29.3300 	 2.122786e-01 	 152.7913 	  0.8150 	 1.007109e+22 	 6.152469e+19 	 1.569599e-06 	 1.315340e-07 	 -1000.0000 	 -1000.0000 	 -1000.0000 	 -1000.0000 
	 29.3710 	 2.111866e-01 	 152.7110 	  0.8128 	 1.002474e+22 	 6.112876e+19 	 1.555849e-06 	 1.306741e-07 	 -1000.0000 	 -1000.0000 	 -1000.0000 	 -1000.0000 
	 29.5580 	 2.062643e-01 	 152.4473 	  0.8058 	 9.808971e+21 	 5.945177e+19 	 1.488731e-06 	 1.264604e-07 	 -1000.0000 	 -1000.0000 	 -1000.0000 	 -1000.0000 
	 29.5990 	 2.051977e-01 	 152.4140 	  0.8050 	 9.760572e+21 	 5.911975e+19 	 1.473151e-06 	 1.254857e-07 	 -1000.0000 	 -1000.0000 	 -1000.0000 	 -1000.0000 
	 29.8260 	 1.993769e-01 	 152.3480 	  0.8058 	 9.488340e+21 	 5.751211e+19 	 1.383888e-06 	 1.199434e-07 	 -1000.0000 	 -1000.0000 	 -1000.0000 	 -1000.0000 
	 30.2810 	 1.881652e-01 	 152.4318 	  0.8295 	 8.948501e+21 	 5.536154e+19 	 1.216382e-06 	 1.100794e-07 	 -1000.0000 	 -1000.0000 	 -1000.0000 	 -1000.0000 
	 30.3090 	 1.874960e-01 	 152.4311 	  0.8318 	 8.916610e+21 	 5.527037e+19 	 1.207606e-06 	 1.096072e-07 	 -1000.0000 	 -1000.0000 	 -1000.0000 	 -1000.0000 
	 30.5360 	 1.821600e-01 	 152.3828 	  0.8523 	 8.664923e+21 	 5.464931e+19 	 1.144557e-06 	 1.064746e-07 	 -1000.0000 	 -1000.0000 	 -1000.0000 	 -1000.0000 
	 30.7630 	 1.769803e-01 	 152.2677 	  0.8743 	 8.424613e+21 	 5.414570e+19 	 1.094513e-06 	 1.044332e-07 	 -1000.0000 	 -1000.0000 	 -1000.0000 	 -1000.0000 
	 30.8070 	 1.759941e-01 	 152.2389 	  0.8785 	 8.379250e+21 	 5.405058e+19 	 1.086071e-06 	 1.041380e-07 	 -1000.0000 	 -1000.0000 	 -1000.0000 	 -1000.0000 
	 31.2600 	 1.661702e-01 	 151.8483 	  0.9138 	 7.932460e+21 	 5.281408e+19 	 1.010808e-06 	 1.023628e-07 	 -1000.0000 	 -1000.0000 	 -1000.0000 	 -1000.0000 
	 31.4870 	 1.614679e-01 	 151.6100 	  0.9211 	 7.720577e+21 	 5.180940e+19 	 9.717280e-07 	 1.019498e-07 	 -1000.0000 	 -1000.0000 	 -1000.0000 	 -1000.0000 
	 31.5210 	 1.607760e-01 	 151.5730 	  0.9214 	 7.689425e+21 	 5.162495e+19 	 9.654837e-07 	 1.018565e-07 	 -1000.0000 	 -1000.0000 	 -1000.0000 	 -1000.0000 
	 31.7130 	 1.569284e-01 	 151.3621 	  0.9178 	 7.516036e+21 	 5.038375e+19 	 9.281948e-07 	 1.009363e-07 	 -1000.0000 	 -1000.0000 	 -1000.0000 	 -1000.0000 
	 31.7490 	 1.562180e-01 	 151.3227 	  0.9162 	 7.483965e+21 	 5.011484e+19 	 9.209393e-07 	 1.006603e-07 	 -1000.0000 	 -1000.0000 	 -1000.0000 	 -1000.0000 
	 32.2030 	 1.475297e-01 	 150.8714 	  0.8898 	 7.088722e+21 	 4.643380e+19 	 8.296460e-07 	 9.516895e-08 	 -1000.0000 	 -1000.0000 	 -1000.0000 	 -1000.0000 
	 32.2470 	 1.467120e-01 	 150.8358 	  0.8880 	 7.051110e+21 	 4.610569e+19 	 8.212570e-07 	 9.456469e-08 	 -1000.0000 	 -1000.0000 	 -1000.0000 	 -1000.0000 
	 32.4310 	 1.433332e-01 	 150.7105 	  0.8856 	 6.894644e+21 	 4.492568e+19 	 7.878220e-07 	 9.223093e-08 	 -1000.0000 	 -1000.0000 	 -1000.0000 	 -1000.0000 
	 32.4730 	 1.425709e-01 	 150.6874 	  0.8863 	 6.859100e+21 	 4.470570e+19 	 7.805542e-07 	 9.176640e-08 	 -1000.0000 	 -1000.0000 	 -1000.0000 	 -1000.0000 
	 32.7000 	 1.385090e-01 	 150.5893 	  0.8969 	 6.668478e+21 	 4.378624e+19 	 7.433914e-07 	 8.968558e-08 	 -1000.0000 	 -1000.0000 	 -1000.0000 	 -1000.0000 
	 33.1530 	 1.307040e-01 	 150.4444 	  0.9381 	 6.299247e+21 	 4.280137e+19 	 6.788500e-07 	 8.684868e-08 	 -1000.0000 	 -1000.0000 	 -1000.0000 	 -1000.0000 
	 33.1930 	 1.300346e-01 	 150.4296 	  0.9421 	 6.267594e+21 	 4.273631e+19 	 6.736370e-07 	 8.663385e-08 	 -1000.0000 	 -1000.0000 	 -1000.0000 	 -1000.0000 
	 33.4200 	 1.262982e-01 	 150.3224 	  0.9630 	 6.091604e+21 	 4.233443e+19 	 6.450301e-07 	 8.539486e-08 	 -1000.0000 	 -1000.0000 	 -1000.0000 	 -1000.0000 
	 33.6470 	 1.226696e-01 	 150.1574 	  0.9778 	 5.922650e+21 	 4.176046e+19 	 6.173459e-07 	 8.399866e-08 	 -1000.0000 	 -1000.0000 	 -1000.0000 	 -1000.0000 
	 33.6770 	 1.221983e-01 	 150.1299 	  0.9791 	 5.900909e+21 	 4.166319e+19 	 6.137036e-07 	 8.379244e-08 	 -1000.0000 	 -1000.0000 	 -1000.0000 	 -1000.0000 
	 34.1300 	 1.153110e-01 	 149.5511 	  0.9745 	 5.589278e+21 	 3.944331e+19 	 5.577281e-07 	 7.980457e-08 	 -1000.0000 	 -1000.0000 	 -1000.0000 	 -1000.0000 
	 34.3570 	 1.120054e-01 	 149.2446 	  0.9639 	 5.440351e+21 	 3.806704e+19 	 5.292675e-07 	 7.737614e-08 	 -1000.0000 	 -1000.0000 	 -1000.0000 	 -1000.0000 
	 34.4020 	 1.113601e-01 	 149.1922 	  0.9620 	 5.410965e+21 	 3.780066e+19 	 5.236812e-07 	 7.688244e-08 	 -1000.0000 	 -1000.0000 	 -1000.0000 	 -1000.0000 
	 34.5830 	 1.087945e-01 	 149.0285 	  0.9568 	 5.292327e+21 	 3.680744e+19 	 5.017567e-07 	 7.490779e-08 	 -1000.0000 	 -1000.0000 	 -1000.0000 	 -1000.0000 
	 34.6280 	 1.081640e-01 	 149.0009 	  0.9563 	 5.262665e+21 	 3.658501e+19 	 4.965121e-07 	 7.442687e-08 	 -1000.0000 	 -1000.0000 	 -1000.0000 	 -1000.0000 
	 35.1120 	 1.015887e-01 	 148.9467 	  0.9693 	 4.944488e+21 	 3.474817e+19 	 4.481601e-07 	 7.009445e-08 	 -1000.0000 	 -1000.0000 	 -1000.0000 	 -1000.0000 
	 35.3060 	 9.907264e-02 	 148.9950 	  0.9831 	 4.820410e+21 	 3.424770e+19 	 4.339425e-07 	 6.910173e-08 	 -1000.0000 	 -1000.0000 	 -1000.0000 	 -1000.0000 
	 35.3380 	 9.866472e-02 	 149.0042 	  0.9857 	 4.800270e+21 	 3.417512e+19 	 4.319077e-07 	 6.899127e-08 	 -1000.0000 	 -1000.0000 	 -1000.0000 	 -1000.0000 
	 35.5640 	 9.583843e-02 	 149.0735 	  1.0068 	 4.660695e+21 	 3.371937e+19 	 4.199593e-07 	 6.860445e-08 	 -1000.0000 	 -1000.0000 	 -1000.0000 	 -1000.0000 
	 35.7900 	 9.310217e-02 	 149.1415 	  1.0298 	 4.525696e+21 	 3.331741e+19 	 4.122334e-07 	 6.878382e-08 	 -1000.0000 	 -1000.0000 	 -1000.0000 	 -1000.0000 
	 36.2840 	 8.739557e-02 	 149.2243 	  1.0731 	 4.245997e+21 	 3.231478e+19 	 4.058998e-07 	 7.041259e-08 	 -1000.0000 	 -1000.0000 	 -1000.0000 	 -1000.0000 
	 36.5100 	 8.489258e-02 	 149.2041 	  1.0834 	 4.124827e+21 	 3.165692e+19 	 4.050018e-07 	 7.138336e-08 	 -1000.0000 	 -1000.0000 	 -1000.0000 	 -1000.0000 
	 36.5570 	 8.437940e-02 	 149.1936 	  1.0845 	 4.100147e+21 	 3.149530e+19 	 4.048350e-07 	 7.157994e-08 	 -1000.0000 	 -1000.0000 	 -1000.0000 	 -1000.0000 
	 36.7360 	 8.244610e-02 	 149.1304 	  1.0841 	 4.007756e+21 	 3.078547e+19 	 4.042291e-07 	 7.227181e-08 	 -1000.0000 	 -1000.0000 	 -1000.0000 	 -1000.0000 
	 36.7830 	 8.194396e-02 	 149.1082 	  1.0828 	 3.983902e+21 	 3.057462e+19 	 4.041075e-07 	 7.243688e-08 	 -1000.0000 	 -1000.0000 	 -1000.0000 	 -1000.0000 
	 37.2330 	 7.727444e-02 	 148.9042 	  1.0599 	 3.762008e+21 	 2.832479e+19 	 4.058845e-07 	 7.409695e-08 	 -1000.0000 	 -1000.0000 	 -1000.0000 	 -1000.0000 
	 37.2670 	 7.693322e-02 	 148.8970 	  1.0582 	 3.745600e+21 	 2.815558e+19 	 4.063415e-07 	 7.425867e-08 	 -1000.0000 	 -1000.0000 	 -1000.0000 	 -1000.0000 
	 37.4590 	 7.504149e-02 	 148.9029 	  1.0504 	 3.653489e+21 	 2.726077e+19 	 4.100496e-07 	 7.536643e-08 	 -1000.0000 	 -1000.0000 	 -1000.0000 	 -1000.0000 
	 37.4930 	 7.471281e-02 	 148.9128 	  1.0495 	 3.637265e+21 	 2.711544e+19 	 4.109043e-07 	 7.560078e-08 	 -1000.0000 	 -1000.0000 	 -1000.0000 	 -1000.0000 
	 37.7180 	 7.258276e-02 	 149.0324 	  1.0481 	 3.530790e+21 	 2.625375e+19 	 4.179681e-07 	 7.742746e-08 	 -1000.0000 	 -1000.0000 	 -1000.0000 	 -1000.0000 
	 38.1690 	 6.851928e-02 	 149.4246 	  1.0665 	 3.324234e+21 	 2.501904e+19 	 4.391408e-07 	 8.226913e-08 	 -1000.0000 	 -1000.0000 	 -1000.0000 	 -1000.0000 
	 38.2130 	 6.813558e-02 	 149.4648 	  1.0697 	 3.304724e+21 	 2.493081e+19 	 4.416537e-07 	 8.280699e-08 	 -1000.0000 	 -1000.0000 	 -1000.0000 	 -1000.0000 
	 38.4380 	 6.620638e-02 	 149.6638 	  1.0891 	 3.206895e+21 	 2.454339e+19 	 4.556279e-07 	 8.571191e-08 	 -1000.0000 	 -1000.0000 	 -1000.0000 	 -1000.0000 
	 38.6630 	 6.433156e-02 	 149.8467 	  1.1107 	 3.112325e+21 	 2.422100e+19 	 4.713216e-07 	 8.886467e-08 	 -1000.0000 	 -1000.0000 	 -1000.0000 	 -1000.0000 
	 38.7030 	 6.400387e-02 	 149.8770 	  1.1145 	 3.095854e+21 	 2.416618e+19 	 4.742809e-07 	 8.945017e-08 	 -1000.0000 	 -1000.0000 	 -1000.0000 	 -1000.0000 
	 39.1520 	 6.043969e-02 	 150.1553 	  1.1500 	 2.918079e+21 	 2.347185e+19 	 5.109246e-07 	 9.652230e-08 	 -1000.0000 	 -1000.0000 	 -1000.0000 	 -1000.0000 
	 39.3770 	 5.873088e-02 	 150.2412 	  1.1574 	 2.833922e+21 	 2.297933e+19 	 5.316430e-07 	 1.004018e-07 	 -1000.0000 	 -1000.0000 	 -1000.0000 	 -1000.0000 
	 39.4230 	 5.838774e-02 	 150.2534 	  1.1577 	 2.817123e+21 	 2.285929e+19 	 5.360728e-07 	 1.012218e-07 	 -1000.0000 	 -1000.0000 	 -1000.0000 	 -1000.0000 
	 39.6010 	 5.707958e-02 	 150.2822 	  1.1539 	 2.753420e+21 	 2.231882e+19 	 5.538416e-07 	 1.044796e-07 	 -1000.0000 	 -1000.0000 	 -1000.0000 	 -1000.0000 
	 39.6470 	 5.674653e-02 	 150.2850 	  1.1517 	 2.737285e+21 	 2.216003e+19 	 5.586023e-07 	 1.053440e-07 	 -1000.0000 	 -1000.0000 	 -1000.0000 	 -1000.0000 
	 40.1380 	 5.331386e-02 	 150.2802 	  1.1206 	 2.571773e+21 	 2.034126e+19 	 6.146670e-07 	 1.152521e-07 	 -1000.0000 	 -1000.0000 	 -1000.0000 	 -1000.0000 
	 40.3210 	 5.208872e-02 	 150.3021 	  1.1168 	 2.512402e+21 	 1.978921e+19 	 6.384521e-07 	 1.193200e-07 	 -1000.0000 	 -1000.0000 	 -1000.0000 	 -1000.0000 
	 40.3620 	 5.181807e-02 	 150.3111 	  1.1172 	 2.499223e+21 	 1.968566e+19 	 6.440165e-07 	 1.202618e-07 	 -1000.0000 	 -1000.0000 	 -1000.0000 	 -1000.0000 
	 40.5860 	 5.036371e-02 	 150.3825 	  1.1260 	 2.428059e+21 	 1.922973e+19 	 6.758249e-07 	 1.255821e-07 	 -1000.0000 	 -1000.0000 	 -1000.0000 	 -1000.0000 
	 40.8100 	 4.894960e-02 	 150.4801 	  1.1427 	 2.358446e+21 	 1.891019e+19 	 7.097995e-07 	 1.311454e-07 	 -1000.0000 	 -1000.0000 	 -1000.0000 	 -1000.0000 
	 41.3060 	 4.595583e-02 	 150.7127 	  1.1844 	 2.210722e+21 	 1.835003e+19 	 7.906041e-07 	 1.439041e-07 	 -1000.0000 	 -1000.0000 	 -1000.0000 	 -1000.0000 
	 41.5300 	 4.466328e-02 	 150.7908 	  1.1947 	 2.147315e+21 	 1.801098e+19 	 8.284671e-07 	 1.496496e-07 	 -1000.0000 	 -1000.0000 	 -1000.0000 	 -1000.0000 
	 41.5780 	 4.439095e-02 	 150.8030 	  1.1955 	 2.134023e+21 	 1.792130e+19 	 8.366141e-07 	 1.508648e-07 	 -1000.0000 	 -1000.0000 	 -1000.0000 	 -1000.0000 
	 41.7540 	 4.340612e-02 	 150.8307 	  1.1932 	 2.086219e+21 	 1.752409e+19 	 8.664277e-07 	 1.552437e-07 	 -1000.0000 	 -1000.0000 	 -1000.0000 	 -1000.0000 
	 41.8020 	 4.314125e-02 	 150.8333 	  1.1911 	 2.073439e+21 	 1.739683e+19 	 8.745006e-07 	 1.564119e-07 	 -1000.0000 	 -1000.0000 	 -1000.0000 	 -1000.0000 
	 42.2500 	 4.074691e-02 	 150.7877 	  1.1573 	 1.958960e+21 	 1.604417e+19 	 9.454133e-07 	 1.664957e-07 	 -1000.0000 	 -1000.0000 	 -1000.0000 	 -1000.0000 
	 42.2880 	 4.055036e-02 	 150.7804 	  1.1545 	 1.949614e+21 	 1.593207e+19 	 9.508390e-07 	 1.672637e-07 	 -1000.0000 	 -1000.0000 	 -1000.0000 	 -1000.0000 
	 42.4740 	 3.960327e-02 	 150.7431 	  1.1436 	 1.904584e+21 	 1.543484e+19 	 9.755012e-07 	 1.707767e-07 	 -1000.0000 	 -1000.0000 	 -1000.0000 	 -1000.0000 
	 42.5120 	 3.941282e-02 	 150.7355 	  1.1422 	 1.895527e+21 	 1.534573e+19 	 9.801374e-07 	 1.714444e-07 	 -1000.0000 	 -1000.0000 	 -1000.0000 	 -1000.0000 
	 42.7360 	 3.831030e-02 	 150.6874 	  1.1394 	 1.843103e+21 	 1.489960e+19 	 1.004825e-06 	 1.750932e-07 	 -1000.0000 	 -1000.0000 	 -1000.0000 	 -1000.0000 
	 43.1840 	 3.620134e-02 	 150.5487 	  1.1576 	 1.743211e+21 	 1.432341e+19 	 1.041776e-06 	 1.814674e-07 	 -1000.0000 	 -1000.0000 	 -1000.0000 	 -1000.0000 
	 43.2370 	 3.595969e-02 	 150.5263 	  1.1615 	 1.731827e+21 	 1.427507e+19 	 1.045188e-06 	 1.821891e-07 	 -1000.0000 	 -1000.0000 	 -1000.0000 	 -1000.0000 
	 43.4600 	 3.496001e-02 	 150.4170 	  1.1803 	 1.684891e+21 	 1.409965e+19 	 1.057560e-06 	 1.851596e-07 	 -1000.0000 	 -1000.0000 	 -1000.0000 	 -1000.0000 
	 43.6830 	 3.398708e-02 	 150.2851 	  1.2011 	 1.639434e+21 	 1.394988e+19 	 1.066983e-06 	 1.879633e-07 	 -1000.0000 	 -1000.0000 	 -1000.0000 	 -1000.0000 
	 43.7230 	 3.381530e-02 	 150.2592 	  1.2049 	 1.631429e+21 	 1.392371e+19 	 1.068384e-06 	 1.884419e-07 	 -1000.0000 	 -1000.0000 	 -1000.0000 	 -1000.0000 
	 44.1700 	 3.194950e-02 	 149.9294 	  1.2401 	 1.544822e+21 	 1.358483e+19 	 1.078570e-06 	 1.930675e-07 	 -1000.0000 	 -1000.0000 	 -1000.0000 	 -1000.0000 
	 44.3930 	 3.105372e-02 	 149.7406 	  1.2488 	 1.503411e+21 	 1.334207e+19 	 1.080246e-06 	 1.947254e-07 	 -1000.0000 	 -1000.0000 	 -1000.0000 	 -1000.0000 
	 44.4430 	 3.085590e-02 	 149.6963 	  1.2495 	 1.494276e+21 	 1.327703e+19 	 1.080343e-06 	 1.950233e-07 	 -1000.0000 	 -1000.0000 	 -1000.0000 	 -1000.0000 
	 44.6170 	 3.017580e-02 	 149.5377 	  1.2478 	 1.462884e+21 	 1.301389e+19 	 1.079936e-06 	 1.958245e-07 	 -1000.0000 	 -1000.0000 	 -1000.0000 	 -1000.0000 
	 44.6670 	 2.998275e-02 	 149.4911 	  1.2462 	 1.453975e+21 	 1.292791e+19 	 1.079615e-06 	 1.959876e-07 	 -1000.0000 	 -1000.0000 	 -1000.0000 	 -1000.0000 
	 45.1130 	 2.831191e-02 	 149.0922 	  1.2239 	 1.376612e+21 	 1.209243e+19 	 1.073342e-06 	 1.966144e-07 	 -1000.0000 	 -1000.0000 	 -1000.0000 	 -1000.0000 
	 45.1630 	 2.813073e-02 	 149.0530 	  1.2221 	 1.368166e+21 	 1.200453e+19 	 1.072312e-06 	 1.966411e-07 	 -1000.0000 	 -1000.0000 	 -1000.0000 	 -1000.0000 
	 45.3370 	 2.751059e-02 	 148.9318 	  1.2198 	 1.339121e+21 	 1.173326e+19 	 1.068317e-06 	 1.967587e-07 	 -1000.0000 	 -1000.0000 	 -1000.0000 	 -1000.0000 
	 45.3870 	 2.733540e-02 	 148.9017 	  1.2204 	 1.330872e+21 	 1.166678e+19 	 1.067060e-06 	 1.968053e-07 	 -1000.0000 	 -1000.0000 	 -1000.0000 	 -1000.0000 
	 45.6100 	 2.656956e-02 	 148.7897 	  1.2293 	 1.294604e+21 	 1.142245e+19 	 1.060941e-06 	 1.970491e-07 	 -1000.0000 	 -1000.0000 	 -1000.0000 	 -1000.0000 
	 46.1010 	 2.496319e-02 	 148.6227 	  1.2658 	 1.217731e+21 	 1.105297e+19 	 1.045334e-06 	 1.973658e-07 	 -1000.0000 	 -1000.0000 	 -1000.0000 	 -1000.0000 
	 46.3240 	 2.426457e-02 	 148.5567 	  1.2809 	 1.184151e+21 	 1.088814e+19 	 1.037755e-06 	 1.971720e-07 	 -1000.0000 	 -1000.0000 	 -1000.0000 	 -1000.0000 
	 46.5470 	 2.358197e-02 	 148.4802 	  1.2893 	 1.151392e+21 	 1.067925e+19 	 1.030033e-06 	 1.966075e-07 	 -1000.0000 	 -1000.0000 	 -1000.0000 	 -1000.0000 
	 46.5990 	 2.342485e-02 	 148.4597 	  1.2898 	 1.143870e+21 	 1.062070e+19 	 1.028220e-06 	 1.964100e-07 	 -1000.0000 	 -1000.0000 	 -1000.0000 	 -1000.0000 
	 46.7690 	 2.291602e-02 	 148.3822 	  1.2868 	 1.119585e+21 	 1.039525e+19 	 1.022314e-06 	 1.955672e-07 	 -1000.0000 	 -1000.0000 	 -1000.0000 	 -1000.0000 
	 47.2670 	 2.147582e-02 	 148.0530 	  1.2464 	 1.051560e+21 	 9.527224e+18 	 1.010686e-06 	 1.929644e-07 	 -1000.0000 	 -1000.0000 	 -1000.0000 	 -1000.0000 
	 47.3090 	 2.135873e-02 	 148.0182 	  1.2422 	 1.046074e+21 	 9.451480e+18 	 1.010568e-06 	 1.928924e-07 	 -1000.0000 	 -1000.0000 	 -1000.0000 	 -1000.0000 
	 47.4890 	 2.086635e-02 	 147.8568 	  1.2248 	 1.023073e+21 	 9.143496e+18 	 1.012356e-06 	 1.931163e-07 	 -1000.0000 	 -1000.0000 	 -1000.0000 	 -1000.0000 
	 47.5310 	 2.075370e-02 	 147.8165 	  1.2211 	 1.017825e+21 	 9.076639e+18 	 1.013311e-06 	 1.933029e-07 	 -1000.0000 	 -1000.0000 	 -1000.0000 	 -1000.0000 
	 47.7540 	 2.016872e-02 	 147.5917 	  1.2048 	 9.906319e+20 	 8.753660e+18 	 1.020963e-06 	 1.950504e-07 	 -1000.0000 	 -1000.0000 	 -1000.0000 	 -1000.0000 
	 48.1990 	 1.905662e-02 	 147.1390 	  1.1947 	 9.389127e+20 	 8.259456e+18 	 1.042056e-06 	 2.013779e-07 	 -1000.0000 	 -1000.0000 	 -1000.0000 	 -1000.0000 
	 48.2510 	 1.893057e-02 	 147.0900 	  1.1960 	 9.330227e+20 	 8.213800e+18 	 1.044407e-06 	 2.022790e-07 	 -1000.0000 	 -1000.0000 	 -1000.0000 	 -1000.0000 
	 48.4740 	 1.839840e-02 	 146.8922 	  1.2071 	 9.080663e+20 	 8.043585e+18 	 1.053587e-06 	 2.064021e-07 	 -1000.0000 	 -1000.0000 	 -1000.0000 	 -1000.0000 
	 48.6970 	 1.787963e-02 	 146.7136 	  1.2263 	 8.836016e+20 	 7.910808e+18 	 1.061077e-06 	 2.108519e-07 	 -1000.0000 	 -1000.0000 	 -1000.0000 	 -1000.0000 
	 48.7440 	 1.777198e-02 	 146.6783 	  1.2313 	 8.785082e+20 	 7.887088e+18 	 1.062423e-06 	 2.118211e-07 	 -1000.0000 	 -1000.0000 	 -1000.0000 	 -1000.0000 
	 49.1880 	 1.678357e-02 	 146.3814 	  1.2906 	 8.314729e+20 	 7.723539e+18 	 1.071201e-06 	 2.213187e-07 	 -1000.0000 	 -1000.0000 	 -1000.0000 	 -1000.0000 
	 49.4100 	 1.630834e-02 	 146.2556 	  1.3265 	 8.086897e+20 	 7.674189e+18 	 1.073100e-06 	 2.261813e-07 	 -1000.0000 	 -1000.0000 	 -1000.0000 	 -1000.0000 
	 49.6320 	 1.584548e-02 	 146.1431 	  1.3648 	 7.863972e+20 	 7.639294e+18 	 1.073454e-06 	 2.310160e-07 	 -1000.0000 	 -1000.0000 	 -1000.0000 	 -1000.0000 
	 52.2890 	 1.118622e-02 	 145.3425 	  1.5095 	 5.579564e+20 	 6.402454e+18 	 9.735839e-07 	 2.557163e-07 	 -1000.0000 	 -1000.0000 	 -1000.0000 	 -1000.0000 
	 52.5110 	 1.086390e-02 	 145.2798 	  1.4545 	 5.421002e+20 	 6.069559e+18 	 9.579055e-07 	 2.525686e-07 	 -1000.0000 	 -1000.0000 	 -1000.0000 	 -1000.0000 
	 52.7320 	 1.055238e-02 	 145.2007 	  1.3900 	 5.268446e+20 	 5.704380e+18 	 9.418951e-07 	 2.486624e-07 	 -1000.0000 	 -1000.0000 	 -1000.0000 	 -1000.0000 
	 52.9530 	 1.025014e-02 	 145.0824 	  1.3277 	 5.121757e+20 	 5.349648e+18 	 9.263145e-07 	 2.445465e-07 	 -1000.0000 	 -1000.0000 	 -1000.0000 	 -1000.0000 
	 53.1750 	 9.955852e-03 	 144.9012 	  1.2793 	 4.980908e+20 	 5.049077e+18 	 9.119663e-07 	 2.407657e-07 	 -1000.0000 	 -1000.0000 	 -1000.0000 	 -1000.0000 
	 53.2210 	 9.896028e-03 	 144.8541 	  1.2719 	 4.952576e+20 	 4.997002e+18 	 9.092227e-07 	 2.400682e-07 	 -1000.0000 	 -1000.0000 	 -1000.0000 	 -1000.0000 
	 53.4420 	 9.613874e-03 	 144.5824 	  1.2476 	 4.820344e+20 	 4.791128e+18 	 8.971613e-07 	 2.371240e-07 	 -1000.0000 	 -1000.0000 	 -1000.0000 	 -1000.0000 
	 53.6630 	 9.339927e-03 	 144.2384 	  1.2379 	 4.694107e+20 	 4.644866e+18 	 8.869208e-07 	 2.347791e-07 	 -1000.0000 	 -1000.0000 	 -1000.0000 	 -1000.0000 
	 53.7190 	 9.271732e-03 	 144.1402 	  1.2371 	 4.663001e+20 	 4.615043e+18 	 8.845987e-07 	 2.342668e-07 	 -1000.0000 	 -1000.0000 	 -1000.0000 	 -1000.0000 
	 54.1620 	 8.747996e-03 	 143.2163 	  1.2419 	 4.428021e+20 	 4.436413e+18 	 8.693678e-07 	 2.310660e-07 	 -1000.0000 	 -1000.0000 	 -1000.0000 	 -1000.0000 
	 54.3830 	 8.496047e-03 	 142.6642 	  1.2426 	 4.317190e+20 	 4.354869e+18 	 8.632595e-07 	 2.298177e-07 	 -1000.0000 	 -1000.0000 	 -1000.0000 	 -1000.0000 
	 54.4350 	 8.437561e-03 	 142.5261 	  1.2418 	 4.291637e+20 	 4.333484e+18 	 8.619154e-07 	 2.295381e-07 	 -1000.0000 	 -1000.0000 	 -1000.0000 	 -1000.0000 
	 54.6050 	 8.248296e-03 	 142.0537 	  1.2351 	 4.209345e+20 	 4.253051e+18 	 8.577142e-07 	 2.286331e-07 	 -1000.0000 	 -1000.0000 	 -1000.0000 	 -1000.0000 
	 54.6550 	 8.193184e-03 	 141.9089 	  1.2320 	 4.185487e+20 	 4.226117e+18 	 8.565325e-07 	 2.283681e-07 	 -1000.0000 	 -1000.0000 	 -1000.0000 	 -1000.0000 
	 55.0970 	 7.718157e-03 	 140.5242 	  1.1982 	 3.981666e+20 	 3.971504e+18 	 8.472988e-07 	 2.262410e-07 	 -1000.0000 	 -1000.0000 	 -1000.0000 	 -1000.0000 
	 55.1500 	 7.662799e-03 	 140.3466 	  1.1953 	 3.958111e+20 	 3.944283e+18 	 8.463495e-07 	 2.260332e-07 	 -1000.0000 	 -1000.0000 	 -1000.0000 	 -1000.0000 
	 55.3170 	 7.490842e-03 	 139.7728 	  1.1914 	 3.885179e+20 	 3.872063e+18 	 8.435896e-07 	 2.254786e-07 	 -1000.0000 	 -1000.0000 	 -1000.0000 	 -1000.0000 
	 55.3700 	 7.437064e-03 	 139.5863 	  1.1920 	 3.862440e+20 	 3.854067e+18 	 8.427830e-07 	 2.253359e-07 	 -1000.0000 	 -1000.0000 	 -1000.0000 	 -1000.0000 
	 55.5900 	 7.217741e-03 	 138.7917 	  1.2023 	 3.770004e+20 	 3.801376e+18 	 8.397231e-07 	 2.248911e-07 	 -1000.0000 	 -1000.0000 	 -1000.0000 	 -1000.0000 
	 56.0850 	 6.744900e-03 	 136.8982 	  1.2550 	 3.571786e+20 	 3.765905e+18 	 8.338596e-07 	 2.244154e-07 	 -1000.0000 	 -1000.0000 	 -1000.0000 	 -1000.0000 
	 56.3060 	 6.541722e-03 	 136.0141 	  1.2821 	 3.486713e+20 	 3.761811e+18 	 8.312866e-07 	 2.242491e-07 	 -1000.0000 	 -1000.0000 	 -1000.0000 	 -1000.0000 
	 56.5270 	 6.342638e-03 	 135.1114 	  1.3055 	 3.403173e+20 	 3.749269e+18 	 8.284652e-07 	 2.240062e-07 	 -1000.0000 	 -1000.0000 	 -1000.0000 	 -1000.0000 
	 56.5800 	 6.295439e-03 	 134.8926 	  1.3100 	 3.383321e+20 	 3.743772e+18 	 8.266359e-07 	 2.239839e-07 	 -1000.0000 	 -1000.0000 	 -1000.0000 	 -1000.0000 
	 56.7470 	 6.147962e-03 	 134.1983 	  1.3208 	 3.321128e+20 	 3.717437e+18 	 8.193631e-07 	 2.239760e-07 	 -1000.0000 	 -1000.0000 	 -1000.0000 	 -1000.0000 
	 57.2400 	 5.726087e-03 	 132.1773 	  1.3263 	 3.140501e+20 	 3.573503e+18 	 7.975734e-07 	 2.239604e-07 	 -1000.0000 	 -1000.0000 	 -1000.0000 	 -1000.0000 
	 57.2900 	 5.684780e-03 	 131.9827 	  1.3258 	 3.122453e+20 	 3.556251e+18 	 7.953239e-07 	 2.239736e-07 	 -1000.0000 	 -1000.0000 	 -1000.0000 	 -1000.0000 
	 57.4600 	 5.546862e-03 	 131.3462 	  1.3244 	 3.061500e+20 	 3.498024e+18 	 7.875980e-07 	 2.240573e-07 	 -1000.0000 	 -1000.0000 	 -1000.0000 	 -1000.0000 
	 57.5100 	 5.507063e-03 	 131.1672 	  1.3242 	 3.043690e+20 	 3.481344e+18 	 7.852999e-07 	 2.240945e-07 	 -1000.0000 	 -1000.0000 	 -1000.0000 	 -1000.0000 
	 57.7300 	 5.335710e-03 	 130.4225 	  1.3249 	 2.965838e+20 	 3.411039e+18 	 7.750307e-07 	 2.243219e-07 	 -1000.0000 	 -1000.0000 	 -1000.0000 	 -1000.0000 
	 58.1700 	 5.007950e-03 	 129.1272 	  1.3380 	 2.811538e+20 	 3.288470e+18 	 7.535550e-07 	 2.250364e-07 	 -1000.0000 	 -1000.0000 	 -1000.0000 	 -1000.0000 
	 58.2250 	 4.968077e-03 	 128.9821 	  1.3410 	 2.792288e+20 	 3.275041e+18 	 7.507701e-07 	 2.251456e-07 	 -1000.0000 	 -1000.0000 	 -1000.0000 	 -1000.0000 
	 58.4440 	 4.811537e-03 	 128.4399 	  1.3553 	 2.715723e+20 	 3.224434e+18 	 7.394556e-07 	 2.256107e-07 	 -1000.0000 	 -1000.0000 	 -1000.0000 	 -1000.0000 
	 58.6630 	 4.658698e-03 	 127.9550 	  1.3716 	 2.639437e+20 	 3.175730e+18 	 7.278053e-07 	 2.261090e-07 	 -1000.0000 	 -1000.0000 	 -1000.0000 	 -1000.0000 
	 58.7200 	 4.619547e-03 	 127.8382 	  1.3759 	 2.619651e+20 	 3.162925e+18 	 7.247222e-07 	 2.262415e-07 	 -1000.0000 	 -1000.0000 	 -1000.0000 	 -1000.0000 
	 59.1600 	 4.326518e-03 	 127.0687 	  1.4044 	 2.468371e+20 	 3.053447e+18 	 7.003025e-07 	 2.272540e-07 	 -1000.0000 	 -1000.0000 	 -1000.0000 	 -1000.0000 
	 59.3800 	 4.186403e-03 	 126.7719 	  1.4119 	 2.394014e+20 	 2.985757e+18 	 6.877437e-07 	 2.277207e-07 	 -1000.0000 	 -1000.0000 	 -1000.0000 	 -1000.0000 
	 59.4350 	 4.152071e-03 	 126.7069 	  1.4127 	 2.375592e+20 	 2.966874e+18 	 6.845745e-07 	 2.278301e-07 	 -1000.0000 	 -1000.0000 	 -1000.0000 	 -1000.0000 
	 59.6000 	 4.050796e-03 	 126.5341 	  1.4119 	 2.320775e+20 	 2.904649e+18 	 6.750067e-07 	 2.281365e-07 	 -1000.0000 	 -1000.0000 	 -1000.0000 	 -1000.0000 
	 59.6550 	 4.017613e-03 	 126.4841 	  1.4106 	 2.302657e+20 	 2.882071e+18 	 6.717991e-07 	 2.282310e-07 	 -1000.0000 	 -1000.0000 	 -1000.0000 	 -1000.0000 
	 60.0930 	 3.763262e-03 	 126.2507 	  1.3944 	 2.160821e+20 	 2.688148e+18 	 6.459333e-07 	 2.288692e-07 	 -1000.0000 	 -1000.0000 	 -1000.0000 	 -1000.0000 
	 60.1450 	 3.734192e-03 	 126.2454 	  1.3930 	 2.144237e+20 	 2.665438e+18 	 6.428233e-07 	 2.289337e-07 	 -1000.0000 	 -1000.0000 	 -1000.0000 	 -1000.0000 
	 60.3130 	 3.641835e-03 	 126.2657 	  1.3919 	 2.090973e+20 	 2.595950e+18 	 6.327164e-07 	 2.291291e-07 	 -1000.0000 	 -1000.0000 	 -1000.0000 	 -1000.0000 
	 60.3650 	 3.613724e-03 	 126.2839 	  1.3927 	 2.074581e+20 	 2.575901e+18 	 6.295699e-07 	 2.291856e-07 	 -1000.0000 	 -1000.0000 	 -1000.0000 	 -1000.0000 
	 60.5840 	 3.497758e-03 	 126.4199 	  1.4013 	 2.006082e+20 	 2.498364e+18 	 6.162371e-07 	 2.293976e-07 	 -1000.0000 	 -1000.0000 	 -1000.0000 	 -1000.0000 
	 61.0790 	 3.249686e-03 	 127.0461 	  1.4421 	 1.855075e+20 	 2.353168e+18 	 5.857922e-07 	 2.296648e-07 	 -1000.0000 	 -1000.0000 	 -1000.0000 	 -1000.0000 
	 61.2980 	 3.145930e-03 	 127.4456 	  1.4644 	 1.790288e+20 	 2.296285e+18 	 5.722791e-07 	 2.296591e-07 	 -1000.0000 	 -1000.0000 	 -1000.0000 	 -1000.0000 
	 61.5170 	 3.045720e-03 	 127.9088 	  1.4859 	 1.726948e+20 	 2.240268e+18 	 5.587912e-07 	 2.295590e-07 	 -1000.0000 	 -1000.0000 	 -1000.0000 	 -1000.0000 
	 61.7350 	 2.949396e-03 	 128.4251 	  1.5044 	 1.665474e+20 	 2.182820e+18 	 5.454260e-07 	 2.293543e-07 	 -1000.0000 	 -1000.0000 	 -1000.0000 	 -1000.0000 
	 62.2810 	 2.722552e-03 	 129.9083 	  1.5229 	 1.519355e+20 	 2.014846e+18 	 5.124894e-07 	 2.283267e-07 	 -1000.0000 	 -1000.0000 	 -1000.0000 	 -1000.0000 
	 62.4990 	 2.637490e-03 	 130.5549 	  1.5133 	 1.464522e+20 	 1.931716e+18 	 4.996726e-07 	 2.276981e-07 	 -1000.0000 	 -1000.0000 	 -1000.0000 	 -1000.0000 
	 62.7180 	 2.555060e-03 	 131.2089 	  1.4951 	 1.411694e+20 	 1.840552e+18 	 4.870822e-07 	 2.269773e-07 	 -1000.0000 	 -1000.0000 	 -1000.0000 	 -1000.0000 
	 62.9370 	 2.475554e-03 	 131.8309 	  1.4745 	 1.361327e+20 	 1.749589e+18 	 4.748762e-07 	 2.262470e-07 	 -1000.0000 	 -1000.0000 	 -1000.0000 	 -1000.0000 
	 63.1550 	 2.399211e-03 	 132.3813 	  1.4582 	 1.313828e+20 	 1.667253e+18 	 4.632059e-07 	 2.255909e-07 	 -1000.0000 	 -1000.0000 	 -1000.0000 	 -1000.0000 
	 63.2140 	 2.379017e-03 	 132.5146 	  1.4551 	 1.301444e+20 	 1.647228e+18 	 4.601404e-07 	 2.254344e-07 	 -1000.0000 	 -1000.0000 	 -1000.0000 	 -1000.0000 
	 63.4320 	 2.306075e-03 	 132.9486 	  1.4485 	 1.257359e+20 	 1.581056e+18 	 4.491571e-07 	 2.249365e-07 	 -1000.0000 	 -1000.0000 	 -1000.0000 	 -1000.0000 
	 63.6500 	 2.235687e-03 	 133.2969 	  1.4471 	 1.215753e+20 	 1.525080e+18 	 4.386895e-07 	 2.245551e-07 	 -1000.0000 	 -1000.0000 	 -1000.0000 	 -1000.0000 
	 63.7160 	 2.214864e-03 	 133.3865 	  1.4474 	 1.203614e+20 	 1.509720e+18 	 4.356165e-07 	 2.244604e-07 	 -1000.0000 	 -1000.0000 	 -1000.0000 	 -1000.0000 
	 64.1520 	 2.082727e-03 	 133.8123 	  1.4507 	 1.128252e+20 	 1.419703e+18 	 4.163252e-07 	 2.240298e-07 	 -1000.0000 	 -1000.0000 	 -1000.0000 	 -1000.0000 
	 64.3700 	 2.020011e-03 	 133.9291 	  1.4492 	 1.093377e+20 	 1.377536e+18 	 4.072604e-07 	 2.239071e-07 	 -1000.0000 	 -1000.0000 	 -1000.0000 	 -1000.0000 
	 64.4210 	 2.005645e-03 	 133.9484 	  1.4482 	 1.085457e+20 	 1.367510e+18 	 4.051890e-07 	 2.238842e-07 	 -1000.0000 	 -1000.0000 	 -1000.0000 	 -1000.0000 
	 64.5880 	 1.959386e-03 	 133.9918 	  1.4423 	 1.060101e+20 	 1.333557e+18 	 3.985293e-07 	 2.238208e-07 	 -1000.0000 	 -1000.0000 	 -1000.0000 	 -1000.0000 
	 64.6390 	 1.945492e-03 	 133.9997 	  1.4398 	 1.052525e+20 	 1.322808e+18 	 3.965332e-07 	 2.238054e-07 	 -1000.0000 	 -1000.0000 	 -1000.0000 	 -1000.0000 
	 65.0730 	 1.831294e-03 	 134.0067 	  1.4150 	 9.906792e+19 	 1.230931e+18 	 3.803903e-07 	 2.238731e-07 	 -1000.0000 	 -1000.0000 	 -1000.0000 	 -1000.0000 
	 65.1360 	 1.815269e-03 	 134.0043 	  1.4125 	 9.820266e+19 	 1.218473e+18 	 3.781911e-07 	 2.239295e-07 	 -1000.0000 	 -1000.0000 	 -1000.0000 	 -1000.0000 
	 65.2910 	 1.776374e-03 	 134.0021 	  1.4092 	 9.610046e+19 	 1.189974e+18 	 3.729570e-07 	 2.241392e-07 	 -1000.0000 	 -1000.0000 	 -1000.0000 	 -1000.0000 
	 65.3540 	 1.760775e-03 	 134.0035 	  1.4092 	 9.525581e+19 	 1.179379e+18 	 3.709024e-07 	 2.242549e-07 	 -1000.0000 	 -1000.0000 	 -1000.0000 	 -1000.0000 
	 65.5720 	 1.707728e-03 	 134.0181 	  1.4145 	 9.237699e+19 	 1.146507e+18 	 3.640826e-07 	 2.247729e-07 	 -1000.0000 	 -1000.0000 	 -1000.0000 	 -1000.0000 
	 66.0590 	 1.594511e-03 	 134.0961 	  1.4414 	 8.620373e+19 	 1.086175e+18 	 3.500250e-07 	 2.263273e-07 	 -1000.0000 	 -1000.0000 	 -1000.0000 	 -1000.0000 
	 66.2760 	 1.546447e-03 	 134.1455 	  1.4527 	 8.357405e+19 	 1.060775e+18 	 3.440451e-07 	 2.270529e-07 	 -1000.0000 	 -1000.0000 	 -1000.0000 	 -1000.0000 
	 66.4930 	 1.499873e-03 	 134.2005 	  1.4590 	 8.102288e+19 	 1.033614e+18 	 3.381076e-07 	 2.277197e-07 	 -1000.0000 	 -1000.0000 	 -1000.0000 	 -1000.0000 
	 66.5610 	 1.485588e-03 	 134.2186 	  1.4595 	 8.024002e+19 	 1.024440e+18 	 3.362426e-07 	 2.279089e-07 	 -1000.0000 	 -1000.0000 	 -1000.0000 	 -1000.0000 
	 66.7110 	 1.454599e-03 	 134.2592 	  1.4571 	 7.854174e+19 	 1.002651e+18 	 3.321044e-07 	 2.282828e-07 	 -1000.0000 	 -1000.0000 	 -1000.0000 	 -1000.0000 
	 67.2130 	 1.355927e-03 	 134.4271 	  1.4231 	 7.312204e+19 	 9.182946e+17 	 3.183136e-07 	 2.293115e-07 	 -1000.0000 	 -1000.0000 	 -1000.0000 	 -1000.0000 
	 67.2770 	 1.343869e-03 	 134.4564 	  1.4176 	 7.245615e+19 	 9.072931e+17 	 3.166237e-07 	 2.294601e-07 	 -1000.0000 	 -1000.0000 	 -1000.0000 	 -1000.0000 
	 67.4310 	 1.315301e-03 	 134.5383 	  1.4050 	 7.087320e+19 	 8.815697e+17 	 3.126785e-07 	 2.298734e-07 	 -1000.0000 	 -1000.0000 	 -1000.0000 	 -1000.0000 
	 67.4930 	 1.303974e-03 	 134.5762 	  1.4004 	 7.024321e+19 	 8.716204e+17 	 3.111440e-07 	 2.300662e-07 	 -1000.0000 	 -1000.0000 	 -1000.0000 	 -1000.0000 
	 67.7100 	 1.265106e-03 	 134.7305 	  1.3869 	 6.807150e+19 	 8.387307e+17 	 3.060053e-07 	 2.308583e-07 	 -1000.0000 	 -1000.0000 	 -1000.0000 	 -1000.0000 
	 68.1430 	 1.191066e-03 	 135.1297 	  1.3756 	 6.389805e+19 	 7.820876e+17 	 2.966743e-07 	 2.329196e-07 	 -1000.0000 	 -1000.0000 	 -1000.0000 	 -1000.0000 
	 68.2030 	 1.181167e-03 	 135.1936 	  1.3759 	 6.333707e+19 	 7.751674e+17 	 2.954622e-07 	 2.332489e-07 	 -1000.0000 	 -1000.0000 	 -1000.0000 	 -1000.0000 
	 68.4200 	 1.146077e-03 	 135.4405 	  1.3804 	 6.134373e+19 	 7.516543e+17 	 2.912231e-07 	 2.345204e-07 	 -1000.0000 	 -1000.0000 	 -1000.0000 	 -1000.0000 
	 68.6370 	 1.112077e-03 	 135.7100 	  1.3878 	 5.940589e+19 	 7.298638e+17 	 2.871993e-07 	 2.359133e-07 	 -1000.0000 	 -1000.0000 	 -1000.0000 	 -1000.0000 
	 68.6970 	 1.102864e-03 	 135.7883 	  1.3900 	 5.887984e+19 	 7.240279e+17 	 2.861228e-07 	 2.363191e-07 	 -1000.0000 	 -1000.0000 	 -1000.0000 	 -1000.0000 
	 69.1300 	 1.038714e-03 	 136.3941 	  1.4012 	 5.520832e+19 	 6.822204e+17 	 2.787784e-07 	 2.394927e-07 	 -1000.0000 	 -1000.0000 	 -1000.0000 	 -1000.0000 
	 69.3470 	 1.008056e-03 	 136.7212 	  1.3995 	 5.345037e+19 	 6.600707e+17 	 2.753521e-07 	 2.412308e-07 	 -1000.0000 	 -1000.0000 	 -1000.0000 	 -1000.0000 
	 69.4070 	 9.997478e-04 	 136.8139 	  1.3977 	 5.297392e+19 	 6.536401e+17 	 2.744317e-07 	 2.417271e-07 	 -1000.0000 	 -1000.0000 	 -1000.0000 	 -1000.0000 
	 69.5630 	 9.784833e-04 	 137.0590 	  1.3895 	 5.175463e+19 	 6.361010e+17 	 2.720903e-07 	 2.430479e-07 	 -1000.0000 	 -1000.0000 	 -1000.0000 	 -1000.0000 
	 69.6230 	 9.704321e-04 	 137.1544 	  1.3850 	 5.129321e+19 	 6.290427e+17 	 2.712094e-07 	 2.435677e-07 	 -1000.0000 	 -1000.0000 	 -1000.0000 	 -1000.0000 
	 70.0570 	 9.142457e-04 	 137.8235 	  1.3460 	 4.808910e+19 	 5.773772e+17 	 2.651843e-07 	 2.475639e-07 	 -1000.0000 	 -1000.0000 	 -1000.0000 	 -1000.0000 
	 70.1220 	 9.061338e-04 	 137.9151 	  1.3412 	 4.763062e+19 	 5.701919e+17 	 2.643383e-07 	 2.482042e-07 	 -1000.0000 	 -1000.0000 	 -1000.0000 	 -1000.0000 
	 70.2730 	 8.875859e-04 	 138.1130 	  1.3335 	 4.658843e+19 	 5.548056e+17 	 2.624337e-07 	 2.497405e-07 	 -1000.0000 	 -1000.0000 	 -1000.0000 	 -1000.0000 
	 70.3380 	 8.797278e-04 	 138.1908 	  1.3318 	 4.614980e+19 	 5.488266e+17 	 2.616402e-07 	 2.504236e-07 	 -1000.0000 	 -1000.0000 	 -1000.0000 	 -1000.0000 
	 70.5540 	 8.541473e-04 	 138.4157 	  1.3328 	 4.473466e+19 	 5.314286e+17 	 2.591101e-07 	 2.527839e-07 	 -1000.0000 	 -1000.0000 	 -1000.0000 	 -1000.0000 
	 71.0480 	 7.985971e-04 	 138.7235 	  1.3558 	 4.173241e+19 	 5.013805e+17 	 2.538388e-07 	 2.586420e-07 	 -1000.0000 	 -1000.0000 	 -1000.0000 	 -1000.0000 
	 71.2640 	 7.755336e-04 	 138.7613 	  1.3666 	 4.051640e+19 	 4.901328e+17 	 2.517061e-07 	 2.613711e-07 	 -1000.0000 	 -1000.0000 	 -1000.0000 	 -1000.0000 
	 71.4800 	 7.531760e-04 	 138.7362 	  1.3728 	 3.935573e+19 	 4.785942e+17 	 2.496490e-07 	 2.641848e-07 	 -1000.0000 	 -1000.0000 	 -1000.0000 	 -1000.0000 
	 71.5370 	 7.473903e-04 	 138.7188 	  1.3732 	 3.905837e+19 	 4.753739e+17 	 2.491164e-07 	 2.649401e-07 	 -1000.0000 	 -1000.0000 	 -1000.0000 	 -1000.0000 
	 71.6960 	 7.314962e-04 	 138.6456 	  1.3709 	 3.824798e+19 	 4.657614e+17 	 2.476492e-07 	 2.670732e-07 	 -1000.0000 	 -1000.0000 	 -1000.0000 	 -1000.0000 
	 72.1830 	 6.848655e-04 	 138.2249 	  1.3433 	 3.591877e+19 	 4.330468e+17 	 2.433169e-07 	 2.738636e-07 	 -1000.0000 	 -1000.0000 	 -1000.0000 	 -1000.0000 
	 72.2520 	 6.784801e-04 	 138.1468 	  1.3397 	 3.560402e+19 	 4.286374e+17 	 2.427248e-07 	 2.748620e-07 	 -1000.0000 	 -1000.0000 	 -1000.0000 	 -1000.0000 
	 72.3990 	 6.650359e-04 	 137.9698 	  1.3346 	 3.494333e+19 	 4.199521e+17 	 2.414831e-07 	 2.770232e-07 	 -1000.0000 	 -1000.0000 	 -1000.0000 	 -1000.0000 
	 72.4680 	 6.587979e-04 	 137.8825 	  1.3337 	 3.463746e+19 	 4.162706e+17 	 2.409100e-07 	 2.780543e-07 	 -1000.0000 	 -1000.0000 	 -1000.0000 	 -1000.0000 
	 72.6840 	 6.395864e-04 	 137.5964 	  1.3367 	 3.369716e+19 	 4.062193e+17 	 2.391611e-07 	 2.813567e-07 	 -1000.0000 	 -1000.0000 	 -1000.0000 	 -1000.0000 
	 73.1160 	 6.027576e-04 	 136.9998 	  1.3627 	 3.189524e+19 	 3.910206e+17 	 2.359109e-07 	 2.883383e-07 	 -1000.0000 	 -1000.0000 	 -1000.0000 	 -1000.0000 
	 73.1730 	 5.980707e-04 	 136.9218 	  1.3675 	 3.166531e+19 	 3.893315e+17 	 2.355104e-07 	 2.893005e-07 	 -1000.0000 	 -1000.0000 	 -1000.0000 	 -1000.0000 
	 73.3880 	 5.807482e-04 	 136.6320 	  1.3877 	 3.081350e+19 	 3.833476e+17 	 2.340595e-07 	 2.930163e-07 	 -1000.0000 	 -1000.0000 	 -1000.0000 	 -1000.0000 
	 73.6030 	 5.639572e-04 	 136.3499 	  1.4094 	 2.998460e+19 	 3.777337e+17 	 2.326963e-07 	 2.968648e-07 	 -1000.0000 	 -1000.0000 	 -1000.0000 	 -1000.0000 
	 73.6730 	 5.585982e-04 	 136.2599 	  1.4165 	 2.971931e+19 	 3.759322e+17 	 2.322700e-07 	 2.981456e-07 	 -1000.0000 	 -1000.0000 	 -1000.0000 	 -1000.0000 
	 74.1020 	 5.268052e-04 	 135.7301 	  1.4558 	 2.813719e+19 	 3.643504e+17 	 2.298239e-07 	 3.062870e-07 	 -1000.0000 	 -1000.0000 	 -1000.0000 	 -1000.0000 
	 74.3170 	 5.114823e-04 	 135.4802 	  1.4700 	 2.736906e+19 	 3.576643e+17 	 2.286930e-07 	 3.105563e-07 	 -1000.0000 	 -1000.0000 	 -1000.0000 	 -1000.0000 
	 74.3770 	 5.072709e-04 	 135.4125 	  1.4730 	 2.715724e+19 	 3.556308e+17 	 2.283872e-07 	 3.117701e-07 	 -1000.0000 	 -1000.0000 	 -1000.0000 	 -1000.0000 
	 74.5310 	 4.965812e-04 	 135.2431 	  1.4781 	 2.661813e+19 	 3.500026e+17 	 2.276196e-07 	 3.149291e-07 	 -1000.0000 	 -1000.0000 	 -1000.0000 	 -1000.0000 
	 74.5930 	 4.923251e-04 	 135.1767 	  1.4792 	 2.640288e+19 	 3.475695e+17 	 2.273172e-07 	 3.162182e-07 	 -1000.0000 	 -1000.0000 	 -1000.0000 	 -1000.0000 
	 75.0930 	 4.591353e-04 	 134.7027 	  1.4807 	 2.470954e+19 	 3.266674e+17 	 2.250187e-07 	 3.269858e-07 	 -1000.0000 	 -1000.0000 	 -1000.0000 	 -1000.0000 
	 75.2390 	 4.498741e-04 	 134.5919 	  1.4833 	 2.423121e+19 	 3.209348e+17 	 2.243966e-07 	 3.302590e-07 	 -1000.0000 	 -1000.0000 	 -1000.0000 	 -1000.0000 
	 75.3070 	 4.456332e-04 	 134.5455 	  1.4854 	 2.401116e+19 	 3.184268e+17 	 2.241148e-07 	 3.318043e-07 	 -1000.0000 	 -1000.0000 	 -1000.0000 	 -1000.0000 
	 75.5220 	 4.325169e-04 	 134.4199 	  1.4955 	 2.332648e+19 	 3.110696e+17 	 2.232550e-07 	 3.367762e-07 	 -1000.0000 	 -1000.0000 	 -1000.0000 	 -1000.0000 
	 75.7370 	 4.198187e-04 	 134.3245 	  1.5085 	 2.265789e+19 	 3.043234e+17 	 2.224390e-07 	 3.418770e-07 	 -1000.0000 	 -1000.0000 	 -1000.0000 	 -1000.0000 
	 76.2320 	 3.919899e-04 	 134.2059 	  1.5379 	 2.117444e+19 	 2.892854e+17 	 2.207017e-07 	 3.541087e-07 	 -1000.0000 	 -1000.0000 	 -1000.0000 	 -1000.0000 
	 76.4470 	 3.804343e-04 	 134.1926 	  1.5450 	 2.055208e+19 	 2.821740e+17 	 2.199969e-07 	 3.596328e-07 	 -1000.0000 	 -1000.0000 	 -1000.0000 	 -1000.0000 
	 76.5080 	 3.772071e-04 	 134.1925 	  1.5458 	 2.037771e+19 	 2.800194e+17 	 2.198013e-07 	 3.612231e-07 	 -1000.0000 	 -1000.0000 	 -1000.0000 	 -1000.0000 
	 76.6610 	 3.692047e-04 	 134.1988 	  1.5453 	 1.994444e+19 	 2.742715e+17 	 2.193180e-07 	 3.652548e-07 	 -1000.0000 	 -1000.0000 	 -1000.0000 	 -1000.0000 
	 76.7220 	 3.660504e-04 	 134.2036 	  1.5439 	 1.977336e+19 	 2.718412e+17 	 2.191286e-07 	 3.668807e-07 	 -1000.0000 	 -1000.0000 	 -1000.0000 	 -1000.0000 
	 77.1500 	 3.445897e-04 	 134.2394 	  1.5265 	 1.860917e+19 	 2.540435e+17 	 2.179437e-07 	 3.788090e-07 	 -1000.0000 	 -1000.0000 	 -1000.0000 	 -1000.0000 
	 77.2180 	 3.413027e-04 	 134.2406 	  1.5239 	 1.843146e+19 	 2.513216e+17 	 2.177929e-07 	 3.808223e-07 	 -1000.0000 	 -1000.0000 	 -1000.0000 	 -1000.0000 
	 77.3640 	 3.343746e-04 	 134.2338 	  1.5200 	 1.805812e+19 	 2.458157e+17 	 2.175191e-07 	 3.852924e-07 	 -1000.0000 	 -1000.0000 	 -1000.0000 	 -1000.0000 
	 77.4320 	 3.312093e-04 	 134.2255 	  1.5192 	 1.788824e+19 	 2.434409e+17 	 2.174165e-07 	 3.874474e-07 	 -1000.0000 	 -1000.0000 	 -1000.0000 	 -1000.0000 
	 77.6460 	 3.214865e-04 	 134.1795 	  1.5209 	 1.736904e+19 	 2.367005e+17 	 2.171827e-07 	 3.944974e-07 	 -1000.0000 	 -1000.0000 	 -1000.0000 	 -1000.0000 
	 78.0740 	 3.029740e-04 	 134.0082 	  1.5407 	 1.638992e+19 	 2.258764e+17 	 2.169646e-07 	 4.094818e-07 	 -1000.0000 	 -1000.0000 	 -1000.0000 	 -1000.0000 
	 78.1370 	 3.003378e-04 	 133.9754 	  1.5452 	 1.625130e+19 	 2.245072e+17 	 2.169436e-07 	 4.117516e-07 	 -1000.0000 	 -1000.0000 	 -1000.0000 	 -1000.0000 
	 78.3500 	 2.915796e-04 	 133.8511 	  1.5625 	 1.579205e+19 	 2.201867e+17 	 2.168790e-07 	 4.195259e-07 	 -1000.0000 	 -1000.0000 	 -1000.0000 	 -1000.0000 
	 78.5630 	 2.830581e-04 	 133.7061 	  1.5822 	 1.534713e+19 	 2.162347e+17 	 2.168239e-07 	 4.274642e-07 	 -1000.0000 	 -1000.0000 	 -1000.0000 	 -1000.0000 
	 78.6330 	 2.803088e-04 	 133.6540 	  1.5889 	 1.520398e+19 	 2.149924e+17 	 2.168076e-07 	 4.301094e-07 	 -1000.0000 	 -1000.0000 	 -1000.0000 	 -1000.0000 
	 79.0600 	 2.640779e-04 	 133.2877 	  1.6294 	 1.436295e+19 	 2.076543e+17 	 2.167231e-07 	 4.466313e-07 	 -1000.0000 	 -1000.0000 	 -1000.0000 	 -1000.0000 
	 79.2730 	 2.563233e-04 	 133.0741 	  1.6468 	 1.396357e+19 	 2.039125e+17 	 2.166894e-07 	 4.551171e-07 	 -1000.0000 	 -1000.0000 	 -1000.0000 	 -1000.0000 
	 79.3430 	 2.538238e-04 	 132.9995 	  1.6518 	 1.383517e+19 	 2.026369e+17 	 2.166797e-07 	 4.579427e-07 	 -1000.0000 	 -1000.0000 	 -1000.0000 	 -1000.0000 
	 79.4870 	 2.487573e-04 	 132.8388 	  1.6606 	 1.357541e+19 	 1.999094e+17 	 2.166626e-07 	 4.638155e-07 	 -1000.0000 	 -1000.0000 	 -1000.0000 	 -1000.0000 
	 79.5570 	 2.463306e-04 	 132.7574 	  1.6641 	 1.345123e+19 	 1.985296e+17 	 2.166557e-07 	 4.667007e-07 	 -1000.0000 	 -1000.0000 	 -1000.0000 	 -1000.0000 
	 80.0530 	 2.297665e-04 	 132.1180 	  1.6814 	 1.260742e+19 	 1.883461e+17 	 2.166466e-07 	 4.877612e-07 	 -1000.0000 	 -1000.0000 	 -1000.0000 	 -1000.0000 
	 80.1970 	 2.251479e-04 	 131.9123 	  1.6860 	 1.237326e+19 	 1.854761e+17 	 2.166608e-07 	 4.940982e-07 	 -1000.0000 	 -1000.0000 	 -1000.0000 	 -1000.0000 
	 80.2670 	 2.229313e-04 	 131.8092 	  1.6885 	 1.226103e+19 	 1.841252e+17 	 2.166709e-07 	 4.972177e-07 	 -1000.0000 	 -1000.0000 	 -1000.0000 	 -1000.0000 
	 80.4800 	 2.163016e-04 	 131.4830 	  1.6967 	 1.192593e+19 	 1.801636e+17 	 2.167133e-07 	 5.068693e-07 	 -1000.0000 	 -1000.0000 	 -1000.0000 	 -1000.0000 
	 80.6930 	 2.098461e-04 	 131.1393 	  1.7048 	 1.160038e+19 	 1.763556e+17 	 2.167701e-07 	 5.167550e-07 	 -1000.0000 	 -1000.0000 	 -1000.0000 	 -1000.0000 
	 81.1900 	 1.954694e-04 	 130.2752 	  1.7172 	 1.087743e+19 	 1.675546e+17 	 2.169271e-07 	 5.406453e-07 	 -1000.0000 	 -1000.0000 	 -1000.0000 	 -1000.0000 
	 81.4030 	 1.896056e-04 	 129.8810 	  1.7169 	 1.058312e+19 	 1.635991e+17 	 2.169937e-07 	 5.512076e-07 	 -1000.0000 	 -1000.0000 	 -1000.0000 	 -1000.0000 
	 81.4630 	 1.879864e-04 	 129.7676 	  1.7160 	 1.050187e+19 	 1.624451e+17 	 2.170116e-07 	 5.542167e-07 	 -1000.0000 	 -1000.0000 	 -1000.0000 	 -1000.0000 
	 81.6170 	 1.838963e-04 	 129.4722 	  1.7116 	 1.029668e+19 	 1.593815e+17 	 2.170553e-07 	 5.620082e-07 	 -1000.0000 	 -1000.0000 	 -1000.0000 	 -1000.0000 
	 81.6770 	 1.823282e-04 	 129.3560 	  1.7092 	 1.021798e+19 	 1.581490e+17 	 2.170710e-07 	 5.650701e-07 	 -1000.0000 	 -1000.0000 	 -1000.0000 	 -1000.0000 
	 82.1030 	 1.715748e-04 	 128.5681 	  1.6892 	 9.674078e+18 	 1.492938e+17 	 2.171220e-07 	 5.872019e-07 	 -1000.0000 	 -1000.0000 	 -1000.0000 	 -1000.0000 
	 82.1790 	 1.697210e-04 	 128.4441 	  1.6868 	 9.578880e+18 	 1.477871e+17 	 2.171135e-07 	 5.912209e-07 	 -1000.0000 	 -1000.0000 	 -1000.0000 	 -1000.0000 
	 82.3170 	 1.664004e-04 	 128.2405 	  1.6848 	 9.406650e+18 	 1.451888e+17 	 2.170787e-07 	 5.985693e-07 	 -1000.0000 	 -1000.0000 	 -1000.0000 	 -1000.0000 
	 82.3910 	 1.646429e-04 	 128.1439 	  1.6852 	 9.314506e+18 	 1.438807e+17 	 2.170485e-07 	 6.025352e-07 	 -1000.0000 	 -1000.0000 	 -1000.0000 	 -1000.0000 
	 82.6040 	 1.596731e-04 	 127.9104 	  1.6913 	 9.050404e+18 	 1.404016e+17 	 2.169189e-07 	 6.140502e-07 	 -1000.0000 	 -1000.0000 	 -1000.0000 	 -1000.0000 
	 83.0290 	 1.501406e-04 	 127.5936 	  1.7163 	 8.531774e+18 	 1.342719e+17 	 2.164871e-07 	 6.373637e-07 	 -1000.0000 	 -1000.0000 	 -1000.0000 	 -1000.0000 
	 83.0960 	 1.486834e-04 	 127.5560 	  1.7208 	 8.451430e+18 	 1.333490e+17 	 2.163998e-07 	 6.410646e-07 	 -1000.0000 	 -1000.0000 	 -1000.0000 	 -1000.0000 
	 83.3080 	 1.441520e-04 	 127.4486 	  1.7340 	 8.200469e+18 	 1.304083e+17 	 2.160937e-07 	 6.528013e-07 	 -1000.0000 	 -1000.0000 	 -1000.0000 	 -1000.0000 
	 83.5200 	 1.397393e-04 	 127.3480 	  1.7437 	 7.955231e+18 	 1.273312e+17 	 2.157499e-07 	 6.645862e-07 	 -1000.0000 	 -1000.0000 	 -1000.0000 	 -1000.0000 
	 83.5890 	 1.383283e-04 	 127.3144 	  1.7457 	 7.876813e+18 	 1.262775e+17 	 2.156318e-07 	 6.684366e-07 	 -1000.0000 	 -1000.0000 	 -1000.0000 	 -1000.0000 
	 84.0140 	 1.299121e-04 	 127.0761 	  1.7424 	 7.410937e+18 	 1.190759e+17 	 2.148722e-07 	 6.924664e-07 	 -1000.0000 	 -1000.0000 	 -1000.0000 	 -1000.0000 
	 84.2270 	 1.258918e-04 	 126.9525 	  1.7353 	 7.188702e+18 	 1.152870e+17 	 2.144835e-07 	 7.048312e-07 	 -1000.0000 	 -1000.0000 	 -1000.0000 	 -1000.0000 
	 84.2940 	 1.246578e-04 	 126.9162 	  1.7333 	 7.120336e+18 	 1.141217e+17 	 2.143610e-07 	 7.087794e-07 	 -1000.0000 	 -1000.0000 	 -1000.0000 	 -1000.0000 
	 84.4390 	 1.220408e-04 	 126.8450 	  1.7299 	 6.974884e+18 	 1.116945e+17 	 2.140960e-07 	 7.174294e-07 	 -1000.0000 	 -1000.0000 	 -1000.0000 	 -1000.0000 
	 84.5060 	 1.208565e-04 	 126.8162 	  1.7291 	 6.908811e+18 	 1.106270e+17 	 2.139731e-07 	 7.214731e-07 	 -1000.0000 	 -1000.0000 	 -1000.0000 	 -1000.0000 
	 85.1420 	 1.102551e-04 	 126.6368 	  1.7426 	 6.311599e+18 	 1.019320e+17 	 2.127170e-07 	 7.607575e-07 	 -1000.0000 	 -1000.0000 	 -1000.0000 	 -1000.0000 
	 85.2110 	 1.091595e-04 	 126.6239 	  1.7462 	 6.249493e+18 	 1.011109e+17 	 2.125635e-07 	 7.650572e-07 	 -1000.0000 	 -1000.0000 	 -1000.0000 	 -1000.0000 
	 85.4220 	 1.058645e-04 	 126.5897 	  1.7588 	 6.062463e+18 	 9.869983e+16 	 2.120684e-07 	 7.782066e-07 	 -1000.0000 	 -1000.0000 	 -1000.0000 	 -1000.0000 
	 85.6330 	 1.026551e-04 	 126.5629 	  1.7730 	 5.879920e+18 	 9.640075e+16 	 2.115371e-07 	 7.913704e-07 	 -1000.0000 	 -1000.0000 	 -1000.0000 	 -1000.0000 
	 85.7090 	 1.015205e-04 	 126.5550 	  1.7783 	 5.815301e+18 	 9.559051e+16 	 2.113375e-07 	 7.961182e-07 	 -1000.0000 	 -1000.0000 	 -1000.0000 	 -1000.0000 
	 86.1320 	 9.541932e-05 	 126.5273 	  1.8054 	 5.467055e+18 	 9.112171e+16 	 2.101693e-07 	 8.227787e-07 	 -1000.0000 	 -1000.0000 	 -1000.0000 	 -1000.0000 
	 86.3430 	 9.251550e-05 	 126.5234 	  1.8152 	 5.300859e+18 	 8.883481e+16 	 2.095720e-07 	 8.364386e-07 	 -1000.0000 	 -1000.0000 	 -1000.0000 	 -1000.0000 
	 86.4190 	 9.149300e-05 	 126.5235 	  1.8178 	 5.242269e+18 	 8.798802e+16 	 2.093579e-07 	 8.414522e-07 	 -1000.0000 	 -1000.0000 	 -1000.0000 	 -1000.0000 
	 86.5550 	 8.969473e-05 	 126.5257 	  1.8209 	 5.139143e+18 	 8.643157e+16 	 2.089784e-07 	 8.505695e-07 	 -1000.0000 	 -1000.0000 	 -1000.0000 	 -1000.0000 
	 86.6310 	 8.870738e-05 	 126.5280 	  1.8217 	 5.082474e+18 	 8.553784e+16 	 2.087689e-07 	 8.557458e-07 	 -1000.0000 	 -1000.0000 	 -1000.0000 	 -1000.0000 
	 87.0530 	 8.343478e-05 	 126.5584 	  1.8211 	 4.779217e+18 	 8.049155e+16 	 2.076939e-07 	 8.856496e-07 	 -1000.0000 	 -1000.0000 	 -1000.0000 	 -1000.0000 
	 87.1190 	 8.263944e-05 	 126.5663 	  1.8211 	 4.733369e+18 	 7.972391e+16 	 2.075478e-07 	 8.905231e-07 	 -1000.0000 	 -1000.0000 	 -1000.0000 	 -1000.0000 
	 87.2650 	 8.090511e-05 	 126.5872 	  1.8224 	 4.633287e+18 	 7.808359e+16 	 2.072549e-07 	 9.015132e-07 	 -1000.0000 	 -1000.0000 	 -1000.0000 	 -1000.0000 
	 87.3310 	 8.013199e-05 	 126.5983 	  1.8237 	 4.588627e+18 	 7.737259e+16 	 2.071372e-07 	 9.065796e-07 	 -1000.0000 	 -1000.0000 	 -1000.0000 	 -1000.0000 
	 87.5420 	 7.770566e-05 	 126.6392 	  1.8299 	 4.448306e+18 	 7.521141e+16 	 2.068126e-07 	 9.231388e-07 	 -1000.0000 	 -1000.0000 	 -1000.0000 	 -1000.0000 
	 88.0410 	 7.224436e-05 	 126.7545 	  1.8493 	 4.131959e+18 	 7.053530e+16 	 2.062133e-07 	 9.638330e-07 	 -1000.0000 	 -1000.0000 	 -1000.0000 	 -1000.0000 
	 88.2520 	 7.005318e-05 	 126.8038 	  1.8554 	 4.005049e+18 	 6.861989e+16 	 2.059631e-07 	 9.814321e-07 	 -1000.0000 	 -1000.0000 	 -1000.0000 	 -1000.0000 
	 88.4630 	 6.793285e-05 	 126.8491 	  1.8576 	 3.882392e+18 	 6.666873e+16 	 2.056764e-07 	 9.991163e-07 	 -1000.0000 	 -1000.0000 	 -1000.0000 	 -1000.0000 
	 88.5250 	 6.732334e-05 	 126.8611 	  1.8572 	 3.847177e+18 	 6.608136e+16 	 2.055810e-07 	 1.004306e-06 	 -1000.0000 	 -1000.0000 	 -1000.0000 	 -1000.0000 
	 88.6750 	 6.587424e-05 	 126.8874 	  1.8542 	 3.763561e+18 	 6.462224e+16 	 2.053237e-07 	 1.016828e-06 	 -1000.0000 	 -1000.0000 	 -1000.0000 	 -1000.0000 
	 89.1570 	 6.144922e-05 	 126.9414 	  1.8299 	 3.509248e+18 	 5.975488e+16 	 2.042974e-07 	 1.057193e-06 	 -1000.0000 	 -1000.0000 	 -1000.0000 	 -1000.0000 
	 89.2350 	 6.076349e-05 	 126.9462 	  1.8258 	 3.469963e+18 	 5.899244e+16 	 2.041195e-07 	 1.063861e-06 	 -1000.0000 	 -1000.0000 	 -1000.0000 	 -1000.0000 
	 89.3670 	 5.962051e-05 	 126.9520 	  1.8198 	 3.404545e+18 	 5.775044e+16 	 2.038195e-07 	 1.075274e-06 	 -1000.0000 	 -1000.0000 	 -1000.0000 	 -1000.0000 
	 89.4450 	 5.895508e-05 	 126.9541 	  1.8172 	 3.366493e+18 	 5.705067e+16 	 2.036432e-07 	 1.082092e-06 	 -1000.0000 	 -1000.0000 	 -1000.0000 	 -1000.0000 
	 89.6560 	 5.719150e-05 	 126.9556 	  1.8131 	 3.265752e+18 	 5.527995e+16 	 2.031556e-07 	 1.100716e-06 	 -1000.0000 	 -1000.0000 	 -1000.0000 	 -1000.0000 
	 90.0770 	 5.382846e-05 	 126.9438 	  1.8178 	 3.074001e+18 	 5.220517e+16 	 2.020090e-07 	 1.137872e-06 	 -1000.0000 	 -1000.0000 	 -1000.0000 	 -1000.0000 
	 90.1550 	 5.322766e-05 	 126.9400 	  1.8204 	 3.039782e+18 	 5.169144e+16 	 2.017552e-07 	 1.144661e-06 	 -1000.0000 	 -1000.0000 	 -1000.0000 	 -1000.0000 
	 90.3660 	 5.163634e-05 	 126.9276 	  1.8294 	 2.949190e+18 	 5.036969e+16 	 2.010107e-07 	 1.162874e-06 	 -1000.0000 	 -1000.0000 	 -1000.0000 	 -1000.0000 
	 90.5770 	 5.009340e-05 	 126.9121 	  1.8401 	 2.861413e+18 	 4.912510e+16 	 2.002169e-07 	 1.181037e-06 	 -1000.0000 	 -1000.0000 	 -1000.0000 	 -1000.0000 
	 90.6450 	 4.960622e-05 	 126.9065 	  1.8437 	 2.833710e+18 	 4.873584e+16 	 1.999584e-07 	 1.186922e-06 	 -1000.0000 	 -1000.0000 	 -1000.0000 	 -1000.0000 
	 91.0660 	 4.669556e-05 	 126.8648 	  1.8644 	 2.668318e+18 	 4.638296e+16 	 1.984683e-07 	 1.224572e-06 	 -1000.0000 	 -1000.0000 	 -1000.0000 	 -1000.0000 
	 91.2770 	 4.530273e-05 	 126.8395 	  1.8713 	 2.589243e+18 	 4.519448e+16 	 1.978835e-07 	 1.244795e-06 	 -1000.0000 	 -1000.0000 	 -1000.0000 	 -1000.0000 
	 91.3500 	 4.483072e-05 	 126.8301 	  1.8728 	 2.562456e+18 	 4.477462e+16 	 1.977202e-07 	 1.252091e-06 	 -1000.0000 	 -1000.0000 	 -1000.0000 	 -1000.0000 
	 91.4870 	 4.395830e-05 	 126.8116 	  1.8742 	 2.512957e+18 	 4.396868e+16 	 1.974773e-07 	 1.266242e-06 	 -1000.0000 	 -1000.0000 	 -1000.0000 	 -1000.0000 
	 91.5600 	 4.350045e-05 	 126.8013 	  1.8740 	 2.486986e+18 	 4.352895e+16 	 1.973852e-07 	 1.274063e-06 	 -1000.0000 	 -1000.0000 	 -1000.0000 	 -1000.0000 
	 92.0500 	 4.054805e-05 	 126.7357 	  1.8663 	 2.319392e+18 	 4.053899e+16 	 1.974950e-07 	 1.333119e-06 	 -1000.0000 	 -1000.0000 	 -1000.0000 	 -1000.0000 
	 92.1900 	 3.974136e-05 	 126.7219 	  1.8648 	 2.273491e+18 	 3.972426e+16 	 1.977714e-07 	 1.352485e-06 	 -1000.0000 	 -1000.0000 	 -1000.0000 	 -1000.0000 
	 92.2600 	 3.934388e-05 	 126.7164 	  1.8646 	 2.250845e+18 	 3.933075e+16 	 1.979507e-07 	 1.362614e-06 	 -1000.0000 	 -1000.0000 	 -1000.0000 	 -1000.0000 
	 92.4700 	 3.817467e-05 	 126.7075 	  1.8655 	 2.184091e+18 	 3.819888e+16 	 1.986338e-07 	 1.394567e-06 	 -1000.0000 	 -1000.0000 	 -1000.0000 	 -1000.0000 
	 92.6800 	 3.703992e-05 	 126.7125 	  1.8679 	 2.119070e+18 	 3.712311e+16 	 1.995016e-07 	 1.428604e-06 	 -1000.0000 	 -1000.0000 	 -1000.0000 	 -1000.0000 
	 93.1740 	 3.450381e-05 	 126.8005 	  1.8714 	 1.972619e+18 	 3.468947e+16 	 2.020409e-07 	 1.515666e-06 	 -1000.0000 	 -1000.0000 	 -1000.0000 	 -1000.0000 
	 93.3830 	 3.348601e-05 	 126.8787 	  1.8687 	 1.913266e+18 	 3.364844e+16 	 2.032289e-07 	 1.555075e-06 	 -1000.0000 	 -1000.0000 	 -1000.0000 	 -1000.0000 
	 93.4550 	 3.314285e-05 	 126.9124 	  1.8669 	 1.893162e+18 	 3.328211e+16 	 2.036413e-07 	 1.568927e-06 	 -1000.0000 	 -1000.0000 	 -1000.0000 	 -1000.0000 
	 93.5930 	 3.249571e-05 	 126.9872 	  1.8616 	 1.855106e+18 	 3.256425e+16 	 2.044260e-07 	 1.595790e-06 	 -1000.0000 	 -1000.0000 	 -1000.0000 	 -1000.0000 
	 93.6650 	 3.216356e-05 	 127.0319 	  1.8580 	 1.835496e+18 	 3.218119e+16 	 2.048300e-07 	 1.609957e-06 	 -1000.0000 	 -1000.0000 	 -1000.0000 	 -1000.0000 
