	 height_(km) 	 press_(mbar) 	 temp_(K) 	 temperr_(K) 	 numdens_(m-3) 	 numdenserr_(m-3) 	 H2Ovmr_() 	 H2Ovmrerr_() 	 D/H_(VSMOW) 	 D/Herr_(VSMOW) 	 18O/16O_(VSMOW) 	 18O/16Oerr_(VSMOW) 
	  4.6540 	 3.701241e+00 	 186.1580 	  3.8648 	 1.438790e+23 	 3.076619e+21 	 2.728213e-05 	 5.246203e-06 	  3.1448 	  0.7518 	  1.2230 	  0.2868 
	  4.8300 	 3.635605e+00 	 186.3429 	  3.8892 	 1.412928e+23 	 3.017090e+21 	 2.691052e-05 	 4.646827e-06 	  3.1280 	  0.6864 	  1.2255 	  0.2628 
	  5.0060 	 3.570733e+00 	 186.4108 	  3.8819 	 1.387963e+23 	 2.943255e+21 	 2.663699e-05 	 4.153304e-06 	  3.1004 	  0.6277 	  1.2230 	  0.2412 
	  5.6120 	 3.353391e+00 	 185.8975 	  3.6518 	 1.308077e+23 	 2.600410e+21 	 2.625799e-05 	 2.946486e-06 	  2.9421 	  0.4638 	  1.1831 	  0.1790 
	  5.7880 	 3.292068e+00 	 185.5747 	  3.5366 	 1.286411e+23 	 2.481147e+21 	 2.625990e-05 	 2.671692e-06 	  2.8836 	  0.4241 	  1.1644 	  0.1635 
	  5.9640 	 3.231577e+00 	 185.1930 	  3.4046 	 1.265333e+23 	 2.355743e+21 	 2.628889e-05 	 2.411612e-06 	  2.8222 	  0.3873 	  1.1434 	  0.1490 
	  6.1400 	 3.171932e+00 	 184.7632 	  3.2587 	 1.244787e+23 	 2.225697e+21 	 2.633141e-05 	 2.161185e-06 	  2.7594 	  0.3533 	  1.1208 	  0.1353 
	  6.3160 	 3.113144e+00 	 184.2960 	  3.1015 	 1.224716e+23 	 2.092510e+21 	 2.637320e-05 	 1.918454e-06 	  2.6964 	  0.3223 	  1.0970 	  0.1227 
	  6.9160 	 2.919345e+00 	 182.5673 	  2.5186 	 1.159090e+23 	 1.635178e+21 	 2.630139e-05 	 1.478494e-06 	  2.4993 	  0.2558 	  1.0149 	  0.0955 
	  7.0910 	 2.864797e+00 	 182.0656 	  2.3458 	 1.140542e+23 	 1.506747e+21 	 2.615444e-05 	 1.430139e-06 	  2.4516 	  0.2447 	  0.9926 	  0.0908 
	  7.2670 	 2.810859e+00 	 181.5814 	  2.1756 	 1.122055e+23 	 1.382535e+21 	 2.592052e-05 	 1.383116e-06 	  2.4102 	  0.2352 	  0.9718 	  0.0868 
	  7.4420 	 2.758157e+00 	 181.1308 	  2.0128 	 1.103783e+23 	 1.265434e+21 	 2.558962e-05 	 1.337160e-06 	  2.3763 	  0.2277 	  0.9529 	  0.0833 
	  7.6180 	 2.706101e+00 	 180.7193 	  1.8583 	 1.085463e+23 	 1.155600e+21 	 2.515483e-05 	 1.291279e-06 	  2.3497 	  0.2314 	  0.9361 	  0.0804 
	  8.2060 	 2.539189e+00 	 179.7631 	  1.4393 	 1.024057e+23 	 8.625064e+20 	 2.303350e-05 	 1.138393e-06 	  2.3117 	  0.2518 	  0.8955 	  0.0740 
	  8.3820 	 2.491287e+00 	 179.6038 	  1.3448 	 1.005635e+23 	 7.969726e+20 	 2.222920e-05 	 1.092171e-06 	  2.3144 	  0.2599 	  0.8883 	  0.0730 
	  8.5570 	 2.444557e+00 	 179.4933 	  1.2636 	 9.873704e+22 	 7.404673e+20 	 2.137258e-05 	 1.045902e-06 	  2.3226 	  0.2686 	  0.8832 	  0.0722 
	  8.7330 	 2.398442e+00 	 179.4244 	  1.1936 	 9.690972e+22 	 6.914318e+20 	 2.047027e-05 	 1.000557e-06 	  2.3357 	  0.2781 	  0.8801 	  0.0718 
	  8.9080 	 2.353442e+00 	 179.3917 	  1.1347 	 9.510663e+22 	 6.495174e+20 	 1.954776e-05 	 9.704291e-07 	  2.3526 	  0.2888 	  0.8787 	  0.0720 
	  9.5100 	 2.204834e+00 	 179.4633 	  0.9999 	 8.906781e+22 	 5.453363e+20 	 1.633148e-05 	 8.154168e-07 	  2.4325 	  0.3266 	  0.8830 	  0.0727 
	  9.6850 	 2.163384e+00 	 179.5054 	  0.9759 	 8.737521e+22 	 5.237639e+20 	 1.541782e-05 	 7.694690e-07 	  2.4606 	  0.3377 	  0.8860 	  0.0732 
	  9.8600 	 2.122713e+00 	 179.5405 	  0.9565 	 8.571725e+22 	 5.050025e+20 	 1.452433e-05 	 7.290237e-07 	  2.4903 	  0.3489 	  0.8895 	  0.0741 
	 10.0350 	 2.082814e+00 	 179.5591 	  0.9405 	 8.409737e+22 	 4.884489e+20 	 1.365467e-05 	 6.946654e-07 	  2.5220 	  0.3602 	  0.8936 	  0.0753 
	 10.2100 	 2.043685e+00 	 179.5519 	  0.9267 	 8.251903e+22 	 4.734997e+20 	 1.281282e-05 	 6.625122e-07 	  2.5557 	  0.3715 	  0.8983 	  0.0768 
	 10.8000 	 1.917328e+00 	 179.2446 	  0.8814 	 7.753604e+22 	 4.278248e+20 	 1.024941e-05 	 5.681725e-07 	  2.6858 	  0.4097 	  0.9196 	  0.0837 
	 10.9750 	 1.881423e+00 	 179.0867 	  0.8671 	 7.614810e+22 	 4.148573e+20 	 9.584653e-06 	 5.438520e-07 	  2.7292 	  0.4210 	  0.9276 	  0.0861 
	 11.1500 	 1.846188e+00 	 178.9209 	  0.8528 	 7.479021e+22 	 4.021977e+20 	 8.968277e-06 	 5.210898e-07 	  2.7746 	  0.4322 	  0.9364 	  0.0888 
	 11.3250 	 1.811593e+00 	 178.7605 	  0.8386 	 7.345583e+22 	 3.898907e+20 	 8.403802e-06 	 4.999519e-07 	  2.8211 	  0.4434 	  0.9460 	  0.0915 
	 11.5000 	 1.777609e+00 	 178.6187 	  0.8250 	 7.213839e+22 	 3.779811e+20 	 7.895605e-06 	 4.806014e-07 	  2.8676 	  0.4549 	  0.9561 	  0.0943 
	 12.1040 	 1.664651e+00 	 178.4218 	  0.7846 	 6.764609e+22 	 3.404804e+20 	 6.619680e-06 	 4.305653e-07 	  3.0156 	  0.5000 	  0.9926 	  0.1036 
	 12.2780 	 1.633322e+00 	 178.4366 	  0.7751 	 6.637019e+22 	 3.307622e+20 	 6.397573e-06 	 4.218018e-07 	  3.0518 	  0.5144 	  1.0028 	  0.1059 
	 12.4530 	 1.602368e+00 	 178.4594 	  0.7662 	 6.510454e+22 	 3.214615e+20 	 6.241819e-06 	 4.158518e-07 	  3.0846 	  0.5293 	  1.0128 	  0.1079 
	 12.6280 	 1.571974e+00 	 178.4753 	  0.7581 	 6.386212e+22 	 3.126246e+20 	 6.152890e-06 	 4.128196e-07 	  3.1140 	  0.5439 	  1.0221 	  0.1095 
	 12.8020 	 1.542315e+00 	 178.4701 	  0.7505 	 6.265538e+22 	 3.042873e+20 	 6.127044e-06 	 4.126076e-07 	  3.1406 	  0.5566 	  1.0309 	  0.1108 
	 13.3980 	 1.445012e+00 	 178.1300 	  0.7275 	 5.880014e+22 	 2.789485e+20 	 6.440283e-06 	 4.302275e-07 	  3.2072 	  0.5737 	  1.0555 	  0.1126 
	 13.5720 	 1.417823e+00 	 177.9399 	  0.7215 	 5.775366e+22 	 2.723982e+20 	 6.633166e-06 	 4.399518e-07 	  3.2153 	  0.5728 	  1.0609 	  0.1125 
	 13.7460 	 1.391153e+00 	 177.7270 	  0.7160 	 5.673517e+22 	 2.661754e+20 	 6.863912e-06 	 4.513152e-07 	  3.2172 	  0.5705 	  1.0652 	  0.1121 
	 13.9200 	 1.364987e+00 	 177.5025 	  0.7109 	 5.574002e+22 	 2.602485e+20 	 7.125390e-06 	 4.639591e-07 	  3.2131 	  0.5673 	  1.0686 	  0.1115 
	 14.0940 	 1.339305e+00 	 177.2773 	  0.7063 	 5.476357e+22 	 2.545862e+20 	 7.409061e-06 	 4.774793e-07 	  3.2033 	  0.5638 	  1.0710 	  0.1107 
	 14.6840 	 1.255613e+00 	 176.6342 	  0.6948 	 5.153806e+22 	 2.369715e+20 	 8.398822e-06 	 5.240185e-07 	  3.1442 	  0.5547 	  1.0753 	  0.1080 
	 14.8580 	 1.231880e+00 	 176.4833 	  0.6926 	 5.060825e+22 	 2.321841e+20 	 8.649166e-06 	 5.360263e-07 	  3.1252 	  0.5508 	  1.0763 	  0.1074 
	 15.0330 	 1.208428e+00 	 176.3401 	  0.6909 	 4.968521e+22 	 2.275463e+20 	 8.859162e-06 	 5.465234e-07 	  3.1069 	  0.5452 	  1.0776 	  0.1070 
	 15.2070 	 1.185516e+00 	 176.2001 	  0.6895 	 4.878097e+22 	 2.231064e+20 	 9.020057e-06 	 5.552255e-07 	  3.0894 	  0.5381 	  1.0792 	  0.1068 
	 15.3820 	 1.162870e+00 	 176.0561 	  0.6885 	 4.788660e+22 	 2.188086e+20 	 9.135080e-06 	 5.623057e-07 	  3.0722 	  0.5304 	  1.0812 	  0.1074 
	 15.9780 	 1.088629e+00 	 175.4792 	  0.6873 	 4.496999e+22 	 2.053552e+20 	 9.287544e-06 	 5.775014e-07 	  3.0137 	  0.5097 	  1.0900 	  0.1121 
	 16.1520 	 1.067792e+00 	 175.2939 	  0.6875 	 4.415496e+22 	 2.017279e+20 	 9.300710e-06 	 5.858312e-07 	  2.9977 	  0.5059 	  1.0926 	  0.1137 
	 16.3260 	 1.047342e+00 	 175.1134 	  0.6880 	 4.335386e+22 	 1.982091e+20 	 9.317013e-06 	 6.092737e-07 	  2.9828 	  0.5042 	  1.0951 	  0.1162 
	 16.5000 	 1.027284e+00 	 174.9450 	  0.6886 	 4.256518e+22 	 1.947832e+20 	 9.343804e-06 	 6.281850e-07 	  2.9693 	  0.5018 	  1.0975 	  0.1181 
	 16.6740 	 1.007624e+00 	 174.7963 	  0.6895 	 4.178740e+22 	 1.914347e+20 	 9.384347e-06 	 6.426336e-07 	  2.9580 	  0.4976 	  1.0998 	  0.1196 
	 17.2580 	 9.445792e-01 	 174.5186 	  0.6942 	 3.923988e+22 	 1.805853e+20 	 9.612832e-06 	 6.678969e-07 	  2.9343 	  0.4667 	  1.1063 	  0.1213 
	 17.4320 	 9.266290e-01 	 174.4989 	  0.6961 	 3.849904e+22 	 1.774544e+20 	 9.703864e-06 	 6.701952e-07 	  2.9292 	  0.4555 	  1.1079 	  0.1205 
	 17.6060 	 9.090256e-01 	 174.4983 	  0.6981 	 3.776772e+22 	 1.743761e+20 	 9.800843e-06 	 6.721341e-07 	  2.9246 	  0.4450 	  1.1093 	  0.1193 
	 17.7800 	 8.917477e-01 	 174.5107 	  0.7003 	 3.704665e+22 	 1.713541e+20 	 9.898508e-06 	 6.739362e-07 	  2.9205 	  0.4358 	  1.1106 	  0.1177 
	 17.9540 	 8.747745e-01 	 174.5303 	  0.7027 	 3.633655e+22 	 1.683924e+20 	 9.991070e-06 	 6.755790e-07 	  2.9169 	  0.4283 	  1.1117 	  0.1159 
	 18.5520 	 8.185140e-01 	 174.5754 	  0.7117 	 3.398938e+22 	 1.587230e+20 	 1.020008e-05 	 6.746874e-07 	  2.9131 	  0.4147 	  1.1163 	  0.1166 
	 18.7260 	 8.027382e-01 	 174.5689 	  0.7145 	 3.333580e+22 	 1.560669e+20 	 1.020907e-05 	 6.675795e-07 	  2.9171 	  0.4113 	  1.1183 	  0.1167 
	 18.8990 	 7.873359e-01 	 174.5508 	  0.7174 	 3.269991e+22 	 1.534986e+20 	 1.018949e-05 	 6.579212e-07 	  2.9237 	  0.4072 	  1.1207 	  0.1168 
	 19.0720 	 7.722262e-01 	 174.5195 	  0.7204 	 3.207833e+22 	 1.510038e+20 	 1.014465e-05 	 6.592206e-07 	  2.9327 	  0.4043 	  1.1235 	  0.1179 
	 19.2460 	 7.573352e-01 	 174.4735 	  0.7235 	 3.146804e+22 	 1.485700e+20 	 1.008232e-05 	 6.595546e-07 	  2.9433 	  0.4015 	  1.1267 	  0.1190 
	 19.8260 	 7.100147e-01 	 174.2088 	  0.7342 	 2.954404e+22 	 1.409972e+20 	 9.894428e-06 	 6.602662e-07 	  2.9789 	  0.3971 	  1.1370 	  0.1224 
	 19.9990 	 6.965650e-01 	 174.1145 	  0.7375 	 2.899924e+22 	 1.388674e+20 	 9.886843e-06 	 6.624242e-07 	  2.9868 	  0.3974 	  1.1394 	  0.1231 
	 20.1720 	 6.833913e-01 	 174.0275 	  0.7409 	 2.846460e+22 	 1.367724e+20 	 9.919392e-06 	 6.663698e-07 	  2.9926 	  0.3984 	  1.1412 	  0.1237 
	 20.3450 	 6.704763e-01 	 173.9562 	  0.7443 	 2.793826e+22 	 1.346980e+20 	 9.999680e-06 	 6.724652e-07 	  2.9960 	  0.3997 	  1.1423 	  0.1240 
	 20.5180 	 6.578026e-01 	 173.9091 	  0.7477 	 2.741835e+22 	 1.326300e+20 	 1.013242e-05 	 6.808970e-07 	  2.9971 	  0.4007 	  1.1424 	  0.1240 
	 21.1160 	 6.156368e-01 	 174.0207 	  0.7598 	 2.564979e+22 	 1.253711e+20 	 1.103036e-05 	 7.288229e-07 	  2.9796 	  0.3969 	  1.1354 	  0.1219 
	 21.2890 	 6.038930e-01 	 174.1140 	  0.7633 	 2.514810e+22 	 1.232508e+20 	 1.143119e-05 	 7.483479e-07 	  2.9664 	  0.3945 	  1.1310 	  0.1207 
	 21.4620 	 5.923582e-01 	 174.2116 	  0.7668 	 2.465425e+22 	 1.211462e+20 	 1.190128e-05 	 7.703914e-07 	  2.9494 	  0.3919 	  1.1255 	  0.1194 
	 21.6350 	 5.810358e-01 	 174.2999 	  0.7702 	 2.417022e+22 	 1.190720e+20 	 1.243955e-05 	 7.947102e-07 	  2.9290 	  0.3891 	  1.1189 	  0.1196 
	 21.8080 	 5.699293e-01 	 174.3655 	  0.7734 	 2.369803e+22 	 1.170428e+20 	 1.303940e-05 	 8.208672e-07 	  2.9060 	  0.3859 	  1.1113 	  0.1194 
	 22.4000 	 5.335899e-01 	 174.2701 	  0.7834 	 2.219347e+22 	 1.106060e+20 	 1.534825e-05 	 9.142989e-07 	  2.8216 	  0.3696 	  1.0817 	  0.1151 
	 22.5720 	 5.235044e-01 	 174.1619 	  0.7861 	 2.178675e+22 	 1.088780e+20 	 1.600637e-05 	 9.675344e-07 	  2.7986 	  0.3663 	  1.0731 	  0.1141 
	 22.7450 	 5.135628e-01 	 174.0405 	  0.7888 	 2.138787e+22 	 1.071844e+20 	 1.661226e-05 	 1.031507e-06 	  2.7773 	  0.3640 	  1.0649 	  0.1132 
	 22.9180 	 5.038174e-01 	 173.9209 	  0.7915 	 2.099708e+22 	 1.055234e+20 	 1.713297e-05 	 1.090617e-06 	  2.7587 	  0.3621 	  1.0577 	  0.1123 
	 23.0900 	 4.943158e-01 	 173.8180 	  0.7943 	 2.061444e+22 	 1.038923e+20 	 1.754496e-05 	 1.136933e-06 	  2.7431 	  0.3608 	  1.0518 	  0.1116 
	 23.6700 	 4.635683e-01 	 173.7496 	  0.8050 	 1.934336e+22 	 9.839957e+19 	 1.805585e-05 	 1.218218e-06 	  2.7176 	  0.3688 	  1.0431 	  0.1101 
	 23.8420 	 4.548180e-01 	 173.8212 	  0.8084 	 1.897069e+22 	 9.675286e+19 	 1.793709e-05 	 1.223008e-06 	  2.7218 	  0.3739 	  1.0443 	  0.1106 
	 24.0150 	 4.461827e-01 	 173.9272 	  0.8118 	 1.859904e+22 	 9.508629e+19 	 1.770250e-05 	 1.214352e-06 	  2.7324 	  0.3791 	  1.0474 	  0.1118 
	 24.1880 	 4.377115e-01 	 174.0622 	  0.8151 	 1.823135e+22 	 9.340865e+19 	 1.737224e-05 	 1.196636e-06 	  2.7489 	  0.3845 	  1.0523 	  0.1132 
	 24.3600 	 4.294501e-01 	 174.2199 	  0.8182 	 1.787049e+22 	 9.172893e+19 	 1.697616e-05 	 1.172405e-06 	  2.7703 	  0.3898 	  1.0588 	  0.1148 
	 24.9540 	 4.021234e-01 	 174.8745 	  0.8259 	 1.667000e+22 	 8.584072e+19 	 1.549636e-05 	 1.076205e-06 	  2.8622 	  0.4081 	  1.0865 	  0.1209 
	 25.1260 	 3.945502e-01 	 175.0804 	  0.8275 	 1.633703e+22 	 8.413176e+19 	 1.513803e-05 	 1.054560e-06 	  2.8874 	  0.4134 	  1.0938 	  0.1227 
	 25.2980 	 3.871253e-01 	 175.2883 	  0.8288 	 1.601078e+22 	 8.243750e+19 	 1.484713e-05 	 1.038106e-06 	  2.9096 	  0.4184 	  1.0999 	  0.1244 
	 25.4700 	 3.798464e-01 	 175.4953 	  0.8301 	 1.569132e+22 	 8.076738e+19 	 1.463451e-05 	 1.021549e-06 	  2.9277 	  0.4223 	  1.1043 	  0.1255 
	 25.6420 	 3.727110e-01 	 175.6985 	  0.8313 	 1.537870e+22 	 7.913085e+19 	 1.450364e-05 	 1.003245e-06 	  2.9415 	  0.4246 	  1.1067 	  0.1261 
	 26.2240 	 3.496020e-01 	 176.3338 	  0.8366 	 1.437154e+22 	 7.394341e+19 	 1.463243e-05 	 9.458743e-07 	  2.9579 	  0.4180 	  1.1016 	  0.1244 
	 26.3960 	 3.430709e-01 	 176.5207 	  0.8384 	 1.408762e+22 	 7.250703e+19 	 1.483288e-05 	 9.358108e-07 	  2.9533 	  0.4134 	  1.0968 	  0.1233 
	 26.5680 	 3.366731e-01 	 176.7208 	  0.8403 	 1.380901e+22 	 7.109965e+19 	 1.510368e-05 	 9.313038e-07 	  2.9448 	  0.4084 	  1.0908 	  0.1221 
	 26.7400 	 3.304068e-01 	 176.9421 	  0.8422 	 1.353514e+22 	 6.971225e+19 	 1.543864e-05 	 9.425629e-07 	  2.9333 	  0.4041 	  1.0840 	  0.1213 
	 26.9120 	 3.242706e-01 	 177.1927 	  0.8440 	 1.326546e+22 	 6.833579e+19 	 1.582811e-05 	 9.586078e-07 	  2.9200 	  0.3998 	  1.0768 	  0.1204 
	 27.4980 	 3.043157e-01 	 178.3395 	  0.8491 	 1.237247e+22 	 6.363688e+19 	 1.738240e-05 	 1.021510e-06 	  2.8790 	  0.3848 	  1.0543 	  0.1172 
	 27.6700 	 2.987260e-01 	 178.7320 	  0.8505 	 1.211923e+22 	 6.227414e+19 	 1.784132e-05 	 1.039973e-06 	  2.8733 	  0.3808 	  1.0498 	  0.1165 
	 27.8410 	 2.932822e-01 	 179.1168 	  0.8518 	 1.187301e+22 	 6.095054e+19 	 1.826769e-05 	 1.057260e-06 	  2.8725 	  0.3772 	  1.0471 	  0.1159 
	 28.0120 	 2.879476e-01 	 179.4785 	  0.8533 	 1.163323e+22 	 5.967200e+19 	 1.865133e-05 	 1.073075e-06 	  2.8769 	  0.3741 	  1.0462 	  0.1157 
	 28.1840 	 2.826882e-01 	 179.8009 	  0.8551 	 1.139944e+22 	 5.844547e+19 	 1.898881e-05 	 1.087383e-06 	  2.8866 	  0.3719 	  1.0473 	  0.1156 
	 28.7780 	 2.652925e-01 	 180.3924 	  0.8640 	 1.065916e+22 	 5.481949e+19 	 1.984173e-05 	 1.127788e-06 	  2.9547 	  0.3747 	  1.0641 	  0.1171 
	 28.9500 	 2.604666e-01 	 180.4262 	  0.8670 	 1.046281e+22 	 5.391920e+19 	 2.002425e-05 	 1.138074e-06 	  2.9836 	  0.3781 	  1.0721 	  0.1179 
	 29.1210 	 2.557594e-01 	 180.4290 	  0.8697 	 1.027354e+22 	 5.305509e+19 	 2.019173e-05 	 1.148245e-06 	  3.0157 	  0.3825 	  1.0812 	  0.1188 
	 29.2920 	 2.511406e-01 	 180.4192 	  0.8720 	 1.008898e+22 	 5.220105e+19 	 2.035509e-05 	 1.158656e-06 	  3.0507 	  0.3874 	  1.0912 	  0.1198 
	 29.4640 	 2.465821e-01 	 180.4148 	  0.8737 	 9.906856e+21 	 5.133119e+19 	 2.052509e-05 	 1.169479e-06 	  3.0880 	  0.3925 	  1.1017 	  0.1209 
	 30.0420 	 2.318810e-01 	 180.6450 	  0.8722 	 9.306752e+21 	 4.810748e+19 	 2.125019e-05 	 1.206447e-06 	  3.2098 	  0.4053 	  1.1361 	  0.1240 
	 30.2130 	 2.277077e-01 	 180.7954 	  0.8704 	 9.131860e+21 	 4.708193e+19 	 2.154386e-05 	 1.216814e-06 	  3.2382 	  0.4079 	  1.1443 	  0.1245 
	 30.3840 	 2.236123e-01 	 180.9714 	  0.8686 	 8.958843e+21 	 4.605825e+19 	 2.188656e-05 	 1.226556e-06 	  3.2603 	  0.4100 	  1.1510 	  0.1248 
	 30.5550 	 2.195932e-01 	 181.1655 	  0.8675 	 8.788129e+21 	 4.505713e+19 	 2.227925e-05 	 1.235492e-06 	  3.2754 	  0.4118 	  1.1558 	  0.1248 
	 30.7260 	 2.156489e-01 	 181.3700 	  0.8674 	 8.620144e+21 	 4.409927e+19 	 2.271511e-05 	 1.243647e-06 	  3.2839 	  0.4135 	  1.1588 	  0.1246 
	 31.3160 	 2.025943e-01 	 182.0579 	  0.8797 	 8.066819e+21 	 4.137249e+19 	 2.434771e-05 	 1.270765e-06 	  3.2813 	  0.4219 	  1.1605 	  0.1230 
	 31.4870 	 1.989655e-01 	 182.2342 	  0.8869 	 7.914673e+21 	 4.075629e+19 	 2.478869e-05 	 1.280371e-06 	  3.2782 	  0.4250 	  1.1601 	  0.1228 
	 31.6570 	 1.954242e-01 	 182.3949 	  0.8951 	 7.767039e+21 	 4.020250e+19 	 2.517999e-05 	 1.291704e-06 	  3.2767 	  0.4284 	  1.1601 	  0.1227 
	 31.8280 	 1.919273e-01 	 182.5396 	  0.9040 	 7.622139e+21 	 3.969304e+19 	 2.551240e-05 	 1.305297e-06 	  3.2782 	  0.4321 	  1.1608 	  0.1230 
	 31.9980 	 1.885144e-01 	 182.6644 	  0.9132 	 7.481628e+21 	 3.922238e+19 	 2.577751e-05 	 1.321024e-06 	  3.2832 	  0.4365 	  1.1625 	  0.1235 
	 33.8460 	 1.550986e-01 	 182.1989 	  0.9434 	 6.170698e+21 	 3.329746e+19 	 2.650448e-05 	 1.503230e-06 	  3.5128 	  0.5303 	  1.2319 	  0.1393 
	 34.0160 	 1.523305e-01 	 181.9621 	  0.9346 	 6.068318e+21 	 3.249382e+19 	 2.660424e-05 	 1.508517e-06 	  3.5449 	  0.5406 	  1.2410 	  0.1406 
	 34.1870 	 1.495950e-01 	 181.7068 	  0.9252 	 5.967670e+21 	 3.168340e+19 	 2.674955e-05 	 1.510222e-06 	  3.5784 	  0.5509 	  1.2502 	  0.1416 
	 34.3580 	 1.469080e-01 	 181.4424 	  0.9162 	 5.869084e+21 	 3.089621e+19 	 2.694457e-05 	 1.508420e-06 	  3.6128 	  0.5607 	  1.2594 	  0.1424 
	 34.5280 	 1.442848e-01 	 181.1785 	  0.9086 	 5.772843e+21 	 3.016172e+19 	 2.718588e-05 	 1.503732e-06 	  3.6478 	  0.5689 	  1.2683 	  0.1430 
	 35.1000 	 1.358035e-01 	 180.3577 	  0.9014 	 5.459115e+21 	 2.831443e+19 	 2.822427e-05 	 1.480027e-06 	  3.7562 	  0.5797 	  1.2932 	  0.1436 
	 35.2700 	 1.333802e-01 	 180.1128 	  0.9045 	 5.369148e+21 	 2.794926e+19 	 2.855812e-05 	 1.474990e-06 	  3.7785 	  0.5800 	  1.2981 	  0.1435 
	 35.4400 	 1.309978e-01 	 179.8439 	  0.9090 	 5.281170e+21 	 2.764083e+19 	 2.887699e-05 	 1.472579e-06 	  3.7936 	  0.5801 	  1.3015 	  0.1434 
	 35.6100 	 1.286545e-01 	 179.5369 	  0.9142 	 5.195472e+21 	 2.737244e+19 	 2.916031e-05 	 1.473097e-06 	  3.8008 	  0.5807 	  1.3033 	  0.1434 
	 35.7800 	 1.263480e-01 	 179.1781 	  0.9195 	 5.112347e+21 	 2.712737e+19 	 2.938618e-05 	 1.476065e-06 	  3.8007 	  0.5838 	  1.3040 	  0.1434 
	 36.3700 	 1.186023e-01 	 177.3736 	  0.9307 	 4.846908e+21 	 2.624575e+19 	 2.946644e-05 	 1.487814e-06 	  3.7825 	  0.6258 	  1.3050 	  0.1446 
	 36.5400 	 1.164408e-01 	 176.7077 	  0.9313 	 4.776411e+21 	 2.595869e+19 	 2.922060e-05 	 1.485956e-06 	  3.7874 	  0.6443 	  1.3076 	  0.1455 
	 36.7100 	 1.143100e-01 	 176.0037 	  0.9310 	 4.707770e+21 	 2.565862e+19 	 2.884319e-05 	 1.479739e-06 	  3.8022 	  0.6641 	  1.3123 	  0.1468 
	 36.8800 	 1.122095e-01 	 175.2777 	  0.9300 	 4.640507e+21 	 2.534718e+19 	 2.835156e-05 	 1.469006e-06 	  3.8282 	  0.6844 	  1.3197 	  0.1484 
	 37.0500 	 1.101390e-01 	 174.5458 	  0.9286 	 4.574144e+21 	 2.502604e+19 	 2.777875e-05 	 1.454454e-06 	  3.8651 	  0.7045 	  1.3296 	  0.1504 
	 37.6240 	 1.033647e-01 	 172.2230 	  0.9227 	 4.351069e+21 	 2.389318e+19 	 2.575494e-05 	 1.394284e-06 	  4.0405 	  0.7673 	 -1000.0000 	 -1000.0000 
	 37.7940 	 1.014224e-01 	 171.6060 	  0.9212 	 4.284653e+21 	 2.355206e+19 	 2.526190e-05 	 1.378232e-06 	  4.0955 	  0.7863 	 -1000.0000 	 -1000.0000 
	 37.9630 	 9.952067e-02 	 171.0272 	  0.9199 	 4.218513e+21 	 2.321498e+19 	 2.486156e-05 	 1.364830e-06 	  4.1471 	  0.8063 	 -1000.0000 	 -1000.0000 
	 38.1320 	 9.764826e-02 	 170.4838 	  0.9189 	 4.152300e+21 	 2.288252e+19 	 2.455525e-05 	 1.354305e-06 	  4.1947 	  0.8283 	 -1000.0000 	 -1000.0000 
	 38.3020 	 9.579444e-02 	 169.9737 	  0.9183 	 4.085663e+21 	 2.255535e+19 	 2.433295e-05 	 1.346478e-06 	  4.2383 	  0.8522 	 -1000.0000 	 -1000.0000 
	 38.8880 	 8.963389e-02 	 168.4991 	  0.9203 	 3.856438e+21 	 2.151481e+19 	 2.397543e-05 	 1.334116e-06 	  4.3685 	  0.9446 	 -1000.0000 	 -1000.0000 
	 39.0570 	 8.792334e-02 	 168.1430 	  0.9220 	 3.790888e+21 	 2.124158e+19 	 2.391936e-05 	 1.332833e-06 	 -1000.0000 	 -1000.0000 	 -1000.0000 	 -1000.0000 
	 39.2260 	 8.624222e-02 	 167.8075 	  0.9241 	 3.725850e+21 	 2.097866e+19 	 2.385720e-05 	 1.331861e-06 	 -1000.0000 	 -1000.0000 	 -1000.0000 	 -1000.0000 
	 39.3950 	 8.459041e-02 	 167.4869 	  0.9266 	 3.661469e+21 	 2.072498e+19 	 2.377943e-05 	 1.330978e-06 	 -1000.0000 	 -1000.0000 	 -1000.0000 	 -1000.0000 
	 39.5640 	 8.296780e-02 	 167.1752 	  0.9294 	 3.597892e+21 	 2.047946e+19 	 2.368093e-05 	 1.330017e-06 	 -1000.0000 	 -1000.0000 	 -1000.0000 	 -1000.0000 
	 40.1320 	 7.772620e-02 	 166.1237 	  0.9405 	 3.391809e+21 	 1.970145e+19 	 2.318058e-05 	 1.324122e-06 	 -1000.0000 	 -1000.0000 	 -1000.0000 	 -1000.0000 
	 40.3000 	 7.623673e-02 	 165.8017 	  0.9442 	 3.333265e+21 	 1.948376e+19 	 2.297965e-05 	 1.320979e-06 	 -1000.0000 	 -1000.0000 	 -1000.0000 	 -1000.0000 
	 40.4690 	 7.476528e-02 	 165.4718 	  0.9482 	 3.275449e+21 	 1.927055e+19 	 2.275280e-05 	 1.316895e-06 	 -1000.0000 	 -1000.0000 	 -1000.0000 	 -1000.0000 
	 40.6380 	 7.332013e-02 	 165.1356 	  0.9523 	 3.218689e+21 	 1.906317e+19 	 2.250357e-05 	 1.311826e-06 	 -1000.0000 	 -1000.0000 	 -1000.0000 	 -1000.0000 
	 40.8060 	 7.190894e-02 	 164.7945 	  0.9566 	 3.163288e+21 	 1.886286e+19 	 2.223989e-05 	 1.305961e-06 	 -1000.0000 	 -1000.0000 	 -1000.0000 	 -1000.0000 
	 41.3920 	 6.717568e-02 	 163.5461 	  0.9728 	 2.977706e+21 	 1.820667e+19 	 2.134691e-05 	 1.284164e-06 	 -1000.0000 	 -1000.0000 	 -1000.0000 	 -1000.0000 
	 41.5600 	 6.587042e-02 	 163.1673 	  0.9774 	 2.926641e+21 	 1.802406e+19 	 2.114026e-05 	 1.279070e-06 	 -1000.0000 	 -1000.0000 	 -1000.0000 	 -1000.0000 
	 41.7290 	 6.457957e-02 	 162.7745 	  0.9816 	 2.876219e+21 	 1.783783e+19 	 2.097171e-05 	 1.275189e-06 	 -1000.0000 	 -1000.0000 	 -1000.0000 	 -1000.0000 
	 41.8980 	 6.331039e-02 	 162.3685 	  0.9852 	 2.826741e+21 	 1.764621e+19 	 2.084731e-05 	 1.272813e-06 	 -1000.0000 	 -1000.0000 	 -1000.0000 	 -1000.0000 
	 42.0660 	 6.206963e-02 	 161.9503 	  0.9880 	 2.778482e+21 	 1.744755e+19 	 2.076406e-05 	 1.271882e-06 	 -1000.0000 	 -1000.0000 	 -1000.0000 	 -1000.0000 
	 42.6520 	 5.789740e-02 	 160.3672 	  0.9894 	 2.617195e+21 	 1.665891e+19 	 2.059740e-05 	 1.274603e-06 	 -1000.0000 	 -1000.0000 	 -1000.0000 	 -1000.0000 
	 42.8200 	 5.674504e-02 	 159.8870 	  0.9877 	 2.572791e+21 	 1.640893e+19 	 2.052449e-05 	 1.275354e-06 	 -1000.0000 	 -1000.0000 	 -1000.0000 	 -1000.0000 
	 42.9890 	 5.560555e-02 	 159.4006 	  0.9855 	 2.528820e+21 	 1.615265e+19 	 2.040626e-05 	 1.275008e-06 	 -1000.0000 	 -1000.0000 	 -1000.0000 	 -1000.0000 
	 43.1580 	 5.448590e-02 	 158.9158 	  0.9831 	 2.485475e+21 	 1.589507e+19 	 2.022104e-05 	 1.272781e-06 	 -1000.0000 	 -1000.0000 	 -1000.0000 	 -1000.0000 
	 43.3260 	 5.339258e-02 	 158.4404 	  0.9808 	 2.442935e+21 	 1.564119e+19 	 1.995299e-05 	 1.268041e-06 	 -1000.0000 	 -1000.0000 	 -1000.0000 	 -1000.0000 
	 43.8960 	 4.982968e-02 	 156.9358 	  0.9764 	 2.301801e+21 	 1.483619e+19 	 1.832423e-05 	 1.226645e-06 	 -1000.0000 	 -1000.0000 	 -1000.0000 	 -1000.0000 
	 44.0640 	 4.882208e-02 	 156.5357 	  0.9764 	 2.261007e+21 	 1.461833e+19 	 1.762412e-05 	 1.205283e-06 	 -1000.0000 	 -1000.0000 	 -1000.0000 	 -1000.0000 
	 44.2320 	 4.783327e-02 	 156.1584 	  0.9770 	 2.220554e+21 	 1.440761e+19 	 1.683903e-05 	 1.179618e-06 	 -1000.0000 	 -1000.0000 	 -1000.0000 	 -1000.0000 
	 44.4000 	 4.686293e-02 	 155.8055 	  0.9781 	 2.180431e+21 	 1.420292e+19 	 1.599324e-05 	 1.150306e-06 	 -1000.0000 	 -1000.0000 	 -1000.0000 	 -1000.0000 
	 44.5680 	 4.591075e-02 	 155.4784 	  0.9797 	 2.140627e+21 	 1.400315e+19 	 1.511640e-05 	 1.118393e-06 	 -1000.0000 	 -1000.0000 	 -1000.0000 	 -1000.0000 
	 45.1500 	 4.274788e-02 	 154.5585 	  0.9883 	 2.005134e+21 	 1.333788e+19 	 1.220672e-05 	 1.004858e-06 	 -1000.0000 	 -1000.0000 	 -1000.0000 	 -1000.0000 
	 45.3180 	 4.187266e-02 	 154.3435 	  0.9920 	 1.966846e+21 	 1.315656e+19 	 1.147784e-05 	 9.755792e-07 	 -1000.0000 	 -1000.0000 	 -1000.0000 	 -1000.0000 
	 45.4850 	 4.101877e-02 	 154.1424 	  0.9965 	 1.929258e+21 	 1.298451e+19 	 1.081771e-05 	 9.492968e-07 	 -1000.0000 	 -1000.0000 	 -1000.0000 	 -1000.0000 
	 45.6520 	 4.018059e-02 	 153.9483 	  1.0019 	 1.892204e+21 	 1.282263e+19 	 1.021811e-05 	 9.258601e-07 	 -1000.0000 	 -1000.0000 	 -1000.0000 	 -1000.0000 
	 45.8200 	 3.935289e-02 	 153.7545 	  1.0084 	 1.855527e+21 	 1.267205e+19 	 9.666172e-06 	 9.047339e-07 	 -1000.0000 	 -1000.0000 	 -1000.0000 	 -1000.0000 
	 46.3900 	 3.665581e-02 	 153.0387 	  1.0401 	 1.736307e+21 	 1.227392e+19 	 8.014556e-06 	 8.410777e-07 	 -1000.0000 	 -1000.0000 	 -1000.0000 	 -1000.0000 
	 46.5570 	 3.589723e-02 	 152.8027 	  1.0518 	 1.702979e+21 	 1.218751e+19 	 7.559150e-06 	 8.218629e-07 	 -1000.0000 	 -1000.0000 	 -1000.0000 	 -1000.0000 
	 46.7250 	 3.514831e-02 	 152.5526 	  1.0643 	 1.670167e+21 	 1.211015e+19 	 7.104015e-06 	 8.011445e-07 	 -1000.0000 	 -1000.0000 	 -1000.0000 	 -1000.0000 
	 46.8920 	 3.441780e-02 	 152.2913 	  1.0770 	 1.638253e+21 	 1.204028e+19 	 6.653713e-06 	 7.787848e-07 	 -1000.0000 	 -1000.0000 	 -1000.0000 	 -1000.0000 
	 47.0600 	 3.369682e-02 	 152.0154 	  1.0900 	 1.606845e+21 	 1.197455e+19 	 6.204981e-06 	 7.543432e-07 	 -1000.0000 	 -1000.0000 	 -1000.0000 	 -1000.0000 
	 48.8640 	 2.679441e-02 	 148.1993 	  1.1702 	 1.310675e+21 	 1.089241e+19 	 2.438169e-06 	 4.223772e-07 	 -1000.0000 	 -1000.0000 	 -1000.0000 	 -1000.0000 
	 49.0310 	 2.622848e-02 	 147.7765 	  1.1686 	 1.286656e+21 	 1.071914e+19 	 2.212542e-06 	 3.921600e-07 	 -1000.0000 	 -1000.0000 	 -1000.0000 	 -1000.0000 
	 49.1980 	 2.567340e-02 	 147.3525 	  1.1668 	 1.263049e+21 	 1.054351e+19 	 9.439049e-07 	 1.690527e-07 	 -1000.0000 	 -1000.0000 	 -1000.0000 	 -1000.0000 
	 49.3650 	 2.512867e-02 	 146.9318 	  1.1657 	 1.239795e+21 	 1.037134e+19 	 8.480324e-07 	 1.518812e-07 	 -1000.0000 	 -1000.0000 	 -1000.0000 	 -1000.0000 
	 49.5320 	 2.459379e-02 	 146.5188 	  1.1659 	 1.216833e+21 	 1.020844e+19 	 7.654967e-07 	 1.356256e-07 	 -1000.0000 	 -1000.0000 	 -1000.0000 	 -1000.0000 
	 50.1140 	 2.280036e-02 	 145.2017 	  1.1857 	 1.138337e+21 	 9.780426e+18 	 5.568277e-07 	 9.682599e-08 	 -1000.0000 	 -1000.0000 	 -1000.0000 	 -1000.0000 
	 50.2810 	 2.230571e-02 	 144.8761 	  1.1963 	 1.116140e+21 	 9.692871e+18 	 5.158170e-07 	 9.135112e-08 	 -1000.0000 	 -1000.0000 	 -1000.0000 	 -1000.0000 
	 50.4480 	 2.182032e-02 	 144.5814 	  1.2080 	 1.094079e+21 	 9.610682e+18 	 4.827027e-07 	 8.777595e-08 	 -1000.0000 	 -1000.0000 	 -1000.0000 	 -1000.0000 
	 50.6150 	 2.134442e-02 	 144.3217 	  1.2200 	 1.072147e+21 	 9.527740e+18 	 4.572678e-07 	 8.571151e-08 	 -1000.0000 	 -1000.0000 	 -1000.0000 	 -1000.0000 
	 50.7820 	 2.087825e-02 	 144.1010 	  1.2314 	 1.050342e+21 	 9.437923e+18 	 4.392954e-07 	 8.476886e-08 	 -1000.0000 	 -1000.0000 	 -1000.0000 	 -1000.0000 
	 51.3580 	 1.934754e-02 	 143.6945 	  1.2585 	 9.760526e+20 	 9.000903e+18 	 4.309495e-07 	 8.547919e-08 	 -1000.0000 	 -1000.0000 	 -1000.0000 	 -1000.0000 
	 51.5240 	 1.892854e-02 	 143.6925 	  1.2617 	 9.549080e+20 	 8.833166e+18 	 4.420565e-07 	 8.665234e-08 	 -1000.0000 	 -1000.0000 	 -1000.0000 	 -1000.0000 
	 51.6910 	 1.851670e-02 	 143.7474 	  1.2631 	 9.337608e+20 	 8.648740e+18 	 4.581594e-07 	 8.858814e-08 	 -1000.0000 	 -1000.0000 	 -1000.0000 	 -1000.0000 
	 51.8580 	 1.811438e-02 	 143.8622 	  1.2626 	 9.127420e+20 	 8.450650e+18 	 4.785431e-07 	 9.147906e-08 	 -1000.0000 	 -1000.0000 	 -1000.0000 	 -1000.0000 
	 52.0240 	 1.772372e-02 	 144.0382 	  1.2604 	 8.919794e+20 	 8.242248e+18 	 5.023903e-07 	 9.549472e-08 	 -1000.0000 	 -1000.0000 	 -1000.0000 	 -1000.0000 
	 52.5920 	 1.645426e-02 	 145.1234 	  1.2422 	 8.220483e+20 	 7.471479e+18 	 6.134857e-07 	 1.203650e-07 	 -1000.0000 	 -1000.0000 	 -1000.0000 	 -1000.0000 
	 52.7580 	 1.610226e-02 	 145.5554 	  1.2347 	 8.021051e+20 	 7.239754e+18 	 6.723519e-07 	 1.314107e-07 	 -1000.0000 	 -1000.0000 	 -1000.0000 	 -1000.0000 
	 52.9240 	 1.575857e-02 	 146.0172 	  1.2270 	 7.825057e+20 	 7.010442e+18 	 7.568698e-07 	 1.443322e-07 	 -1000.0000 	 -1000.0000 	 -1000.0000 	 -1000.0000 
	 53.0900 	 1.542306e-02 	 146.4960 	  1.2195 	 7.633190e+20 	 6.786530e+18 	 8.749255e-07 	 1.592183e-07 	 -1000.0000 	 -1000.0000 	 -1000.0000 	 -1000.0000 
	 53.2560 	 1.509558e-02 	 146.9791 	  1.2124 	 7.446138e+20 	 6.571004e+18 	 1.034405e-06 	 1.761581e-07 	 -1000.0000 	 -1000.0000 	 -1000.0000 	 -1000.0000 
	 53.8320 	 1.401914e-02 	 148.5127 	  1.1964 	 6.843197e+20 	 5.924972e+18 	 1.984202e-06 	 2.508393e-07 	 -1000.0000 	 -1000.0000 	 -1000.0000 	 -1000.0000 
	 53.9980 	 1.372524e-02 	 148.8709 	  1.1945 	 6.683785e+20 	 5.770503e+18 	 2.338982e-06 	 2.750037e-07 	 -1000.0000 	 -1000.0000 	 -1000.0000 	 -1000.0000 
	 54.1640 	 1.343811e-02 	 149.1753 	  1.1935 	 6.530774e+20 	 5.628497e+18 	 2.696597e-06 	 2.988265e-07 	 -1000.0000 	 -1000.0000 	 -1000.0000 	 -1000.0000 
	 54.3300 	 1.315747e-02 	 149.4170 	  1.1931 	 6.384128e+20 	 5.497855e+18 	 3.037693e-06 	 3.214361e-07 	 -1000.0000 	 -1000.0000 	 -1000.0000 	 -1000.0000 
	 54.4960 	 1.288302e-02 	 149.5873 	  1.1933 	 6.243809e+20 	 5.377476e+18 	 3.342913e-06 	 3.419608e-07 	 -1000.0000 	 -1000.0000 	 -1000.0000 	 -1000.0000 
	 55.0660 	 1.198401e-02 	 149.5437 	  1.1957 	 5.808580e+20 	 5.026770e+18 	 3.890162e-06 	 3.861854e-07 	 -1000.0000 	 -1000.0000 	 -1000.0000 	 -1000.0000 
	 55.2320 	 1.173410e-02 	 149.3811 	  1.1965 	 5.693348e+20 	 4.937890e+18 	 3.896554e-06 	 3.908677e-07 	 -1000.0000 	 -1000.0000 	 -1000.0000 	 -1000.0000 
	 55.3970 	 1.149081e-02 	 149.1862 	  1.1973 	 5.582516e+20 	 4.853083e+18 	 3.851024e-06 	 3.924335e-07 	 -1000.0000 	 -1000.0000 	 -1000.0000 	 -1000.0000 
	 55.5620 	 1.125253e-02 	 148.9777 	  1.1980 	 5.474557e+20 	 4.770486e+18 	 3.763879e-06 	 3.912806e-07 	 -1000.0000 	 -1000.0000 	 -1000.0000 	 -1000.0000 
	 55.7280 	 1.101775e-02 	 148.7740 	  1.1986 	 5.368015e+20 	 4.688288e+18 	 3.644415e-06 	 3.877405e-07 	 -1000.0000 	 -1000.0000 	 -1000.0000 	 -1000.0000 
	 56.3060 	 1.023745e-02 	 148.3653 	  1.1994 	 5.002713e+20 	 4.392036e+18 	 3.117824e-06 	 3.620958e-07 	 -1000.0000 	 -1000.0000 	 -1000.0000 	 -1000.0000 
	 56.4710 	 1.002488e-02 	 148.3604 	  1.1990 	 4.899058e+20 	 4.302766e+18 	 2.963046e-06 	 3.526390e-07 	 -1000.0000 	 -1000.0000 	 -1000.0000 	 -1000.0000 
	 56.6370 	 9.815399e-03 	 148.4016 	  1.1982 	 4.795307e+20 	 4.211068e+18 	 2.813232e-06 	 3.429625e-07 	 -1000.0000 	 -1000.0000 	 -1000.0000 	 -1000.0000 
	 56.8020 	 9.611419e-03 	 148.4851 	  1.1969 	 4.692886e+20 	 4.118224e+18 	 2.674236e-06 	 3.336168e-07 	 -1000.0000 	 -1000.0000 	 -1000.0000 	 -1000.0000 
	 56.9680 	 9.410366e-03 	 148.6090 	  1.1950 	 4.590730e+20 	 4.023289e+18 	 2.548453e-06 	 3.249262e-07 	 -1000.0000 	 -1000.0000 	 -1000.0000 	 -1000.0000 
	 57.5300 	 8.759486e-03 	 149.2816 	  1.1834 	 4.253774e+20 	 3.693275e+18 	 2.273700e-06 	 3.059350e-07 	 -1000.0000 	 -1000.0000 	 -1000.0000 	 -1000.0000 
	 57.6950 	 8.577040e-03 	 149.5389 	  1.1785 	 4.158055e+20 	 3.595250e+18 	 2.238722e-06 	 3.038437e-07 	 -1000.0000 	 -1000.0000 	 -1000.0000 	 -1000.0000 
	 57.8600 	 8.398571e-03 	 149.8160 	  1.1731 	 4.064039e+20 	 3.497532e+18 	 2.221071e-06 	 3.031706e-07 	 -1000.0000 	 -1000.0000 	 -1000.0000 	 -1000.0000 
	 58.0250 	 8.224112e-03 	 150.1090 	  1.1671 	 3.971861e+20 	 3.400584e+18 	 2.218642e-06 	 3.038064e-07 	 -1000.0000 	 -1000.0000 	 -1000.0000 	 -1000.0000 
	 58.1900 	 8.053694e-03 	 150.4139 	  1.1607 	 3.881656e+20 	 3.304873e+18 	 2.229333e-06 	 3.056418e-07 	 -1000.0000 	 -1000.0000 	 -1000.0000 	 -1000.0000 
	 58.7600 	 7.496273e-03 	 151.5055 	  1.1363 	 3.586843e+20 	 2.989615e+18 	 2.339779e-06 	 3.196678e-07 	 -1000.0000 	 -1000.0000 	 -1000.0000 	 -1000.0000 
	 58.9250 	 7.343646e-03 	 151.8240 	  1.1286 	 3.506422e+20 	 2.903541e+18 	 2.388095e-06 	 3.254806e-07 	 -1000.0000 	 -1000.0000 	 -1000.0000 	 -1000.0000 
	 59.0900 	 7.194661e-03 	 152.1420 	  1.1208 	 3.428096e+20 	 2.819800e+18 	 2.442547e-06 	 3.318599e-07 	 -1000.0000 	 -1000.0000 	 -1000.0000 	 -1000.0000 
	 59.2550 	 7.049159e-03 	 152.4585 	  1.1127 	 3.351795e+20 	 2.738376e+18 	 2.502528e-06 	 3.386841e-07 	 -1000.0000 	 -1000.0000 	 -1000.0000 	 -1000.0000 
	 59.4200 	 6.906981e-03 	 152.7729 	  1.1045 	 3.277448e+20 	 2.659253e+18 	 2.567431e-06 	 3.458316e-07 	 -1000.0000 	 -1000.0000 	 -1000.0000 	 -1000.0000 
	 59.9940 	 6.436116e-03 	 153.8317 	  1.0750 	 3.033179e+20 	 2.402032e+18 	 2.820685e-06 	 3.714927e-07 	 -1000.0000 	 -1000.0000 	 -1000.0000 	 -1000.0000 
	 60.1580 	 6.307938e-03 	 154.1097 	  1.0667 	 2.967453e+20 	 2.334197e+18 	 2.894412e-06 	 3.785733e-07 	 -1000.0000 	 -1000.0000 	 -1000.0000 	 -1000.0000 
	 60.3230 	 6.181705e-03 	 154.3685 	  1.0587 	 2.903205e+20 	 2.268881e+18 	 2.965142e-06 	 3.853742e-07 	 -1000.0000 	 -1000.0000 	 -1000.0000 	 -1000.0000 
	 60.4880 	 6.058145e-03 	 154.6009 	  1.0512 	 2.840879e+20 	 2.206733e+18 	 3.030120e-06 	 3.917362e-07 	 -1000.0000 	 -1000.0000 	 -1000.0000 	 -1000.0000 
	 60.6520 	 5.937919e-03 	 154.8001 	  1.0444 	 2.780868e+20 	 2.148326e+18 	 3.086731e-06 	 3.975105e-07 	 -1000.0000 	 -1000.0000 	 -1000.0000 	 -1000.0000 
	 61.2140 	 5.544594e-03 	 155.1777 	  1.0277 	 2.590161e+20 	 1.975850e+18 	 3.190788e-06 	 4.115260e-07 	 -1000.0000 	 -1000.0000 	 -1000.0000 	 -1000.0000 
	 61.3780 	 5.434988e-03 	 155.1948 	  1.0247 	 2.538665e+20 	 1.933020e+18 	 3.188268e-06 	 4.133634e-07 	 -1000.0000 	 -1000.0000 	 -1000.0000 	 -1000.0000 
	 61.5430 	 5.326938e-03 	 155.1728 	  1.0222 	 2.488559e+20 	 1.892677e+18 	 3.168380e-06 	 4.138938e-07 	 -1000.0000 	 -1000.0000 	 -1000.0000 	 -1000.0000 
	 61.7080 	 5.221044e-03 	 155.1134 	  1.0201 	 2.440052e+20 	 1.854693e+18 	 3.129808e-06 	 4.129383e-07 	 -1000.0000 	 -1000.0000 	 -1000.0000 	 -1000.0000 
	 61.8720 	 5.117856e-03 	 155.0192 	  1.0184 	 2.393315e+20 	 1.818887e+18 	 3.071690e-06 	 4.103538e-07 	 -1000.0000 	 -1000.0000 	 -1000.0000 	 -1000.0000 
	 62.4480 	 4.770717e-03 	 154.4456 	  1.0126 	 2.239254e+20 	 1.703332e+18 	 2.700931e-06 	 3.866267e-07 	 -1000.0000 	 -1000.0000 	 -1000.0000 	 -1000.0000 
	 62.6120 	 4.676027e-03 	 154.2300 	  1.0110 	 2.197851e+20 	 1.672625e+18 	 2.557029e-06 	 3.761360e-07 	 -1000.0000 	 -1000.0000 	 -1000.0000 	 -1000.0000 
	 62.7760 	 4.583115e-03 	 154.0011 	  1.0096 	 2.157367e+20 	 1.642836e+18 	 2.404319e-06 	 3.645026e-07 	 -1000.0000 	 -1000.0000 	 -1000.0000 	 -1000.0000 
	 62.9400 	 4.491950e-03 	 153.7645 	  1.0084 	 2.117710e+20 	 1.613950e+18 	 2.247490e-06 	 3.520241e-07 	 -1000.0000 	 -1000.0000 	 -1000.0000 	 -1000.0000 
	 63.1040 	 4.402500e-03 	 153.5259 	  1.0076 	 2.078787e+20 	 1.585954e+18 	 2.091234e-06 	 3.389977e-07 	 -1000.0000 	 -1000.0000 	 -1000.0000 	 -1000.0000 
	 63.6620 	 4.110566e-03 	 152.7626 	  1.0084 	 1.950754e+20 	 1.497008e+18 	 1.620362e-06 	 2.943728e-07 	 -1000.0000 	 -1000.0000 	 -1000.0000 	 -1000.0000 
	 63.8250 	 4.028770e-03 	 152.5562 	  1.0095 	 1.914538e+20 	 1.472537e+18 	 1.506939e-06 	 2.820414e-07 	 -1000.0000 	 -1000.0000 	 -1000.0000 	 -1000.0000 
	 63.9890 	 3.947991e-03 	 152.3517 	  1.0106 	 1.878670e+20 	 1.448381e+18 	 1.403384e-06 	 2.702124e-07 	 -1000.0000 	 -1000.0000 	 -1000.0000 	 -1000.0000 
	 64.1520 	 3.869178e-03 	 152.1489 	  1.0116 	 1.843607e+20 	 1.424705e+18 	 1.310540e-06 	 2.591657e-07 	 -1000.0000 	 -1000.0000 	 -1000.0000 	 -1000.0000 
	 64.3160 	 3.791325e-03 	 151.9426 	  1.0125 	 1.808940e+20 	 1.401090e+18 	 1.226844e-06 	 2.489027e-07 	 -1000.0000 	 -1000.0000 	 -1000.0000 	 -1000.0000 
	 64.8920 	 3.528839e-03 	 151.1651 	  1.0119 	 1.692281e+20 	 1.318312e+18 	 1.003460e-06 	 2.213322e-07 	 -1000.0000 	 -1000.0000 	 -1000.0000 	 -1000.0000 
	 65.0560 	 3.457131e-03 	 150.9254 	  1.0109 	 1.660518e+20 	 1.295004e+18 	 9.573299e-07 	 2.159318e-07 	 -1000.0000 	 -1000.0000 	 -1000.0000 	 -1000.0000 
	 65.2190 	 3.387172e-03 	 150.6801 	  1.0100 	 1.629565e+20 	 1.272265e+18 	 9.177564e-07 	 2.115020e-07 	 -1000.0000 	 -1000.0000 	 -1000.0000 	 -1000.0000 
	 65.3830 	 3.318092e-03 	 150.4269 	  1.0093 	 1.599025e+20 	 1.249997e+18 	 8.834748e-07 	 2.079039e-07 	 -1000.0000 	 -1000.0000 	 -1000.0000 	 -1000.0000 
	 65.5460 	 3.250726e-03 	 150.1695 	  1.0090 	 1.569258e+20 	 1.228654e+18 	 8.541303e-07 	 2.050976e-07 	 -1000.0000 	 -1000.0000 	 -1000.0000 	 -1000.0000 
	 66.1120 	 3.026656e-03 	 149.2395 	  1.0141 	 1.470239e+20 	 1.162826e+18 	 7.787129e-07 	 2.001920e-07 	 -1000.0000 	 -1000.0000 	 -1000.0000 	 -1000.0000 
	 66.2760 	 2.964515e-03 	 148.9609 	  1.0174 	 1.442756e+20 	 1.146202e+18 	 7.627900e-07 	 1.999424e-07 	 -1000.0000 	 -1000.0000 	 -1000.0000 	 -1000.0000 
	 66.4390 	 2.903948e-03 	 148.6802 	  1.0213 	 1.415955e+20 	 1.130594e+18 	 7.492195e-07 	 2.001439e-07 	 -1000.0000 	 -1000.0000 	 -1000.0000 	 -1000.0000 
	 66.6030 	 2.844187e-03 	 148.3941 	  1.0259 	 1.389497e+20 	 1.115702e+18 	 7.376442e-07 	 2.007607e-07 	 -1000.0000 	 -1000.0000 	 -1000.0000 	 -1000.0000 
	 66.7660 	 2.785937e-03 	 148.1060 	  1.0308 	 1.363691e+20 	 1.101603e+18 	 7.280157e-07 	 2.017473e-07 	 -1000.0000 	 -1000.0000 	 -1000.0000 	 -1000.0000 
	 68.5200 	 2.224844e-03 	 144.8082 	  1.0850 	 1.113769e+20 	 9.655886e+17 	 6.922544e-07 	 2.258010e-07 	 -1000.0000 	 -1000.0000 	 -1000.0000 	 -1000.0000 
	 68.6820 	 2.178515e-03 	 144.4899 	  1.0878 	 1.092960e+20 	 9.521255e+17 	 6.909959e-07 	 2.283944e-07 	 -1000.0000 	 -1000.0000 	 -1000.0000 	 -1000.0000 
	 68.8450 	 2.132763e-03 	 144.1695 	  1.0898 	 1.072369e+20 	 9.382242e+17 	 6.896742e-07 	 2.309663e-07 	 -1000.0000 	 -1000.0000 	 -1000.0000 	 -1000.0000 
	 69.0080 	 2.087864e-03 	 143.8497 	  1.0911 	 1.052115e+20 	 9.239615e+17 	 6.882680e-07 	 2.334864e-07 	 -1000.0000 	 -1000.0000 	 -1000.0000 	 -1000.0000 
	 69.1700 	 2.044074e-03 	 143.5333 	  1.0916 	 1.032310e+20 	 9.094230e+17 	 6.867584e-07 	 2.359261e-07 	 -1000.0000 	 -1000.0000 	 -1000.0000 	 -1000.0000 
	 70.9340 	 1.617615e-03 	 140.3968 	  1.0312 	 8.352697e+19 	 7.266107e+17 	 6.553335e-07 	 2.545505e-07 	 -1000.0000 	 -1000.0000 	 -1000.0000 	 -1000.0000 
	 71.0960 	 1.582789e-03 	 140.1552 	  1.0203 	 8.186964e+19 	 7.082726e+17 	 6.505686e-07 	 2.552957e-07 	 -1000.0000 	 -1000.0000 	 -1000.0000 	 -1000.0000 
	 71.2580 	 1.548664e-03 	 139.9232 	  1.0098 	 8.023719e+19 	 6.903611e+17 	 6.455525e-07 	 2.559161e-07 	 -1000.0000 	 -1000.0000 	 -1000.0000 	 -1000.0000 
	 71.4200 	 1.515237e-03 	 139.7009 	  1.0004 	 7.862995e+19 	 6.731565e+17 	 6.403317e-07 	 2.564367e-07 	 -1000.0000 	 -1000.0000 	 -1000.0000 	 -1000.0000 
	 71.5820 	 1.482504e-03 	 139.4883 	  0.9927 	 7.704826e+19 	 6.569386e+17 	 6.349527e-07 	 2.568825e-07 	 -1000.0000 	 -1000.0000 	 -1000.0000 	 -1000.0000 
	 72.1340 	 1.376124e-03 	 138.8372 	  0.9861 	 7.185446e+19 	 6.121634e+17 	 6.160220e-07 	 2.581526e-07 	 -1000.0000 	 -1000.0000 	 -1000.0000 	 -1000.0000 
	 72.2960 	 1.346356e-03 	 138.6645 	  0.9896 	 7.038766e+19 	 6.019353e+17 	 6.103937e-07 	 2.585044e-07 	 -1000.0000 	 -1000.0000 	 -1000.0000 	 -1000.0000 
	 72.4580 	 1.317209e-03 	 138.4978 	  0.9947 	 6.894661e+19 	 5.926011e+17 	 6.047577e-07 	 2.588573e-07 	 -1000.0000 	 -1000.0000 	 -1000.0000 	 -1000.0000 
	 72.6200 	 1.288658e-03 	 138.3356 	  1.0009 	 6.753109e+19 	 5.839052e+17 	 5.991266e-07 	 2.592167e-07 	 -1000.0000 	 -1000.0000 	 -1000.0000 	 -1000.0000 
	 72.7820 	 1.260680e-03 	 138.1766 	  1.0077 	 6.614091e+19 	 5.755919e+17 	 5.935131e-07 	 2.595876e-07 	 -1000.0000 	 -1000.0000 	 -1000.0000 	 -1000.0000 
	 73.3480 	 1.167140e-03 	 137.6228 	  1.0290 	 6.148192e+19 	 5.463636e+17 	 5.742315e-07 	 2.610530e-07 	 -1000.0000 	 -1000.0000 	 -1000.0000 	 -1000.0000 
	 73.5090 	 1.141691e-03 	 137.4543 	  1.0341 	 6.021588e+19 	 5.378335e+17 	 5.689082e-07 	 2.615446e-07 	 -1000.0000 	 -1000.0000 	 -1000.0000 	 -1000.0000 
	 73.6710 	 1.116602e-03 	 137.2728 	  1.0391 	 5.897088e+19 	 5.293363e+17 	 5.636589e-07 	 2.620860e-07 	 -1000.0000 	 -1000.0000 	 -1000.0000 	 -1000.0000 
	 73.8320 	 1.092185e-03 	 137.0767 	  1.0441 	 5.776367e+19 	 5.210904e+17 	 5.585672e-07 	 2.626781e-07 	 -1000.0000 	 -1000.0000 	 -1000.0000 	 -1000.0000 
	 73.9940 	 1.068138e-03 	 136.8599 	  1.0494 	 5.658063e+19 	 5.131073e+17 	 5.535892e-07 	 2.633355e-07 	 -1000.0000 	 -1000.0000 	 -1000.0000 	 -1000.0000 
	 74.5480 	 9.898356e-04 	 135.9291 	  1.0723 	 5.278779e+19 	 4.894767e+17 	 5.378992e-07 	 2.661445e-07 	 -1000.0000 	 -1000.0000 	 -1000.0000 	 -1000.0000 
	 74.7100 	 9.680417e-04 	 135.6086 	  1.0805 	 5.174695e+19 	 4.836017e+17 	 5.337225e-07 	 2.671439e-07 	 -1000.0000 	 -1000.0000 	 -1000.0000 	 -1000.0000 
	 74.8710 	 9.468410e-04 	 135.2777 	  1.0890 	 5.073745e+19 	 4.780727e+17 	 5.297502e-07 	 2.682189e-07 	 -1000.0000 	 -1000.0000 	 -1000.0000 	 -1000.0000 
	 75.0330 	 9.259494e-04 	 134.9379 	  1.0979 	 4.974344e+19 	 4.727275e+17 	 5.259290e-07 	 2.693837e-07 	 -1000.0000 	 -1000.0000 	 -1000.0000 	 -1000.0000 
	 75.1940 	 9.056041e-04 	 134.5990 	  1.1070 	 4.877389e+19 	 4.675397e+17 	 5.223018e-07 	 2.706247e-07 	 -1000.0000 	 -1000.0000 	 -1000.0000 	 -1000.0000 
	 75.7620 	 8.368763e-04 	 133.4717 	  1.1389 	 4.545438e+19 	 4.489385e+17 	 5.108260e-07 	 2.756925e-07 	 -1000.0000 	 -1000.0000 	 -1000.0000 	 -1000.0000 
	 75.9230 	 8.182227e-04 	 133.1914 	  1.1475 	 4.453454e+19 	 4.433190e+17 	 5.079698e-07 	 2.773521e-07 	 -1000.0000 	 -1000.0000 	 -1000.0000 	 -1000.0000 
	 76.0840 	 7.999325e-04 	 132.9362 	  1.1556 	 4.362247e+19 	 4.374657e+17 	 5.053099e-07 	 2.791296e-07 	 -1000.0000 	 -1000.0000 	 -1000.0000 	 -1000.0000 
	 76.2450 	 7.820052e-04 	 132.7104 	  1.1630 	 4.271742e+19 	 4.313372e+17 	 5.028587e-07 	 2.810358e-07 	 -1000.0000 	 -1000.0000 	 -1000.0000 	 -1000.0000 
	 76.4060 	 7.644406e-04 	 132.5181 	  1.1698 	 4.181866e+19 	 4.248919e+17 	 5.006283e-07 	 2.830816e-07 	 -1000.0000 	 -1000.0000 	 -1000.0000 	 -1000.0000 
	 76.9720 	 7.055657e-04 	 132.1654 	  1.1863 	 3.870025e+19 	 3.992253e+17 	 4.946431e-07 	 2.914958e-07 	 -1000.0000 	 -1000.0000 	 -1000.0000 	 -1000.0000 
	 77.1330 	 6.896363e-04 	 132.1668 	  1.1888 	 3.782559e+19 	 3.911015e+17 	 4.933855e-07 	 2.942014e-07 	 -1000.0000 	 -1000.0000 	 -1000.0000 	 -1000.0000 
	 77.2940 	 6.740694e-04 	 132.2155 	  1.1904 	 3.695777e+19 	 3.826873e+17 	 4.922494e-07 	 2.970062e-07 	 -1000.0000 	 -1000.0000 	 -1000.0000 	 -1000.0000 
	 77.4550 	 6.588654e-04 	 132.3123 	  1.1912 	 3.609758e+19 	 3.740264e+17 	 4.911915e-07 	 2.998877e-07 	 -1000.0000 	 -1000.0000 	 -1000.0000 	 -1000.0000 
	 77.6160 	 6.440246e-04 	 132.4584 	  1.1912 	 3.524585e+19 	 3.651625e+17 	 4.901683e-07 	 3.028232e-07 	 -1000.0000 	 -1000.0000 	 -1000.0000 	 -1000.0000 
	 78.1660 	 5.960557e-04 	 133.3291 	  1.1862 	 3.241218e+19 	 3.339648e+17 	 4.864189e-07 	 3.129877e-07 	 -1000.0000 	 -1000.0000 	 -1000.0000 	 -1000.0000 
	 78.3260 	 5.828709e-04 	 133.6698 	  1.1835 	 3.161550e+19 	 3.248294e+17 	 4.852126e-07 	 3.159589e-07 	 -1000.0000 	 -1000.0000 	 -1000.0000 	 -1000.0000 
	 78.4870 	 5.699366e-04 	 134.0363 	  1.1803 	 3.082964e+19 	 3.157132e+17 	 4.839639e-07 	 3.189615e-07 	 -1000.0000 	 -1000.0000 	 -1000.0000 	 -1000.0000 
	 78.6480 	 5.573262e-04 	 134.4170 	  1.1768 	 3.006148e+19 	 3.067317e+17 	 4.826917e-07 	 3.219817e-07 	 -1000.0000 	 -1000.0000 	 -1000.0000 	 -1000.0000 
	 78.8080 	 5.451053e-04 	 134.8002 	  1.1731 	 2.931741e+19 	 2.979968e+17 	 4.814158e-07 	 3.250050e-07 	 -1000.0000 	 -1000.0000 	 -1000.0000 	 -1000.0000 
	 79.3660 	 5.047709e-04 	 136.0506 	  1.1590 	 2.689570e+19 	 2.697613e+17 	 4.770293e-07 	 3.357807e-07 	 -1000.0000 	 -1000.0000 	 -1000.0000 	 -1000.0000 
	 79.5260 	 4.938219e-04 	 136.3617 	  1.1550 	 2.625250e+19 	 2.623951e+17 	 4.758181e-07 	 3.389515e-07 	 -1000.0000 	 -1000.0000 	 -1000.0000 	 -1000.0000 
	 79.6870 	 4.830643e-04 	 136.6474 	  1.1511 	 2.562730e+19 	 2.553114e+17 	 4.746277e-07 	 3.421839e-07 	 -1000.0000 	 -1000.0000 	 -1000.0000 	 -1000.0000 
	 79.8480 	 4.725580e-04 	 136.9026 	  1.1474 	 2.502356e+19 	 2.485551e+17 	 4.734695e-07 	 3.454612e-07 	 -1000.0000 	 -1000.0000 	 -1000.0000 	 -1000.0000 
	 80.0080 	 4.623564e-04 	 137.1231 	  1.1439 	 2.444418e+19 	 2.421629e+17 	 4.723543e-07 	 3.487654e-07 	 -1000.0000 	 -1000.0000 	 -1000.0000 	 -1000.0000 
	 80.5600 	 4.288688e-04 	 137.6021 	  1.1351 	 2.259307e+19 	 2.225055e+17 	 4.688281e-07 	 3.605651e-07 	 -1000.0000 	 -1000.0000 	 -1000.0000 	 -1000.0000 
	 80.7200 	 4.196308e-04 	 137.6720 	  1.1334 	 2.209461e+19 	 2.174241e+17 	 4.679075e-07 	 3.641100e-07 	 -1000.0000 	 -1000.0000 	 -1000.0000 	 -1000.0000 
	 80.8800 	 4.105947e-04 	 137.7237 	  1.1321 	 2.161053e+19 	 2.125650e+17 	 4.670343e-07 	 3.677140e-07 	 -1000.0000 	 -1000.0000 	 -1000.0000 	 -1000.0000 
	 81.0400 	 4.017559e-04 	 137.7644 	  1.1311 	 2.113929e+19 	 2.078972e+17 	 4.662095e-07 	 3.713789e-07 	 -1000.0000 	 -1000.0000 	 -1000.0000 	 -1000.0000 
	 81.2000 	 3.931097e-04 	 137.8016 	  1.1305 	 2.067937e+19 	 2.033895e+17 	 4.654340e-07 	 3.751062e-07 	 -1000.0000 	 -1000.0000 	 -1000.0000 	 -1000.0000 
	 81.7600 	 3.643036e-04 	 137.9984 	  1.1304 	 1.913886e+19 	 1.884661e+17 	 4.631342e-07 	 3.886830e-07 	 -1000.0000 	 -1000.0000 	 -1000.0000 	 -1000.0000 
	 81.9200 	 3.564782e-04 	 138.0818 	  1.1309 	 1.871658e+19 	 1.843940e+17 	 4.626237e-07 	 3.927474e-07 	 -1000.0000 	 -1000.0000 	 -1000.0000 	 -1000.0000 
	 82.0800 	 3.488303e-04 	 138.1747 	  1.1315 	 1.830265e+19 	 1.804059e+17 	 4.621981e-07 	 3.969168e-07 	 -1000.0000 	 -1000.0000 	 -1000.0000 	 -1000.0000 
	 82.2400 	 3.413586e-04 	 138.2750 	  1.1322 	 1.789739e+19 	 1.765025e+17 	 4.618682e-07 	 4.012038e-07 	 -1000.0000 	 -1000.0000 	 -1000.0000 	 -1000.0000 
	 82.4000 	 3.340619e-04 	 138.3810 	  1.1329 	 1.750108e+19 	 1.726842e+17 	 4.616453e-07 	 4.056214e-07 	 -1000.0000 	 -1000.0000 	 -1000.0000 	 -1000.0000 
	 82.9440 	 3.105369e-04 	 138.7582 	  1.1354 	 1.622393e+19 	 1.603445e+17 	 4.617970e-07 	 4.217540e-07 	 -1000.0000 	 -1000.0000 	 -1000.0000 	 -1000.0000 
	 83.1040 	 3.039746e-04 	 138.8660 	  1.1361 	 1.586883e+19 	 1.569018e+17 	 4.620825e-07 	 4.268143e-07 	 -1000.0000 	 -1000.0000 	 -1000.0000 	 -1000.0000 
	 83.2630 	 2.976001e-04 	 138.9678 	  1.1366 	 1.552474e+19 	 1.535622e+17 	 4.624434e-07 	 4.319625e-07 	 -1000.0000 	 -1000.0000 	 -1000.0000 	 -1000.0000 
	 83.4220 	 2.913644e-04 	 139.0621 	  1.1371 	 1.518917e+19 	 1.503026e+17 	 4.628629e-07 	 4.372164e-07 	 -1000.0000 	 -1000.0000 	 -1000.0000 	 -1000.0000 
	 83.5820 	 2.852215e-04 	 139.1472 	  1.1375 	 1.485982e+19 	 1.471019e+17 	 4.633257e-07 	 4.425967e-07 	 -1000.0000 	 -1000.0000 	 -1000.0000 	 -1000.0000 
	 84.1440 	 2.645903e-04 	 139.3414 	  1.1381 	 1.376547e+19 	 1.364747e+17 	 4.650467e-07 	 4.620751e-07 	 -1000.0000 	 -1000.0000 	 -1000.0000 	 -1000.0000 
	 84.3040 	 2.589732e-04 	 139.3654 	  1.1382 	 1.347088e+19 	 1.336271e+17 	 4.655641e-07 	 4.677942e-07 	 -1000.0000 	 -1000.0000 	 -1000.0000 	 -1000.0000 
	 84.4630 	 2.535043e-04 	 139.3771 	  1.1384 	 1.318530e+19 	 1.308789e+17 	 4.661130e-07 	 4.735764e-07 	 -1000.0000 	 -1000.0000 	 -1000.0000 	 -1000.0000 
	 84.6220 	 2.481486e-04 	 139.3779 	  1.1387 	 1.290672e+19 	 1.282144e+17 	 4.667099e-07 	 4.794702e-07 	 -1000.0000 	 -1000.0000 	 -1000.0000 	 -1000.0000 
	 84.7820 	 2.428739e-04 	 139.3685 	  1.1393 	 1.263330e+19 	 1.256196e+17 	 4.673726e-07 	 4.855271e-07 	 -1000.0000 	 -1000.0000 	 -1000.0000 	 -1000.0000 
	 85.3380 	 2.254406e-04 	 139.2707 	  1.1441 	 1.173486e+19 	 1.172965e+17 	 4.703358e-07 	 5.077371e-07 	 -1000.0000 	 -1000.0000 	 -1000.0000 	 -1000.0000 
	 85.4970 	 2.207027e-04 	 139.2264 	  1.1463 	 1.149186e+19 	 1.151026e+17 	 4.713944e-07 	 5.144547e-07 	 -1000.0000 	 -1000.0000 	 -1000.0000 	 -1000.0000 
	 85.6560 	 2.160679e-04 	 139.1754 	  1.1487 	 1.125462e+19 	 1.129804e+17 	 4.725476e-07 	 5.213445e-07 	 -1000.0000 	 -1000.0000 	 -1000.0000 	 -1000.0000 
	 85.8150 	 2.115324e-04 	 139.1179 	  1.1514 	 1.102290e+19 	 1.109234e+17 	 4.737952e-07 	 5.284113e-07 	 -1000.0000 	 -1000.0000 	 -1000.0000 	 -1000.0000 
	 85.9740 	 2.070924e-04 	 139.0542 	  1.1542 	 1.079646e+19 	 1.089253e+17 	 4.751370e-07 	 5.356600e-07 	 -1000.0000 	 -1000.0000 	 -1000.0000 	 -1000.0000 
	 86.5220 	 1.924696e-04 	 138.7886 	  1.1650 	 1.005342e+19 	 1.024076e+17 	 4.804870e-07 	 5.621094e-07 	 -1000.0000 	 -1000.0000 	 -1000.0000 	 -1000.0000 
	 86.6800 	 1.884400e-04 	 138.6970 	  1.1683 	 9.849480e+18 	 1.006226e+17 	 4.822480e-07 	 5.701883e-07 	 -1000.0000 	 -1000.0000 	 -1000.0000 	 -1000.0000 
	 86.8390 	 1.844668e-04 	 138.5963 	  1.1716 	 9.648829e+18 	 9.886725e+16 	 4.841264e-07 	 5.785402e-07 	 -1000.0000 	 -1000.0000 	 -1000.0000 	 -1000.0000 
	 86.9970 	 1.805986e-04 	 138.4869 	  1.1748 	 9.453961e+18 	 9.716299e+16 	 4.861026e-07 	 5.870697e-07 	 -1000.0000 	 -1000.0000 	 -1000.0000 	 -1000.0000 
	 87.1560 	 1.767854e-04 	 138.3665 	  1.1781 	 9.262376e+18 	 9.548761e+16 	 4.882059e-07 	 5.958943e-07 	 -1000.0000 	 -1000.0000 	 -1000.0000 	 -1000.0000 
	 87.7120 	 1.640575e-04 	 137.8537 	  1.1893 	 8.627328e+18 	 8.993260e+16 	 4.965144e-07 	 6.287848e-07 	 -1000.0000 	 -1000.0000 	 -1000.0000 	 -1000.0000 
	 87.8700 	 1.606049e-04 	 137.6839 	  1.1925 	 8.456155e+18 	 8.843768e+16 	 4.991432e-07 	 6.387313e-07 	 -1000.0000 	 -1000.0000 	 -1000.0000 	 -1000.0000 
	 88.0290 	 1.571997e-04 	 137.5049 	  1.1958 	 8.287633e+18 	 8.696964e+16 	 5.019009e-07 	 6.490144e-07 	 -1000.0000 	 -1000.0000 	 -1000.0000 	 -1000.0000 
	 88.1880 	 1.538613e-04 	 137.3193 	  1.1993 	 8.122624e+18 	 8.553748e+16 	 5.047671e-07 	 6.595749e-07 	 -1000.0000 	 -1000.0000 	 -1000.0000 	 -1000.0000 
	 88.3460 	 1.506080e-04 	 137.1298 	  1.2029 	 7.961897e+18 	 8.414931e+16 	 5.077183e-07 	 6.703465e-07 	 -1000.0000 	 -1000.0000 	 -1000.0000 	 -1000.0000 
	 88.8960 	 1.397510e-04 	 136.4521 	  1.2180 	 7.424633e+18 	 7.957612e+16 	 5.187577e-07 	 7.100719e-07 	 -1000.0000 	 -1000.0000 	 -1000.0000 	 -1000.0000 
	 89.0540 	 1.367641e-04 	 136.2583 	  1.2229 	 7.276254e+18 	 7.832551e+16 	 5.221762e-07 	 7.221945e-07 	 -1000.0000 	 -1000.0000 	 -1000.0000 	 -1000.0000 
	 89.2120 	 1.338373e-04 	 136.0678 	  1.2278 	 7.130496e+18 	 7.709547e+16 	 5.257297e-07 	 7.346823e-07 	 -1000.0000 	 -1000.0000 	 -1000.0000 	 -1000.0000 
	 89.3700 	 1.309711e-04 	 135.8818 	  1.2328 	 6.987347e+18 	 7.588171e+16 	 5.294324e-07 	 7.475627e-07 	 -1000.0000 	 -1000.0000 	 -1000.0000 	 -1000.0000 
	 89.5280 	 1.281663e-04 	 135.7020 	  1.2378 	 6.846793e+18 	 7.467993e+16 	 5.332987e-07 	 7.608629e-07 	 -1000.0000 	 -1000.0000 	 -1000.0000 	 -1000.0000 
	 90.0800 	 1.188536e-04 	 135.1404 	  1.2534 	 6.375800e+18 	 7.051974e+16 	 5.482535e-07 	 8.109616e-07 	 -1000.0000 	 -1000.0000 	 -1000.0000 	 -1000.0000 
	 90.2380 	 1.163207e-04 	 134.9997 	  1.2573 	 6.246439e+18 	 6.933365e+16 	 5.529319e-07 	 8.263539e-07 	 -1000.0000 	 -1000.0000 	 -1000.0000 	 -1000.0000 
	 90.3950 	 1.138569e-04 	 134.8678 	  1.2609 	 6.120109e+18 	 6.815764e+16 	 5.577275e-07 	 8.420898e-07 	 -1000.0000 	 -1000.0000 	 -1000.0000 	 -1000.0000 
	 90.5520 	 1.114427e-04 	 134.7430 	  1.2643 	 5.995873e+18 	 6.698462e+16 	 5.626526e-07 	 8.582514e-07 	 -1000.0000 	 -1000.0000 	 -1000.0000 	 -1000.0000 
	 90.7100 	 1.090602e-04 	 134.6240 	  1.2675 	 5.872851e+18 	 6.580762e+16 	 5.677229e-07 	 8.749314e-07 	 -1000.0000 	 -1000.0000 	 -1000.0000 	 -1000.0000 
	 91.2700 	 1.009535e-04 	 134.2440 	  1.2772 	 5.451717e+18 	 6.167640e+16 	 5.864005e-07 	 9.372586e-07 	 -1000.0000 	 -1000.0000 	 -1000.0000 	 -1000.0000 
	 91.4280 	 9.875881e-05 	 134.1427 	  1.2797 	 5.337241e+18 	 6.053416e+16 	 5.918725e-07 	 9.558036e-07 	 -1000.0000 	 -1000.0000 	 -1000.0000 	 -1000.0000 
	 91.5850 	 9.662013e-05 	 134.0410 	  1.2821 	 5.225623e+18 	 5.941746e+16 	 5.974211e-07 	 9.747070e-07 	 -1000.0000 	 -1000.0000 	 -1000.0000 	 -1000.0000 
	 91.7420 	 9.452466e-05 	 133.9365 	  1.2847 	 5.116271e+18 	 5.832356e+16 	 6.030941e-07 	 9.941176e-07 	 -1000.0000 	 -1000.0000 	 -1000.0000 	 -1000.0000 
	 91.9000 	 9.246066e-05 	 133.8263 	  1.2873 	 5.008652e+18 	 5.725029e+16 	 6.089427e-07 	 1.014197e-06 	 -1000.0000 	 -1000.0000 	 -1000.0000 	 -1000.0000 
	 92.4400 	 8.575790e-05 	 133.3869 	  1.2982 	 4.660836e+18 	 5.384781e+16 	 6.301655e-07 	 1.087400e-06 	 -1000.0000 	 -1000.0000 	 -1000.0000 	 -1000.0000 
	 92.5980 	 8.389656e-05 	 133.2346 	  1.3023 	 4.564900e+18 	 5.293693e+16 	 6.367724e-07 	 1.110283e-06 	 -1000.0000 	 -1000.0000 	 -1000.0000 	 -1000.0000 
	 92.7550 	 8.208827e-05 	 133.0708 	  1.3068 	 4.472016e+18 	 5.206970e+16 	 6.435264e-07 	 1.133733e-06 	 -1000.0000 	 -1000.0000 	 -1000.0000 	 -1000.0000 
	 92.9130 	 8.030795e-05 	 132.8927 	  1.3120 	 4.380897e+18 	 5.123487e+16 	 6.505193e-07 	 1.158077e-06 	 -1000.0000 	 -1000.0000 	 -1000.0000 	 -1000.0000 
	 93.0700 	 7.857609e-05 	 132.7016 	  1.3178 	 4.292594e+18 	 5.044280e+16 	 6.576684e-07 	 1.183037e-06 	 -1000.0000 	 -1000.0000 	 -1000.0000 	 -1000.0000 
	 93.6240 	 7.273355e-05 	 131.9043 	  1.3441 	 3.997370e+18 	 4.792537e+16 	 6.846198e-07 	 1.277806e-06 	 -1000.0000 	 -1000.0000 	 -1000.0000 	 -1000.0000 
	 93.7810 	 7.114961e-05 	 131.6458 	  1.3519 	 3.917985e+18 	 4.725748e+16 	 6.928512e-07 	 1.306907e-06 	 -1000.0000 	 -1000.0000 	 -1000.0000 	 -1000.0000 
	 93.9380 	 6.959668e-05 	 131.3757 	  1.3587 	 3.840351e+18 	 4.658566e+16 	 7.014145e-07 	 1.337216e-06 	 -1000.0000 	 -1000.0000 	 -1000.0000 	 -1000.0000 
