	 height_(km) 	 press_(mbar) 	 temp_(K) 	 temperr_(K) 	 numdens_(m-3) 	 numdenserr_(m-3) 	 H2Ovmr_() 	 H2Ovmrerr_() 	 D/H_(VSMOW) 	 D/Herr_(VSMOW) 	 18O/16O_(VSMOW) 	 18O/16Oerr_(VSMOW) 
	 10.6810 	 1.535878e+00 	 198.8274 	  4.0512 	 5.600039e+22 	 1.161112e+21 	 1.359581e-04 	 1.319978e-05 	  6.4939 	  0.9426 	  1.0702 	  0.2798 
	 10.8550 	 1.509776e+00 	 198.5008 	  3.9298 	 5.513965e+22 	 1.111945e+21 	 1.345049e-04 	 1.264483e-05 	  6.3626 	  1.0288 	  1.0682 	  0.2856 
	 10.8560 	 1.509627e+00 	 198.4989 	  3.9291 	 5.513475e+22 	 1.111670e+21 	 1.344980e-04 	 1.264157e-05 	  6.3619 	  1.0292 	  1.0682 	  0.2857 
	 11.0300 	 1.484016e+00 	 198.1603 	  3.8146 	 5.429163e+22 	 1.065066e+21 	 1.334785e-04 	 1.206775e-05 	  6.2511 	  1.0852 	  1.0686 	  0.2901 
	 11.2040 	 1.458869e+00 	 197.8148 	  3.7034 	 5.346412e+22 	 1.020255e+21 	 1.327463e-04 	 1.149391e-05 	  6.1598 	  1.1055 	  1.0720 	  0.2936 
	 11.3780 	 1.434159e+00 	 197.4674 	  3.5921 	 5.265031e+22 	 9.764827e+20 	 1.322474e-04 	 1.093448e-05 	  6.0862 	  1.0935 	  1.0782 	  0.2966 
	 11.7230 	 1.386364e+00 	 196.7926 	  3.3575 	 5.106975e+22 	 8.898078e+20 	 1.319719e-04 	 1.132609e-05 	  5.9824 	  1.0322 	  1.0966 	  0.3050 
	 11.8970 	 1.362814e+00 	 196.4692 	  3.2253 	 5.028549e+22 	 8.446593e+20 	 1.322599e-04 	 1.167499e-05 	  5.9453 	  0.9867 	  1.1072 	  0.3092 
	 12.0710 	 1.339603e+00 	 196.1632 	  3.0796 	 4.950749e+22 	 7.976277e+20 	 1.328885e-04 	 1.189598e-05 	  5.9138 	  0.9361 	  1.1173 	  0.3130 
	 12.2400 	 1.317377e+00 	 195.8814 	  2.9258 	 4.875785e+22 	 7.502889e+20 	 1.338405e-04 	 1.200814e-05 	  5.8842 	  0.8861 	  1.1258 	  0.3162 
	 12.2450 	 1.316724e+00 	 195.8732 	  2.9211 	 4.873577e+22 	 7.488696e+20 	 1.338733e-04 	 1.201110e-05 	  5.8833 	  0.8847 	  1.1261 	  0.3163 
	 12.7610 	 1.250823e+00 	 195.0605 	  2.4060 	 4.649433e+22 	 6.005029e+20 	 1.380665e-04 	 1.290130e-05 	  5.7365 	  0.7591 	  1.1354 	  0.3233 
	 12.9340 	 1.229380e+00 	 194.7879 	  2.2283 	 4.576205e+22 	 5.516424e+20 	 1.394354e-04 	 1.349816e-05 	  5.6558 	  0.7333 	  1.1320 	  0.3243 
	 12.9350 	 1.229257e+00 	 194.7863 	  2.2272 	 4.575785e+22 	 5.513637e+20 	 1.394425e-04 	 1.350170e-05 	  5.6553 	  0.7332 	  1.1320 	  0.3243 
	 13.1070 	 1.208265e+00 	 194.5073 	  2.0530 	 4.504116e+22 	 5.043015e+20 	 1.404572e-04 	 1.408076e-05 	  5.5614 	  0.7135 	  1.1264 	  0.3246 
	 13.2800 	 1.187478e+00 	 194.2139 	  1.8833 	 4.433269e+22 	 4.591284e+20 	 1.409397e-04 	 1.455142e-05 	  5.4591 	  0.6975 	  1.1200 	  0.3243 
	 14.2940 	 1.072220e+00 	 191.9972 	  1.1555 	 4.048160e+22 	 2.709799e+20 	 1.265417e-04 	 1.419489e-05 	  4.9267 	  0.6422 	  1.1064 	  0.3196 
	 14.4670 	 1.053659e+00 	 191.5291 	  1.0912 	 3.987680e+22 	 2.547212e+20 	 1.207915e-04 	 1.365779e-05 	  4.8699 	  0.6382 	  1.1103 	  0.3185 
	 14.6400 	 1.035400e+00 	 191.0582 	  1.0403 	 3.928192e+22 	 2.418955e+20 	 1.142666e-04 	 1.301469e-05 	  4.8257 	  0.6368 	  1.1142 	  0.3168 
	 14.8140 	 1.017332e+00 	 190.5949 	  0.9993 	 3.869059e+22 	 2.316643e+20 	 1.071801e-04 	 1.222761e-05 	  4.7925 	  0.6350 	  1.1162 	  0.3135 
	 14.9840 	 9.999566e-01 	 190.1648 	  0.9663 	 3.811674e+22 	 2.234882e+20 	 1.000319e-04 	 1.128668e-05 	  4.7719 	  0.6272 	  1.1149 	  0.3081 
	 14.9870 	 9.996524e-01 	 190.1575 	  0.9658 	 3.810664e+22 	 2.233555e+20 	 9.990567e-05 	 1.126853e-05 	  4.7717 	  0.6270 	  1.1149 	  0.3080 
	 15.1570 	 9.825465e-01 	 189.7630 	  0.9370 	 3.753380e+22 	 2.162382e+20 	 9.283970e-05 	 1.017894e-05 	  4.7634 	  0.6093 	  1.1095 	  0.3000 
	 15.3300 	 9.654015e-01 	 189.4104 	  0.9088 	 3.694893e+22 	 2.092868e+20 	 8.598496e-05 	 9.026260e-06 	  4.7675 	  0.5829 	  1.1010 	  0.2906 
	 15.8510 	 9.153326e-01 	 188.6707 	  0.8211 	 3.517086e+22 	 1.866725e+20 	 6.887203e-05 	 5.880665e-06 	  4.8465 	  0.5126 	  1.0733 	  0.2618 
	 16.0230 	 8.993419e-01 	 188.4771 	  0.7998 	 3.459152e+22 	 1.801742e+20 	 6.464164e-05 	 5.038219e-06 	  4.8870 	  0.4906 	  1.0662 	  0.2536 
	 16.1960 	 8.835416e-01 	 188.2738 	  0.7876 	 3.402055e+22 	 1.751102e+20 	 6.112975e-05 	 4.371854e-06 	  4.9331 	  0.4734 	  1.0608 	  0.2473 
	 16.3680 	 8.681062e-01 	 188.0484 	  0.7841 	 3.346683e+22 	 1.715445e+20 	 5.836335e-05 	 3.942069e-06 	  4.9809 	  0.4651 	  1.0564 	  0.2439 
	 16.3690 	 8.680172e-01 	 188.0470 	  0.7841 	 3.346366e+22 	 1.715274e+20 	 5.834929e-05 	 3.940242e-06 	  4.9812 	  0.4651 	  1.0564 	  0.2439 
	 16.7130 	 8.378930e-01 	 187.4803 	  0.7938 	 3.240113e+22 	 1.673863e+20 	 5.462686e-05 	 3.620094e-06 	  5.0655 	  0.4708 	  1.0481 	  0.2416 
	 16.8860 	 8.230805e-01 	 187.1144 	  0.8019 	 3.189080e+22 	 1.660821e+20 	 5.336248e-05 	 3.589927e-06 	  5.0950 	  0.4787 	  1.0441 	  0.2408 
	 17.0590 	 8.084684e-01 	 186.6790 	  0.8090 	 3.139754e+22 	 1.648156e+20 	 5.232370e-05 	 3.591598e-06 	  5.1126 	  0.5174 	  1.0405 	  0.2395 
	 17.7520 	 7.516108e-01 	 184.0748 	  0.7806 	 2.959924e+22 	 1.535228e+20 	 4.890253e-05 	 3.680473e-06 	  5.0775 	  0.6910 	  1.0362 	  0.2330 
	 17.9240 	 7.379394e-01 	 183.3322 	  0.7612 	 2.917870e+22 	 1.491757e+20 	 4.801370e-05 	 3.664829e-06 	  5.0497 	  0.7279 	  1.0382 	  0.2314 
	 18.0970 	 7.244351e-01 	 182.6807 	  0.7446 	 2.874776e+22 	 1.450854e+20 	 4.705161e-05 	 3.617081e-06 	  5.0169 	  0.7594 	  1.0416 	  0.2301 
	 18.2690 	 7.112916e-01 	 182.1976 	  0.7351 	 2.830202e+22 	 1.418058e+20 	 4.603062e-05 	 3.518663e-06 	  4.9804 	  0.7835 	  1.0466 	  0.2289 
	 18.4410 	 6.984301e-01 	 181.8778 	  0.7334 	 2.783960e+22 	 1.393825e+20 	 4.496008e-05 	 3.364185e-06 	  4.9437 	  0.7996 	  1.0534 	  0.2278 
	 18.7870 	 6.733102e-01 	 181.5383 	  0.7457 	 2.688764e+22 	 1.362378e+20 	 4.291263e-05 	 3.116892e-06 	  4.8772 	  0.8219 	  1.0691 	  0.2287 
	 18.9590 	 6.611475e-01 	 181.4265 	  0.7560 	 2.641776e+22 	 1.351065e+20 	 4.212418e-05 	 3.059952e-06 	  4.8495 	  0.8273 	  1.0751 	  0.2309 
	 19.1310 	 6.491819e-01 	 181.3152 	  0.7675 	 2.595554e+22 	 1.340848e+20 	 4.159430e-05 	 3.019258e-06 	  4.8232 	  0.8260 	  1.0782 	  0.2337 
	 19.1320 	 6.491130e-01 	 181.3146 	  0.7676 	 2.595287e+22 	 1.340791e+20 	 4.159208e-05 	 3.019078e-06 	  4.8231 	  0.8260 	  1.0782 	  0.2337 
	 19.3040 	 6.373448e-01 	 181.1973 	  0.7798 	 2.549903e+22 	 1.331263e+20 	 4.136038e-05 	 2.997972e-06 	  4.7962 	  0.8150 	  1.0776 	  0.2366 
	 19.8210 	 6.031435e-01 	 180.7461 	  0.8156 	 2.419135e+22 	 1.302742e+20 	 4.226463e-05 	 3.043743e-06 	  4.6970 	  0.7452 	  1.0594 	  0.2449 
	 19.8260 	 6.028212e-01 	 180.7407 	  0.8159 	 2.417915e+22 	 1.302444e+20 	 4.228357e-05 	 3.044929e-06 	  4.6958 	  0.7444 	  1.0592 	  0.2450 
	 19.9980 	 5.918352e-01 	 180.5361 	  0.8259 	 2.376533e+22 	 1.291631e+20 	 4.303835e-05 	 3.093777e-06 	  4.6539 	  0.7178 	  1.0502 	  0.2484 
	 20.1700 	 5.810406e-01 	 180.2943 	  0.8340 	 2.336302e+22 	 1.279497e+20 	 4.398006e-05 	 3.156595e-06 	  4.6064 	  0.6912 	  1.0403 	  0.2526 
	 20.3410 	 5.704973e-01 	 180.0114 	  0.8399 	 2.297498e+22 	 1.265776e+20 	 4.507931e-05 	 3.229764e-06 	  4.5528 	  0.6649 	  1.0296 	  0.2573 
	 20.8600 	 5.395775e-01 	 178.9361 	  0.8488 	 2.186037e+22 	 1.217914e+20 	 4.892078e-05 	 3.469953e-06 	  4.3471 	  0.5935 	  0.9929 	  0.2736 
	 21.0310 	 5.297164e-01 	 178.5347 	  0.8512 	 2.150914e+22 	 1.202149e+20 	 5.004737e-05 	 3.532638e-06 	  4.2725 	  0.5755 	  0.9813 	  0.2787 
	 21.2030 	 5.199503e-01 	 178.1172 	  0.8541 	 2.116204e+22 	 1.186992e+20 	 5.092195e-05 	 3.892294e-06 	  4.2014 	  0.5736 	  0.9714 	  0.2849 
	 21.2060 	 5.197813e-01 	 178.1098 	  0.8541 	 2.115604e+22 	 1.186734e+20 	 5.093448e-05 	 3.898390e-06 	  4.2003 	  0.5735 	  0.9712 	  0.2850 
	 21.3780 	 5.101689e-01 	 177.6818 	  0.8577 	 2.081480e+22 	 1.172373e+20 	 5.149552e-05 	 4.216206e-06 	  4.1363 	  0.5725 	  0.9634 	  0.2907 
	 21.7210 	 4.914433e-01 	 176.8106 	  0.8668 	 2.014965e+22 	 1.146372e+20 	 5.187329e-05 	 4.639345e-06 	  4.0327 	  0.5684 	  0.9538 	  0.3007 
	 21.8930 	 4.822715e-01 	 176.3717 	  0.8726 	 1.982288e+22 	 1.134808e+20 	 5.185240e-05 	 4.722942e-06 	  3.9914 	  0.5634 	  0.9516 	  0.3043 
	 21.9000 	 4.819013e-01 	 176.3538 	  0.8729 	 1.980966e+22 	 1.134360e+20 	 5.185046e-05 	 4.724110e-06 	  3.9898 	  0.5631 	  0.9515 	  0.3044 
	 22.0720 	 4.728784e-01 	 175.9181 	  0.8796 	 1.948696e+22 	 1.123929e+20 	 5.179745e-05 	 4.696744e-06 	  3.9542 	  0.5536 	  0.9510 	  0.3062 
	 22.2430 	 4.640480e-01 	 175.4915 	  0.8873 	 1.916954e+22 	 1.114713e+20 	 5.175434e-05 	 4.580728e-06 	  3.9233 	  0.5396 	  0.9522 	  0.3061 
	 22.7620 	 4.381023e-01 	 174.3065 	  0.9191 	 1.822038e+22 	 1.094345e+20 	 5.186650e-05 	 3.930172e-06 	  3.8543 	  0.4760 	  0.9649 	  0.2965 
	 22.9330 	 4.298486e-01 	 173.9977 	  0.9345 	 1.790901e+22 	 1.090191e+20 	 5.202163e-05 	 3.909791e-06 	  3.8388 	  0.4620 	  0.9711 	  0.2924 
	 23.1040 	 4.217486e-01 	 173.7532 	  0.9534 	 1.759661e+22 	 1.087281e+20 	 5.224600e-05 	 3.961581e-06 	  3.8264 	  0.4505 	  0.9779 	  0.2881 
	 23.2750 	 4.138034e-01 	 173.5774 	  0.9752 	 1.728305e+22 	 1.085138e+20 	 5.254160e-05 	 4.004610e-06 	  3.8173 	  0.4384 	  0.9852 	  0.2833 
	 23.2800 	 4.135734e-01 	 173.5732 	  0.9758 	 1.727387e+22 	 1.085079e+20 	 5.255127e-05 	 4.005720e-06 	  3.8171 	  0.4380 	  0.9854 	  0.2831 
	 23.7940 	 3.906258e-01 	 173.4363 	  1.0450 	 1.632937e+22 	 1.075187e+20 	 5.379440e-05 	 4.086611e-06 	  3.8150 	  0.4330 	  1.0097 	  0.2666 
	 23.9650 	 3.832939e-01 	 173.5098 	  1.0644 	 1.601619e+22 	 1.068076e+20 	 5.428870e-05 	 4.107654e-06 	  3.8254 	  0.4338 	  1.0187 	  0.2603 
	 25.3190 	 3.304019e-01 	 175.7916 	  0.9642 	 1.362550e+22 	 8.366632e+19 	 5.875885e-05 	 4.136325e-06 	  4.0773 	  0.4365 	  1.1012 	  0.1991 
	 25.4890 	 3.243730e-01 	 176.2136 	  0.9165 	 1.334488e+22 	 7.853364e+19 	 5.935664e-05 	 4.084476e-06 	  4.1180 	  0.4326 	  1.1109 	  0.1911 
	 25.6590 	 3.184581e-01 	 176.6203 	  0.8734 	 1.307127e+22 	 7.375665e+19 	 5.994960e-05 	 4.013792e-06 	  4.1572 	  0.4271 	  1.1197 	  0.1836 
	 25.8290 	 3.126478e-01 	 176.9928 	  0.8410 	 1.280559e+22 	 6.975502e+19 	 6.052866e-05 	 3.929139e-06 	  4.1937 	  0.4202 	  1.1272 	  0.1768 
	 25.9990 	 3.069374e-01 	 177.3221 	  0.8214 	 1.254814e+22 	 6.666364e+19 	 6.108317e-05 	 3.837929e-06 	  4.2264 	  0.4126 	  1.1332 	  0.1709 
	 26.0140 	 3.064383e-01 	 177.3491 	  0.8202 	 1.252581e+22 	 6.643151e+19 	 6.113044e-05 	 3.829874e-06 	  4.2290 	  0.4119 	  1.1336 	  0.1704 
	 26.1850 	 3.008025e-01 	 177.6323 	  0.8129 	 1.227566e+22 	 6.421195e+19 	 6.164492e-05 	 3.768985e-06 	  4.2574 	  0.4056 	  1.1379 	  0.1657 
	 26.3560 	 2.952657e-01 	 177.8708 	  0.8153 	 1.203342e+22 	 6.270545e+19 	 6.210925e-05 	 4.348996e-06 	  4.2826 	  0.4293 	  1.1407 	  0.1674 
	 26.6970 	 2.845157e-01 	 178.2115 	  0.8434 	 1.157309e+22 	 6.142035e+19 	 6.285244e-05 	 5.440501e-06 	  4.3262 	  0.4812 	  1.1430 	  0.1747 
	 26.6990 	 2.844538e-01 	 178.2130 	  0.8437 	 1.157048e+22 	 6.141835e+19 	 6.285596e-05 	 5.446204e-06 	  4.3265 	  0.4815 	  1.1430 	  0.1747 
	 26.8690 	 2.792388e-01 	 178.3144 	  0.8663 	 1.135198e+22 	 6.143362e+19 	 6.311506e-05 	 5.887601e-06 	  4.3450 	  0.5050 	  1.1424 	  0.1788 
	 27.0390 	 2.741177e-01 	 178.3701 	  0.8925 	 1.114045e+22 	 6.174618e+19 	 6.329272e-05 	 6.233552e-06 	  4.3599 	  0.5246 	  1.1410 	  0.1822 
	 27.2090 	 2.690896e-01 	 178.3797 	  0.9209 	 1.093569e+22 	 6.225477e+19 	 6.337933e-05 	 6.482546e-06 	  4.3705 	  0.5397 	  1.1389 	  0.1848 
	 28.1390 	 2.431868e-01 	 177.6033 	  1.0497 	 9.925920e+21 	 6.414832e+19 	 6.222349e-05 	 6.498044e-06 	  4.3707 	  0.5555 	  1.1283 	  0.1917 
	 28.3090 	 2.387339e-01 	 177.3171 	  1.0607 	 9.759499e+21 	 6.380135e+19 	 6.175824e-05 	 6.343168e-06 	  4.3649 	  0.5504 	  1.1278 	  0.1938 
	 28.4790 	 2.343624e-01 	 176.9952 	  1.0681 	 9.597850e+21 	 6.325432e+19 	 6.121900e-05 	 6.175147e-06 	  4.3593 	  0.5448 	  1.1284 	  0.1969 
	 28.6490 	 2.300698e-01 	 176.6419 	  1.0726 	 9.440602e+21 	 6.254090e+19 	 6.062314e-05 	 6.011770e-06 	  4.3537 	  0.5396 	  1.1298 	  0.2012 
	 28.8190 	 2.258533e-01 	 176.2619 	  1.0747 	 9.287383e+21 	 6.169480e+19 	 6.000263e-05 	 5.879915e-06 	  4.3473 	  0.5362 	  1.1321 	  0.2067 
	 28.8290 	 2.256076e-01 	 176.2388 	  1.0747 	 9.278488e+21 	 6.164162e+19 	 5.996645e-05 	 5.873892e-06 	  4.3469 	  0.5361 	  1.1323 	  0.2070 
	 28.9990 	 2.214689e-01 	 175.8354 	  1.0750 	 9.129130e+21 	 6.069174e+19 	 5.937714e-05 	 5.806886e-06 	  4.3379 	  0.5360 	  1.1351 	  0.2138 
	 29.1690 	 2.174010e-01 	 175.4145 	  1.0740 	 8.983037e+21 	 5.967853e+19 	 5.886505e-05 	 5.800973e-06 	  4.3258 	  0.5389 	  1.1380 	  0.2215 
	 29.3390 	 2.134012e-01 	 174.9808 	  1.0725 	 8.839836e+21 	 5.863567e+19 	 5.845452e-05 	 5.842304e-06 	  4.3114 	  0.5440 	  1.1410 	  0.2305 
	 30.2030 	 1.940309e-01 	 172.7355 	  1.0751 	 8.143641e+21 	 5.405367e+19 	 5.703407e-05 	 6.301761e-06 	  4.2673 	  0.5895 	  1.1628 	  0.2972 
	 30.3720 	 1.904150e-01 	 172.3014 	  1.0789 	 8.012189e+21 	 5.339546e+19 	 5.645544e-05 	 6.436059e-06 	  4.2899 	  0.6082 	  1.1722 	  0.3137 
	 30.5420 	 1.868330e-01 	 171.8591 	  1.0826 	 7.881760e+21 	 5.275857e+19 	 5.566384e-05 	 6.575122e-06 	  4.3280 	  0.6318 	  1.1835 	  0.3303 
	 30.7120 	 1.833059e-01 	 171.4065 	  1.0852 	 7.753344e+21 	 5.211175e+19 	 5.467231e-05 	 6.675333e-06 	  4.3786 	  0.6573 	  1.1950 	  0.3461 
	 30.8810 	 1.798537e-01 	 170.9416 	  1.0859 	 7.627886e+21 	 5.142399e+19 	 5.353074e-05 	 6.681557e-06 	  4.4351 	  0.6800 	  1.2042 	  0.3599 
	 30.8930 	 1.796106e-01 	 170.9079 	  1.0859 	 7.619067e+21 	 5.137254e+19 	 5.344581e-05 	 6.677191e-06 	  4.4391 	  0.6813 	  1.2047 	  0.3608 
	 31.0620 	 1.762157e-01 	 170.4216 	  1.0839 	 7.496188e+21 	 5.059846e+19 	 5.221716e-05 	 6.549267e-06 	  4.4927 	  0.6963 	  1.2086 	  0.3721 
	 31.2320 	 1.728543e-01 	 169.9076 	  1.0783 	 7.375227e+21 	 4.970221e+19 	 5.092731e-05 	 6.330276e-06 	  4.5396 	  0.7050 	  1.2061 	  0.3814 
	 31.7560 	 1.628261e-01 	 168.2010 	  1.0401 	 7.017587e+21 	 4.619338e+19 	 4.659955e-05 	 5.695196e-06 	  4.6333 	  0.7332 	  1.1656 	  0.4036 
	 31.9250 	 1.596968e-01 	 167.6769 	  1.0273 	 6.904328e+21 	 4.505459e+19 	 4.504601e-05 	 5.600977e-06 	  4.6533 	  0.7520 	  1.1477 	  0.4100 
	 32.0940 	 1.566175e-01 	 167.2024 	  1.0180 	 6.790528e+21 	 4.404735e+19 	 4.340269e-05 	 5.517401e-06 	  4.6716 	  0.7735 	  1.1296 	  0.4164 
	 32.2630 	 1.535893e-01 	 166.7785 	  1.0125 	 6.676218e+21 	 4.318390e+19 	 4.167533e-05 	 5.390485e-06 	  4.6873 	  0.7931 	  1.1112 	  0.4225 
	 32.2670 	 1.535182e-01 	 166.7690 	  1.0125 	 6.673512e+21 	 4.316495e+19 	 4.163337e-05 	 5.386665e-06 	  4.6877 	  0.7935 	  1.1107 	  0.4226 
	 32.7740 	 1.447652e-01 	 165.6799 	  1.0113 	 6.334276e+21 	 4.111517e+19 	 3.573086e-05 	 4.709093e-06 	  4.6911 	  0.8369 	  1.0507 	  0.4327 
	 32.9430 	 1.419611e-01 	 165.3422 	  1.0134 	 6.224235e+21 	 4.050746e+19 	 3.344729e-05 	 4.474617e-06 	  4.6677 	  0.8447 	  1.0281 	  0.4320 
	 32.9610 	 1.416656e-01 	 165.3067 	  1.0136 	 6.212615e+21 	 4.044317e+19 	 3.319570e-05 	 4.450421e-06 	  4.6644 	  0.8462 	  1.0256 	  0.4318 
	 33.1300 	 1.389214e-01 	 164.9775 	  1.0157 	 6.104414e+21 	 3.983681e+19 	 3.078874e-05 	 4.215319e-06 	  4.6259 	  0.8592 	  1.0014 	  0.4296 
	 33.2980 	 1.362442e-01 	 164.6578 	  1.0170 	 5.998397e+21 	 3.921695e+19 	 2.839895e-05 	 3.942847e-06 	  4.5759 	  0.8666 	  0.9760 	  0.4266 
	 33.8100 	 1.283704e-01 	 163.7305 	  1.0100 	 5.683770e+21 	 3.704342e+19 	 2.207810e-05 	 3.096567e-06 	  4.4018 	  0.8668 	  0.9044 	  0.4180 
	 33.9780 	 1.258714e-01 	 163.4418 	  1.0018 	 5.582980e+21 	 3.617816e+19 	 2.050370e-05 	 2.887598e-06 	  4.3680 	  0.8707 	  0.8889 	  0.4166 
	 34.1470 	 1.233955e-01 	 163.1590 	  0.9895 	 5.482653e+21 	 3.520569e+19 	 1.920502e-05 	 2.690372e-06 	  4.3610 	  0.8755 	  0.8796 	  0.4167 
	 34.3160 	 1.209578e-01 	 162.8826 	  0.9749 	 5.383465e+21 	 3.417485e+19 	 1.819472e-05 	 2.474425e-06 	  4.3811 	  0.8752 	  0.8761 	  0.4187 
	 34.3350 	 1.206863e-01 	 162.8519 	  0.9733 	 5.372395e+21 	 3.405950e+19 	 1.809891e-05 	 2.448392e-06 	  4.3848 	  0.8747 	  0.8760 	  0.4190 
	 34.6710 	 1.159745e-01 	 162.3119 	  0.9519 	 5.179817e+21 	 3.224869e+19 	 1.690712e-05 	 1.974585e-06 	  4.4796 	  0.8555 	  0.8807 	  0.4277 
	 34.8390 	 1.136870e-01 	 162.0412 	  0.9518 	 5.086130e+21 	 3.164951e+19 	 1.658089e-05 	 1.771942e-06 	  4.5354 	  0.8470 	  0.8854 	  0.4335 
	 35.0080 	 1.114330e-01 	 161.7664 	  0.9599 	 4.993768e+21 	 3.128076e+19 	 1.636278e-05 	 1.615147e-06 	  4.5934 	  0.8448 	  0.8910 	  0.4398 
	 35.0210 	 1.112615e-01 	 161.7451 	  0.9608 	 4.986739e+21 	 3.125995e+19 	 1.634915e-05 	 1.605079e-06 	  4.5980 	  0.8450 	  0.8915 	  0.4403 
	 35.1900 	 1.090566e-01 	 161.4671 	  0.9743 	 4.896339e+21 	 3.105835e+19 	 1.620980e-05 	 1.495023e-06 	  4.6606 	  0.8500 	  0.8982 	  0.4470 
	 35.6960 	 1.027093e-01 	 160.6131 	  1.0152 	 4.635900e+21 	 3.058231e+19 	 1.655721e-05 	 1.303397e-06 	  4.8610 	  0.8815 	  0.9197 	  0.4641 
	 35.7110 	 1.025266e-01 	 160.5872 	  1.0159 	 4.628401e+21 	 3.055648e+19 	 1.659449e-05 	 1.299526e-06 	  4.8666 	  0.8824 	  0.9203 	  0.4644 
	 35.8800 	 1.004893e-01 	 160.2931 	  1.0189 	 4.544746e+21 	 3.016059e+19 	 1.714706e-05 	 1.265495e-06 	  4.9257 	  0.8931 	  0.9252 	  0.4667 
	 36.0480 	 9.850032e-02 	 159.9959 	  1.0119 	 4.463058e+21 	 2.952202e+19 	 1.790336e-05 	 1.262841e-06 	  4.9816 	  0.9065 	  0.9294 	  0.4677 
	 36.2170 	 9.653440e-02 	 159.6919 	  0.9920 	 4.382295e+21 	 2.856189e+19 	 1.879676e-05 	 1.255665e-06 	  5.0429 	  0.9210 	  0.9343 	  0.4690 
	 36.7410 	 9.065565e-02 	 158.7690 	  0.8967 	 4.139347e+21 	 2.472371e+19 	 2.095337e-05 	 1.149775e-06 	  5.1736 	  0.9654 	  0.9435 	  0.4841 
	 36.9090 	 8.884008e-02 	 158.5026 	  0.8800 	 4.063262e+21 	 2.382500e+19 	 2.068798e-05 	 1.206768e-06 	  5.1718 	  0.9877 	  0.9408 	  0.4872 
	 37.0780 	 8.704725e-02 	 158.2568 	  0.8757 	 3.987426e+21 	 2.323083e+19 	 1.959637e-05 	 1.282444e-06 	  5.1718 	  1.0191 	  0.9378 	  0.4866 
	 37.0850 	 8.697371e-02 	 158.2471 	  0.8758 	 3.984300e+21 	 2.321181e+19 	 1.953400e-05 	 1.285895e-06 	  5.1721 	  1.0207 	  0.9378 	  0.4865 
	 37.2530 	 8.522571e-02 	 158.0264 	  0.8811 	 3.909647e+21 	 2.286066e+19 	 1.771829e-05 	 1.346161e-06 	  5.1880 	  1.0643 	  0.9363 	  0.4847 
	 37.7580 	 8.016355e-02 	 157.5052 	  0.9173 	 3.689539e+21 	 2.238718e+19 	 1.123584e-05 	 1.061929e-06 	  5.3517 	  1.2142 	  0.9424 	  0.4805 
	 37.7750 	 7.999806e-02 	 157.4915 	  0.9183 	 3.682243e+21 	 2.236957e+19 	 1.104502e-05 	 1.050388e-06 	  5.3589 	  1.2199 	  0.9428 	  0.4804 
	 37.9430 	 7.837941e-02 	 157.3699 	  0.9250 	 3.610547e+21 	 2.213051e+19 	 9.336456e-06 	 9.575095e-07 	  5.4317 	  1.2819 	  0.9473 	  0.4798 
	 38.1110 	 7.679099e-02 	 157.2739 	  0.9234 	 3.539588e+21 	 2.171855e+19 	 7.936140e-06 	 9.003894e-07 	  5.5067 	  1.3552 	  0.9536 	  0.4807 
	 38.2790 	 7.523233e-02 	 157.2031 	  0.9103 	 3.469392e+21 	 2.106268e+19 	 6.799068e-06 	 8.446563e-07 	  5.5946 	  1.4345 	  0.9635 	  0.4850 
	 38.7940 	 7.063946e-02 	 156.9415 	  0.8391 	 3.263020e+21 	 1.839952e+19 	 4.460078e-06 	 6.459231e-07 	  5.9211 	  1.6732 	  1.0111 	  0.5253 
	 38.9620 	 6.920201e-02 	 156.7532 	  0.8272 	 3.200327e+21 	 1.778689e+19 	 3.930706e-06 	 6.020223e-07 	  6.0203 	  1.7587 	  1.0265 	  0.5414 
	 39.1300 	 6.779402e-02 	 156.4901 	  0.8264 	 3.140343e+21 	 1.742643e+19 	 3.879053e-06 	 2.298242e-07 	 -1000.0000 	 -1000.0000 	 -1000.0000 	 -1000.0000 
	 39.1490 	 6.763659e-02 	 156.4560 	  0.8269 	 3.133717e+21 	 1.739914e+19 	 3.841488e-06 	 2.267449e-07 	 -1000.0000 	 -1000.0000 	 -1000.0000 	 -1000.0000 
	 39.3170 	 6.626009e-02 	 156.1215 	  0.8355 	 3.076420e+21 	 1.725414e+19 	 3.501592e-06 	 2.049488e-07 	 -1000.0000 	 -1000.0000 	 -1000.0000 	 -1000.0000 
	 39.6520 	 6.359520e-02 	 155.3065 	  0.8659 	 2.968170e+21 	 1.730099e+19 	 2.808280e-06 	 1.830424e-07 	 -1000.0000 	 -1000.0000 	 -1000.0000 	 -1000.0000 
	 39.8200 	 6.229663e-02 	 154.8444 	  0.8823 	 2.916314e+21 	 1.737666e+19 	 2.478090e-06 	 1.773494e-07 	 -1000.0000 	 -1000.0000 	 -1000.0000 	 -1000.0000 
	 39.8390 	 6.215129e-02 	 154.7906 	  0.8840 	 2.910532e+21 	 1.738361e+19 	 2.442431e-06 	 1.767482e-07 	 -1000.0000 	 -1000.0000 	 -1000.0000 	 -1000.0000 
	 40.0070 	 6.087916e-02 	 154.3052 	  0.8968 	 2.860034e+21 	 1.740791e+19 	 2.147765e-06 	 1.709558e-07 	 -1000.0000 	 -1000.0000 	 -1000.0000 	 -1000.0000 
	 40.1740 	 5.963699e-02 	 153.8128 	  0.9035 	 2.810743e+21 	 1.732532e+19 	 1.900729e-06 	 1.632763e-07 	 -1000.0000 	 -1000.0000 	 -1000.0000 	 -1000.0000 
	 40.6910 	 5.592412e-02 	 152.3400 	  0.8793 	 2.661243e+21 	 1.621303e+19 	 1.464505e-06 	 1.248927e-07 	 -1000.0000 	 -1000.0000 	 -1000.0000 	 -1000.0000 
	 40.8580 	 5.476667e-02 	 151.9193 	  0.8697 	 2.613387e+21 	 1.579213e+19 	 1.395440e-06 	 1.123861e-07 	 -1000.0000 	 -1000.0000 	 -1000.0000 	 -1000.0000 
	 41.0250 	 5.362938e-02 	 151.5437 	  0.8669 	 2.565508e+21 	 1.547396e+19 	 1.337447e-06 	 1.026509e-07 	 -1000.0000 	 -1000.0000 	 -1000.0000 	 -1000.0000 
	 41.1920 	 5.251226e-02 	 151.2146 	  0.8719 	 2.517615e+21 	 1.527972e+19 	 1.282239e-06 	 9.650212e-08 	 -1000.0000 	 -1000.0000 	 -1000.0000 	 -1000.0000 
	 41.2130 	 5.237322e-02 	 151.1761 	  0.8730 	 2.511598e+21 	 1.526263e+19 	 1.275446e-06 	 9.595945e-08 	 -1000.0000 	 -1000.0000 	 -1000.0000 	 -1000.0000 
	 41.7150 	 4.914570e-02 	 150.3988 	  0.9172 	 2.369136e+21 	 1.514035e+19 	 1.124196e-06 	 9.358467e-08 	 -1000.0000 	 -1000.0000 	 -1000.0000 	 -1000.0000 
	 41.8820 	 4.811334e-02 	 150.1794 	  0.9339 	 2.322727e+21 	 1.513553e+19 	 1.079870e-06 	 9.504497e-08 	 -1000.0000 	 -1000.0000 	 -1000.0000 	 -1000.0000 
	 41.8930 	 4.804607e-02 	 150.1653 	  0.9349 	 2.319695e+21 	 1.513436e+19 	 1.077079e-06 	 9.514209e-08 	 -1000.0000 	 -1000.0000 	 -1000.0000 	 -1000.0000 
	 42.0610 	 4.702996e-02 	 149.9513 	  0.9491 	 2.273806e+21 	 1.509171e+19 	 1.036639e-06 	 9.636539e-08 	 -1000.0000 	 -1000.0000 	 -1000.0000 	 -1000.0000 
	 42.2280 	 4.604098e-02 	 149.7367 	  0.9586 	 2.229087e+21 	 1.498173e+19 	 1.000873e-06 	 9.664194e-08 	 -1000.0000 	 -1000.0000 	 -1000.0000 	 -1000.0000 
	 42.7510 	 4.307611e-02 	 149.0589 	  0.9494 	 2.094883e+21 	 1.405109e+19 	 9.243550e-07 	 8.993459e-08 	 -1000.0000 	 -1000.0000 	 -1000.0000 	 -1000.0000 
	 42.9180 	 4.216728e-02 	 148.9018 	  0.9388 	 2.052909e+21 	 1.364326e+19 	 9.107611e-07 	 8.725746e-08 	 -1000.0000 	 -1000.0000 	 -1000.0000 	 -1000.0000 
	 43.0850 	 4.127437e-02 	 148.8085 	  0.9278 	 2.010788e+21 	 1.323302e+19 	 9.001536e-07 	 8.502357e-08 	 -1000.0000 	 -1000.0000 	 -1000.0000 	 -1000.0000 
	 43.2520 	 4.039727e-02 	 148.7721 	  0.9180 	 1.968609e+21 	 1.284317e+19 	 8.913452e-07 	 8.348853e-08 	 -1000.0000 	 -1000.0000 	 -1000.0000 	 -1000.0000 
	 43.2720 	 4.029334e-02 	 148.7701 	  0.9169 	 1.963576e+21 	 1.279863e+19 	 8.903300e-07 	 8.334645e-08 	 -1000.0000 	 -1000.0000 	 -1000.0000 	 -1000.0000 
	 43.7700 	 3.778921e-02 	 148.6801 	  0.9098 	 1.842484e+21 	 1.193909e+19 	 8.560868e-07 	 8.169016e-08 	 -1000.0000 	 -1000.0000 	 -1000.0000 	 -1000.0000 
	 43.9360 	 3.699209e-02 	 148.5702 	  0.9171 	 1.804849e+21 	 1.178126e+19 	 8.371922e-07 	 8.150627e-08 	 -1000.0000 	 -1000.0000 	 -1000.0000 	 -1000.0000 
	 43.9520 	 3.691622e-02 	 148.5573 	  0.9180 	 1.801295e+21 	 1.176873e+19 	 8.351681e-07 	 8.148890e-08 	 -1000.0000 	 -1000.0000 	 -1000.0000 	 -1000.0000 
	 44.1180 	 3.613879e-02 	 148.4023 	  0.9286 	 1.765127e+21 	 1.165872e+19 	 8.123615e-07 	 8.127266e-08 	 -1000.0000 	 -1000.0000 	 -1000.0000 	 -1000.0000 
	 44.2840 	 3.537830e-02 	 148.2153 	  0.9403 	 1.730127e+21 	 1.157080e+19 	 7.868756e-07 	 8.092545e-08 	 -1000.0000 	 -1000.0000 	 -1000.0000 	 -1000.0000 
	 44.6420 	 3.379132e-02 	 147.7440 	  0.9604 	 1.657856e+21 	 1.135955e+19 	 7.271566e-07 	 7.933392e-08 	 -1000.0000 	 -1000.0000 	 -1000.0000 	 -1000.0000 
	 44.8080 	 3.307797e-02 	 147.5129 	  0.9635 	 1.625479e+21 	 1.120667e+19 	 6.992554e-07 	 7.803454e-08 	 -1000.0000 	 -1000.0000 	 -1000.0000 	 -1000.0000 
	 44.9740 	 3.237755e-02 	 147.2858 	  0.9599 	 1.593596e+21 	 1.099053e+19 	 6.723891e-07 	 7.626739e-08 	 -1000.0000 	 -1000.0000 	 -1000.0000 	 -1000.0000 
	 45.1400 	 3.168913e-02 	 147.0708 	  0.9482 	 1.562054e+21 	 1.069272e+19 	 6.472475e-07 	 7.394739e-08 	 -1000.0000 	 -1000.0000 	 -1000.0000 	 -1000.0000 
	 45.3060 	 3.101255e-02 	 146.8672 	  0.9301 	 1.530850e+21 	 1.033011e+19 	 6.235604e-07 	 7.116333e-08 	 -1000.0000 	 -1000.0000 	 -1000.0000 	 -1000.0000 
	 45.6540 	 2.963482e-02 	 146.4399 	  0.8921 	 1.467073e+21 	 9.564992e+18 	 5.738014e-07 	 6.491396e-08 	 -1000.0000 	 -1000.0000 	 -1000.0000 	 -1000.0000 
	 45.8200 	 2.899805e-02 	 146.2182 	  0.8838 	 1.437692e+21 	 9.295417e+18 	 5.477426e-07 	 6.230193e-08 	 -1000.0000 	 -1000.0000 	 -1000.0000 	 -1000.0000 
	 45.9860 	 2.837471e-02 	 145.9783 	  0.8843 	 1.409072e+21 	 9.115243e+18 	 5.195726e-07 	 6.012124e-08 	 -1000.0000 	 -1000.0000 	 -1000.0000 	 -1000.0000 
	 46.0120 	 2.827827e-02 	 145.9392 	  0.8851 	 1.404656e+21 	 9.093723e+18 	 5.150027e-07 	 5.981257e-08 	 -1000.0000 	 -1000.0000 	 -1000.0000 	 -1000.0000 
	 46.1780 	 2.767006e-02 	 145.6797 	  0.8929 	 1.376876e+21 	 8.989383e+18 	 4.850612e-07 	 5.800570e-08 	 -1000.0000 	 -1000.0000 	 -1000.0000 	 -1000.0000 
	 46.6760 	 2.592024e-02 	 144.8132 	  0.9267 	 1.297533e+21 	 8.825088e+18 	 3.922863e-07 	 5.334845e-08 	 -1000.0000 	 -1000.0000 	 -1000.0000 	 -1000.0000 
	 47.3660 	 2.366725e-02 	 143.4400 	  0.8995 	 1.196151e+21 	 8.073169e+18 	 2.786386e-07 	 4.476964e-08 	 -1000.0000 	 -1000.0000 	 -1000.0000 	 -1000.0000 
	 47.5310 	 2.315571e-02 	 143.0762 	  0.8787 	 1.173272e+21 	 7.779500e+18 	 2.562176e-07 	 4.221890e-08 	 -1000.0000 	 -1000.0000 	 -1000.0000 	 -1000.0000 
	 47.6970 	 2.265107e-02 	 142.6859 	  0.8617 	 1.150835e+21 	 7.514470e+18 	 2.353325e-07 	 3.971553e-08 	 -1000.0000 	 -1000.0000 	 -1000.0000 	 -1000.0000 
	 47.8620 	 2.215914e-02 	 142.2681 	  0.8538 	 1.129138e+21 	 7.323476e+18 	 2.160862e-07 	 3.743134e-08 	 -1000.0000 	 -1000.0000 	 -1000.0000 	 -1000.0000 
	 48.0280 	 2.167364e-02 	 141.8158 	  0.8562 	 1.107915e+21 	 7.214249e+18 	 1.981452e-07 	 3.538369e-08 	 -1000.0000 	 -1000.0000 	 -1000.0000 	 -1000.0000 
	 48.0460 	 2.162154e-02 	 141.7648 	  0.8570 	 1.105649e+21 	 7.206661e+18 	 1.962828e-07 	 3.517516e-08 	 -1000.0000 	 -1000.0000 	 -1000.0000 	 -1000.0000 
	 48.2110 	 2.114897e-02 	 141.2807 	  0.8679 	 1.085186e+21 	 7.168635e+18 	 1.799440e-07 	 3.337102e-08 	 -1000.0000 	 -1000.0000 	 -1000.0000 	 -1000.0000 
	 48.7080 	 1.977648e-02 	 139.6450 	  0.9218 	 1.026657e+21 	 7.243377e+18 	 1.382731e-07 	 2.879334e-08 	 -1000.0000 	 -1000.0000 	 -1000.0000 	 -1000.0000 
	 49.4000 	 1.798011e-02 	 136.9728 	  0.9530 	 9.515994e+20 	 7.087854e+18 	 9.672447e-08 	 2.325388e-08 	 -1000.0000 	 -1000.0000 	 -1000.0000 	 -1000.0000 
	 49.5650 	 1.757028e-02 	 136.3043 	  0.9494 	 9.344688e+20 	 6.969232e+18 	 8.919962e-08 	 2.200458e-08 	 -1000.0000 	 -1000.0000 	 -1000.0000 	 -1000.0000 
	 49.7300 	 1.716783e-02 	 135.6521 	  0.9488 	 9.174650e+20 	 6.864267e+18 	 8.244494e-08 	 2.083183e-08 	 -1000.0000 	 -1000.0000 	 -1000.0000 	 -1000.0000 
	 49.8950 	 1.677297e-02 	 135.0308 	  0.9550 	 9.005036e+20 	 6.798992e+18 	 7.638299e-08 	 1.975966e-08 	 -1000.0000 	 -1000.0000 	 -1000.0000 	 -1000.0000 
	 50.0600 	 1.638579e-02 	 134.4453 	  0.9690 	 8.835654e+20 	 6.778337e+18 	 7.094663e-08 	 1.879222e-08 	 -1000.0000 	 -1000.0000 	 -1000.0000 	 -1000.0000 
	 50.0740 	 1.635329e-02 	 134.3971 	  0.9704 	 8.821304e+20 	 6.778249e+18 	 7.051229e-08 	 1.871461e-08 	 -1000.0000 	 -1000.0000 	 -1000.0000 	 -1000.0000 
	 50.2390 	 1.597448e-02 	 133.8464 	  0.9902 	 8.652557e+20 	 6.791969e+18 	 6.568814e-08 	 1.784802e-08 	 -1000.0000 	 -1000.0000 	 -1000.0000 	 -1000.0000 
	 50.7320 	 1.488879e-02 	 132.3536 	  1.0597 	 8.155459e+20 	 6.890725e+18 	 5.404581e-08 	 1.569336e-08 	 -1000.0000 	 -1000.0000 	 -1000.0000 	 -1000.0000 
	 50.7640 	 1.482072e-02 	 132.2630 	  1.0638 	 8.123714e+20 	 6.894580e+18 	 5.340970e-08 	 1.557118e-08 	 -1000.0000 	 -1000.0000 	 -1000.0000 	 -1000.0000 
	 50.9290 	 1.447441e-02 	 131.8049 	  1.0823 	 7.961327e+20 	 6.898778e+18 	 5.031816e-08 	 1.496684e-08 	 -1000.0000 	 -1000.0000 	 -1000.0000 	 -1000.0000 
	 51.0930 	 1.413797e-02 	 131.3618 	  1.0949 	 7.802344e+20 	 6.867606e+18 	 4.752518e-08 	 1.440250e-08 	 -1000.0000 	 -1000.0000 	 -1000.0000 	 -1000.0000 
	 51.2580 	 1.380729e-02 	 130.9249 	  1.0996 	 7.645154e+20 	 6.788753e+18 	 4.495471e-08 	 1.386361e-08 	 -1000.0000 	 -1000.0000 	 -1000.0000 	 -1000.0000 
	 51.7730 	 1.281984e-02 	 129.6323 	  1.0886 	 7.169170e+20 	 6.374952e+18 	 3.849365e-08 	 1.244532e-08 	 -1000.0000 	 -1000.0000 	 -1000.0000 	 -1000.0000 
	 51.9380 	 1.251521e-02 	 129.2525 	  1.0911 	 7.019474e+20 	 6.267254e+18 	 3.699148e-08 	 1.212063e-08 	 -1000.0000 	 -1000.0000 	 -1000.0000 	 -1000.0000 
	 52.1020 	 1.221735e-02 	 128.8947 	  1.1005 	 6.871544e+20 	 6.194520e+18 	 3.578660e-08 	 1.187399e-08 	 -1000.0000 	 -1000.0000 	 -1000.0000 	 -1000.0000 
	 52.1280 	 1.217060e-02 	 128.8397 	  1.1025 	 6.848189e+20 	 6.185609e+18 	 3.562091e-08 	 1.184165e-08 	 -1000.0000 	 -1000.0000 	 -1000.0000 	 -1000.0000 
	 52.2920 	 1.187879e-02 	 128.5029 	  1.1177 	 6.701611e+20 	 6.142283e+18 	 3.472741e-08 	 1.167843e-08 	 -1000.0000 	 -1000.0000 	 -1000.0000 	 -1000.0000 
	 52.6200 	 1.131216e-02 	 127.8776 	  1.1555 	 6.413244e+20 	 6.094685e+18 	 3.365723e-08 	 1.154628e-08 	 -1000.0000 	 -1000.0000 	 -1000.0000 	 -1000.0000 
	 52.7840 	 1.103796e-02 	 127.5863 	  1.1747 	 6.272062e+20 	 6.072909e+18 	 3.343708e-08 	 1.156622e-08 	 -1000.0000 	 -1000.0000 	 -1000.0000 	 -1000.0000 
	 52.8140 	 1.098849e-02 	 127.5343 	  1.1780 	 6.246487e+20 	 6.068066e+18 	 3.341720e-08 	 1.157546e-08 	 -1000.0000 	 -1000.0000 	 -1000.0000 	 -1000.0000 
	 52.9790 	 1.072039e-02 	 127.2556 	  1.1943 	 6.107348e+20 	 6.032864e+18 	 3.341257e-08 	 1.165518e-08 	 -1000.0000 	 -1000.0000 	 -1000.0000 	 -1000.0000 
	 53.1430 	 1.046078e-02 	 126.9891 	  1.2062 	 5.971826e+20 	 5.977099e+18 	 3.357154e-08 	 1.177969e-08 	 -1000.0000 	 -1000.0000 	 -1000.0000 	 -1000.0000 
	 53.6520 	 9.699226e-03 	 126.2866 	  1.2111 	 5.567561e+20 	 5.642617e+18 	 3.505586e-08 	 1.244232e-08 	 -1000.0000 	 -1000.0000 	 -1000.0000 	 -1000.0000 
	 53.8160 	 9.466463e-03 	 126.1658 	  1.2108 	 5.439275e+20 	 5.514900e+18 	 3.591247e-08 	 1.276077e-08 	 -1000.0000 	 -1000.0000 	 -1000.0000 	 -1000.0000 
	 53.9800 	 9.238863e-03 	 126.1334 	  1.2148 	 5.310036e+20 	 5.397545e+18 	 3.699257e-08 	 1.314091e-08 	 -1000.0000 	 -1000.0000 	 -1000.0000 	 -1000.0000 
	 54.1440 	 9.016169e-03 	 126.2005 	  1.2238 	 5.179427e+20 	 5.294239e+18 	 3.832946e-08 	 1.359225e-08 	 -1000.0000 	 -1000.0000 	 -1000.0000 	 -1000.0000 
	 54.1780 	 8.970624e-03 	 126.2269 	  1.2262 	 5.152211e+20 	 5.274109e+18 	 3.864288e-08 	 1.369596e-08 	 -1000.0000 	 -1000.0000 	 -1000.0000 	 -1000.0000 
	 54.6700 	 8.336321e-03 	 127.0814 	  1.2672 	 4.755813e+20 	 4.993419e+18 	 4.492451e-08 	 1.569396e-08 	 -1000.0000 	 -1000.0000 	 -1000.0000 	 -1000.0000 
	 54.8340 	 8.135521e-03 	 127.5605 	  1.2789 	 4.623764e+20 	 4.888105e+18 	 4.790305e-08 	 1.661547e-08 	 -1000.0000 	 -1000.0000 	 -1000.0000 	 -1000.0000 
	 54.8620 	 8.101787e-03 	 127.6519 	  1.2806 	 4.601281e+20 	 4.868737e+18 	 4.846396e-08 	 1.678808e-08 	 -1000.0000 	 -1000.0000 	 -1000.0000 	 -1000.0000 
	 55.0260 	 7.907461e-03 	 128.2429 	  1.2874 	 4.470123e+20 	 4.744729e+18 	 5.207958e-08 	 1.789571e-08 	 -1000.0000 	 -1000.0000 	 -1000.0000 	 -1000.0000 
	 55.1890 	 7.719930e-03 	 128.9240 	  1.2884 	 4.340958e+20 	 4.599469e+18 	 5.626885e-08 	 1.917107e-08 	 -1000.0000 	 -1000.0000 	 -1000.0000 	 -1000.0000 
	 55.7060 	 7.162479e-03 	 131.6681 	  1.2374 	 3.943501e+20 	 3.966363e+18 	 7.534876e-08 	 2.477699e-08 	 -1000.0000 	 -1000.0000 	 -1000.0000 	 -1000.0000 
	 55.8690 	 6.997966e-03 	 132.6901 	  1.2028 	 3.823252e+20 	 3.728035e+18 	 8.462819e-08 	 2.732019e-08 	 -1000.0000 	 -1000.0000 	 -1000.0000 	 -1000.0000 
	 56.0330 	 6.837543e-03 	 133.7786 	  1.1588 	 3.705280e+20 	 3.480135e+18 	 9.635316e-08 	 3.041184e-08 	 -1000.0000 	 -1000.0000 	 -1000.0000 	 -1000.0000 
	 56.1960 	 6.682963e-03 	 134.9051 	  1.1089 	 3.591375e+20 	 3.234672e+18 	 1.104651e-07 	 3.403648e-08 	 -1000.0000 	 -1000.0000 	 -1000.0000 	 -1000.0000 
	 56.2270 	 6.654096e-03 	 135.1226 	  1.0993 	 3.570121e+20 	 3.189075e+18 	 1.133992e-07 	 3.478384e-08 	 -1000.0000 	 -1000.0000 	 -1000.0000 	 -1000.0000 
	 56.7150 	 6.220657e-03 	 138.5306 	  0.9851 	 3.255254e+20 	 2.596674e+18 	 1.679705e-07 	 4.868532e-08 	 -1000.0000 	 -1000.0000 	 -1000.0000 	 -1000.0000 
	 56.8780 	 6.084121e-03 	 139.6085 	  0.9756 	 3.159124e+20 	 2.474421e+18 	 1.903250e-07 	 5.430502e-08 	 -1000.0000 	 -1000.0000 	 -1000.0000 	 -1000.0000 
	 56.9070 	 6.060238e-03 	 139.7955 	  0.9754 	 3.142498e+20 	 2.456376e+18 	 1.947633e-07 	 5.538805e-08 	 -1000.0000 	 -1000.0000 	 -1000.0000 	 -1000.0000 
	 57.0690 	 5.929023e-03 	 140.8110 	  0.9800 	 3.052219e+20 	 2.372722e+18 	 2.232117e-07 	 6.203699e-08 	 -1000.0000 	 -1000.0000 	 -1000.0000 	 -1000.0000 
	 57.2320 	 5.800667e-03 	 141.7788 	  0.9922 	 2.965720e+20 	 2.312033e+18 	 2.599603e-07 	 6.997348e-08 	 -1000.0000 	 -1000.0000 	 -1000.0000 	 -1000.0000 
	 57.7490 	 5.416211e-03 	 144.4234 	  1.0358 	 2.718535e+20 	 2.182478e+18 	 4.602929e-07 	 1.068184e-07 	 -1000.0000 	 -1000.0000 	 -1000.0000 	 -1000.0000 
	 57.9120 	 5.301613e-03 	 145.1022 	  1.0365 	 2.648658e+20 	 2.132154e+18 	 5.594014e-07 	 1.231915e-07 	 -1000.0000 	 -1000.0000 	 -1000.0000 	 -1000.0000 
	 58.0750 	 5.189930e-03 	 145.6963 	  1.0243 	 2.582401e+20 	 2.063483e+18 	 6.801751e-07 	 1.423467e-07 	 -1000.0000 	 -1000.0000 	 -1000.0000 	 -1000.0000 
	 58.2380 	 5.080994e-03 	 146.1935 	  0.9998 	 2.519701e+20 	 1.976952e+18 	 8.204465e-07 	 1.638153e-07 	 -1000.0000 	 -1000.0000 	 -1000.0000 	 -1000.0000 
	 58.2770 	 5.055315e-03 	 146.2959 	  0.9929 	 2.505229e+20 	 1.954747e+18 	 8.560418e-07 	 1.691432e-07 	 -1000.0000 	 -1000.0000 	 -1000.0000 	 -1000.0000 
	 58.6020 	 4.846657e-03 	 146.8516 	  0.9341 	 2.392670e+20 	 1.773940e+18 	 1.163151e-06 	 2.128800e-07 	 -1000.0000 	 -1000.0000 	 -1000.0000 	 -1000.0000 
	 58.7650 	 4.745281e-03 	 146.8984 	  0.9147 	 2.341667e+20 	 1.703741e+18 	 1.310697e-06 	 2.319952e-07 	 -1000.0000 	 -1000.0000 	 -1000.0000 	 -1000.0000 
	 58.9280 	 4.645921e-03 	 146.7868 	  0.9059 	 2.294105e+20 	 1.653820e+18 	 1.445824e-06 	 2.480391e-07 	 -1000.0000 	 -1000.0000 	 -1000.0000 	 -1000.0000 
	 58.9510 	 4.632061e-03 	 146.7596 	  0.9054 	 2.287647e+20 	 1.648166e+18 	 1.463754e-06 	 2.500574e-07 	 -1000.0000 	 -1000.0000 	 -1000.0000 	 -1000.0000 
	 59.1130 	 4.535557e-03 	 146.4982 	  0.9054 	 2.243759e+20 	 1.616232e+18 	 1.581229e-06 	 2.625908e-07 	 -1000.0000 	 -1000.0000 	 -1000.0000 	 -1000.0000 
	 59.6000 	 4.256993e-03 	 145.1732 	  0.9211 	 2.125174e+20 	 1.565674e+18 	 1.825132e-06 	 2.835090e-07 	 -1000.0000 	 -1000.0000 	 -1000.0000 	 -1000.0000 
	 59.6310 	 4.239837e-03 	 145.0718 	  0.9216 	 2.118123e+20 	 1.562824e+18 	 1.834298e-06 	 2.840449e-07 	 -1000.0000 	 -1000.0000 	 -1000.0000 	 -1000.0000 
	 59.7930 	 4.151281e-03 	 144.5287 	  0.9214 	 2.081890e+20 	 1.544873e+18 	 1.868282e-06 	 2.854105e-07 	 -1000.0000 	 -1000.0000 	 -1000.0000 	 -1000.0000 
	 59.9560 	 4.064022e-03 	 143.9777 	  0.9136 	 2.046165e+20 	 1.518277e+18 	 1.877553e-06 	 2.844574e-07 	 -1000.0000 	 -1000.0000 	 -1000.0000 	 -1000.0000 
	 60.1180 	 3.979104e-03 	 143.4491 	  0.8957 	 2.010971e+20 	 1.479027e+18 	 1.860391e-06 	 2.813527e-07 	 -1000.0000 	 -1000.0000 	 -1000.0000 	 -1000.0000 
	 60.6360 	 3.718219e-03 	 141.8637 	  0.8080 	 1.900109e+20 	 1.311441e+18 	 1.698516e-06 	 2.651093e-07 	 -1000.0000 	 -1000.0000 	 -1000.0000 	 -1000.0000 
	 60.7980 	 3.639363e-03 	 141.3532 	  0.7924 	 1.866433e+20 	 1.272252e+18 	 1.648062e-06 	 2.614393e-07 	 -1000.0000 	 -1000.0000 	 -1000.0000 	 -1000.0000 
	 60.9600 	 3.561621e-03 	 140.8211 	  0.7887 	 1.833382e+20 	 1.247170e+18 	 1.608875e-06 	 2.594932e-07 	 -1000.0000 	 -1000.0000 	 -1000.0000 	 -1000.0000 
	 60.9950 	 3.544975e-03 	 140.7037 	  0.7892 	 1.826321e+20 	 1.243334e+18 	 1.601799e-06 	 2.592760e-07 	 -1000.0000 	 -1000.0000 	 -1000.0000 	 -1000.0000 
	 61.1570 	 3.468640e-03 	 140.1513 	  0.7965 	 1.793984e+20 	 1.231477e+18 	 1.574884e-06 	 2.590809e-07 	 -1000.0000 	 -1000.0000 	 -1000.0000 	 -1000.0000 
	 61.6420 	 3.247478e-03 	 138.4480 	  0.8423 	 1.700278e+20 	 1.227303e+18 	 1.539993e-06 	 2.639817e-07 	 -1000.0000 	 -1000.0000 	 -1000.0000 	 -1000.0000 
	 61.6750 	 3.232851e-03 	 138.3316 	  0.8455 	 1.694054e+20 	 1.227276e+18 	 1.539470e-06 	 2.644784e-07 	 -1000.0000 	 -1000.0000 	 -1000.0000 	 -1000.0000 
	 61.8370 	 3.161863e-03 	 137.7634 	  0.8587 	 1.663746e+20 	 1.224944e+18 	 1.539152e-06 	 2.669688e-07 	 -1000.0000 	 -1000.0000 	 -1000.0000 	 -1000.0000 
	 61.9990 	 3.092261e-03 	 137.2039 	  0.8662 	 1.633823e+20 	 1.216616e+18 	 1.541565e-06 	 2.693312e-07 	 -1000.0000 	 -1000.0000 	 -1000.0000 	 -1000.0000 
	 62.1610 	 3.024086e-03 	 136.6575 	  0.8651 	 1.604247e+20 	 1.199252e+18 	 1.545413e-06 	 2.712876e-07 	 -1000.0000 	 -1000.0000 	 -1000.0000 	 -1000.0000 
	 62.6790 	 2.814859e-03 	 134.9044 	  0.8308 	 1.512656e+20 	 1.110102e+18 	 1.578959e-06 	 2.774824e-07 	 -1000.0000 	 -1000.0000 	 -1000.0000 	 -1000.0000 
	 62.8410 	 2.751735e-03 	 134.3045 	  0.8266 	 1.485293e+20 	 1.088807e+18 	 1.603455e-06 	 2.810561e-07 	 -1000.0000 	 -1000.0000 	 -1000.0000 	 -1000.0000 
	 63.0020 	 2.689953e-03 	 133.6699 	  0.8301 	 1.458793e+20 	 1.075701e+18 	 1.636476e-06 	 2.858591e-07 	 -1000.0000 	 -1000.0000 	 -1000.0000 	 -1000.0000 
	 63.0350 	 2.677408e-03 	 133.5357 	  0.8316 	 1.453442e+20 	 1.073847e+18 	 1.644230e-06 	 2.869819e-07 	 -1000.0000 	 -1000.0000 	 -1000.0000 	 -1000.0000 
	 63.1970 	 2.616425e-03 	 132.8592 	  0.8420 	 1.427540e+20 	 1.067963e+18 	 1.686691e-06 	 2.930860e-07 	 -1000.0000 	 -1000.0000 	 -1000.0000 	 -1000.0000 
	 63.6820 	 2.439992e-03 	 130.7179 	  0.8853 	 1.353111e+20 	 1.065423e+18 	 1.848503e-06 	 3.155075e-07 	 -1000.0000 	 -1000.0000 	 -1000.0000 	 -1000.0000 
	 63.7090 	 2.430449e-03 	 130.5961 	  0.8875 	 1.349082e+20 	 1.065209e+18 	 1.858642e-06 	 3.168617e-07 	 -1000.0000 	 -1000.0000 	 -1000.0000 	 -1000.0000 
	 63.8700 	 2.374177e-03 	 129.8696 	  0.8985 	 1.325252e+20 	 1.062157e+18 	 1.920709e-06 	 3.250008e-07 	 -1000.0000 	 -1000.0000 	 -1000.0000 	 -1000.0000 
	 64.0320 	 2.318665e-03 	 129.1432 	  0.9045 	 1.301572e+20 	 1.054573e+18 	 1.985167e-06 	 3.331516e-07 	 -1000.0000 	 -1000.0000 	 -1000.0000 	 -1000.0000 
	 64.1930 	 2.264619e-03 	 128.4328 	  0.9034 	 1.278268e+20 	 1.040634e+18 	 2.050159e-06 	 3.410135e-07 	 -1000.0000 	 -1000.0000 	 -1000.0000 	 -1000.0000 
	 64.7120 	 2.097866e-03 	 126.3347 	  0.8728 	 1.203790e+20 	 9.683947e+17 	 2.250727e-06 	 3.647782e-07 	 -1000.0000 	 -1000.0000 	 -1000.0000 	 -1000.0000 
	 64.8730 	 2.048343e-03 	 125.7833 	  0.8674 	 1.180574e+20 	 9.479944e+17 	 2.305099e-06 	 3.720211e-07 	 -1000.0000 	 -1000.0000 	 -1000.0000 	 -1000.0000 
	 65.0340 	 1.999820e-03 	 125.2901 	  0.8679 	 1.157226e+20 	 9.318693e+17 	 2.354311e-06 	 3.793210e-07 	 -1000.0000 	 -1000.0000 	 -1000.0000 	 -1000.0000 
	 65.0630 	 1.991186e-03 	 125.2072 	  0.8685 	 1.153010e+20 	 9.293833e+17 	 2.362667e-06 	 3.806408e-07 	 -1000.0000 	 -1000.0000 	 -1000.0000 	 -1000.0000 
	 65.2240 	 1.943832e-03 	 124.7768 	  0.8750 	 1.129570e+20 	 9.176591e+17 	 2.406483e-06 	 3.879888e-07 	 -1000.0000 	 -1000.0000 	 -1000.0000 	 -1000.0000 
	 65.7070 	 1.807619e-03 	 123.7526 	  0.9175 	 1.059334e+20 	 8.988127e+17 	 2.516793e-06 	 4.101154e-07 	 -1000.0000 	 -1000.0000 	 -1000.0000 	 -1000.0000 
	 65.7430 	 1.797813e-03 	 123.6898 	  0.9217 	 1.054130e+20 	 8.980975e+17 	 2.524051e-06 	 4.117621e-07 	 -1000.0000 	 -1000.0000 	 -1000.0000 	 -1000.0000 
	 65.9040 	 1.754538e-03 	 123.4276 	  0.9414 	 1.030960e+20 	 8.955751e+17 	 2.555391e-06 	 4.191092e-07 	 -1000.0000 	 -1000.0000 	 -1000.0000 	 -1000.0000 
	 66.0650 	 1.712205e-03 	 123.1923 	  0.9623 	 1.007990e+20 	 8.937326e+17 	 2.585340e-06 	 4.264156e-07 	 -1000.0000 	 -1000.0000 	 -1000.0000 	 -1000.0000 
	 66.2260 	 1.670804e-03 	 122.9790 	  0.9836 	 9.852741e+19 	 8.919961e+17 	 2.614484e-06 	 4.336642e-07 	 -1000.0000 	 -1000.0000 	 -1000.0000 	 -1000.0000 
	 67.0830 	 1.465728e-03 	 122.0167 	  1.0744 	 8.707167e+19 	 8.615363e+17 	 2.778640e-06 	 4.704571e-07 	 -1000.0000 	 -1000.0000 	 -1000.0000 	 -1000.0000 
	 67.2440 	 1.429975e-03 	 121.8501 	  1.0830 	 8.506008e+19 	 8.489591e+17 	 2.812144e-06 	 4.766982e-07 	 -1000.0000 	 -1000.0000 	 -1000.0000 	 -1000.0000 
	 67.4050 	 1.395048e-03 	 121.6943 	  1.0885 	 8.308756e+19 	 8.342687e+17 	 2.844636e-06 	 4.825026e-07 	 -1000.0000 	 -1000.0000 	 -1000.0000 	 -1000.0000 
	 67.5660 	 1.360924e-03 	 121.5538 	  1.0911 	 8.115007e+19 	 8.176353e+17 	 2.875013e-06 	 4.877585e-07 	 -1000.0000 	 -1000.0000 	 -1000.0000 	 -1000.0000 
	 67.7270 	 1.327580e-03 	 121.4331 	  1.0907 	 7.924355e+19 	 7.992293e+17 	 2.902168e-06 	 4.923529e-07 	 -1000.0000 	 -1000.0000 	 -1000.0000 	 -1000.0000 
	 67.7630 	 1.320229e-03 	 121.4093 	  1.0901 	 7.882108e+19 	 7.948885e+17 	 2.907686e-06 	 4.932783e-07 	 -1000.0000 	 -1000.0000 	 -1000.0000 	 -1000.0000 
	 67.9240 	 1.287806e-03 	 121.3190 	  1.0860 	 7.694694e+19 	 7.745453e+17 	 2.929385e-06 	 4.969094e-07 	 -1000.0000 	 -1000.0000 	 -1000.0000 	 -1000.0000 
	 68.0850 	 1.256111e-03 	 121.2584 	  1.0789 	 7.509477e+19 	 7.528083e+17 	 2.945394e-06 	 4.996279e-07 	 -1000.0000 	 -1000.0000 	 -1000.0000 	 -1000.0000 
	 68.2460 	 1.225120e-03 	 121.2320 	  1.0688 	 7.326067e+19 	 7.298646e+17 	 2.954626e-06 	 5.013302e-07 	 -1000.0000 	 -1000.0000 	 -1000.0000 	 -1000.0000 
	 68.5980 	 1.159836e-03 	 121.2955 	  1.0441 	 6.932041e+19 	 6.791902e+17 	 2.948422e-06 	 5.023128e-07 	 -1000.0000 	 -1000.0000 	 -1000.0000 	 -1000.0000 
	 68.7580 	 1.131327e-03 	 121.3750 	  1.0372 	 6.757121e+19 	 6.583681e+17 	 2.933075e-06 	 5.022430e-07 	 -1000.0000 	 -1000.0000 	 -1000.0000 	 -1000.0000 
	 68.9180 	 1.103574e-03 	 121.4835 	  1.0364 	 6.585459e+19 	 6.404431e+17 	 2.909584e-06 	 5.023047e-07 	 -1000.0000 	 -1000.0000 	 -1000.0000 	 -1000.0000 
	 69.0790 	 1.076410e-03 	 121.6193 	  1.0423 	 6.416285e+19 	 6.255642e+17 	 2.877940e-06 	 5.025985e-07 	 -1000.0000 	 -1000.0000 	 -1000.0000 	 -1000.0000 
	 69.1170 	 1.070108e-03 	 121.6549 	  1.0445 	 6.376881e+19 	 6.224295e+17 	 2.869381e-06 	 5.026831e-07 	 -1000.0000 	 -1000.0000 	 -1000.0000 	 -1000.0000 
	 69.5980 	 9.937447e-04 	 122.2020 	  1.0818 	 5.895599e+19 	 5.893154e+17 	 2.730359e-06 	 5.029327e-07 	 -1000.0000 	 -1000.0000 	 -1000.0000 	 -1000.0000 
	 69.7590 	 9.695220e-04 	 122.4162 	  1.0924 	 5.741808e+19 	 5.785130e+17 	 2.673333e-06 	 5.021297e-07 	 -1000.0000 	 -1000.0000 	 -1000.0000 	 -1000.0000 
	 69.7910 	 9.647830e-04 	 122.4601 	  1.0940 	 5.711680e+19 	 5.762385e+17 	 2.661502e-06 	 5.018848e-07 	 -1000.0000 	 -1000.0000 	 -1000.0000 	 -1000.0000 
	 69.9510 	 9.414518e-04 	 122.6850 	  1.0988 	 5.563242e+19 	 5.638557e+17 	 2.600221e-06 	 5.001524e-07 	 -1000.0000 	 -1000.0000 	 -1000.0000 	 -1000.0000 
	 70.1110 	 9.187072e-04 	 122.9163 	  1.0966 	 5.418482e+19 	 5.491649e+17 	 2.535958e-06 	 4.974344e-07 	 -1000.0000 	 -1000.0000 	 -1000.0000 	 -1000.0000 
	 70.6310 	 8.485915e-04 	 123.6928 	  1.0372 	 4.973277e+19 	 4.836634e+17 	 2.316030e-06 	 4.815396e-07 	 -1000.0000 	 -1000.0000 	 -1000.0000 	 -1000.0000 
	 70.7910 	 8.281596e-04 	 123.9447 	  1.0176 	 4.843747e+19 	 4.632527e+17 	 2.248010e-06 	 4.757707e-07 	 -1000.0000 	 -1000.0000 	 -1000.0000 	 -1000.0000 
	 70.9510 	 8.082580e-04 	 124.2065 	  1.0061 	 4.717541e+19 	 4.458968e+17 	 2.181271e-06 	 4.703695e-07 	 -1000.0000 	 -1000.0000 	 -1000.0000 	 -1000.0000 
	 71.1110 	 7.888807e-04 	 124.4770 	  1.0045 	 4.594645e+19 	 4.322329e+17 	 2.116288e-06 	 4.655266e-07 	 -1000.0000 	 -1000.0000 	 -1000.0000 	 -1000.0000 
	 71.1460 	 7.847109e-04 	 124.5368 	  1.0053 	 4.568210e+19 	 4.296681e+17 	 2.102315e-06 	 4.645321e-07 	 -1000.0000 	 -1000.0000 	 -1000.0000 	 -1000.0000 
	 71.6230 	 7.302944e-04 	 125.3355 	  1.0371 	 4.224624e+19 	 4.046085e+17 	 1.920901e-06 	 4.525084e-07 	 -1000.0000 	 -1000.0000 	 -1000.0000 	 -1000.0000 
	 71.7830 	 7.130233e-04 	 125.5807 	  1.0498 	 4.116586e+19 	 3.981262e+17 	 1.863956e-06 	 4.487850e-07 	 -1000.0000 	 -1000.0000 	 -1000.0000 	 -1000.0000 
	 71.8160 	 7.095210e-04 	 125.6289 	  1.0522 	 4.094769e+19 	 3.967720e+17 	 1.852464e-06 	 4.480160e-07 	 -1000.0000 	 -1000.0000 	 -1000.0000 	 -1000.0000 
	 71.9750 	 6.929289e-04 	 125.8469 	  1.0607 	 3.991927e+19 	 3.898187e+17 	 1.798328e-06 	 4.442551e-07 	 -1000.0000 	 -1000.0000 	 -1000.0000 	 -1000.0000 
	 72.1340 	 6.767990e-04 	 126.0375 	  1.0630 	 3.892917e+19 	 3.815838e+17 	 1.746277e-06 	 4.403185e-07 	 -1000.0000 	 -1000.0000 	 -1000.0000 	 -1000.0000 
	 72.6550 	 6.269511e-04 	 126.4490 	  1.0173 	 3.594198e+19 	 3.419994e+17 	 1.591749e-06 	 4.260471e-07 	 -1000.0000 	 -1000.0000 	 -1000.0000 	 -1000.0000 
	 72.8140 	 6.124984e-04 	 126.5359 	  0.9981 	 3.509017e+19 	 3.290086e+17 	 1.550439e-06 	 4.220747e-07 	 -1000.0000 	 -1000.0000 	 -1000.0000 	 -1000.0000 
	 72.9730 	 5.983169e-04 	 126.6211 	  0.9834 	 3.425569e+19 	 3.174903e+17 	 1.512374e-06 	 4.187636e-07 	 -1000.0000 	 -1000.0000 	 -1000.0000 	 -1000.0000 
	 73.1330 	 5.843033e-04 	 126.7074 	  0.9752 	 3.343131e+19 	 3.079064e+17 	 1.477419e-06 	 4.162363e-07 	 -1000.0000 	 -1000.0000 	 -1000.0000 	 -1000.0000 
	 73.1760 	 5.805842e-04 	 126.7298 	  0.9741 	 3.321276e+19 	 3.056468e+17 	 1.468571e-06 	 4.156896e-07 	 -1000.0000 	 -1000.0000 	 -1000.0000 	 -1000.0000 
	 73.6530 	 5.408529e-04 	 126.8995 	  0.9890 	 3.089695e+19 	 2.876598e+17 	 1.384361e-06 	 4.129953e-07 	 -1000.0000 	 -1000.0000 	 -1000.0000 	 -1000.0000 
	 73.8130 	 5.282077e-04 	 126.9076 	  1.0030 	 3.017159e+19 	 2.837452e+17 	 1.361178e-06 	 4.133081e-07 	 -1000.0000 	 -1000.0000 	 -1000.0000 	 -1000.0000 
	 73.8460 	 5.256417e-04 	 126.9063 	  1.0062 	 3.002513e+19 	 2.830203e+17 	 1.356671e-06 	 4.134372e-07 	 -1000.0000 	 -1000.0000 	 -1000.0000 	 -1000.0000 
	 74.0050 	 5.134712e-04 	 126.8876 	  1.0228 	 2.933350e+19 	 2.797954e+17 	 1.336170e-06 	 4.143389e-07 	 -1000.0000 	 -1000.0000 	 -1000.0000 	 -1000.0000 
	 74.1640 	 5.016076e-04 	 126.8517 	  1.0398 	 2.866355e+19 	 2.768031e+17 	 1.317504e-06 	 4.156538e-07 	 -1000.0000 	 -1000.0000 	 -1000.0000 	 -1000.0000 
	 75.1800 	 4.318777e-04 	 126.5018 	  1.0610 	 2.474963e+19 	 2.449613e+17 	 1.226160e-06 	 4.294101e-07 	 -1000.0000 	 -1000.0000 	 -1000.0000 	 -1000.0000 
	 75.3380 	 4.218546e-04 	 126.4805 	  1.0463 	 2.417918e+19 	 2.370507e+17 	 1.214358e-06 	 4.318981e-07 	 -1000.0000 	 -1000.0000 	 -1000.0000 	 -1000.0000 
	 75.4970 	 4.119995e-04 	 126.4873 	  1.0333 	 2.361305e+19 	 2.293670e+17 	 1.202937e-06 	 4.345109e-07 	 -1000.0000 	 -1000.0000 	 -1000.0000 	 -1000.0000 
	 75.6560 	 4.023871e-04 	 126.5299 	  1.0260 	 2.305450e+19 	 2.225801e+17 	 1.191963e-06 	 4.372644e-07 	 -1000.0000 	 -1000.0000 	 -1000.0000 	 -1000.0000 
	 75.8150 	 3.930204e-04 	 126.6118 	  1.0256 	 2.250348e+19 	 2.169212e+17 	 1.181418e-06 	 4.401671e-07 	 -1000.0000 	 -1000.0000 	 -1000.0000 	 -1000.0000 
	 75.8500 	 3.909910e-04 	 126.6350 	  1.0263 	 2.238323e+19 	 2.158064e+17 	 1.179152e-06 	 4.408244e-07 	 -1000.0000 	 -1000.0000 	 -1000.0000 	 -1000.0000 
	 76.0080 	 3.819729e-04 	 126.7614 	  1.0324 	 2.184530e+19 	 2.112548e+17 	 1.169154e-06 	 4.438657e-07 	 -1000.0000 	 -1000.0000 	 -1000.0000 	 -1000.0000 
	 76.1670 	 3.731299e-04 	 126.9235 	  1.0420 	 2.131231e+19 	 2.072921e+17 	 1.159456e-06 	 4.470346e-07 	 -1000.0000 	 -1000.0000 	 -1000.0000 	 -1000.0000 
	 76.6820 	 3.460144e-04 	 127.6649 	  1.0772 	 1.964820e+19 	 1.958309e+17 	 1.130189e-06 	 4.578151e-07 	 -1000.0000 	 -1000.0000 	 -1000.0000 	 -1000.0000 
	 76.8400 	 3.381413e-04 	 127.9512 	  1.0832 	 1.915815e+19 	 1.918533e+17 	 1.121755e-06 	 4.612096e-07 	 -1000.0000 	 -1000.0000 	 -1000.0000 	 -1000.0000 
	 76.9990 	 3.304193e-04 	 128.2635 	  1.0842 	 1.867542e+19 	 1.872195e+17 	 1.113475e-06 	 4.646337e-07 	 -1000.0000 	 -1000.0000 	 -1000.0000 	 -1000.0000 
	 77.1570 	 3.229390e-04 	 128.5889 	  1.0805 	 1.820703e+19 	 1.820271e+17 	 1.105447e-06 	 4.680493e-07 	 -1000.0000 	 -1000.0000 	 -1000.0000 	 -1000.0000 
	 77.2040 	 3.207499e-04 	 128.6858 	  1.0789 	 1.807012e+19 	 1.804300e+17 	 1.103101e-06 	 4.690731e-07 	 -1000.0000 	 -1000.0000 	 -1000.0000 	 -1000.0000 
	 77.6790 	 2.995040e-04 	 129.5310 	  1.0766 	 1.676160e+19 	 1.660973e+17 	 1.080701e-06 	 4.798975e-07 	 -1000.0000 	 -1000.0000 	 -1000.0000 	 -1000.0000 
	 77.8370 	 2.927719e-04 	 129.7163 	  1.0881 	 1.636013e+19 	 1.629979e+17 	 1.073853e-06 	 4.837812e-07 	 -1000.0000 	 -1000.0000 	 -1000.0000 	 -1000.0000 
	 77.8680 	 2.914698e-04 	 129.7470 	  1.0910 	 1.628327e+19 	 1.624845e+17 	 1.072547e-06 	 4.845613e-07 	 -1000.0000 	 -1000.0000 	 -1000.0000 	 -1000.0000 
	 78.0260 	 2.849278e-04 	 129.8785 	  1.1083 	 1.590061e+19 	 1.602450e+17 	 1.066084e-06 	 4.886284e-07 	 -1000.0000 	 -1000.0000 	 -1000.0000 	 -1000.0000 
	 78.1830 	 2.785804e-04 	 129.9743 	  1.1280 	 1.553432e+19 	 1.584711e+17 	 1.059987e-06 	 4.928171e-07 	 -1000.0000 	 -1000.0000 	 -1000.0000 	 -1000.0000 
	 78.7060 	 2.584897e-04 	 130.1553 	  1.1845 	 1.439568e+19 	 1.527858e+17 	 1.042098e-06 	 5.077822e-07 	 -1000.0000 	 -1000.0000 	 -1000.0000 	 -1000.0000 
	 78.8630 	 2.527606e-04 	 130.2018 	  1.1907 	 1.407272e+19 	 1.502401e+17 	 1.037478e-06 	 5.125647e-07 	 -1000.0000 	 -1000.0000 	 -1000.0000 	 -1000.0000 
	 79.0210 	 2.471290e-04 	 130.2604 	  1.1881 	 1.375389e+19 	 1.468721e+17 	 1.033189e-06 	 5.175063e-07 	 -1000.0000 	 -1000.0000 	 -1000.0000 	 -1000.0000 
	 79.1790 	 2.416267e-04 	 130.3322 	  1.1774 	 1.344071e+19 	 1.427437e+17 	 1.029246e-06 	 5.225755e-07 	 -1000.0000 	 -1000.0000 	 -1000.0000 	 -1000.0000 
	 79.2180 	 2.402878e-04 	 130.3510 	  1.1740 	 1.336434e+19 	 1.416524e+17 	 1.028322e-06 	 5.238466e-07 	 -1000.0000 	 -1000.0000 	 -1000.0000 	 -1000.0000 
	 79.6910 	 2.246079e-04 	 130.5560 	  1.1384 	 1.247165e+19 	 1.289885e+17 	 1.018361e-06 	 5.398992e-07 	 -1000.0000 	 -1000.0000 	 -1000.0000 	 -1000.0000 
	 79.8490 	 2.195849e-04 	 130.5950 	  1.1386 	 1.218868e+19 	 1.259256e+17 	 1.015429e-06 	 5.455138e-07 	 -1000.0000 	 -1000.0000 	 -1000.0000 	 -1000.0000 
	 79.8920 	 2.182360e-04 	 130.6027 	  1.1397 	 1.211301e+19 	 1.252040e+17 	 1.014655e-06 	 5.470594e-07 	 -1000.0000 	 -1000.0000 	 -1000.0000 	 -1000.0000 
	 80.0490 	 2.133768e-04 	 130.6206 	  1.1471 	 1.184143e+19 	 1.229024e+17 	 1.011895e-06 	 5.527526e-07 	 -1000.0000 	 -1000.0000 	 -1000.0000 	 -1000.0000 
	 80.2070 	 2.085913e-04 	 130.6243 	  1.1582 	 1.157543e+19 	 1.209972e+17 	 1.009190e-06 	 5.585412e-07 	 -1000.0000 	 -1000.0000 	 -1000.0000 	 -1000.0000 
	 80.5620 	 1.982231e-04 	 130.5894 	  1.1869 	 1.100329e+19 	 1.174217e+17 	 1.003155e-06 	 5.716214e-07 	 -1000.0000 	 -1000.0000 	 -1000.0000 	 -1000.0000 
	 80.7190 	 1.938079e-04 	 130.5592 	  1.1971 	 1.076097e+19 	 1.157987e+17 	 1.000406e-06 	 5.773758e-07 	 -1000.0000 	 -1000.0000 	 -1000.0000 	 -1000.0000 
	 80.8770 	 1.894703e-04 	 130.5221 	  1.2030 	 1.052339e+19 	 1.139211e+17 	 9.975311e-07 	 5.831089e-07 	 -1000.0000 	 -1000.0000 	 -1000.0000 	 -1000.0000 
	 81.0340 	 1.852654e-04 	 130.4806 	  1.2030 	 1.029332e+19 	 1.116639e+17 	 9.945246e-07 	 5.887216e-07 	 -1000.0000 	 -1000.0000 	 -1000.0000 	 -1000.0000 
	 81.1910 	 1.811636e-04 	 130.4364 	  1.1974 	 1.006893e+19 	 1.090226e+17 	 9.913743e-07 	 5.942511e-07 	 -1000.0000 	 -1000.0000 	 -1000.0000 	 -1000.0000 
	 81.5470 	 1.722197e-04 	 130.3362 	  1.1799 	 9.579098e+18 	 1.027025e+17 	 9.840214e-07 	 6.066601e-07 	 -1000.0000 	 -1000.0000 	 -1000.0000 	 -1000.0000 
	 81.7040 	 1.684216e-04 	 130.2968 	  1.1775 	 9.370534e+18 	 1.002687e+17 	 9.808355e-07 	 6.121587e-07 	 -1000.0000 	 -1000.0000 	 -1000.0000 	 -1000.0000 
	 81.8610 	 1.647074e-04 	 130.2636 	  1.1808 	 9.166030e+18 	 9.822962e+16 	 9.777519e-07 	 6.177166e-07 	 -1000.0000 	 -1000.0000 	 -1000.0000 	 -1000.0000 
	 81.9060 	 1.636579e-04 	 130.2558 	  1.1826 	 9.108125e+18 	 9.770654e+16 	 9.768885e-07 	 6.193233e-07 	 -1000.0000 	 -1000.0000 	 -1000.0000 	 -1000.0000 
	 82.0630 	 1.600482e-04 	 130.2355 	  1.1913 	 8.908458e+18 	 9.604763e+16 	 9.739510e-07 	 6.249857e-07 	 -1000.0000 	 -1000.0000 	 -1000.0000 	 -1000.0000 
	 82.5760 	 1.487912e-04 	 130.2832 	  1.2266 	 8.278843e+18 	 9.138992e+16 	 9.652415e-07 	 6.442945e-07 	 -1000.0000 	 -1000.0000 	 -1000.0000 	 -1000.0000 
	 82.7330 	 1.455026e-04 	 130.3450 	  1.2336 	 8.092167e+18 	 8.983089e+16 	 9.628750e-07 	 6.505184e-07 	 -1000.0000 	 -1000.0000 	 -1000.0000 	 -1000.0000 
	 82.8900 	 1.422834e-04 	 130.4347 	  1.2359 	 7.907856e+18 	 8.803726e+16 	 9.606612e-07 	 6.569210e-07 	 -1000.0000 	 -1000.0000 	 -1000.0000 	 -1000.0000 
	 83.0460 	 1.391516e-04 	 130.5548 	  1.2320 	 7.726814e+18 	 8.592854e+16 	 9.586196e-07 	 6.634769e-07 	 -1000.0000 	 -1000.0000 	 -1000.0000 	 -1000.0000 
	 83.2030 	 1.360664e-04 	 130.7073 	  1.2224 	 7.546745e+18 	 8.349487e+16 	 9.567274e-07 	 6.702728e-07 	 -1000.0000 	 -1000.0000 	 -1000.0000 	 -1000.0000 
	 83.5600 	 1.293099e-04 	 131.1565 	  1.1964 	 7.147374e+18 	 7.769711e+16 	 9.530230e-07 	 6.863776e-07 	 -1000.0000 	 -1000.0000 	 -1000.0000 	 -1000.0000 
	 83.7160 	 1.264749e-04 	 131.3904 	  1.1911 	 6.978216e+18 	 7.545424e+16 	 9.516616e-07 	 6.936601e-07 	 -1000.0000 	 -1000.0000 	 -1000.0000 	 -1000.0000 
	 83.8730 	 1.236945e-04 	 131.6445 	  1.1919 	 6.811665e+18 	 7.351445e+16 	 9.504457e-07 	 7.011232e-07 	 -1000.0000 	 -1000.0000 	 -1000.0000 	 -1000.0000 
	 83.9100 	 1.230496e-04 	 131.7069 	  1.1928 	 6.772955e+18 	 7.309678e+16 	 9.501812e-07 	 7.029014e-07 	 -1000.0000 	 -1000.0000 	 -1000.0000 	 -1000.0000 
	 84.0670 	 1.203560e-04 	 131.9810 	  1.1989 	 6.610983e+18 	 7.145765e+16 	 9.491492e-07 	 7.105287e-07 	 -1000.0000 	 -1000.0000 	 -1000.0000 	 -1000.0000 
	 84.5350 	 1.127165e-04 	 132.8674 	  1.2229 	 6.150042e+18 	 6.722896e+16 	 9.468939e-07 	 7.340348e-07 	 -1000.0000 	 -1000.0000 	 -1000.0000 	 -1000.0000 
	 84.5800 	 1.120110e-04 	 132.9564 	  1.2244 	 6.107441e+18 	 6.682460e+16 	 9.467379e-07 	 7.363546e-07 	 -1000.0000 	 -1000.0000 	 -1000.0000 	 -1000.0000 
	 84.7370 	 1.095870e-04 	 133.2700 	  1.2270 	 5.961164e+18 	 6.534870e+16 	 9.462721e-07 	 7.445283e-07 	 -1000.0000 	 -1000.0000 	 -1000.0000 	 -1000.0000 
	 84.8930 	 1.072342e-04 	 133.5843 	  1.2240 	 5.819435e+18 	 6.372583e+16 	 9.459260e-07 	 7.527734e-07 	 -1000.0000 	 -1000.0000 	 -1000.0000 	 -1000.0000 
	 85.0490 	 1.049346e-04 	 133.8986 	  1.2136 	 5.681303e+18 	 6.187539e+16 	 9.456917e-07 	 7.611410e-07 	 -1000.0000 	 -1000.0000 	 -1000.0000 	 -1000.0000 
	 85.5660 	 9.767323e-05 	 134.8241 	  1.1516 	 5.251913e+18 	 5.501817e+16 	 9.459251e-07 	 7.899913e-07 	 -1000.0000 	 -1000.0000 	 -1000.0000 	 -1000.0000 
	 85.7220 	 9.558674e-05 	 135.0187 	  1.1403 	 5.132178e+18 	 5.330120e+16 	 9.464064e-07 	 7.991471e-07 	 -1000.0000 	 -1000.0000 	 -1000.0000 	 -1000.0000 
	 85.8770 	 9.355992e-05 	 135.1565 	  1.1372 	 5.018079e+18 	 5.193286e+16 	 9.471052e-07 	 8.084873e-07 	 -1000.0000 	 -1000.0000 	 -1000.0000 	 -1000.0000 
	 85.9200 	 9.300570e-05 	 135.1850 	  1.1376 	 4.987260e+18 	 5.160580e+16 	 9.473367e-07 	 8.111206e-07 	 -1000.0000 	 -1000.0000 	 -1000.0000 	 -1000.0000 
	 86.0770 	 9.101149e-05 	 135.2543 	  1.1424 	 4.877703e+18 	 5.057411e+16 	 9.483150e-07 	 8.208871e-07 	 -1000.0000 	 -1000.0000 	 -1000.0000 	 -1000.0000 
	 86.5450 	 8.533289e-05 	 135.1502 	  1.1739 	 4.576902e+18 	 4.846267e+16 	 9.523650e-07 	 8.513448e-07 	 -1000.0000 	 -1000.0000 	 -1000.0000 	 -1000.0000 
	 86.5940 	 8.476074e-05 	 135.1136 	  1.1772 	 4.547476e+18 	 4.827708e+16 	 9.528781e-07 	 8.546442e-07 	 -1000.0000 	 -1000.0000 	 -1000.0000 	 -1000.0000 
	 86.7500 	 8.296668e-05 	 134.9664 	  1.1860 	 4.456194e+18 	 4.767048e+16 	 9.546128e-07 	 8.652809e-07 	 -1000.0000 	 -1000.0000 	 -1000.0000 	 -1000.0000 
	 86.9060 	 8.121379e-05 	 134.7737 	  1.1906 	 4.368400e+18 	 4.699055e+16 	 9.564927e-07 	 8.761136e-07 	 -1000.0000 	 -1000.0000 	 -1000.0000 	 -1000.0000 
	 87.0620 	 7.950121e-05 	 134.5372 	  1.1892 	 4.283870e+18 	 4.617526e+16 	 9.585085e-07 	 8.871378e-07 	 -1000.0000 	 -1000.0000 	 -1000.0000 	 -1000.0000 
	 87.5660 	 7.421037e-05 	 133.5487 	  1.1647 	 4.028371e+18 	 4.308067e+16 	 9.664992e-07 	 9.247336e-07 	 -1000.0000 	 -1000.0000 	 -1000.0000 	 -1000.0000 
	 87.7220 	 7.263400e-05 	 133.2044 	  1.1638 	 3.952974e+18 	 4.230259e+16 	 9.696937e-07 	 9.372939e-07 	 -1000.0000 	 -1000.0000 	 -1000.0000 	 -1000.0000 
	 87.8770 	 7.109166e-05 	 132.8564 	  1.1701 	 3.879144e+18 	 4.171521e+16 	 9.732880e-07 	 9.503093e-07 	 -1000.0000 	 -1000.0000 	 -1000.0000 	 -1000.0000 
	 87.9290 	 7.057965e-05 	 132.7385 	  1.1735 	 3.854615e+18 	 4.155264e+16 	 9.745830e-07 	 9.547923e-07 	 -1000.0000 	 -1000.0000 	 -1000.0000 	 -1000.0000 
	 88.0840 	 6.907002e-05 	 132.3846 	  1.1865 	 3.782225e+18 	 4.114567e+16 	 9.786921e-07 	 9.684901e-07 	 -1000.0000 	 -1000.0000 	 -1000.0000 	 -1000.0000 
	 88.5490 	 6.469628e-05 	 131.3086 	  1.2328 	 3.571731e+18 	 4.020092e+16 	 9.929590e-07 	 1.012368e-06 	 -1000.0000 	 -1000.0000 	 -1000.0000 	 -1000.0000 
	 88.5990 	 6.424041e-05 	 131.1925 	  1.2369 	 3.549709e+18 	 4.008651e+16 	 9.946398e-07 	 1.017314e-06 	 -1000.0000 	 -1000.0000 	 -1000.0000 	 -1000.0000 
	 88.7540 	 6.284576e-05 	 130.8329 	  1.2463 	 3.482211e+18 	 3.966978e+16 	 9.999985e-07 	 1.032904e-06 	 -1000.0000 	 -1000.0000 	 -1000.0000 	 -1000.0000 
	 88.9090 	 6.147969e-05 	 130.4750 	  1.2495 	 3.415895e+18 	 3.912159e+16 	 1.005555e-06 	 1.048860e-06 	 -1000.0000 	 -1000.0000 	 -1000.0000 	 -1000.0000 
	 89.0640 	 6.014292e-05 	 130.1196 	  1.2444 	 3.350781e+18 	 3.839500e+16 	 1.011279e-06 	 1.065160e-06 	 -1000.0000 	 -1000.0000 	 -1000.0000 	 -1000.0000 
	 89.5690 	 5.597662e-05 	 128.9465 	  1.1940 	 3.147041e+18 	 3.531256e+16 	 1.031114e-06 	 1.120762e-06 	 -1000.0000 	 -1000.0000 	 -1000.0000 	 -1000.0000 
	 89.7240 	 5.474808e-05 	 128.5645 	  1.1827 	 3.087088e+18 	 3.447219e+16 	 1.037639e-06 	 1.138690e-06 	 -1000.0000 	 -1000.0000 	 -1000.0000 	 -1000.0000 
	 89.8790 	 5.354022e-05 	 128.1662 	  1.1782 	 3.028336e+18 	 3.379352e+16 	 1.044406e-06 	 1.157075e-06 	 -1000.0000 	 -1000.0000 	 -1000.0000 	 -1000.0000 
	 89.9330 	 5.312426e-05 	 128.0238 	  1.1781 	 3.008144e+18 	 3.359117e+16 	 1.046825e-06 	 1.163596e-06 	 -1000.0000 	 -1000.0000 	 -1000.0000 	 -1000.0000 
	 90.0870 	 5.195182e-05 	 127.6079 	  1.1813 	 2.951329e+18 	 3.309571e+16 	 1.053908e-06 	 1.182540e-06 	 -1000.0000 	 -1000.0000 	 -1000.0000 	 -1000.0000 
	 90.5510 	 4.854355e-05 	 126.2792 	  1.2099 	 2.786751e+18 	 3.208199e+16 	 1.077108e-06 	 1.243128e-06 	 -1000.0000 	 -1000.0000 	 -1000.0000 	 -1000.0000 
	 90.5930 	 4.824431e-05 	 126.1541 	  1.2130 	 2.772324e+18 	 3.200745e+16 	 1.079361e-06 	 1.248900e-06 	 -1000.0000 	 -1000.0000 	 -1000.0000 	 -1000.0000 
	 90.7470 	 4.716034e-05 	 125.6899 	  1.2243 	 2.720063e+18 	 3.173257e+16 	 1.087860e-06 	 1.270510e-06 	 -1000.0000 	 -1000.0000 	 -1000.0000 	 -1000.0000 
	 90.9020 	 4.609040e-05 	 125.2146 	  1.2341 	 2.668452e+18 	 3.143154e+16 	 1.096811e-06 	 1.293004e-06 	 -1000.0000 	 -1000.0000 	 -1000.0000 	 -1000.0000 
	 91.0570 	 4.504168e-05 	 124.7327 	  1.2411 	 2.617802e+18 	 3.107736e+16 	 1.106179e-06 	 1.316283e-06 	 -1000.0000 	 -1000.0000 	 -1000.0000 	 -1000.0000 
	 91.5720 	 4.170658e-05 	 123.1684 	  1.2528 	 2.454730e+18 	 2.964009e+16 	 1.139491e-06 	 1.398371e-06 	 -1000.0000 	 -1000.0000 	 -1000.0000 	 -1000.0000 
	 91.7270 	 4.074612e-05 	 122.7455 	  1.2600 	 2.406503e+18 	 2.924752e+16 	 1.149768e-06 	 1.424022e-06 	 -1000.0000 	 -1000.0000 	 -1000.0000 	 -1000.0000 
	 91.8810 	 3.981115e-05 	 122.3596 	  1.2710 	 2.358751e+18 	 2.891213e+16 	 1.160010e-06 	 1.449858e-06 	 -1000.0000 	 -1000.0000 	 -1000.0000 	 -1000.0000 
	 91.9270 	 3.953561e-05 	 122.2507 	  1.2748 	 2.344529e+18 	 2.882045e+16 	 1.163092e-06 	 1.457670e-06 	 -1000.0000 	 -1000.0000 	 -1000.0000 	 -1000.0000 
	 92.0810 	 3.862563e-05 	 121.9061 	  1.2892 	 2.297091e+18 	 2.853376e+16 	 1.173549e-06 	 1.484232e-06 	 -1000.0000 	 -1000.0000 	 -1000.0000 	 -1000.0000 
	 92.5430 	 3.601169e-05 	 121.0368 	  1.3361 	 2.157058e+18 	 2.771907e+16 	 1.207292e-06 	 1.569359e-06 	 -1000.0000 	 -1000.0000 	 -1000.0000 	 -1000.0000 
	 92.5870 	 3.577184e-05 	 120.9653 	  1.3401 	 2.143951e+18 	 2.763398e+16 	 1.210777e-06 	 1.578020e-06 	 -1000.0000 	 -1000.0000 	 -1000.0000 	 -1000.0000 
	 92.7410 	 3.494489e-05 	 120.7281 	  1.3525 	 2.098463e+18 	 2.731072e+16 	 1.223462e-06 	 1.609270e-06 	 -1000.0000 	 -1000.0000 	 -1000.0000 	 -1000.0000 
	 92.8950 	 3.413743e-05 	 120.5095 	  1.3616 	 2.053631e+18 	 2.693536e+16 	 1.237006e-06 	 1.642123e-06 	 -1000.0000 	 -1000.0000 	 -1000.0000 	 -1000.0000 
	 93.0490 	 3.334948e-05 	 120.3073 	  1.3662 	 2.009531e+18 	 2.649164e+16 	 1.251535e-06 	 1.676773e-06 	 -1000.0000 	 -1000.0000 	 -1000.0000 	 -1000.0000 
	 93.5650 	 3.084241e-05 	 119.8347 	  1.3625 	 1.865758e+18 	 2.466098e+16 	 1.306999e-06 	 1.805993e-06 	 -1000.0000 	 -1000.0000 	 -1000.0000 	 -1000.0000 
	 93.7190 	 3.012947e-05 	 119.8003 	  1.3645 	 1.823242e+18 	 2.412042e+16 	 1.325138e-06 	 1.848091e-06 	 -1000.0000 	 -1000.0000 	 -1000.0000 	 -1000.0000 
	 93.8730 	 2.943125e-05 	 119.8296 	  1.3704 	 1.780662e+18 	 2.361662e+16 	 1.343833e-06 	 1.891666e-06 	 -1000.0000 	 -1000.0000 	 -1000.0000 	 -1000.0000 
	 93.9210 	 2.921665e-05 	 119.8513 	  1.3729 	 1.767394e+18 	 2.346522e+16 	 1.349767e-06 	 1.905547e-06 	 -1000.0000 	 -1000.0000 	 -1000.0000 	 -1000.0000 
