	 height_(km) 	 press_(mbar) 	 temp_(K) 	 temperr_(K) 	 numdens_(m-3) 	 numdenserr_(m-3) 	 H2Ovmr_() 	 H2Ovmrerr_() 	 D/H_(VSMOW) 	 D/Herr_(VSMOW) 	 18O/16O_(VSMOW) 	 18O/16Oerr_(VSMOW) 
	 10.7530 	 1.639690e+00 	 180.7382 	  3.0640 	 6.569560e+22 	 1.170063e+21 	 9.900866e-05 	 8.876376e-06 	  4.4362 	  0.7034 	  1.3136 	  0.2323 
	 10.8940 	 1.615016e+00 	 180.4508 	  2.9184 	 6.480493e+22 	 1.105229e+21 	 1.025851e-04 	 8.926561e-06 	  4.3091 	  0.6696 	  1.2629 	  0.2195 
	 11.0350 	 1.590707e+00 	 180.1979 	  2.7798 	 6.391694e+22 	 1.043867e+21 	 1.059646e-04 	 8.929789e-06 	  4.1944 	  0.6383 	  1.2172 	  0.2079 
	 11.1760 	 1.566759e+00 	 179.9783 	  2.6482 	 6.303196e+22 	 9.858711e+20 	 1.091111e-04 	 8.883580e-06 	  4.0909 	  0.6094 	  1.1761 	  0.1973 
	 11.3170 	 1.543167e+00 	 179.7908 	  2.5232 	 6.215030e+22 	 9.311348e+20 	 1.119909e-04 	 8.786472e-06 	  3.9980 	  0.5827 	  1.1392 	  0.1875 
	 13.2060 	 1.259480e+00 	 179.7653 	  1.4073 	 5.081876e+22 	 4.593157e+20 	 1.248683e-04 	 5.468711e-06 	  3.4756 	  0.4102 	  0.9184 	  0.1193 
	 13.3470 	 1.240569e+00 	 179.9039 	  1.3593 	 5.002068e+22 	 4.396721e+20 	 1.257115e-04 	 5.269225e-06 	  3.4750 	  0.3937 	  0.9156 	  0.1145 
	 13.4870 	 1.222082e+00 	 180.0547 	  1.3155 	 4.923646e+22 	 4.217665e+20 	 1.266770e-04 	 5.098341e-06 	  3.4781 	  0.3761 	  0.9141 	  0.1098 
	 13.6280 	 1.203752e+00 	 180.2184 	  1.2752 	 4.845521e+22 	 4.052369e+20 	 1.277716e-04 	 4.939123e-06 	  3.4846 	  0.3576 	  0.9137 	  0.1050 
	 13.7680 	 1.185834e+00 	 180.3918 	  1.2389 	 4.768833e+22 	 3.902128e+20 	 1.285914e-04 	 4.846422e-06 	  3.4944 	  0.3437 	  0.9144 	  0.1016 
	 15.6430 	 9.709819e-01 	 183.1676 	  1.0145 	 3.841355e+22 	 2.720839e+20 	 1.224920e-04 	 4.974793e-06 	  3.8599 	  0.2960 	  0.9970 	  0.0881 
	 15.7820 	 9.567781e-01 	 183.3753 	  1.0119 	 3.780615e+22 	 2.666134e+20 	 1.209394e-04 	 4.971080e-06 	  3.9004 	  0.2984 	  1.0068 	  0.0885 
	 15.9220 	 9.426958e-01 	 183.5833 	  1.0106 	 3.720525e+22 	 2.613869e+20 	 1.192832e-04 	 4.969820e-06 	  3.9425 	  0.3016 	  1.0171 	  0.0892 
	 16.0620 	 9.288349e-01 	 183.7899 	  1.0107 	 3.661507e+22 	 2.564316e+20 	 1.176397e-04 	 5.203129e-06 	  3.9858 	  0.3156 	  1.0277 	  0.0924 
	 16.2010 	 9.152889e-01 	 183.9936 	  1.0119 	 3.603953e+22 	 2.517666e+20 	 1.160103e-04 	 5.417476e-06 	  4.0298 	  0.3306 	  1.0384 	  0.0958 
	 20.4760 	 5.876598e-01 	 189.3697 	  1.1514 	 2.249468e+22 	 1.632367e+20 	 9.467940e-05 	 6.057970e-06 	  5.3397 	  0.5710 	  1.2928 	  0.1525 
	 20.6150 	 5.793933e-01 	 189.5204 	  1.1460 	 2.215995e+22 	 1.601902e+20 	 9.652743e-05 	 6.117782e-06 	  5.3608 	  0.5689 	  1.2920 	  0.1514 
	 20.7540 	 5.712509e-01 	 189.6740 	  1.1400 	 2.183019e+22 	 1.571136e+20 	 9.864905e-05 	 6.178744e-06 	  5.3794 	  0.5651 	  1.2904 	  0.1499 
	 20.8940 	 5.631738e-01 	 189.8328 	  1.1335 	 2.150296e+22 	 1.539971e+20 	 1.010730e-04 	 6.240995e-06 	  5.3959 	  0.5597 	  1.2879 	  0.1479 
	 21.0330 	 5.552757e-01 	 189.9954 	  1.1268 	 2.118280e+22 	 1.508977e+20 	 1.037747e-04 	 6.303288e-06 	  5.4097 	  0.5527 	  1.2845 	  0.1456 
	 22.9090 	 4.596900e-01 	 193.1257 	  1.0603 	 1.726115e+22 	 1.145684e+20 	 1.683257e-04 	 7.031413e-06 	  5.3771 	  0.4013 	  1.1979 	  0.0975 
	 23.0480 	 4.533634e-01 	 193.4336 	  1.0599 	 1.699747e+22 	 1.125561e+20 	 1.744912e-04 	 7.073912e-06 	  5.3606 	  0.3973 	  1.1916 	  0.0945 
	 23.1870 	 4.471329e-01 	 193.7459 	  1.0600 	 1.673762e+22 	 1.106293e+20 	 1.806046e-04 	 7.117160e-06 	  5.3424 	  0.3925 	  1.1858 	  0.0917 
	 23.3260 	 4.409969e-01 	 194.0605 	  1.0606 	 1.648169e+22 	 1.087821e+20 	 1.865988e-04 	 7.161963e-06 	  5.3225 	  0.3862 	  1.1804 	  0.0892 
	 23.4640 	 4.349968e-01 	 194.3734 	  1.0615 	 1.623153e+22 	 1.070213e+20 	 1.923642e-04 	 7.208827e-06 	  5.3016 	  0.3784 	  1.1757 	  0.0869 
	 25.3220 	 3.623508e-01 	 197.7736 	  1.0845 	 1.327749e+22 	 8.762732e+19 	 2.318658e-04 	 8.588105e-06 	  5.0961 	  0.3212 	  1.1622 	  0.0824 
	 25.4610 	 3.574709e-01 	 197.9289 	  1.0855 	 1.308780e+22 	 8.634875e+19 	 2.309763e-04 	 8.664947e-06 	  5.0986 	  0.3243 	  1.1640 	  0.0830 
	 25.5990 	 3.526960e-01 	 198.0711 	  1.0864 	 1.290329e+22 	 8.509734e+19 	 2.296030e-04 	 8.713740e-06 	  5.1048 	  0.3273 	  1.1661 	  0.0837 
	 25.7380 	 3.479557e-01 	 198.2033 	  1.0873 	 1.272114e+22 	 8.385522e+19 	 2.277764e-04 	 8.727392e-06 	  5.1149 	  0.3298 	  1.1684 	  0.0842 
	 25.8760 	 3.433170e-01 	 198.3247 	  1.0880 	 1.254383e+22 	 8.264051e+19 	 2.255868e-04 	 8.700732e-06 	  5.1284 	  0.3315 	  1.1709 	  0.0846 
	 27.7450 	 2.865345e-01 	 199.4664 	  1.0976 	 1.041624e+22 	 6.812759e+19 	 1.969336e-04 	 8.214990e-06 	  5.3856 	  0.3611 	  1.1846 	  0.0891 
	 27.8830 	 2.827480e-01 	 199.5355 	  1.0987 	 1.027532e+22 	 6.720398e+19 	 1.965299e-04 	 8.206631e-06 	  5.3887 	  0.3614 	  1.1820 	  0.0890 
	 28.0210 	 2.790128e-01 	 199.6019 	  1.1000 	 1.013641e+22 	 6.630022e+19 	 1.964744e-04 	 8.200390e-06 	  5.3870 	  0.3609 	  1.1787 	  0.0887 
	 28.1600 	 2.753015e-01 	 199.6657 	  1.1014 	 9.998494e+21 	 6.540978e+19 	 1.967659e-04 	 8.196507e-06 	  5.3805 	  0.3597 	  1.1747 	  0.0882 
	 28.2980 	 2.716669e-01 	 199.7255 	  1.1029 	 9.863559e+21 	 6.454527e+19 	 1.973913e-04 	 8.195195e-06 	  5.3692 	  0.3579 	  1.1701 	  0.0876 
	 30.1480 	 2.273549e-01 	 199.9970 	  1.1400 	 8.239041e+21 	 5.471347e+19 	 2.242803e-04 	 8.982586e-06 	  5.0336 	  0.3216 	  1.1068 	  0.0785 
	 30.2860 	 2.243536e-01 	 199.9776 	  1.1438 	 8.130741e+21 	 5.409063e+19 	 2.266374e-04 	 9.375471e-06 	  5.0172 	  0.3281 	  1.1057 	  0.0798 
	 30.4240 	 2.213920e-01 	 199.9564 	  1.1476 	 8.024005e+21 	 5.347721e+19 	 2.288111e-04 	 9.744801e-06 	  5.0049 	  0.3347 	  1.1057 	  0.0811 
	 30.5620 	 2.184697e-01 	 199.9344 	  1.1514 	 7.918781e+21 	 5.287179e+19 	 2.307696e-04 	 1.006774e-05 	  4.9968 	  0.3410 	  1.1067 	  0.0825 
	 30.6990 	 2.156071e-01 	 199.9130 	  1.1551 	 7.815763e+21 	 5.227724e+19 	 2.324763e-04 	 1.032458e-05 	  4.9930 	  0.3462 	  1.1087 	  0.0836 
	 32.5550 	 1.804061e-01 	 200.1513 	  1.1794 	 6.536485e+21 	 4.418832e+19 	 2.361793e-04 	 9.378439e-06 	  5.1635 	  0.3317 	  1.1897 	  0.0823 
	 32.6920 	 1.780558e-01 	 200.2206 	  1.1788 	 6.449467e+21 	 4.356658e+19 	 2.355453e-04 	 9.218448e-06 	  5.1751 	  0.3291 	  1.1955 	  0.0817 
	 32.8290 	 1.757370e-01 	 200.2924 	  1.1781 	 6.363488e+21 	 4.294568e+19 	 2.348994e-04 	 9.095301e-06 	  5.1842 	  0.3272 	  1.2008 	  0.0813 
	 32.9650 	 1.734657e-01 	 200.3647 	  1.1773 	 6.279186e+21 	 4.233161e+19 	 2.342639e-04 	 9.020876e-06 	  5.1907 	  0.3263 	  1.2054 	  0.0812 
	 33.1020 	 1.712080e-01 	 200.4372 	  1.1764 	 6.195341e+21 	 4.171683e+19 	 2.336340e-04 	 8.999708e-06 	  5.1945 	  0.3267 	  1.2093 	  0.0812 
	 34.9580 	 1.433503e-01 	 200.6605 	  1.1881 	 5.176045e+21 	 3.449150e+19 	 2.105677e-04 	 9.764153e-06 	  5.1531 	  0.3898 	  1.2273 	  0.0949 
	 35.0940 	 1.414914e-01 	 200.5873 	  1.1918 	 5.110181e+21 	 3.407550e+19 	 2.071124e-04 	 9.693379e-06 	  5.1573 	  0.3924 	  1.2287 	  0.0955 
	 35.2310 	 1.396425e-01 	 200.5014 	  1.1959 	 5.044972e+21 	 3.367108e+19 	 2.034182e-04 	 9.598598e-06 	  5.1643 	  0.3944 	  1.2306 	  0.0960 
	 35.3670 	 1.378300e-01 	 200.4047 	  1.2002 	 4.981343e+21 	 3.328345e+19 	 1.995659e-04 	 9.482852e-06 	  5.1739 	  0.3960 	  1.2328 	  0.0963 
	 35.5040 	 1.360271e-01 	 200.2963 	  1.2048 	 4.918333e+21 	 3.290618e+19 	 1.955256e-04 	 9.345158e-06 	  5.1862 	  0.3972 	  1.2354 	  0.0966 
	 39.8410 	 8.928609e-02 	 194.1872 	  1.2945 	 3.333683e+21 	 2.368695e+19 	 1.121229e-04 	 6.727281e-06 	  5.6214 	  0.5608 	  1.2293 	  0.1302 
	 39.9770 	 8.809740e-02 	 194.0079 	  1.2908 	 3.292330e+21 	 2.337361e+19 	 1.131506e-04 	 6.725672e-06 	  5.5920 	  0.5560 	  1.2184 	  0.1287 
	 40.1130 	 8.692351e-02 	 193.8355 	  1.2869 	 3.251316e+21 	 2.305923e+19 	 1.144946e-04 	 6.722823e-06 	  5.5578 	  0.5494 	  1.2064 	  0.1267 
	 40.2490 	 8.576434e-02 	 193.6704 	  1.2829 	 3.210640e+21 	 2.274484e+19 	 1.161508e-04 	 6.718318e-06 	  5.5191 	  0.5412 	  1.1936 	  0.1245 
	 40.3860 	 8.461146e-02 	 193.5122 	  1.2789 	 3.170007e+21 	 2.242917e+19 	 1.181278e-04 	 6.711596e-06 	  5.4760 	  0.5314 	  1.1799 	  0.1218 
	 42.2140 	 7.061397e-02 	 192.4188 	  1.2593 	 2.660853e+21 	 1.880301e+19 	 1.615441e-04 	 6.250248e-06 	  4.8817 	  0.3635 	  1.0109 	  0.0805 
	 42.3500 	 6.967131e-02 	 192.4099 	  1.2620 	 2.625555e+21 	 1.859748e+19 	 1.647340e-04 	 6.195460e-06 	  4.8619 	  0.3552 	  1.0050 	  0.0786 
	 42.4860 	 6.874134e-02 	 192.4048 	  1.2652 	 2.590662e+21 	 1.839960e+19 	 1.676704e-04 	 6.142190e-06 	  4.8481 	  0.3624 	  1.0007 	  0.0769 
	 42.6210 	 6.783052e-02 	 192.4018 	  1.2686 	 2.556439e+21 	 1.821013e+19 	 1.702882e-04 	 6.091803e-06 	  4.8403 	  0.3702 	  0.9979 	  0.0756 
	 42.7570 	 6.692514e-02 	 192.3992 	  1.2724 	 2.522391e+21 	 1.802562e+19 	 1.725829e-04 	 6.044479e-06 	  4.8385 	  0.3777 	  0.9965 	  0.0745 
	 44.5970 	 5.576345e-02 	 191.5662 	  1.3254 	 2.109774e+21 	 1.585092e+19 	 1.703859e-04 	 5.669100e-06 	  5.1264 	  0.4062 	  1.0669 	  0.0793 
	 44.7330 	 5.501169e-02 	 191.4108 	  1.3279 	 2.082961e+21 	 1.569708e+19 	 1.684207e-04 	 5.636243e-06 	  5.1482 	  0.4042 	  1.0731 	  0.0803 
	 44.8680 	 5.427481e-02 	 191.2462 	  1.3301 	 2.056788e+21 	 1.554458e+19 	 1.663535e-04 	 5.599485e-06 	  5.1669 	  0.4017 	  1.0787 	  0.0813 
	 45.0030 	 5.354715e-02 	 191.0724 	  1.3322 	 2.031038e+21 	 1.539229e+19 	 1.641992e-04 	 5.558565e-06 	  5.1823 	  0.3984 	  1.0835 	  0.0822 
	 45.1390 	 5.282333e-02 	 190.8891 	  1.3340 	 2.005507e+21 	 1.523909e+19 	 1.619689e-04 	 5.513234e-06 	  5.1940 	  0.3940 	  1.0875 	  0.0831 
	 46.9610 	 4.397520e-02 	 188.1905 	  1.3434 	 1.694144e+21 	 1.320973e+19 	 1.349567e-04 	 4.752039e-06 	  5.0869 	  0.4035 	  1.0790 	  0.0900 
	 47.0960 	 4.337911e-02 	 188.0049 	  1.3432 	 1.672834e+21 	 1.306134e+19 	 1.335756e-04 	 4.700679e-06 	  5.0708 	  0.4045 	  1.0759 	  0.0902 
	 47.2300 	 4.279508e-02 	 187.8249 	  1.3430 	 1.651891e+21 	 1.291439e+19 	 1.323107e-04 	 4.651977e-06 	  5.0555 	  0.4055 	  1.0728 	  0.0904 
	 47.3650 	 4.221430e-02 	 187.6479 	  1.3426 	 1.631001e+21 	 1.276668e+19 	 1.311364e-04 	 4.605288e-06 	  5.0413 	  0.4064 	  1.0698 	  0.0906 
	 47.5000 	 4.164106e-02 	 187.4756 	  1.3421 	 1.610320e+21 	 1.261934e+19 	 1.300545e-04 	 4.561038e-06 	  5.0284 	  0.4073 	  1.0671 	  0.0907 
	 49.3270 	 3.457769e-02 	 185.7047 	  1.3270 	 1.349878e+21 	 1.066985e+19 	 1.199159e-04 	 4.158345e-06 	  5.0431 	  0.4285 	  1.0604 	  0.0946 
	 49.4610 	 3.410733e-02 	 185.6166 	  1.3255 	 1.332162e+21 	 1.053194e+19 	 1.192222e-04 	 4.139479e-06 	  5.0604 	  0.4312 	  1.0628 	  0.0951 
	 49.5950 	 3.364312e-02 	 185.5325 	  1.3240 	 1.314638e+21 	 1.039527e+19 	 1.185080e-04 	 4.121596e-06 	  5.0803 	  0.4421 	  1.0658 	  0.0957 
	 49.7290 	 3.318498e-02 	 185.4519 	  1.3225 	 1.297309e+21 	 1.025997e+19 	 1.177752e-04 	 4.104620e-06 	  5.1027 	  0.4570 	  1.0692 	  0.0962 
	 49.8630 	 3.273287e-02 	 185.3744 	  1.3211 	 1.280177e+21 	 1.012618e+19 	 1.170276e-04 	 4.088482e-06 	  5.1274 	  0.4716 	  1.0730 	  0.0969 
	 51.6800 	 2.716352e-02 	 184.3791 	  1.3160 	 1.067950e+21 	 8.524228e+18 	 1.092592e-04 	 3.934479e-06 	  5.5125 	  0.6087 	  1.1364 	  0.1061 
	 51.8140 	 2.679170e-02 	 184.3002 	  1.3169 	 1.053776e+21 	 8.423426e+18 	 1.091139e-04 	 3.927359e-06 	  5.5300 	  0.6126 	  1.1396 	  0.1066 
	 51.9480 	 2.642487e-02 	 184.2213 	  1.3178 	 1.039789e+21 	 8.324444e+18 	 1.090509e-04 	 3.920783e-06 	  5.5441 	  0.6154 	  1.1422 	  0.1070 
	 52.0810 	 2.606565e-02 	 184.1433 	  1.3189 	 1.026086e+21 	 8.227821e+18 	 1.090667e-04 	 3.914750e-06 	  5.5546 	  0.6170 	  1.1442 	  0.1074 
	 52.2150 	 2.570858e-02 	 184.0656 	  1.3200 	 1.012458e+21 	 8.131924e+18 	 1.091569e-04 	 3.909115e-06 	  5.5617 	  0.6174 	  1.1457 	  0.1078 
	 54.0400 	 2.129422e-02 	 183.2654 	  1.3254 	 8.423258e+20 	 6.880276e+18 	 1.119416e-04 	 3.848795e-06 	  5.4956 	  0.5509 	  1.1407 	  0.1113 
	 54.1740 	 2.100086e-02 	 183.2385 	  1.3245 	 8.308377e+20 	 6.787968e+18 	 1.118036e-04 	 3.844115e-06 	  5.4937 	  0.5452 	  1.1410 	  0.1118 
	 54.3080 	 2.071150e-02 	 183.2176 	  1.3233 	 8.194779e+20 	 6.695605e+18 	 1.115620e-04 	 3.839247e-06 	  5.4941 	  0.5399 	  1.1417 	  0.1125 
	 54.4410 	 2.042822e-02 	 183.2030 	  1.3220 	 8.083287e+20 	 6.603932e+18 	 1.112158e-04 	 3.834225e-06 	  5.4970 	  0.5354 	  1.1429 	  0.1132 
	 54.5750 	 2.014675e-02 	 183.1948 	  1.3205 	 7.972217e+20 	 6.511626e+18 	 1.107583e-04 	 3.828967e-06 	  5.5025 	  0.5316 	  1.1445 	  0.1140 
	 56.3770 	 1.672892e-02 	 183.8466 	  1.2840 	 6.597122e+20 	 5.304142e+18 	 9.721713e-05 	 3.728046e-06 	  5.7714 	  0.6082 	  1.2025 	  0.1472 
	 56.5090 	 1.650402e-02 	 183.9489 	  1.2804 	 6.504913e+20 	 5.220226e+18 	 9.594876e-05 	 3.717672e-06 	  5.8004 	  0.6165 	  1.2082 	  0.1508 
	 56.6420 	 1.628067e-02 	 184.0565 	  1.2767 	 6.413201e+20 	 5.136582e+18 	 9.466529e-05 	 3.706812e-06 	  5.8302 	  0.6250 	  1.2140 	  0.1545 
	 56.7750 	 1.606052e-02 	 184.1678 	  1.2730 	 6.322696e+20 	 5.053906e+18 	 9.338271e-05 	 3.695574e-06 	  5.8605 	  0.6337 	  1.2198 	  0.1582 
	 56.9080 	 1.584351e-02 	 184.2820 	  1.2692 	 6.233407e+20 	 4.972250e+18 	 9.210714e-05 	 3.684000e-06 	  5.8910 	  0.6425 	  1.2256 	  0.1619 
	 58.7270 	 1.316037e-02 	 185.6906 	  1.2179 	 5.138010e+20 	 3.985436e+18 	 7.737274e-05 	 3.529626e-06 	  6.3280 	  0.7698 	  1.3017 	  0.2138 
	 58.8590 	 1.298436e-02 	 185.7490 	  1.2145 	 5.067778e+20 	 3.924602e+18 	 7.660122e-05 	 3.521752e-06 	  6.3616 	  0.7792 	  1.3072 	  0.2177 
	 58.9920 	 1.280937e-02 	 185.7972 	  1.2112 	 4.998262e+20 	 3.864794e+18 	 7.587446e-05 	 3.514670e-06 	  6.3958 	  0.7886 	  1.3128 	  0.2217 
	 59.1250 	 1.263672e-02 	 185.8339 	  1.2080 	 4.929991e+20 	 3.806465e+18 	 7.519868e-05 	 3.508494e-06 	 -1000.0000 	 -1000.0000 	 -1000.0000 	 -1000.0000 
	 59.2580 	 1.246636e-02 	 185.8581 	  1.2048 	 4.862960e+20 	 3.749600e+18 	 7.457375e-05 	 3.503265e-06 	 -1000.0000 	 -1000.0000 	 -1000.0000 	 -1000.0000 
	 61.0530 	 1.037585e-02 	 184.5422 	  1.1699 	 4.075241e+20 	 3.117693e+18 	 7.095555e-05 	 3.526080e-06 	 -1000.0000 	 -1000.0000 	 -1000.0000 	 -1000.0000 
	 61.1850 	 1.023628e-02 	 184.3150 	  1.1680 	 4.025250e+20 	 3.080200e+18 	 7.103241e-05 	 3.534343e-06 	 -1000.0000 	 -1000.0000 	 -1000.0000 	 -1000.0000 
	 61.3170 	 1.009851e-02 	 184.0744 	  1.1661 	 3.976163e+20 	 3.043691e+18 	 7.115120e-05 	 3.543405e-06 	 -1000.0000 	 -1000.0000 	 -1000.0000 	 -1000.0000 
	 61.4490 	 9.962495e-03 	 183.8215 	  1.1643 	 3.927936e+20 	 3.008109e+18 	 7.130923e-05 	 3.553209e-06 	 -1000.0000 	 -1000.0000 	 -1000.0000 	 -1000.0000 
	 61.5810 	 9.828216e-03 	 183.5578 	  1.1626 	 3.880524e+20 	 2.973395e+18 	 7.150367e-05 	 3.563692e-06 	 -1000.0000 	 -1000.0000 	 -1000.0000 	 -1000.0000 
	 63.3860 	 8.151604e-03 	 179.5519 	  1.1471 	 3.291727e+20 	 2.556385e+18 	 7.553457e-05 	 3.745113e-06 	 -1000.0000 	 -1000.0000 	 -1000.0000 	 -1000.0000 
	 63.5180 	 8.039722e-03 	 179.2641 	  1.1463 	 3.251825e+20 	 2.528346e+18 	 7.575682e-05 	 3.758996e-06 	 -1000.0000 	 -1000.0000 	 -1000.0000 	 -1000.0000 
	 63.6500 	 7.929207e-03 	 178.9774 	  1.1455 	 3.212307e+20 	 2.500508e+18 	 7.594886e-05 	 3.772682e-06 	 -1000.0000 	 -1000.0000 	 -1000.0000 	 -1000.0000 
	 63.7810 	 7.820865e-03 	 178.6939 	  1.1447 	 3.173470e+20 	 2.473064e+18 	 7.610796e-05 	 3.786038e-06 	 -1000.0000 	 -1000.0000 	 -1000.0000 	 -1000.0000 
	 63.9130 	 7.713026e-03 	 178.4087 	  1.1438 	 3.134723e+20 	 2.445579e+18 	 7.623530e-05 	 3.799238e-06 	 -1000.0000 	 -1000.0000 	 -1000.0000 	 -1000.0000 
	 65.7060 	 6.372658e-03 	 174.4528 	  1.1172 	 2.647745e+20 	 2.081643e+18 	 7.507672e-05 	 3.927641e-06 	 -1000.0000 	 -1000.0000 	 -1000.0000 	 -1000.0000 
	 65.8380 	 6.282610e-03 	 174.1540 	  1.1139 	 2.614741e+20 	 2.055347e+18 	 7.482729e-05 	 3.931758e-06 	 -1000.0000 	 -1000.0000 	 -1000.0000 	 -1000.0000 
	 65.9700 	 6.193686e-03 	 173.8562 	  1.1105 	 2.582090e+20 	 2.029187e+18 	 7.456428e-05 	 3.935065e-06 	 -1000.0000 	 -1000.0000 	 -1000.0000 	 -1000.0000 
	 66.1010 	 6.106534e-03 	 173.5624 	  1.1071 	 2.550027e+20 	 2.003380e+18 	 7.429180e-05 	 3.937569e-06 	 -1000.0000 	 -1000.0000 	 -1000.0000 	 -1000.0000 
	 66.2330 	 6.019815e-03 	 173.2687 	  1.1036 	 2.518051e+20 	 1.977555e+18 	 7.400763e-05 	 3.939341e-06 	 -1000.0000 	 -1000.0000 	 -1000.0000 	 -1000.0000 
	 68.0290 	 4.943951e-03 	 169.7985 	  1.0658 	 2.111305e+20 	 1.654904e+18 	 7.030425e-05 	 3.928610e-06 	 -1000.0000 	 -1000.0000 	 -1000.0000 	 -1000.0000 
	 68.1610 	 4.872127e-03 	 169.5853 	  1.0644 	 2.083339e+20 	 1.633917e+18 	 7.011814e-05 	 3.928120e-06 	 -1000.0000 	 -1000.0000 	 -1000.0000 	 -1000.0000 
	 68.2920 	 4.801776e-03 	 169.3748 	  1.0632 	 2.055878e+20 	 1.613492e+18 	 6.995203e-05 	 3.927916e-06 	 -1000.0000 	 -1000.0000 	 -1000.0000 	 -1000.0000 
	 68.4230 	 4.732340e-03 	 169.1641 	  1.0622 	 2.028721e+20 	 1.593470e+18 	 6.980463e-05 	 3.927989e-06 	 -1000.0000 	 -1000.0000 	 -1000.0000 	 -1000.0000 
	 68.5550 	 4.663288e-03 	 168.9504 	  1.0613 	 2.001675e+20 	 1.573704e+18 	 6.967504e-05 	 3.928327e-06 	 -1000.0000 	 -1000.0000 	 -1000.0000 	 -1000.0000 
	 70.3320 	 3.817971e-03 	 165.3039 	  1.0647 	 1.673882e+20 	 1.347793e+18 	 6.920661e-05 	 3.927498e-06 	 -1000.0000 	 -1000.0000 	 -1000.0000 	 -1000.0000 
	 70.4630 	 3.761491e-03 	 164.9599 	  1.0655 	 1.652488e+20 	 1.333713e+18 	 6.920495e-05 	 3.924658e-06 	 -1000.0000 	 -1000.0000 	 -1000.0000 	 -1000.0000 
	 70.5940 	 3.705763e-03 	 164.6105 	  1.0663 	 1.631411e+20 	 1.319829e+18 	 6.919401e-05 	 3.921138e-06 	 -1000.0000 	 -1000.0000 	 -1000.0000 	 -1000.0000 
	 70.7250 	 3.650777e-03 	 164.2571 	  1.0670 	 1.610631e+20 	 1.306098e+18 	 6.917031e-05 	 3.916900e-06 	 -1000.0000 	 -1000.0000 	 -1000.0000 	 -1000.0000 
	 70.8560 	 3.596525e-03 	 163.9014 	  1.0676 	 1.590129e+20 	 1.292481e+18 	 6.913040e-05 	 3.911915e-06 	 -1000.0000 	 -1000.0000 	 -1000.0000 	 -1000.0000 
	 72.6460 	 2.923821e-03 	 159.6219 	  1.0503 	 1.328095e+20 	 1.097772e+18 	 6.581767e-05 	 3.940012e-06 	 -1000.0000 	 -1000.0000 	 -1000.0000 	 -1000.0000 
	 72.7760 	 2.879639e-03 	 159.3936 	  1.0468 	 1.309915e+20 	 1.082266e+18 	 6.537986e-05 	 3.966413e-06 	 -1000.0000 	 -1000.0000 	 -1000.0000 	 -1000.0000 
	 72.9070 	 2.835727e-03 	 159.1755 	  1.0430 	 1.291712e+20 	 1.066545e+18 	 6.490311e-05 	 3.987740e-06 	 -1000.0000 	 -1000.0000 	 -1000.0000 	 -1000.0000 
	 73.0370 	 2.792752e-03 	 158.9705 	  1.0392 	 1.273772e+20 	 1.050883e+18 	 6.439873e-05 	 4.004006e-06 	 -1000.0000 	 -1000.0000 	 -1000.0000 	 -1000.0000 
	 73.1680 	 2.750046e-03 	 158.7751 	  1.0352 	 1.255824e+20 	 1.035076e+18 	 6.386308e-05 	 4.015741e-06 	 -1000.0000 	 -1000.0000 	 -1000.0000 	 -1000.0000 
	 74.9390 	 2.229478e-03 	 157.0402 	  0.9889 	 1.029313e+20 	 8.362987e+17 	 5.621955e-05 	 3.882090e-06 	 -1000.0000 	 -1000.0000 	 -1000.0000 	 -1000.0000 
	 75.0690 	 2.195225e-03 	 156.9563 	  0.9870 	 1.014075e+20 	 8.236906e+17 	 5.573592e-05 	 3.861123e-06 	 -1000.0000 	 -1000.0000 	 -1000.0000 	 -1000.0000 
	 75.1990 	 2.161476e-03 	 156.8729 	  0.9852 	 9.990469e+19 	 8.113717e+17 	 5.525869e-05 	 3.839377e-06 	 -1000.0000 	 -1000.0000 	 -1000.0000 	 -1000.0000 
	 75.3290 	 2.128225e-03 	 156.7886 	  0.9837 	 9.842320e+19 	 7.993357e+17 	 5.478493e-05 	 3.816922e-06 	 -1000.0000 	 -1000.0000 	 -1000.0000 	 -1000.0000 
	 75.4590 	 2.095465e-03 	 156.7022 	  0.9823 	 9.696332e+19 	 7.875765e+17 	 5.431179e-05 	 3.793829e-06 	 -1000.0000 	 -1000.0000 	 -1000.0000 	 -1000.0000 
	 77.2350 	 1.693006e-03 	 154.6813 	  0.9716 	 7.932794e+19 	 6.513874e+17 	 4.654115e-05 	 3.441926e-06 	 -1000.0000 	 -1000.0000 	 -1000.0000 	 -1000.0000 
	 77.3640 	 1.666771e-03 	 154.4449 	  0.9711 	 7.821555e+19 	 6.430321e+17 	 4.583704e-05 	 3.414726e-06 	 -1000.0000 	 -1000.0000 	 -1000.0000 	 -1000.0000 
	 77.4940 	 1.640708e-03 	 154.1952 	  0.9706 	 7.711520e+19 	 6.347890e+17 	 4.511756e-05 	 3.387285e-06 	 -1000.0000 	 -1000.0000 	 -1000.0000 	 -1000.0000 
	 77.6230 	 1.615214e-03 	 153.9367 	  0.9701 	 7.604310e+19 	 6.267788e+17 	 4.439697e-05 	 3.360054e-06 	 -1000.0000 	 -1000.0000 	 -1000.0000 	 -1000.0000 
	 77.7530 	 1.589884e-03 	 153.6658 	  0.9696 	 7.498193e+19 	 6.188706e+17 	 4.366719e-05 	 3.332625e-06 	 -1000.0000 	 -1000.0000 	 -1000.0000 	 -1000.0000 
	 79.5180 	 1.278870e-03 	 149.2610 	  0.9644 	 6.212922e+19 	 5.245706e+17 	 3.503551e-05 	 2.980776e-06 	 -1000.0000 	 -1000.0000 	 -1000.0000 	 -1000.0000 
	 79.6470 	 1.258333e-03 	 148.8981 	  0.9641 	 6.128324e+19 	 5.184543e+17 	 3.459213e-05 	 2.958906e-06 	 -1000.0000 	 -1000.0000 	 -1000.0000 	 -1000.0000 
	 79.7760 	 1.238074e-03 	 148.5288 	  0.9639 	 6.044880e+19 	 5.124349e+17 	 3.417936e-05 	 2.937870e-06 	 -1000.0000 	 -1000.0000 	 -1000.0000 	 -1000.0000 
	 79.9050 	 1.218089e-03 	 148.1528 	  0.9637 	 5.962582e+19 	 5.065122e+17 	 3.379752e-05 	 2.917744e-06 	 -1000.0000 	 -1000.0000 	 -1000.0000 	 -1000.0000 
	 80.0340 	 1.198376e-03 	 147.7697 	  0.9636 	 5.881423e+19 	 5.006858e+17 	 3.344712e-05 	 2.898630e-06 	 -1000.0000 	 -1000.0000 	 -1000.0000 	 -1000.0000 
	 81.8010 	 9.539649e-04 	 141.6590 	  0.9648 	 4.879004e+19 	 4.302423e+17 	 3.276098e-05 	 2.893122e-06 	 -1000.0000 	 -1000.0000 	 -1000.0000 	 -1000.0000 
	 81.9300 	 9.378898e-04 	 141.1738 	  0.9651 	 4.812722e+19 	 4.256311e+17 	 3.294512e-05 	 2.904606e-06 	 -1000.0000 	 -1000.0000 	 -1000.0000 	 -1000.0000 
	 82.0590 	 9.220473e-04 	 140.6957 	  0.9654 	 4.747046e+19 	 4.210373e+17 	 3.314854e-05 	 2.916936e-06 	 -1000.0000 	 -1000.0000 	 -1000.0000 	 -1000.0000 
	 82.1870 	 9.065567e-04 	 140.2316 	  0.9657 	 4.682398e+19 	 4.164828e+17 	 3.336710e-05 	 2.929945e-06 	 -1000.0000 	 -1000.0000 	 -1000.0000 	 -1000.0000 
	 82.3160 	 8.911749e-04 	 139.7774 	  0.9659 	 4.617689e+19 	 4.118829e+17 	 3.360182e-05 	 2.943772e-06 	 -1000.0000 	 -1000.0000 	 -1000.0000 	 -1000.0000 
	 84.0710 	 7.043227e-04 	 136.5438 	  0.9618 	 3.742470e+19 	 3.417034e+17 	 3.699257e-05 	 3.174972e-06 	 -1000.0000 	 -1000.0000 	 -1000.0000 	 -1000.0000 
	 84.2000 	 6.921858e-04 	 136.5871 	  0.9608 	 3.677254e+19 	 3.357807e+17 	 3.717696e-05 	 3.193089e-06 	 -1000.0000 	 -1000.0000 	 -1000.0000 	 -1000.0000 
	 84.3290 	 6.802576e-04 	 136.6636 	  0.9598 	 3.612176e+19 	 3.298001e+17 	 3.734491e-05 	 3.211022e-06 	 -1000.0000 	 -1000.0000 	 -1000.0000 	 -1000.0000 
	 84.4570 	 6.686259e-04 	 136.7701 	  0.9586 	 3.547827e+19 	 3.238245e+17 	 3.749418e-05 	 3.228560e-06 	 -1000.0000 	 -1000.0000 	 -1000.0000 	 -1000.0000 
	 84.5860 	 6.571068e-04 	 136.9060 	  0.9575 	 3.483293e+19 	 3.177765e+17 	 3.762600e-05 	 3.245903e-06 	 -1000.0000 	 -1000.0000 	 -1000.0000 	 -1000.0000 
	 86.3480 	 5.190283e-04 	 140.4183 	  0.9411 	 2.679336e+19 	 2.406976e+17 	 3.699014e-05 	 3.409050e-06 	 -1000.0000 	 -1000.0000 	 -1000.0000 	 -1000.0000 
	 86.4760 	 5.102990e-04 	 140.7088 	  0.9401 	 2.628946e+19 	 2.359284e+17 	 3.674193e-05 	 3.413225e-06 	 -1000.0000 	 -1000.0000 	 -1000.0000 	 -1000.0000 
	 86.6030 	 5.017963e-04 	 140.9913 	  0.9392 	 2.580094e+19 	 2.313225e+17 	 3.646953e-05 	 3.416220e-06 	 -1000.0000 	 -1000.0000 	 -1000.0000 	 -1000.0000 
	 86.7310 	 4.933829e-04 	 141.2681 	  0.9383 	 2.532004e+19 	 2.268060e+17 	 3.616933e-05 	 3.418083e-06 	 -1000.0000 	 -1000.0000 	 -1000.0000 	 -1000.0000 
	 86.8590 	 4.851232e-04 	 141.5350 	  0.9374 	 2.485053e+19 	 2.224147e+17 	 3.584406e-05 	 3.418788e-06 	 -1000.0000 	 -1000.0000 	 -1000.0000 	 -1000.0000 
	 88.6010 	 3.862856e-04 	 143.2386 	  0.9277 	 1.953981e+19 	 1.743972e+17 	 2.941055e-05 	 3.323111e-06 	 -1000.0000 	 -1000.0000 	 -1000.0000 	 -1000.0000 
	 88.7280 	 3.799553e-04 	 143.1909 	  0.9272 	 1.922409e+19 	 1.716665e+17 	 2.886967e-05 	 3.311267e-06 	 -1000.0000 	 -1000.0000 	 -1000.0000 	 -1000.0000 
	 88.8560 	 3.736828e-04 	 143.1252 	  0.9267 	 1.891385e+19 	 1.689987e+17 	 2.833534e-05 	 3.299622e-06 	 -1000.0000 	 -1000.0000 	 -1000.0000 	 -1000.0000 
	 88.9830 	 3.675638e-04 	 143.0444 	  0.9263 	 1.861353e+19 	 1.664306e+17 	 2.782082e-05 	 3.288606e-06 	 -1000.0000 	 -1000.0000 	 -1000.0000 	 -1000.0000 
	 89.1100 	 3.615468e-04 	 142.9503 	  0.9260 	 1.832023e+19 	 1.639359e+17 	 2.732675e-05 	 3.278376e-06 	 -1000.0000 	 -1000.0000 	 -1000.0000 	 -1000.0000 
	 90.8640 	 2.877299e-04 	 141.3436 	  0.9300 	 1.476609e+19 	 1.344295e+17 	 2.501792e-05 	 3.348403e-06 	 -1000.0000 	 -1000.0000 	 -1000.0000 	 -1000.0000 
	 90.9910 	 2.829845e-04 	 141.2501 	  0.9310 	 1.453339e+19 	 1.325180e+17 	 2.526266e-05 	 3.374852e-06 	 -1000.0000 	 -1000.0000 	 -1000.0000 	 -1000.0000 
	 91.1180 	 2.783131e-04 	 141.1572 	  0.9321 	 1.430378e+19 	 1.306330e+17 	 2.555015e-05 	 3.404060e-06 	 -1000.0000 	 -1000.0000 	 -1000.0000 	 -1000.0000 
	 91.2450 	 2.737144e-04 	 141.0637 	  0.9332 	 1.407732e+19 	 1.287752e+17 	 2.587551e-05 	 3.435903e-06 	 -1000.0000 	 -1000.0000 	 -1000.0000 	 -1000.0000 
	 91.3720 	 2.691873e-04 	 140.9684 	  0.9344 	 1.385409e+19 	 1.269453e+17 	 2.623386e-05 	 3.470262e-06 	 -1000.0000 	 -1000.0000 	 -1000.0000 	 -1000.0000 
	 93.1240 	 2.134715e-04 	 138.8300 	  0.9519 	 1.114094e+19 	 1.048451e+17 	 3.204924e-05 	 4.149289e-06 	 -1000.0000 	 -1000.0000 	 -1000.0000 	 -1000.0000 
	 93.2510 	 2.098818e-04 	 138.5964 	  0.9530 	 1.097120e+19 	 1.034729e+17 	 3.244074e-05 	 4.211405e-06 	 -1000.0000 	 -1000.0000 	 -1000.0000 	 -1000.0000 
	 93.3780 	 2.063484e-04 	 138.3568 	  0.9542 	 1.080454e+19 	 1.021266e+17 	 3.283918e-05 	 4.275326e-06 	 -1000.0000 	 -1000.0000 	 -1000.0000 	 -1000.0000 
	 93.5050 	 2.028703e-04 	 138.1129 	  0.9554 	 1.064079e+19 	 1.008048e+17 	 3.324896e-05 	 4.341095e-06 	 -1000.0000 	 -1000.0000 	 -1000.0000 	 -1000.0000 
	 93.6320 	 1.994469e-04 	 137.8661 	  0.9566 	 1.047981e+19 	 9.950593e+16 	 3.367448e-05 	 4.408753e-06 	 -1000.0000 	 -1000.0000 	 -1000.0000 	 -1000.0000 
