	 height_(km) 	 press_(mbar) 	 temp_(K) 	 temperr_(K) 	 numdens_(m-3) 	 numdenserr_(m-3) 	 H2Ovmr_() 	 H2Ovmrerr_() 	 D/H_(VSMOW) 	 D/Herr_(VSMOW) 	 18O/16O_(VSMOW) 	 18O/16Oerr_(VSMOW) 
	 24.1490 	 6.158210e-01 	 218.1884 	  4.9479 	 2.044917e+22 	 4.517881e+20 	 1.693923e-04 	 1.805581e-05 	 -1000.0000 	 -1000.0000 	 -1000.0000 	 -1000.0000 
	 24.2620 	 6.097267e-01 	 218.1065 	  4.7432 	 2.025637e+22 	 4.335150e+20 	 1.643413e-04 	 1.749752e-05 	 -1000.0000 	 -1000.0000 	 -1000.0000 	 -1000.0000 
	 24.3740 	 6.037394e-01 	 218.0202 	  4.5486 	 2.006712e+22 	 4.160854e+20 	 1.596853e-04 	 1.697943e-05 	 -1000.0000 	 -1000.0000 	 -1000.0000 	 -1000.0000 
	 24.4870 	 5.977520e-01 	 217.9282 	  4.3604 	 1.987805e+22 	 3.991743e+20 	 1.553269e-04 	 1.649093e-05 	 -1000.0000 	 -1000.0000 	 -1000.0000 	 -1000.0000 
	 24.6000 	 5.918176e-01 	 217.8314 	  4.1802 	 1.969082e+22 	 3.829263e+20 	 1.512964e-04 	 1.603556e-05 	 -1000.0000 	 -1000.0000 	 -1000.0000 	 -1000.0000 
	 25.9620 	 5.243464e-01 	 216.3275 	  2.5748 	 1.757308e+22 	 2.341465e+20 	 1.247806e-04 	 1.279708e-05 	 -1000.0000 	 -1000.0000 	 -1000.0000 	 -1000.0000 
	 26.0740 	 5.191213e-01 	 216.1799 	  2.4841 	 1.740982e+22 	 2.253589e+20 	 1.241537e-04 	 1.268956e-05 	 -1000.0000 	 -1000.0000 	 -1000.0000 	 -1000.0000 
	 26.1870 	 5.138977e-01 	 216.0279 	  2.3981 	 1.724669e+22 	 2.169589e+20 	 1.237237e-04 	 1.260152e-05 	 -1000.0000 	 -1000.0000 	 -1000.0000 	 -1000.0000 
	 26.2990 	 5.087677e-01 	 215.8743 	  2.3182 	 1.708657e+22 	 2.090817e+20 	 1.234907e-04 	 1.253365e-05 	 -1000.0000 	 -1000.0000 	 -1000.0000 	 -1000.0000 
	 26.4110 	 5.036847e-01 	 215.7178 	  2.2435 	 1.692799e+22 	 2.016374e+20 	 1.234422e-04 	 1.248418e-05 	 -1000.0000 	 -1000.0000 	 -1000.0000 	 -1000.0000 
	 27.7750 	 4.454205e-01 	 213.6306 	  1.6809 	 1.511365e+22 	 1.405833e+20 	 1.347186e-04 	 1.299237e-05 	  3.4823 	  0.9534 	 -1000.0000 	 -1000.0000 
	 27.8870 	 4.409250e-01 	 213.4480 	  1.6580 	 1.497374e+22 	 1.375802e+20 	 1.363681e-04 	 1.309351e-05 	  3.4868 	  0.9438 	 -1000.0000 	 -1000.0000 
	 27.9990 	 4.364718e-01 	 213.2643 	  1.6378 	 1.483513e+22 	 1.348182e+20 	 1.380881e-04 	 1.319859e-05 	  3.4923 	  0.9341 	 -1000.0000 	 -1000.0000 
	 28.1100 	 4.320998e-01 	 213.0813 	  1.6203 	 1.469901e+22 	 1.323056e+20 	 1.398542e-04 	 1.330558e-05 	  3.4987 	  0.9243 	 -1000.0000 	 -1000.0000 
	 28.2220 	 4.277297e-01 	 212.8957 	  1.6050 	 1.456293e+22 	 1.299836e+20 	 1.416901e-04 	 1.341536e-05 	  3.5061 	  0.9144 	 -1000.0000 	 -1000.0000 
	 31.3800 	 3.202841e-01 	 207.7908 	  1.4732 	 1.117430e+22 	 9.783052e+19 	 1.805441e-04 	 1.292197e-05 	  3.9825 	  0.5710 	  0.9911 	  0.1530 
	 31.4910 	 3.170138e-01 	 207.6320 	  1.4614 	 1.106866e+22 	 9.641224e+19 	 1.801178e-04 	 1.266747e-05 	  4.0044 	  0.5598 	  0.9965 	  0.1489 
	 31.6030 	 3.137457e-01 	 207.4740 	  1.4493 	 1.096288e+22 	 9.496487e+19 	 1.794651e-04 	 1.239527e-05 	  4.0265 	  0.5487 	  1.0020 	  0.1447 
	 31.7140 	 3.105376e-01 	 207.3197 	  1.4372 	 1.085884e+22 	 9.352376e+19 	 1.785949e-04 	 1.211315e-05 	  4.0485 	  0.5379 	  1.0075 	  0.1406 
	 31.8250 	 3.073599e-01 	 207.1678 	  1.4252 	 1.075558e+22 	 9.208549e+19 	 1.775053e-04 	 1.182273e-05 	  4.0706 	  0.5275 	  1.0130 	  0.1374 
	 33.1900 	 2.706503e-01 	 205.5053 	  1.3278 	 9.547490e+21 	 7.760485e+19 	 1.497066e-04 	 8.045092e-06 	  4.3609 	  0.4345 	  1.0871 	  0.1143 
	 33.3010 	 2.678504e-01 	 205.3857 	  1.3245 	 9.454222e+21 	 7.673793e+19 	 1.469288e-04 	 7.716127e-06 	  4.3863 	  0.4286 	  1.0935 	  0.1129 
	 33.4130 	 2.650528e-01 	 205.2669 	  1.3217 	 9.360885e+21 	 7.589374e+19 	 1.441786e-04 	 7.378852e-06 	  4.4123 	  0.4227 	  1.1001 	  0.1114 
	 33.5240 	 2.623071e-01 	 205.1509 	  1.3191 	 9.269149e+21 	 7.508280e+19 	 1.415331e-04 	 7.040333e-06 	  4.4383 	  0.4171 	  1.1065 	  0.1100 
	 33.6350 	 2.595883e-01 	 205.0366 	  1.3168 	 9.178182e+21 	 7.429291e+19 	 1.393099e-04 	 6.938563e-06 	  4.4645 	  0.4187 	  1.1129 	  0.1103 
	 34.9830 	 2.286463e-01 	 203.7345 	  1.2793 	 8.135885e+21 	 6.496618e+19 	 1.240453e-04 	 6.410450e-06 	  4.7785 	  0.4511 	  1.1785 	  0.1162 
	 35.0940 	 2.262628e-01 	 203.6292 	  1.2747 	 8.055241e+21 	 6.418102e+19 	 1.239440e-04 	 6.401919e-06 	  4.8030 	  0.4529 	  1.1824 	  0.1163 
	 35.2050 	 2.239032e-01 	 203.5232 	  1.2700 	 7.975385e+21 	 6.339694e+19 	 1.240247e-04 	 6.397381e-06 	  4.8271 	  0.4543 	  1.1860 	  0.1164 
	 35.3160 	 2.215671e-01 	 203.4164 	  1.2650 	 7.896317e+21 	 6.261513e+19 	 1.242795e-04 	 6.396571e-06 	  4.8509 	  0.4553 	  1.1893 	  0.1164 
	 35.4260 	 2.192751e-01 	 203.3094 	  1.2600 	 7.818739e+21 	 6.184377e+19 	 1.246925e-04 	 6.399196e-06 	  4.8741 	  0.4559 	  1.1923 	  0.1163 
	 36.7860 	 1.927333e-01 	 201.8192 	  1.1956 	 6.923187e+21 	 5.300548e+19 	 1.378538e-04 	 6.636130e-06 	  5.1073 	  0.4464 	  1.2095 	  0.1106 
	 36.8960 	 1.907245e-01 	 201.6789 	  1.1908 	 6.855812e+21 	 5.236972e+19 	 1.391439e-04 	 6.666876e-06 	  5.1199 	  0.4452 	  1.2093 	  0.1100 
	 37.0070 	 1.887173e-01 	 201.5333 	  1.1862 	 6.788572e+21 	 5.174219e+19 	 1.404155e-04 	 6.699100e-06 	  5.1314 	  0.4442 	  1.2090 	  0.1095 
	 37.1170 	 1.867477e-01 	 201.3851 	  1.1817 	 6.722673e+21 	 5.113456e+19 	 1.416371e-04 	 6.732116e-06 	  5.1415 	  0.4432 	  1.2085 	  0.1090 
	 37.2280 	 1.847797e-01 	 201.2311 	  1.1774 	 6.656914e+21 	 5.053614e+19 	 1.428249e-04 	 6.766412e-06 	  5.1506 	  0.4423 	  1.2079 	  0.1086 
	 38.5860 	 1.622053e-01 	 198.9578 	  1.1476 	 5.909921e+21 	 4.449517e+19 	 1.531202e-04 	 7.223700e-06 	  5.2092 	  0.4409 	  1.2082 	  0.1064 
	 38.6960 	 1.604925e-01 	 198.7477 	  1.1471 	 5.853669e+21 	 4.410056e+19 	 1.536775e-04 	 7.261105e-06 	  5.2138 	  0.4414 	  1.2103 	  0.1066 
	 38.8070 	 1.587808e-01 	 198.5339 	  1.1468 	 5.797465e+21 	 4.371341e+19 	 1.542205e-04 	 7.298590e-06 	  5.2190 	  0.4419 	  1.2130 	  0.1067 
	 38.9170 	 1.571010e-01 	 198.3206 	  1.1469 	 5.742304e+21 	 4.333994e+19 	 1.547461e-04 	 7.335443e-06 	  5.2248 	  0.4426 	  1.2161 	  0.1069 
	 39.0280 	 1.554222e-01 	 198.1043 	  1.1471 	 5.687164e+21 	 4.297256e+19 	 1.552710e-04 	 7.372324e-06 	  5.2310 	  0.4433 	  1.2197 	  0.1071 
	 40.3680 	 1.363958e-01 	 195.5440 	  1.1651 	 5.057066e+21 	 3.903387e+19 	 1.625551e-04 	 7.777416e-06 	  5.2989 	  0.4488 	  1.2646 	  0.1095 
	 40.4790 	 1.349183e-01 	 195.3333 	  1.1676 	 5.007711e+21 	 3.873776e+19 	 1.632554e-04 	 7.805965e-06 	  5.3001 	  0.4486 	  1.2659 	  0.1095 
	 40.5890 	 1.334684e-01 	 195.1226 	  1.1701 	 4.959259e+21 	 3.844848e+19 	 1.639545e-04 	 7.833282e-06 	  5.3002 	  0.4483 	  1.2664 	  0.1094 
	 40.6990 	 1.320327e-01 	 194.9095 	  1.1727 	 4.911271e+21 	 3.816331e+19 	 1.646509e-04 	 7.859612e-06 	  5.2991 	  0.4479 	  1.2663 	  0.1092 
	 40.8090 	 1.306110e-01 	 194.6935 	  1.1755 	 4.863756e+21 	 3.788222e+19 	 1.653346e-04 	 7.884925e-06 	  5.2972 	  0.4475 	  1.2656 	  0.1090 
	 42.1610 	 1.142468e-01 	 191.6973 	  1.2126 	 4.319718e+21 	 3.471560e+19 	 1.697269e-04 	 8.129638e-06 	  5.2754 	  0.4471 	  1.2340 	  0.1064 
	 42.2710 	 1.130019e-01 	 191.4421 	  1.2154 	 4.278298e+21 	 3.446843e+19 	 1.695817e-04 	 8.144221e-06 	  5.2796 	  0.4484 	  1.2319 	  0.1065 
	 42.3810 	 1.117693e-01 	 191.1908 	  1.2179 	 4.237179e+21 	 3.421971e+19 	 1.693460e-04 	 8.157645e-06 	  5.2856 	  0.4501 	  1.2303 	  0.1066 
	 42.4910 	 1.105491e-01 	 190.9447 	  1.2203 	 4.196332e+21 	 3.396873e+19 	 1.690286e-04 	 8.169767e-06 	  5.2932 	  0.4521 	  1.2290 	  0.1068 
	 42.6010 	 1.093409e-01 	 190.7051 	  1.2225 	 4.155728e+21 	 3.371479e+19 	 1.686427e-04 	 8.180452e-06 	  5.3022 	  0.4544 	  1.2282 	  0.1071 
	 43.9440 	 9.552194e-02 	 188.6692 	  1.2265 	 3.671189e+21 	 3.019779e+19 	 1.637795e-04 	 8.131096e-06 	  5.4398 	  0.4828 	  1.2379 	  0.1114 
	 44.0530 	 9.447273e-02 	 188.5669 	  1.2255 	 3.632874e+21 	 2.988943e+19 	 1.637319e-04 	 8.111399e-06 	  5.4463 	  0.4834 	  1.2393 	  0.1114 
	 44.1630 	 9.342452e-02 	 188.4671 	  1.2246 	 3.594477e+21 	 2.957960e+19 	 1.637744e-04 	 8.089710e-06 	  5.4510 	  0.4834 	  1.2407 	  0.1114 
	 44.2720 	 9.239629e-02 	 188.3701 	  1.2238 	 3.556724e+21 	 2.927509e+19 	 1.639039e-04 	 8.066778e-06 	  5.4540 	  0.4830 	  1.2421 	  0.1112 
	 44.3820 	 9.136908e-02 	 188.2724 	  1.2232 	 3.518949e+21 	 2.897146e+19 	 1.641167e-04 	 8.042624e-06 	  5.4555 	  0.4822 	  1.2435 	  0.1110 
	 45.7340 	 7.956979e-02 	 186.5856 	  1.2434 	 3.090605e+21 	 2.590944e+19 	 1.705315e-04 	 8.725429e-06 	  5.3884 	  0.4836 	  1.2542 	  0.1118 
	 45.8430 	 7.868222e-02 	 186.3926 	  1.2473 	 3.059197e+21 	 2.572248e+19 	 1.710911e-04 	 8.833963e-06 	  5.3797 	  0.4853 	  1.2543 	  0.1139 
	 45.9530 	 7.779568e-02 	 186.1895 	  1.2516 	 3.027942e+21 	 2.554074e+19 	 1.716299e-04 	 8.939034e-06 	  5.3709 	  0.4869 	  1.2543 	  0.1161 
	 46.0620 	 7.692620e-02 	 185.9802 	  1.2560 	 2.997399e+21 	 2.536695e+19 	 1.721364e-04 	 9.038194e-06 	  5.3621 	  0.4886 	  1.2541 	  0.1181 
	 46.1720 	 7.605771e-02 	 185.7611 	  1.2605 	 2.967000e+21 	 2.519734e+19 	 1.726196e-04 	 9.133782e-06 	  5.3532 	  0.4903 	  1.2536 	  0.1200 
	 49.2620 	 5.494352e-02 	 177.1869 	  1.2946 	 2.247852e+21 	 2.048405e+19 	 1.738454e-04 	 9.221507e-06 	  5.1405 	  0.5170 	  1.1830 	  0.1305 
	 49.3700 	 5.430784e-02 	 176.8484 	  1.2896 	 2.226074e+21 	 2.026695e+19 	 1.733904e-04 	 9.103309e-06 	  5.1374 	  0.5156 	  1.1798 	  0.1297 
	 49.4790 	 5.367282e-02 	 176.5110 	  1.2843 	 2.204233e+21 	 2.004652e+19 	 1.729010e-04 	 8.974608e-06 	  5.1347 	  0.5139 	  1.1767 	  0.1288 
	 49.5870 	 5.305009e-02 	 176.1817 	  1.2791 	 2.182720e+21 	 1.982752e+19 	 1.723905e-04 	 8.838161e-06 	  5.1326 	  0.5120 	  1.1737 	  0.1277 
	 49.6960 	 5.242810e-02 	 175.8554 	  1.2738 	 2.161127e+21 	 1.960667e+19 	 1.718545e-04 	 8.693543e-06 	  5.1311 	  0.5097 	  1.1707 	  0.1266 
	 51.0420 	 4.527767e-02 	 172.6197 	  1.2335 	 1.901793e+21 	 1.714072e+19 	 1.661315e-04 	 7.775868e-06 	  5.1596 	  0.4965 	  1.1487 	  0.1075 
	 51.1500 	 4.474473e-02 	 172.4181 	  1.2326 	 1.881620e+21 	 1.696943e+19 	 1.660229e-04 	 7.729137e-06 	  5.1661 	  0.4957 	  1.1487 	  0.1070 
	 51.2590 	 4.421260e-02 	 172.2189 	  1.2318 	 1.861398e+21 	 1.679957e+19 	 1.659747e-04 	 7.784835e-06 	  5.1733 	  0.4975 	  1.1490 	  0.1072 
	 51.3670 	 4.369097e-02 	 172.0247 	  1.2312 	 1.841507e+21 	 1.663399e+19 	 1.659840e-04 	 7.966531e-06 	  5.1811 	  0.5055 	  1.1496 	  0.1082 
	 51.4760 	 4.317009e-02 	 171.8306 	  1.2308 	 1.821589e+21 	 1.646933e+19 	 1.660623e-04 	 8.189074e-06 	  5.1896 	  0.5150 	  1.1504 	  0.1096 
	 52.8150 	 3.719743e-02 	 169.2700 	  1.2215 	 1.592839e+21 	 1.455360e+19 	 1.685333e-04 	 1.093811e-05 	  5.3371 	  0.6307 	  1.1751 	  0.1356 
	 52.9230 	 3.674832e-02 	 169.0472 	  1.2203 	 1.575675e+21 	 1.440490e+19 	 1.686013e-04 	 1.099369e-05 	  5.3513 	  0.6360 	  1.1774 	  0.1366 
	 53.0310 	 3.630394e-02 	 168.8248 	  1.2190 	 1.558674e+21 	 1.425726e+19 	 1.686312e-04 	 1.100831e-05 	  5.3656 	  0.6393 	  1.1797 	  0.1372 
	 53.1390 	 3.586425e-02 	 168.6037 	  1.2178 	 1.541826e+21 	 1.411075e+19 	 1.686272e-04 	 1.098113e-05 	  5.3799 	  0.6404 	  1.1819 	  0.1373 
	 53.2470 	 3.542922e-02 	 168.3845 	  1.2166 	 1.525125e+21 	 1.396542e+19 	 1.685972e-04 	 1.091588e-05 	  5.3937 	  0.6395 	  1.1839 	  0.1370 
	 54.5850 	 3.041642e-02 	 166.0736 	  1.2114 	 1.327875e+21 	 1.228332e+19 	 1.716487e-04 	 8.016548e-06 	  5.3915 	  0.5354 	  1.1641 	  0.1113 
	 54.6930 	 3.004147e-02 	 165.9239 	  1.2118 	 1.312692e+21 	 1.215703e+19 	 1.728721e-04 	 7.729446e-06 	  5.3684 	  0.5256 	  1.1571 	  0.1090 
	 54.8010 	 2.967086e-02 	 165.7783 	  1.2123 	 1.297634e+21 	 1.203194e+19 	 1.742647e-04 	 7.674429e-06 	  5.3409 	  0.5210 	  1.1492 	  0.1078 
	 54.9090 	 2.930457e-02 	 165.6366 	  1.2128 	 1.282703e+21 	 1.190798e+19 	 1.758881e-04 	 7.692836e-06 	  5.3094 	  0.5173 	  1.1404 	  0.1068 
	 55.0170 	 2.894258e-02 	 165.4983 	  1.2133 	 1.267905e+21 	 1.178511e+19 	 1.777706e-04 	 7.713554e-06 	  5.2742 	  0.5131 	  1.1309 	  0.1058 
	 56.3400 	 2.484771e-02 	 163.9728 	  1.2190 	 1.098455e+21 	 1.034625e+19 	 2.125279e-04 	 9.315125e-06 	  4.7948 	  0.4729 	  1.0108 	  0.1075 
	 56.4480 	 2.453986e-02 	 163.8602 	  1.2189 	 1.085588e+21 	 1.023240e+19 	 2.151185e-04 	 9.564905e-06 	  4.7718 	  0.4737 	  1.0049 	  0.1113 
	 56.5550 	 2.423853e-02 	 163.7511 	  1.2187 	 1.072972e+21 	 1.011987e+19 	 2.175378e-04 	 9.753387e-06 	  4.7542 	  0.4742 	  1.0001 	  0.1149 
	 56.6630 	 2.393803e-02 	 163.6436 	  1.2182 	 1.060369e+21 	 1.000650e+19 	 2.198058e-04 	 9.872958e-06 	  4.7420 	  0.4741 	  0.9965 	  0.1184 
	 56.7700 	 2.364388e-02 	 163.5399 	  1.2176 	 1.048009e+21 	 9.894324e+18 	 2.218556e-04 	 9.911064e-06 	  4.7358 	  0.4733 	  0.9941 	  0.1215 
	 58.1100 	 2.023803e-02 	 162.5058 	  1.1902 	 9.029126e+20 	 8.493614e+18 	 2.167283e-04 	 7.271373e-06 	  5.0509 	  0.4822 	 -1000.0000 	 -1000.0000 
	 58.2180 	 1.998452e-02 	 162.4352 	  1.1873 	 8.919931e+20 	 8.384531e+18 	 2.135307e-04 	 7.155731e-06 	  5.0968 	  0.4889 	 -1000.0000 	 -1000.0000 
	 58.3250 	 1.973627e-02 	 162.3645 	  1.1845 	 8.812963e+20 	 8.278059e+18 	 2.100702e-04 	 7.033425e-06 	  5.1439 	  0.4959 	 -1000.0000 	 -1000.0000 
	 58.4330 	 1.948861e-02 	 162.2917 	  1.1820 	 8.706244e+20 	 8.172449e+18 	 2.063261e-04 	 6.903518e-06 	  5.1925 	  0.5033 	 -1000.0000 	 -1000.0000 
	 58.5400 	 1.924611e-02 	 162.2175 	  1.1797 	 8.601768e+20 	 8.069896e+18 	 2.024162e-04 	 6.770109e-06 	  5.2413 	  0.5111 	 -1000.0000 	 -1000.0000 
	 59.8660 	 1.646398e-02 	 160.9149 	  1.1908 	 7.416726e+20 	 7.044308e+18 	 1.529802e-04 	 5.365388e-06 	  5.7406 	  0.6209 	 -1000.0000 	 -1000.0000 
	 59.9720 	 1.625847e-02 	 160.7707 	  1.1948 	 7.330718e+20 	 6.982121e+18 	 1.501373e-04 	 5.505980e-06 	  5.7593 	  0.6339 	 -1000.0000 	 -1000.0000 
	 60.0790 	 1.605344e-02 	 160.6186 	  1.1992 	 7.245137e+20 	 6.921623e+18 	 1.474756e-04 	 5.650799e-06 	  5.7731 	  0.6471 	 -1000.0000 	 -1000.0000 
	 60.1860 	 1.585081e-02 	 160.4600 	  1.2037 	 7.160782e+20 	 6.863234e+18 	 1.449905e-04 	 5.786657e-06 	  5.7819 	  0.6600 	 -1000.0000 	 -1000.0000 
	 60.2930 	 1.565054e-02 	 160.2948 	  1.2084 	 7.077637e+20 	 6.806775e+18 	 1.426522e-04 	 5.905569e-06 	  5.7856 	  0.6723 	 -1000.0000 	 -1000.0000 
	 63.3880 	 1.076578e-02 	 152.5614 	  1.2105 	 5.114040e+20 	 5.235108e+18 	 1.183347e-04 	 5.494599e-06 	  4.9119 	  0.7827 	 -1000.0000 	 -1000.0000 
	 63.4950 	 1.062445e-02 	 152.2343 	  1.2022 	 5.057631e+20 	 5.165222e+18 	 1.181917e-04 	 5.449814e-06 	  4.8897 	  0.7861 	 -1000.0000 	 -1000.0000 
	 63.6010 	 1.048604e-02 	 151.9190 	  1.1940 	 5.002046e+20 	 5.095788e+18 	 1.180055e-04 	 5.409002e-06 	  4.8705 	  0.7970 	 -1000.0000 	 -1000.0000 
	 63.7080 	 1.034793e-02 	 151.6120 	  1.1859 	 4.946173e+20 	 5.025754e+18 	 1.177607e-04 	 5.375893e-06 	  4.8539 	  0.8131 	 -1000.0000 	 -1000.0000 
	 63.8140 	 1.021269e-02 	 151.3210 	  1.1780 	 4.890994e+20 	 4.956689e+18 	 1.174494e-04 	 5.352593e-06 	  4.8400 	  0.8303 	 -1000.0000 	 -1000.0000 
	 65.1410 	 8.646222e-03 	 149.4586 	  1.1402 	 4.195579e+20 	 4.203392e+18 	 1.013357e-04 	 5.315042e-06 	 -1000.0000 	 -1000.0000 	 -1000.0000 	 -1000.0000 
	 65.2470 	 8.530997e-03 	 149.4503 	  1.1421 	 4.139957e+20 	 4.153390e+18 	 9.887127e-05 	 5.282752e-06 	 -1000.0000 	 -1000.0000 	 -1000.0000 	 -1000.0000 
	 65.3530 	 8.417238e-03 	 149.4555 	  1.1444 	 4.084602e+20 	 4.104376e+18 	 9.629375e-05 	 5.249246e-06 	 -1000.0000 	 -1000.0000 	 -1000.0000 	 -1000.0000 
	 65.4590 	 8.304945e-03 	 149.4724 	  1.1469 	 4.029582e+20 	 4.056213e+18 	 9.363027e-05 	 5.217726e-06 	 -1000.0000 	 -1000.0000 	 -1000.0000 	 -1000.0000 
	 65.5660 	 8.193081e-03 	 149.4992 	  1.1496 	 3.974452e+20 	 4.008315e+18 	 9.088202e-05 	 5.190380e-06 	 -1000.0000 	 -1000.0000 	 -1000.0000 	 -1000.0000 
	 66.8840 	 6.937104e-03 	 150.0017 	  1.1667 	 3.351964e+20 	 3.432354e+18 	 6.243866e-05 	 4.748467e-06 	 -1000.0000 	 -1000.0000 	 -1000.0000 	 -1000.0000 
	 66.9900 	 6.845453e-03 	 150.0296 	  1.1660 	 3.307082e+20 	 3.386347e+18 	 6.098508e-05 	 4.685104e-06 	 -1000.0000 	 -1000.0000 	 -1000.0000 	 -1000.0000 
	 67.0950 	 6.755928e-03 	 150.0547 	  1.1651 	 3.263325e+20 	 3.341058e+18 	 5.964817e-05 	 4.620195e-06 	 -1000.0000 	 -1000.0000 	 -1000.0000 	 -1000.0000 
	 67.2010 	 6.666799e-03 	 150.0775 	  1.1641 	 3.219838e+20 	 3.295692e+18 	 5.838991e-05 	 4.553064e-06 	 -1000.0000 	 -1000.0000 	 -1000.0000 	 -1000.0000 
	 67.3070 	 6.578898e-03 	 150.0978 	  1.1630 	 3.177023e+20 	 3.250748e+18 	 5.721019e-05 	 4.484741e-06 	 -1000.0000 	 -1000.0000 	 -1000.0000 	 -1000.0000 
	 68.6260 	 5.578162e-03 	 150.1532 	  1.1517 	 2.693184e+20 	 2.748977e+18 	 4.483080e-05 	 3.653732e-06 	 -1000.0000 	 -1000.0000 	 -1000.0000 	 -1000.0000 
	 68.7320 	 5.504618e-03 	 150.1445 	  1.1515 	 2.657810e+20 	 2.713777e+18 	 4.397922e-05 	 3.588825e-06 	 -1000.0000 	 -1000.0000 	 -1000.0000 	 -1000.0000 
	 68.8370 	 5.432711e-03 	 150.1347 	  1.1513 	 2.623244e+20 	 2.679570e+18 	 4.318884e-05 	 3.523350e-06 	 -1000.0000 	 -1000.0000 	 -1000.0000 	 -1000.0000 
	 68.9430 	 5.361060e-03 	 150.1236 	  1.1513 	 2.588819e+20 	 2.645680e+18 	 4.245298e-05 	 3.455403e-06 	 -1000.0000 	 -1000.0000 	 -1000.0000 	 -1000.0000 
	 69.0480 	 5.291005e-03 	 150.1117 	  1.1514 	 2.555177e+20 	 2.612720e+18 	 4.179343e-05 	 3.385493e-06 	 -1000.0000 	 -1000.0000 	 -1000.0000 	 -1000.0000 
	 70.3760 	 4.478898e-03 	 149.9045 	  1.1596 	 2.166252e+20 	 2.239060e+18 	 4.119501e-05 	 2.643060e-06 	 -1000.0000 	 -1000.0000 	 -1000.0000 	 -1000.0000 
	 70.4820 	 4.419606e-03 	 149.8762 	  1.1609 	 2.138002e+20 	 2.212393e+18 	 4.178217e-05 	 2.682539e-06 	 -1000.0000 	 -1000.0000 	 -1000.0000 	 -1000.0000 
	 70.5870 	 4.361627e-03 	 149.8442 	  1.1622 	 2.110420e+20 	 2.186451e+18 	 4.244486e-05 	 2.736696e-06 	 -1000.0000 	 -1000.0000 	 -1000.0000 	 -1000.0000 
	 70.6930 	 4.303848e-03 	 149.8073 	  1.1638 	 2.082980e+20 	 2.160747e+18 	 4.318074e-05 	 2.800867e-06 	 -1000.0000 	 -1000.0000 	 -1000.0000 	 -1000.0000 
	 70.7980 	 4.247348e-03 	 149.7657 	  1.1654 	 2.056199e+20 	 2.135771e+18 	 4.395680e-05 	 2.868557e-06 	 -1000.0000 	 -1000.0000 	 -1000.0000 	 -1000.0000 
	 72.1090 	 3.599466e-03 	 148.7142 	  1.1955 	 1.754214e+20 	 1.864019e+18 	 5.114293e-05 	 3.416856e-06 	 -1000.0000 	 -1000.0000 	 -1000.0000 	 -1000.0000 
	 72.2140 	 3.551937e-03 	 148.6060 	  1.1982 	 1.732291e+20 	 1.844646e+18 	 5.129626e-05 	 3.435456e-06 	 -1000.0000 	 -1000.0000 	 -1000.0000 	 -1000.0000 
	 72.3190 	 3.505026e-03 	 148.5005 	  1.2009 	 1.710624e+20 	 1.825409e+18 	 5.138869e-05 	 3.451018e-06 	 -1000.0000 	 -1000.0000 	 -1000.0000 	 -1000.0000 
	 72.4240 	 3.458728e-03 	 148.3992 	  1.2035 	 1.689195e+20 	 1.806255e+18 	 5.142284e-05 	 3.463267e-06 	 -1000.0000 	 -1000.0000 	 -1000.0000 	 -1000.0000 
	 72.5300 	 3.412605e-03 	 148.3027 	  1.2060 	 1.667784e+20 	 1.786954e+18 	 5.140120e-05 	 3.471929e-06 	 -1000.0000 	 -1000.0000 	 -1000.0000 	 -1000.0000 
	 73.8420 	 2.890656e-03 	 148.0951 	  1.2164 	 1.415202e+20 	 1.534514e+18 	 4.863060e-05 	 3.363827e-06 	 -1000.0000 	 -1000.0000 	 -1000.0000 	 -1000.0000 
	 73.9470 	 2.852610e-03 	 148.1737 	  1.2154 	 1.395827e+20 	 1.513019e+18 	 4.841647e-05 	 3.348810e-06 	 -1000.0000 	 -1000.0000 	 -1000.0000 	 -1000.0000 
	 74.0510 	 2.815441e-03 	 148.2649 	  1.2143 	 1.376778e+20 	 1.491651e+18 	 4.823854e-05 	 3.334811e-06 	 -1000.0000 	 -1000.0000 	 -1000.0000 	 -1000.0000 
	 74.1560 	 2.778431e-03 	 148.3700 	  1.2129 	 1.357697e+20 	 1.470028e+18 	 4.809961e-05 	 3.322058e-06 	 -1000.0000 	 -1000.0000 	 -1000.0000 	 -1000.0000 
	 74.2610 	 2.741932e-03 	 148.4880 	  1.2114 	 1.338772e+20 	 1.448383e+18 	 4.800719e-05 	 3.311192e-06 	 -1000.0000 	 -1000.0000 	 -1000.0000 	 -1000.0000 
	 75.5750 	 2.326021e-03 	 150.8996 	  1.1821 	 1.117598e+20 	 1.186724e+18 	 5.136103e-05 	 3.272885e-06 	 -1000.0000 	 -1000.0000 	 -1000.0000 	 -1000.0000 
	 75.6790 	 2.296154e-03 	 151.1432 	  1.1789 	 1.101486e+20 	 1.167292e+18 	 5.185189e-05 	 3.264099e-06 	 -1000.0000 	 -1000.0000 	 -1000.0000 	 -1000.0000 
	 75.7830 	 2.266709e-03 	 151.3901 	  1.1756 	 1.085597e+20 	 1.148086e+18 	 5.233388e-05 	 3.251299e-06 	 -1000.0000 	 -1000.0000 	 -1000.0000 	 -1000.0000 
	 75.8880 	 2.237405e-03 	 151.6419 	  1.1721 	 1.069785e+20 	 1.128933e+18 	 5.280104e-05 	 3.233367e-06 	 -1000.0000 	 -1000.0000 	 -1000.0000 	 -1000.0000 
	 75.9920 	 2.208793e-03 	 151.8929 	  1.1684 	 1.054355e+20 	 1.110202e+18 	 5.323367e-05 	 3.209523e-06 	 -1000.0000 	 -1000.0000 	 -1000.0000 	 -1000.0000 
	 77.3050 	 1.880843e-03 	 154.8534 	  1.1030 	 8.803718e+19 	 8.970937e+17 	 5.582002e-05 	 2.930041e-06 	 -1000.0000 	 -1000.0000 	 -1000.0000 	 -1000.0000 
	 77.4090 	 1.857311e-03 	 155.0610 	  1.0974 	 8.681881e+19 	 8.823083e+17 	 5.586318e-05 	 2.923648e-06 	 -1000.0000 	 -1000.0000 	 -1000.0000 	 -1000.0000 
	 77.5130 	 1.834108e-03 	 155.2653 	  1.0921 	 8.562139e+19 	 8.678695e+17 	 5.589213e-05 	 2.916848e-06 	 -1000.0000 	 -1000.0000 	 -1000.0000 	 -1000.0000 
	 77.6180 	 1.811008e-03 	 155.4683 	  1.0870 	 8.443313e+19 	 8.536520e+17 	 5.591256e-05 	 2.909906e-06 	 -1000.0000 	 -1000.0000 	 -1000.0000 	 -1000.0000 
	 77.7220 	 1.788446e-03 	 155.6664 	  1.0823 	 8.327605e+19 	 8.399348e+17 	 5.592992e-05 	 2.903310e-06 	 -1000.0000 	 -1000.0000 	 -1000.0000 	 -1000.0000 
	 79.0200 	 1.531033e-03 	 157.9519 	  1.0777 	 7.028191e+19 	 7.013663e+17 	 5.787062e-05 	 2.973747e-06 	 -1000.0000 	 -1000.0000 	 -1000.0000 	 -1000.0000 
	 79.1240 	 1.512197e-03 	 158.1192 	  1.0816 	 6.934529e+19 	 6.926945e+17 	 5.821600e-05 	 2.995488e-06 	 -1000.0000 	 -1000.0000 	 -1000.0000 	 -1000.0000 
	 79.2280 	 1.493609e-03 	 158.2832 	  1.0858 	 6.842326e+19 	 6.843108e+17 	 5.858241e-05 	 3.019231e-06 	 -1000.0000 	 -1000.0000 	 -1000.0000 	 -1000.0000 
	 79.3310 	 1.475442e-03 	 158.4422 	  1.0904 	 6.752431e+19 	 6.762750e+17 	 5.896304e-05 	 3.044539e-06 	 -1000.0000 	 -1000.0000 	 -1000.0000 	 -1000.0000 
	 79.4350 	 1.457340e-03 	 158.5990 	  1.0953 	 6.663083e+19 	 6.684141e+17 	 5.936194e-05 	 3.071702e-06 	 -1000.0000 	 -1000.0000 	 -1000.0000 	 -1000.0000 
	 82.4630 	 1.022115e-03 	 160.5417 	  1.1069 	 4.615287e+19 	 4.756224e+17 	 6.087209e-05 	 3.486983e-06 	 -1000.0000 	 -1000.0000 	 -1000.0000 	 -1000.0000 
	 82.5660 	 1.009947e-03 	 160.4885 	  1.0977 	 4.561872e+19 	 4.685859e+17 	 6.015518e-05 	 3.459847e-06 	 -1000.0000 	 -1000.0000 	 -1000.0000 	 -1000.0000 
	 82.6700 	 9.978067e-04 	 160.4257 	  1.0882 	 4.508820e+19 	 4.615273e+17 	 5.938915e-05 	 3.430505e-06 	 -1000.0000 	 -1000.0000 	 -1000.0000 	 -1000.0000 
	 82.7730 	 9.859235e-04 	 160.3544 	  1.0788 	 4.457129e+19 	 4.546066e+17 	 5.859455e-05 	 3.399949e-06 	 -1000.0000 	 -1000.0000 	 -1000.0000 	 -1000.0000 
	 82.8760 	 9.741776e-04 	 160.2742 	  1.0694 	 4.406262e+19 	 4.477802e+17 	 5.777041e-05 	 3.368355e-06 	 -1000.0000 	 -1000.0000 	 -1000.0000 	 -1000.0000 
	 84.1760 	 8.366377e-04 	 158.5123 	  0.9931 	 3.826005e+19 	 3.777771e+17 	 4.737008e-05 	 3.045820e-06 	 -1000.0000 	 -1000.0000 	 -1000.0000 	 -1000.0000 
	 84.2790 	 8.265295e-04 	 158.3258 	  0.9908 	 3.784206e+19 	 3.735573e+17 	 4.670912e-05 	 3.031005e-06 	 -1000.0000 	 -1000.0000 	 -1000.0000 	 -1000.0000 
	 84.3820 	 8.165318e-04 	 158.1356 	  0.9887 	 3.742916e+19 	 3.694625e+17 	 4.609055e-05 	 3.017395e-06 	 -1000.0000 	 -1000.0000 	 -1000.0000 	 -1000.0000 
	 84.4850 	 8.066437e-04 	 157.9424 	  0.9869 	 3.702113e+19 	 3.654747e+17 	 4.551717e-05 	 3.004841e-06 	 -1000.0000 	 -1000.0000 	 -1000.0000 	 -1000.0000 
	 84.5880 	 7.968644e-04 	 157.7469 	  0.9851 	 3.661776e+19 	 3.615762e+17 	 4.499142e-05 	 2.993179e-06 	 -1000.0000 	 -1000.0000 	 -1000.0000 	 -1000.0000 
	 85.8880 	 6.823856e-04 	 155.3365 	  0.9486 	 3.184865e+19 	 3.138957e+17 	 4.298071e-05 	 2.853814e-06 	 -1000.0000 	 -1000.0000 	 -1000.0000 	 -1000.0000 
	 85.9910 	 6.739918e-04 	 155.1575 	  0.9446 	 3.149326e+19 	 3.101211e+17 	 4.313079e-05 	 2.842506e-06 	 -1000.0000 	 -1000.0000 	 -1000.0000 	 -1000.0000 
	 86.0940 	 6.656925e-04 	 154.9797 	  0.9407 	 3.114114e+19 	 3.063781e+17 	 4.330447e-05 	 2.831746e-06 	 -1000.0000 	 -1000.0000 	 -1000.0000 	 -1000.0000 
	 86.1960 	 6.575657e-04 	 154.8047 	  0.9371 	 3.079567e+19 	 3.027109e+17 	 4.349429e-05 	 2.821802e-06 	 -1000.0000 	 -1000.0000 	 -1000.0000 	 -1000.0000 
	 86.2990 	 6.494511e-04 	 154.6288 	  0.9336 	 3.045009e+19 	 2.990562e+17 	 4.369839e-05 	 2.812667e-06 	 -1000.0000 	 -1000.0000 	 -1000.0000 	 -1000.0000 
	 87.5910 	 5.551041e-04 	 152.4329 	  0.9306 	 2.639740e+19 	 2.601985e+17 	 4.530414e-05 	 2.854574e-06 	 -1000.0000 	 -1000.0000 	 -1000.0000 	 -1000.0000 
	 87.6930 	 5.482155e-04 	 152.2601 	  0.9338 	 2.609918e+19 	 2.577178e+17 	 4.528094e-05 	 2.871345e-06 	 -1000.0000 	 -1000.0000 	 -1000.0000 	 -1000.0000 
	 87.7960 	 5.413390e-04 	 152.0862 	  0.9374 	 2.580108e+19 	 2.552805e+17 	 4.523543e-05 	 2.889633e-06 	 -1000.0000 	 -1000.0000 	 -1000.0000 	 -1000.0000 
	 87.8980 	 5.346076e-04 	 151.9147 	  0.9412 	 2.550887e+19 	 2.529287e+17 	 4.516935e-05 	 2.908909e-06 	 -1000.0000 	 -1000.0000 	 -1000.0000 	 -1000.0000 
	 88.0000 	 5.279534e-04 	 151.7442 	  0.9452 	 2.521958e+19 	 2.506335e+17 	 4.508339e-05 	 2.929183e-06 	 -1000.0000 	 -1000.0000 	 -1000.0000 	 -1000.0000 
	 90.9460 	 3.661848e-04 	 147.8392 	  0.9807 	 1.795293e+19 	 1.869783e+17 	 3.899537e-05 	 3.304885e-06 	 -1000.0000 	 -1000.0000 	 -1000.0000 	 -1000.0000 
	 91.0480 	 3.615364e-04 	 147.7700 	  0.9754 	 1.773295e+19 	 1.843719e+17 	 3.885541e-05 	 3.299542e-06 	 -1000.0000 	 -1000.0000 	 -1000.0000 	 -1000.0000 
	 91.1500 	 3.569451e-04 	 147.7092 	  0.9699 	 1.751469e+19 	 1.817630e+17 	 3.873900e-05 	 3.294283e-06 	 -1000.0000 	 -1000.0000 	 -1000.0000 	 -1000.0000 
	 91.2510 	 3.524545e-04 	 147.6579 	  0.9645 	 1.730021e+19 	 1.791848e+17 	 3.864909e-05 	 3.289449e-06 	 -1000.0000 	 -1000.0000 	 -1000.0000 	 -1000.0000 
	 91.3530 	 3.479749e-04 	 147.6155 	  0.9590 	 1.708522e+19 	 1.765935e+17 	 3.858594e-05 	 3.285229e-06 	 -1000.0000 	 -1000.0000 	 -1000.0000 	 -1000.0000 
	 92.6490 	 2.956556e-04 	 148.0235 	  0.9258 	 1.448726e+19 	 1.474704e+17 	 4.069831e-05 	 3.392313e-06 	 -1000.0000 	 -1000.0000 	 -1000.0000 	 -1000.0000 
	 92.7500 	 2.919185e-04 	 148.1026 	  0.9262 	 1.429706e+19 	 1.455629e+17 	 4.101256e-05 	 3.413903e-06 	 -1000.0000 	 -1000.0000 	 -1000.0000 	 -1000.0000 
	 92.8520 	 2.881921e-04 	 148.1809 	  0.9267 	 1.410739e+19 	 1.436799e+17 	 4.132435e-05 	 3.436717e-06 	 -1000.0000 	 -1000.0000 	 -1000.0000 	 -1000.0000 
	 92.9530 	 2.845489e-04 	 148.2549 	  0.9274 	 1.392211e+19 	 1.418556e+17 	 4.162135e-05 	 3.460077e-06 	 -1000.0000 	 -1000.0000 	 -1000.0000 	 -1000.0000 
	 93.0550 	 2.809165e-04 	 148.3240 	  0.9282 	 1.373767e+19 	 1.400511e+17 	 4.190330e-05 	 3.484223e-06 	 -1000.0000 	 -1000.0000 	 -1000.0000 	 -1000.0000 
