	 height_(km) 	 press_(mbar) 	 temp_(K) 	 temperr_(K) 	 numdens_(m-3) 	 numdenserr_(m-3) 	 H2Ovmr_() 	 H2Ovmrerr_() 	 D/H_(VSMOW) 	 D/Herr_(VSMOW) 	 18O/16O_(VSMOW) 	 18O/16Oerr_(VSMOW) 
	 15.0000 	 9.585036e-01 	 173.3424 	  2.6043 	 4.010820e+22 	 6.135936e+20 	 1.702882e-05 	 8.121177e-06 	  3.2467 	  1.8644 	 -1000.0000 	 -1000.0000 
	 15.2100 	 9.356438e-01 	 172.4912 	  2.4046 	 3.932989e+22 	 5.591668e+20 	 1.612400e-05 	 5.505173e-06 	  2.9944 	  1.2288 	 -1000.0000 	 -1000.0000 
	 15.4050 	 9.150034e-01 	 171.9570 	  2.2366 	 3.857500e+22 	 5.128610e+20 	 1.514664e-05 	 3.792502e-06 	  2.8820 	  0.9635 	 -1000.0000 	 -1000.0000 
	 15.6140 	 8.934850e-01 	 171.6267 	  2.0736 	 3.773829e+22 	 4.674739e+20 	 1.424094e-05 	 2.621230e-06 	  2.8213 	  0.7980 	 -1000.0000 	 -1000.0000 
	 15.8240 	 8.724687e-01 	 171.5141 	  1.9258 	 3.687585e+22 	 4.259968e+20 	 1.356634e-05 	 1.927207e-06 	  2.7895 	  0.7023 	 -1000.0000 	 -1000.0000 
	 15.9150 	 8.635437e-01 	 171.5250 	  1.8663 	 3.649720e+22 	 4.092320e+20 	 1.334815e-05 	 1.731885e-06 	  2.7805 	  0.6742 	 -1000.0000 	 -1000.0000 
	 16.0330 	 8.521299e-01 	 171.5865 	  1.7928 	 3.600311e+22 	 3.885248e+20 	 1.312606e-05 	 1.582302e-06 	  2.7713 	  0.6493 	 -1000.0000 	 -1000.0000 
	 16.1240 	 8.434481e-01 	 171.6670 	  1.7390 	 3.562044e+22 	 3.733202e+20 	 1.299702e-05 	 1.531658e-06 	  2.7657 	  0.6370 	 -1000.0000 	 -1000.0000 
	 16.2430 	 8.322494e-01 	 171.8107 	  1.6718 	 3.511896e+22 	 3.543972e+20 	 1.287611e-05 	 1.471314e-06 	  2.7598 	  0.6211 	 -1000.0000 	 -1000.0000 
	 16.9500 	 7.690843e-01 	 173.2330 	  1.3336 	 3.218450e+22 	 2.614830e+20 	 1.269941e-05 	 1.747291e-06 	  2.7598 	  0.6050 	 -1000.0000 	 -1000.0000 
	 17.1590 	 7.514304e-01 	 173.7217 	  1.2477 	 3.135670e+22 	 2.393849e+20 	 1.260655e-05 	 1.914357e-06 	  2.7762 	  0.6206 	 -1000.0000 	 -1000.0000 
	 17.3680 	 7.342147e-01 	 174.1999 	  1.1679 	 3.055433e+22 	 2.194981e+20 	 1.243210e-05 	 2.030982e-06 	  2.8004 	  0.6357 	 -1000.0000 	 -1000.0000 
	 17.5760 	 7.175106e-01 	 174.6521 	  1.0958 	 2.978218e+22 	 2.019245e+20 	 1.219879e-05 	 2.090575e-06 	  2.8297 	  0.6471 	 -1000.0000 	 -1000.0000 
	 17.7850 	 7.011517e-01 	 175.0691 	  1.0318 	 2.903399e+22 	 1.865183e+20 	 1.194178e-05 	 2.097817e-06 	  2.8604 	  0.6524 	 -1000.0000 	 -1000.0000 
	 17.8880 	 6.932449e-01 	 175.2568 	  1.0038 	 2.867583e+22 	 1.797631e+20 	 1.182484e-05 	 2.089402e-06 	  2.8747 	  0.6528 	 -1000.0000 	 -1000.0000 
	 17.9900 	 6.855148e-01 	 175.4290 	  0.9785 	 2.832820e+22 	 1.736220e+20 	 1.172501e-05 	 2.078513e-06 	  2.8876 	  0.6523 	 -1000.0000 	 -1000.0000 
	 18.0960 	 6.775859e-01 	 175.5922 	  0.9550 	 2.797443e+22 	 1.678132e+20 	 1.164333e-05 	 2.069293e-06 	  2.8997 	  0.6514 	 -1000.0000 	 -1000.0000 
	 18.1990 	 6.699798e-01 	 175.7360 	  0.9347 	 2.763769e+22 	 1.626933e+20 	 1.158916e-05 	 2.066102e-06 	  2.9103 	  0.6507 	 -1000.0000 	 -1000.0000 
	 18.3050 	 6.622497e-01 	 175.8698 	  0.9162 	 2.729796e+22 	 1.579198e+20 	 1.156054e-05 	 2.069812e-06 	  2.9201 	  0.6505 	 -1000.0000 	 -1000.0000 
	 18.8250 	 6.256287e-01 	 176.3517 	  0.8545 	 2.571818e+22 	 1.402807e+20 	 1.179364e-05 	 2.158571e-06 	  2.9573 	  0.6716 	 -1000.0000 	 -1000.0000 
	 18.9280 	 6.186052e-01 	 176.4195 	  0.8467 	 2.541971e+22 	 1.376295e+20 	 1.190750e-05 	 2.182576e-06 	  2.9643 	  0.6760 	 -1000.0000 	 -1000.0000 
	 19.0250 	 6.120526e-01 	 176.4770 	  0.8405 	 2.514220e+22 	 1.352990e+20 	 1.203347e-05 	 2.205141e-06 	  2.9713 	  0.6793 	 -1000.0000 	 -1000.0000 
	 19.1360 	 6.046253e-01 	 176.5365 	  0.8343 	 2.482853e+22 	 1.327905e+20 	 1.219918e-05 	 2.231239e-06 	  2.9799 	  0.6823 	 -1000.0000 	 -1000.0000 
	 19.2330 	 5.981987e-01 	 176.5848 	  0.8297 	 2.455769e+22 	 1.307209e+20 	 1.236134e-05 	 2.254199e-06 	  2.9878 	  0.6845 	 -1000.0000 	 -1000.0000 
	 19.8580 	 5.583969e-01 	 176.9324 	  0.8122 	 2.287845e+22 	 1.193894e+20 	 1.360030e-05 	 2.400559e-06 	  3.0527 	  0.7019 	 -1000.0000 	 -1000.0000 
	 19.9610 	 5.521335e-01 	 177.0153 	  0.8105 	 2.261153e+22 	 1.177343e+20 	 1.379790e-05 	 2.422309e-06 	  3.0662 	  0.7070 	 -1000.0000 	 -1000.0000 
	 20.0650 	 5.459027e-01 	 177.1120 	  0.8089 	 2.234450e+22 	 1.160890e+20 	 1.398275e-05 	 2.442347e-06 	  3.0808 	  0.7132 	 -1000.0000 	 -1000.0000 
	 20.1690 	 5.397673e-01 	 177.2232 	  0.8073 	 2.207988e+22 	 1.144595e+20 	 1.414837e-05 	 2.458496e-06 	  3.0965 	  0.7202 	 -1000.0000 	 -1000.0000 
	 20.2730 	 5.337237e-01 	 177.3470 	  0.8057 	 2.181774e+22 	 1.128462e+20 	 1.429142e-05 	 2.469371e-06 	  3.1135 	  0.7278 	 -1000.0000 	 -1000.0000 
	 20.8980 	 4.990389e-01 	 178.2173 	  0.7980 	 2.030012e+22 	 1.036840e+20 	 1.469259e-05 	 2.439195e-06 	  3.2339 	  0.7801 	 -1000.0000 	 -1000.0000 
	 21.0010 	 4.935434e-01 	 178.3582 	  0.7973 	 2.006045e+22 	 1.022928e+20 	 1.469559e-05 	 2.426024e-06 	  3.2551 	  0.7904 	 -1000.0000 	 -1000.0000 
	 21.1050 	 4.880438e-01 	 178.4930 	  0.7967 	 1.982170e+22 	 1.009310e+20 	 1.468487e-05 	 2.412612e-06 	  3.2763 	  0.8016 	 -1000.0000 	 -1000.0000 
	 21.2090 	 4.825899e-01 	 178.6182 	  0.7963 	 1.958632e+22 	 9.961503e+19 	 1.466301e-05 	 2.399077e-06 	  3.2971 	  0.8132 	 -1000.0000 	 -1000.0000 
	 21.3130 	 4.771829e-01 	 178.7330 	  0.7961 	 1.935441e+22 	 9.834460e+19 	 1.463375e-05 	 2.386113e-06 	  3.3170 	  0.8250 	 -1000.0000 	 -1000.0000 
	 21.8280 	 4.511889e-01 	 179.1310 	  0.7980 	 1.825976e+22 	 9.269083e+19 	 1.446207e-05 	 2.347194e-06 	  3.3954 	  0.8836 	 -1000.0000 	 -1000.0000 
	 21.9380 	 4.458245e-01 	 179.1756 	  0.7990 	 1.803817e+22 	 9.161331e+19 	 1.442678e-05 	 2.341507e-06 	  3.4092 	  0.8952 	 -1000.0000 	 -1000.0000 
	 22.0350 	 4.411546e-01 	 179.2022 	  0.8001 	 1.784652e+22 	 9.069900e+19 	 1.439869e-05 	 2.335450e-06 	  3.4206 	  0.9048 	 -1000.0000 	 -1000.0000 
	 22.1400 	 4.361659e-01 	 179.2170 	  0.8014 	 1.764310e+22 	 8.974620e+19 	 1.437402e-05 	 2.327411e-06 	  3.4320 	  0.9141 	 -1000.0000 	 -1000.0000 
	 22.2420 	 4.313875e-01 	 179.2175 	  0.8028 	 1.744952e+22 	 8.885555e+19 	 1.435779e-05 	 2.318571e-06 	  3.4419 	  0.9219 	 -1000.0000 	 -1000.0000 
	 22.8780 	 4.029373e-01 	 179.0712 	  0.8121 	 1.631130e+22 	 8.371721e+19 	 1.449878e-05 	 2.245579e-06 	  3.4687 	  0.9464 	 -1000.0000 	 -1000.0000 
	 22.9700 	 3.989884e-01 	 179.0529 	  0.8131 	 1.615331e+22 	 8.297949e+19 	 1.456217e-05 	 2.233461e-06 	  3.4662 	  0.9467 	 -1000.0000 	 -1000.0000 
	 23.0850 	 3.941022e-01 	 179.0398 	  0.8141 	 1.595704e+22 	 8.203996e+19 	 1.465832e-05 	 2.217312e-06 	  3.4606 	  0.9457 	 -1000.0000 	 -1000.0000 
	 23.1850 	 3.898955e-01 	 179.0400 	  0.8146 	 1.578710e+22 	 8.120090e+19 	 1.475666e-05 	 2.201847e-06 	  3.4535 	  0.9436 	 -1000.0000 	 -1000.0000 
	 23.2920 	 3.854352e-01 	 179.0540 	  0.8149 	 1.560576e+22 	 8.027667e+19 	 1.487558e-05 	 2.184676e-06 	  3.4436 	  0.9402 	 -1000.0000 	 -1000.0000 
	 23.8060 	 3.646388e-01 	 179.1814 	  0.8148 	 1.475416e+22 	 7.579367e+19 	 1.553196e-05 	 2.118581e-06 	  3.3692 	  0.9156 	 -1000.0000 	 -1000.0000 
	 23.9120 	 3.604899e-01 	 179.1881 	  0.8153 	 1.458553e+22 	 7.493873e+19 	 1.565875e-05 	 2.112792e-06 	  3.3485 	  0.9094 	 -1000.0000 	 -1000.0000 
	 24.0120 	 3.566228e-01 	 179.1781 	  0.8162 	 1.442955e+22 	 7.417834e+19 	 1.576617e-05 	 2.109392e-06 	  3.3280 	  0.9035 	 -1000.0000 	 -1000.0000 
	 24.1190 	 3.525370e-01 	 179.1455 	  0.8178 	 1.426642e+22 	 7.342575e+19 	 1.586275e-05 	 2.107128e-06 	  3.3057 	  0.8975 	 -1000.0000 	 -1000.0000 
	 24.2250 	 3.485440e-01 	 179.0860 	  0.8200 	 1.410910e+22 	 7.275400e+19 	 1.593448e-05 	 2.104949e-06 	  3.2839 	  0.8922 	 -1000.0000 	 -1000.0000 
	 24.8460 	 3.261518e-01 	 178.2034 	  0.8390 	 1.326735e+22 	 6.976123e+19 	 1.578908e-05 	 2.026260e-06 	  3.1811 	  0.8712 	 -1000.0000 	 -1000.0000 
	 24.9520 	 3.224694e-01 	 177.9876 	  0.8404 	 1.313363e+22 	 6.921378e+19 	 1.567054e-05 	 1.999899e-06 	  3.1684 	  0.8682 	 -1000.0000 	 -1000.0000 
	 25.0520 	 3.190242e-01 	 177.7739 	  0.8406 	 1.300913e+22 	 6.863359e+19 	 1.553776e-05 	 1.971316e-06 	  3.1577 	  0.8652 	 -1000.0000 	 -1000.0000 
	 25.1590 	 3.153656e-01 	 177.5373 	  0.8392 	 1.287727e+22 	 6.792231e+19 	 1.537764e-05 	 1.937770e-06 	  3.1476 	  0.8623 	 -1000.0000 	 -1000.0000 
	 25.2750 	 3.114272e-01 	 177.2750 	  0.8354 	 1.273540e+22 	 6.701910e+19 	 1.518862e-05 	 1.899227e-06 	  3.1379 	  0.8598 	 -1000.0000 	 -1000.0000 
	 25.7900 	 2.943286e-01 	 176.1600 	  0.8089 	 1.211230e+22 	 6.239510e+19 	 1.434122e-05 	 1.755495e-06 	  3.1078 	  0.8590 	 -1000.0000 	 -1000.0000 
	 25.8960 	 2.909153e-01 	 175.9666 	  0.8091 	 1.198510e+22 	 6.177033e+19 	 1.420366e-05 	 1.746916e-06 	  3.1032 	  0.8607 	 -1000.0000 	 -1000.0000 
	 25.9960 	 2.877331e-01 	 175.7975 	  0.8121 	 1.186554e+22 	 6.134316e+19 	 1.409436e-05 	 1.747206e-06 	  3.0992 	  0.8629 	 -1000.0000 	 -1000.0000 
	 26.1030 	 2.843682e-01 	 175.6272 	  0.8177 	 1.173829e+22 	 6.102791e+19 	 1.400082e-05 	 1.755148e-06 	  3.0953 	  0.8661 	 -1000.0000 	 -1000.0000 
	 26.2030 	 2.812599e-01 	 175.4750 	  0.8246 	 1.162016e+22 	 6.083593e+19 	 1.393555e-05 	 1.767640e-06 	  3.0918 	  0.8695 	 -1000.0000 	 -1000.0000 
	 26.8350 	 2.623859e-01 	 174.4710 	  0.8737 	 1.090230e+22 	 6.009030e+19 	 1.400743e-05 	 1.896981e-06 	  3.0737 	  0.8916 	 -1000.0000 	 -1000.0000 
	 26.9360 	 2.594855e-01 	 174.2736 	  0.8775 	 1.079382e+22 	 5.976295e+19 	 1.409519e-05 	 1.921100e-06 	  3.0707 	  0.8942 	 -1000.0000 	 -1000.0000 
	 27.0420 	 2.564737e-01 	 174.0515 	  0.8794 	 1.068200e+22 	 5.931571e+19 	 1.421010e-05 	 1.946412e-06 	  3.0672 	  0.8966 	 -1000.0000 	 -1000.0000 
	 27.1420 	 2.536620e-01 	 173.8299 	  0.8796 	 1.057826e+22 	 5.881043e+19 	 1.433945e-05 	 1.970259e-06 	  3.0637 	  0.8984 	 -1000.0000 	 -1000.0000 
	 27.2490 	 2.506844e-01 	 173.5818 	  0.8784 	 1.046896e+22 	 5.819550e+19 	 1.449946e-05 	 1.995590e-06 	  3.0597 	  0.8998 	 -1000.0000 	 -1000.0000 
	 27.8850 	 2.336038e-01 	 171.9970 	  0.8560 	 9.846030e+21 	 5.383680e+19 	 1.584109e-05 	 2.145774e-06 	  3.0337 	  0.9002 	 -1000.0000 	 -1000.0000 
	 27.9790 	 2.311629e-01 	 171.7640 	  0.8527 	 9.756473e+21 	 5.321556e+19 	 1.608387e-05 	 2.169973e-06 	  3.0302 	  0.8996 	 -1000.0000 	 -1000.0000 
	 28.0910 	 2.282815e-01 	 171.4897 	  0.8493 	 9.650363e+21 	 5.251072e+19 	 1.638289e-05 	 2.199663e-06 	  3.0263 	  0.8988 	 -1000.0000 	 -1000.0000 
	 28.1850 	 2.258857e-01 	 171.2616 	  0.8469 	 9.561862e+21 	 5.194828e+19 	 1.664010e-05 	 2.224916e-06 	  3.0233 	  0.8982 	 -1000.0000 	 -1000.0000 
	 28.2960 	 2.230834e-01 	 170.9934 	  0.8446 	 9.458079e+21 	 5.131765e+19 	 1.694914e-05 	 2.254962e-06 	  3.0199 	  0.8974 	 -1000.0000 	 -1000.0000 
	 28.8160 	 2.103436e-01 	 169.7212 	  0.8410 	 8.984609e+21 	 4.882387e+19 	 1.841788e-05 	 2.393247e-06 	  2.9958 	  0.8911 	 -1000.0000 	 -1000.0000 
	 28.9300 	 2.076370e-01 	 169.4310 	  0.8419 	 8.884130e+21 	 4.837340e+19 	 1.873209e-05 	 2.420973e-06 	  2.9862 	  0.8884 	 -1000.0000 	 -1000.0000 
	 29.0220 	 2.054756e-01 	 169.1920 	  0.8429 	 8.804034e+21 	 4.803360e+19 	 1.897846e-05 	 2.443053e-06 	  2.9768 	  0.8858 	 -1000.0000 	 -1000.0000 
	 29.1360 	 2.028252e-01 	 168.8896 	  0.8447 	 8.705999e+21 	 4.763979e+19 	 1.926896e-05 	 2.470389e-06 	  2.9634 	  0.8822 	 -1000.0000 	 -1000.0000 
	 29.2280 	 2.007084e-01 	 168.6408 	  0.8466 	 8.627839e+21 	 4.734211e+19 	 1.948564e-05 	 2.492456e-06 	  2.9512 	  0.8793 	 -1000.0000 	 -1000.0000 
	 29.8560 	 1.867620e-01 	 166.8336 	  0.8648 	 8.115363e+21 	 4.566519e+19 	 2.005142e-05 	 2.600771e-06 	  2.8699 	  0.8720 	 -1000.0000 	 -1000.0000 
	 29.9750 	 1.842133e-01 	 166.4710 	  0.8689 	 8.022050e+21 	 4.539250e+19 	 1.988548e-05 	 2.605845e-06 	  2.8607 	  0.8760 	 -1000.0000 	 -1000.0000 
	 30.0620 	 1.823679e-01 	 166.2021 	  0.8720 	 7.954528e+21 	 4.519744e+19 	 1.969622e-05 	 2.602753e-06 	  2.8565 	  0.8804 	 -1000.0000 	 -1000.0000 
	 30.1810 	 1.798684e-01 	 165.8297 	  0.8762 	 7.863106e+21 	 4.493554e+19 	 1.934806e-05 	 2.588658e-06 	  2.8542 	  0.8876 	 -1000.0000 	 -1000.0000 
	 30.2680 	 1.780592e-01 	 165.5543 	  0.8794 	 7.796943e+21 	 4.474731e+19 	 1.903409e-05 	 2.571286e-06 	  2.8554 	  0.8937 	 -1000.0000 	 -1000.0000 
	 30.7980 	 1.673722e-01 	 163.8370 	  0.8990 	 7.405771e+21 	 4.364392e+19 	 1.640826e-05 	 2.395714e-06 	  2.9247 	  0.9444 	 -1000.0000 	 -1000.0000 
	 30.9100 	 1.651885e-01 	 163.4690 	  0.9033 	 7.325628e+21 	 4.341681e+19 	 1.577373e-05 	 2.355243e-06 	  2.9558 	  0.9590 	 -1000.0000 	 -1000.0000 
	 31.0200 	 1.630693e-01 	 163.1070 	  0.9076 	 7.247740e+21 	 4.319460e+19 	 1.514656e-05 	 2.318914e-06 	  2.9931 	  0.9752 	 -1000.0000 	 -1000.0000 
	 31.1150 	 1.612597e-01 	 162.7943 	  0.9112 	 7.181117e+21 	 4.300217e+19 	 1.460596e-05 	 2.293866e-06 	 -1000.0000 	 -1000.0000 	 -1000.0000 	 -1000.0000 
	 31.2250 	 1.591873e-01 	 162.4317 	  0.9153 	 7.104706e+21 	 4.277301e+19 	 1.398093e-05 	 2.273135e-06 	 -1000.0000 	 -1000.0000 	 -1000.0000 	 -1000.0000 
	 31.8400 	 1.480106e-01 	 160.3655 	  0.9245 	 6.691060e+21 	 4.100756e+19 	 1.031835e-05 	 2.197540e-06 	 -1000.0000 	 -1000.0000 	 -1000.0000 	 -1000.0000 
	 31.9600 	 1.459017e-01 	 159.9487 	  0.9214 	 6.612853e+21 	 4.049420e+19 	 9.551546e-06 	 2.156321e-06 	 -1000.0000 	 -1000.0000 	 -1000.0000 	 -1000.0000 
	 32.0700 	 1.439865e-01 	 159.5610 	  0.9165 	 6.541830e+21 	 3.995420e+19 	 8.837890e-06 	 2.102799e-06 	 -1000.0000 	 -1000.0000 	 -1000.0000 	 -1000.0000 
	 32.1650 	 1.423458e-01 	 159.2217 	  0.9106 	 6.480985e+21 	 3.943060e+19 	 8.219104e-06 	 2.041300e-06 	 -1000.0000 	 -1000.0000 	 -1000.0000 	 -1000.0000 
	 32.2750 	 1.404618e-01 	 158.8260 	  0.9021 	 6.411047e+21 	 3.876728e+19 	 7.511290e-06 	 1.953416e-06 	 -1000.0000 	 -1000.0000 	 -1000.0000 	 -1000.0000 
	 32.7990 	 1.317438e-01 	 156.9920 	  0.8498 	 6.083266e+21 	 3.520892e+19 	 4.669734e-06 	 1.442656e-06 	 -1000.0000 	 -1000.0000 	 -1000.0000 	 -1000.0000 
	 32.8900 	 1.302771e-01 	 156.6980 	  0.8408 	 6.026879e+21 	 3.459786e+19 	 4.303141e-06 	 1.367003e-06 	 -1000.0000 	 -1000.0000 	 -1000.0000 	 -1000.0000 
	 33.0040 	 1.284612e-01 	 156.3468 	  0.8305 	 5.956310e+21 	 3.386631e+19 	 3.898613e-06 	 1.282110e-06 	 -1000.0000 	 -1000.0000 	 -1000.0000 	 -1000.0000 
	 33.1150 	 1.267169e-01 	 156.0260 	  0.8218 	 5.887600e+21 	 3.320470e+19 	 3.559823e-06 	 1.209362e-06 	 -1000.0000 	 -1000.0000 	 -1000.0000 	 -1000.0000 
	 33.2080 	 1.252739e-01 	 155.7753 	  0.8159 	 5.829992e+21 	 3.269768e+19 	 3.314485e-06 	 1.155875e-06 	 -1000.0000 	 -1000.0000 	 -1000.0000 	 -1000.0000 
	 33.8490 	 1.157653e-01 	 154.4344 	  0.7995 	 5.434318e+21 	 3.008277e+19 	 2.286807e-06 	 9.316660e-07 	 -1000.0000 	 -1000.0000 	 -1000.0000 	 -1000.0000 
	 33.9320 	 1.145865e-01 	 154.3009 	  0.7991 	 5.383612e+21 	 2.981064e+19 	 2.210902e-06 	 9.181335e-07 	 -1000.0000 	 -1000.0000 	 -1000.0000 	 -1000.0000 
	 34.0540 	 1.128744e-01 	 154.1173 	  0.7988 	 5.309451e+21 	 2.941852e+19 	 2.114138e-06 	 9.026306e-07 	 -1000.0000 	 -1000.0000 	 -1000.0000 	 -1000.0000 
	 34.1700 	 1.112684e-01 	 153.9550 	  0.7985 	 5.239410e+21 	 2.904610e+19 	 2.035082e-06 	 8.913860e-07 	 -1000.0000 	 -1000.0000 	 -1000.0000 	 -1000.0000 
	 34.2580 	 1.100640e-01 	 153.8387 	  0.7982 	 5.186625e+21 	 2.875936e+19 	 1.981547e-06 	 8.844772e-07 	 -1000.0000 	 -1000.0000 	 -1000.0000 	 -1000.0000 
	 34.7810 	 1.031436e-01 	 153.2029 	  0.7960 	 4.880794e+21 	 2.706736e+19 	 1.726169e-06 	 8.545487e-07 	 -1000.0000 	 -1000.0000 	 -1000.0000 	 -1000.0000 
	 34.8990 	 1.016364e-01 	 153.0566 	  0.7964 	 4.814053e+21 	 2.671642e+19 	 1.674066e-06 	 8.458065e-07 	 -1000.0000 	 -1000.0000 	 -1000.0000 	 -1000.0000 
	 34.9850 	 1.005500e-01 	 152.9456 	  0.7971 	 4.766028e+21 	 2.647425e+19 	 1.635787e-06 	 8.379101e-07 	 -1000.0000 	 -1000.0000 	 -1000.0000 	 -1000.0000 
	 35.1040 	 9.906323e-02 	 152.7837 	  0.7987 	 4.700486e+21 	 2.616207e+19 	 1.582498e-06 	 8.251081e-07 	 -1000.0000 	 -1000.0000 	 -1000.0000 	 -1000.0000 
	 35.2200 	 9.763205e-02 	 152.6140 	  0.8012 	 4.637680e+21 	 2.588780e+19 	 1.530606e-06 	 8.110296e-07 	 -1000.0000 	 -1000.0000 	 -1000.0000 	 -1000.0000 
	 35.8310 	 9.038661e-02 	 151.5039 	  0.8217 	 4.324899e+21 	 2.476149e+19 	 1.284543e-06 	 7.290374e-07 	 -1000.0000 	 -1000.0000 	 -1000.0000 	 -1000.0000 
	 35.9440 	 8.910161e-02 	 151.2643 	  0.8241 	 4.270187e+21 	 2.454016e+19 	 1.248283e-06 	 7.160107e-07 	 -1000.0000 	 -1000.0000 	 -1000.0000 	 -1000.0000 
	 36.0350 	 8.807951e-02 	 151.0648 	  0.8250 	 4.226794e+21 	 2.434266e+19 	 1.221734e-06 	 7.066891e-07 	 -1000.0000 	 -1000.0000 	 -1000.0000 	 -1000.0000 
	 36.1480 	 8.682622e-02 	 150.8098 	  0.8247 	 4.173718e+21 	 2.406562e+19 	 1.191857e-06 	 6.965261e-07 	 -1000.0000 	 -1000.0000 	 -1000.0000 	 -1000.0000 
	 36.2700 	 8.549306e-02 	 150.5260 	  0.8222 	 4.117390e+21 	 2.371690e+19 	 1.163081e-06 	 6.871911e-07 	 -1000.0000 	 -1000.0000 	 -1000.0000 	 -1000.0000 
	 36.8000 	 7.991946e-02 	 149.2530 	  0.8004 	 3.881790e+21 	 2.197100e+19 	 1.058988e-06 	 6.544143e-07 	 -1000.0000 	 -1000.0000 	 -1000.0000 	 -1000.0000 
	 36.8810 	 7.909327e-02 	 149.0644 	  0.8003 	 3.846549e+21 	 2.178361e+19 	 1.042606e-06 	 6.477990e-07 	 -1000.0000 	 -1000.0000 	 -1000.0000 	 -1000.0000 
	 37.0040 	 7.785017e-02 	 148.7829 	  0.8032 	 3.793304e+21 	 2.157034e+19 	 1.016487e-06 	 6.362956e-07 	 -1000.0000 	 -1000.0000 	 -1000.0000 	 -1000.0000 
	 37.0850 	 7.703938e-02 	 148.5997 	  0.8068 	 3.758461e+21 	 2.147202e+19 	 9.985631e-07 	 6.278871e-07 	 -1000.0000 	 -1000.0000 	 -1000.0000 	 -1000.0000 
	 37.2080 	 7.582054e-02 	 148.3223 	  0.8147 	 3.705959e+21 	 2.137824e+19 	 9.706438e-07 	 6.143065e-07 	 -1000.0000 	 -1000.0000 	 -1000.0000 	 -1000.0000 
	 37.8500 	 6.972399e-02 	 146.7800 	  0.8829 	 3.443640e+21 	 2.154920e+19 	 8.350457e-07 	 5.455828e-07 	 -1000.0000 	 -1000.0000 	 -1000.0000 	 -1000.0000 
	 37.9310 	 6.898914e-02 	 146.5611 	  0.8926 	 3.412376e+21 	 2.159890e+19 	 8.216603e-07 	 5.386661e-07 	 -1000.0000 	 -1000.0000 	 -1000.0000 	 -1000.0000 
	 38.0540 	 6.788831e-02 	 146.2165 	  0.9070 	 3.365747e+21 	 2.166759e+19 	 8.037105e-07 	 5.293679e-07 	 -1000.0000 	 -1000.0000 	 -1000.0000 	 -1000.0000 
	 38.1350 	 6.717295e-02 	 145.9830 	  0.9161 	 3.335551e+21 	 2.170556e+19 	 7.935594e-07 	 5.240945e-07 	 -1000.0000 	 -1000.0000 	 -1000.0000 	 -1000.0000 
	 38.2570 	 6.610931e-02 	 145.6237 	  0.9290 	 3.290759e+21 	 2.174700e+19 	 7.809509e-07 	 5.175333e-07 	 -1000.0000 	 -1000.0000 	 -1000.0000 	 -1000.0000 
	 38.7810 	 6.171256e-02 	 144.0528 	  0.9665 	 3.105369e+21 	 2.156283e+19 	 7.683101e-07 	 5.140206e-07 	 -1000.0000 	 -1000.0000 	 -1000.0000 	 -1000.0000 
	 38.9840 	 6.007546e-02 	 143.4697 	  0.9696 	 3.035377e+21 	 2.125865e+19 	 7.846740e-07 	 5.274254e-07 	 -1000.0000 	 -1000.0000 	 -1000.0000 	 -1000.0000 
	 39.1880 	 5.846223e-02 	 142.9214 	  0.9640 	 2.965315e+21 	 2.077575e+19 	 7.435233e-07 	 8.833788e-08 	 -1000.0000 	 -1000.0000 	 -1000.0000 	 -1000.0000 
	 39.4250 	 5.662357e-02 	 142.3520 	  0.9446 	 2.883610e+21 	 1.995140e+19 	 7.782346e-07 	 9.244609e-08 	 -1000.0000 	 -1000.0000 	 -1000.0000 	 -1000.0000 
	 39.6280 	 5.507769e-02 	 141.9455 	  0.9173 	 2.812870e+21 	 1.902458e+19 	 8.262233e-07 	 9.790922e-08 	 -1000.0000 	 -1000.0000 	 -1000.0000 	 -1000.0000 
	 39.8310 	 5.356809e-02 	 141.6603 	  0.8893 	 2.741271e+21 	 1.805899e+19 	 9.070692e-07 	 1.048911e-07 	 -1000.0000 	 -1000.0000 	 -1000.0000 	 -1000.0000 
	 39.9500 	 5.270486e-02 	 141.5700 	  0.8769 	 2.698870e+21 	 1.755600e+19 	 9.772903e-07 	 1.095241e-07 	 -1000.0000 	 -1000.0000 	 -1000.0000 	 -1000.0000 
	 40.0340 	 5.210666e-02 	 141.5465 	  0.8713 	 2.668748e+21 	 1.725361e+19 	 1.039012e-06 	 1.129714e-07 	 -1000.0000 	 -1000.0000 	 -1000.0000 	 -1000.0000 
	 40.1530 	 5.127478e-02 	 141.5665 	  0.8675 	 2.625881e+21 	 1.689733e+19 	 1.140194e-06 	 1.179673e-07 	 -1000.0000 	 -1000.0000 	 -1000.0000 	 -1000.0000 
	 40.2380 	 5.069128e-02 	 141.6148 	  0.8674 	 2.595187e+21 	 1.668695e+19 	 1.218927e-06 	 1.215124e-07 	 -1000.0000 	 -1000.0000 	 -1000.0000 	 -1000.0000 
	 40.7600 	 4.728077e-02 	 142.3344 	  0.8921 	 2.408317e+21 	 1.584979e+19 	 1.660987e-06 	 1.379678e-07 	 -1000.0000 	 -1000.0000 	 -1000.0000 	 -1000.0000 
	 40.8850 	 4.650242e-02 	 142.5637 	  0.8989 	 2.364755e+21 	 1.567496e+19 	 1.714886e-06 	 1.392877e-07 	 -1000.0000 	 -1000.0000 	 -1000.0000 	 -1000.0000 
	 41.0050 	 4.576693e-02 	 142.7850 	  0.9036 	 2.323660e+21 	 1.548200e+19 	 1.731965e-06 	 1.391226e-07 	 -1000.0000 	 -1000.0000 	 -1000.0000 	 -1000.0000 
	 41.0880 	 4.526445e-02 	 142.9343 	  0.9055 	 2.295719e+21 	 1.532697e+19 	 1.720821e-06 	 1.380945e-07 	 -1000.0000 	 -1000.0000 	 -1000.0000 	 -1000.0000 
	 41.2070 	 4.455284e-02 	 143.1386 	  0.9061 	 2.256394e+21 	 1.507568e+19 	 1.674632e-06 	 1.354056e-07 	 -1000.0000 	 -1000.0000 	 -1000.0000 	 -1000.0000 
	 41.7330 	 4.153419e-02 	 143.7946 	  0.8890 	 2.094003e+21 	 1.373251e+19 	 1.198440e-06 	 1.115454e-07 	 -1000.0000 	 -1000.0000 	 -1000.0000 	 -1000.0000 
	 41.8120 	 4.109904e-02 	 143.8427 	  0.8849 	 2.071369e+21 	 1.352288e+19 	 1.110312e-06 	 1.070067e-07 	 -1000.0000 	 -1000.0000 	 -1000.0000 	 -1000.0000 
	 41.9350 	 4.043117e-02 	 143.8832 	  0.8785 	 2.037120e+21 	 1.320539e+19 	 9.757796e-07 	 9.982505e-08 	 -1000.0000 	 -1000.0000 	 -1000.0000 	 -1000.0000 
	 42.0600 	 3.976460e-02 	 143.8770 	  0.8721 	 2.003590e+21 	 1.290110e+19 	 8.486697e-07 	 9.259416e-08 	 -1000.0000 	 -1000.0000 	 -1000.0000 	 -1000.0000 
	 42.1380 	 3.935489e-02 	 143.8469 	  0.8684 	 1.983335e+21 	 1.272388e+19 	 7.770714e-07 	 8.821374e-08 	 -1000.0000 	 -1000.0000 	 -1000.0000 	 -1000.0000 
	 42.7870 	 3.611078e-02 	 142.9171 	  0.8471 	 1.831628e+21 	 1.158726e+19 	 3.861712e-07 	 5.713203e-08 	 -1000.0000 	 -1000.0000 	 -1000.0000 	 -1000.0000 
	 42.8700 	 3.571429e-02 	 142.7264 	  0.8455 	 1.813957e+21 	 1.147662e+19 	 3.562090e-07 	 5.394367e-08 	 -1000.0000 	 -1000.0000 	 -1000.0000 	 -1000.0000 
	 42.9890 	 3.515194e-02 	 142.4313 	  0.8437 	 1.789125e+21 	 1.132806e+19 	 3.185541e-07 	 4.972015e-08 	 -1000.0000 	 -1000.0000 	 -1000.0000 	 -1000.0000 
	 43.1150 	 3.456375e-02 	 142.0940 	  0.8423 	 1.763390e+21 	 1.118190e+19 	 2.842066e-07 	 4.570937e-08 	 -1000.0000 	 -1000.0000 	 -1000.0000 	 -1000.0000 
	 43.1910 	 3.421233e-02 	 141.8798 	  0.8417 	 1.748104e+21 	 1.109847e+19 	 2.656536e-07 	 4.352409e-08 	 -1000.0000 	 -1000.0000 	 -1000.0000 	 -1000.0000 
	 43.8470 	 3.128876e-02 	 139.7991 	  0.8462 	 1.622495e+21 	 1.051553e+19 	 1.565749e-07 	 3.047595e-08 	 -1000.0000 	 -1000.0000 	 -1000.0000 	 -1000.0000 
	 43.9220 	 3.096785e-02 	 139.5458 	  0.8479 	 1.608772e+21 	 1.046408e+19 	 1.485570e-07 	 2.946867e-08 	 -1000.0000 	 -1000.0000 	 -1000.0000 	 -1000.0000 
	 44.0490 	 3.043112e-02 	 139.1151 	  0.8514 	 1.585789e+21 	 1.038383e+19 	 1.363979e-07 	 2.790421e-08 	 -1000.0000 	 -1000.0000 	 -1000.0000 	 -1000.0000 
	 44.1650 	 2.994835e-02 	 138.7220 	  0.8553 	 1.565060e+21 	 1.031800e+19 	 1.265903e-07 	 2.659806e-08 	 -1000.0000 	 -1000.0000 	 -1000.0000 	 -1000.0000 
	 44.2510 	 2.959512e-02 	 138.4321 	  0.8587 	 1.549843e+21 	 1.027354e+19 	 1.199696e-07 	 2.568729e-08 	 -1000.0000 	 -1000.0000 	 -1000.0000 	 -1000.0000 
	 44.7710 	 2.753892e-02 	 136.7255 	  0.8802 	 1.460165e+21 	 1.001876e+19 	 8.949342e-08 	 2.107778e-08 	 -1000.0000 	 -1000.0000 	 -1000.0000 	 -1000.0000 
	 44.8970 	 2.705958e-02 	 136.3281 	  0.8839 	 1.438930e+21 	 9.942016e+18 	 8.411169e-08 	 2.017104e-08 	 -1000.0000 	 -1000.0000 	 -1000.0000 	 -1000.0000 
	 44.9720 	 2.677745e-02 	 136.0952 	  0.8855 	 1.426363e+21 	 9.890161e+18 	 8.119694e-08 	 1.966633e-08 	 -1000.0000 	 -1000.0000 	 -1000.0000 	 -1000.0000 
	 45.0990 	 2.630492e-02 	 135.7078 	  0.8870 	 1.405189e+21 	 9.789208e+18 	 7.669102e-08 	 1.886826e-08 	 -1000.0000 	 -1000.0000 	 -1000.0000 	 -1000.0000 
	 45.2300 	 2.582404e-02 	 135.3180 	  0.8864 	 1.383470e+21 	 9.664240e+18 	 7.252875e-08 	 1.811550e-08 	 -1000.0000 	 -1000.0000 	 -1000.0000 	 -1000.0000 
	 45.7500 	 2.398277e-02 	 133.8980 	  0.8797 	 1.298460e+21 	 9.105040e+18 	 5.990189e-08 	 1.580953e-08 	 -1000.0000 	 -1000.0000 	 -1000.0000 	 -1000.0000 
	 45.8340 	 2.369681e-02 	 133.6927 	  0.8829 	 1.284958e+21 	 9.050667e+18 	 5.840836e-08 	 1.554324e-08 	 -1000.0000 	 -1000.0000 	 -1000.0000 	 -1000.0000 
	 45.9510 	 2.330407e-02 	 133.4180 	  0.8904 	 1.266281e+21 	 9.000889e+18 	 5.655760e-08 	 1.521948e-08 	 -1000.0000 	 -1000.0000 	 -1000.0000 	 -1000.0000 
	 46.0350 	 2.302601e-02 	 133.2277 	  0.8976 	 1.252969e+21 	 8.980428e+18 	 5.538187e-08 	 1.501839e-08 	 -1000.0000 	 -1000.0000 	 -1000.0000 	 -1000.0000 
	 46.1530 	 2.264072e-02 	 132.9684 	  0.9095 	 1.234418e+21 	 8.967952e+18 	 5.392763e-08 	 1.477610e-08 	 -1000.0000 	 -1000.0000 	 -1000.0000 	 -1000.0000 
	 46.8050 	 2.061418e-02 	 131.6090 	  0.9800 	 1.135490e+21 	 8.942510e+18 	 4.903748e-08 	 1.407246e-08 	 -1000.0000 	 -1000.0000 	 -1000.0000 	 -1000.0000 
	 46.8840 	 2.037929e-02 	 131.4417 	  0.9852 	 1.123969e+21 	 8.910746e+18 	 4.869736e-08 	 1.403819e-08 	 -1000.0000 	 -1000.0000 	 -1000.0000 	 -1000.0000 
	 47.0060 	 2.002080e-02 	 131.1800 	  0.9908 	 1.106386e+21 	 8.841888e+18 	 4.824462e-08 	 1.399997e-08 	 -1000.0000 	 -1000.0000 	 -1000.0000 	 -1000.0000 
	 47.0850 	 1.979143e-02 	 131.0089 	  0.9931 	 1.095132e+21 	 8.786027e+18 	 4.799583e-08 	 1.398418e-08 	 -1000.0000 	 -1000.0000 	 -1000.0000 	 -1000.0000 
	 47.2060 	 1.944440e-02 	 130.7457 	  0.9949 	 1.078090e+21 	 8.686007e+18 	 4.767820e-08 	 1.397286e-08 	 -1000.0000 	 -1000.0000 	 -1000.0000 	 -1000.0000 
	 47.7360 	 1.798691e-02 	 129.6104 	  0.9877 	 1.006043e+21 	 8.129606e+18 	 4.704991e-08 	 1.421797e-08 	 -1000.0000 	 -1000.0000 	 -1000.0000 	 -1000.0000 
	 47.8650 	 1.764799e-02 	 129.3480 	  0.9848 	 9.890980e+20 	 7.988170e+18 	 4.705165e-08 	 1.436607e-08 	 -1000.0000 	 -1000.0000 	 -1000.0000 	 -1000.0000 
	 47.9370 	 1.746159e-02 	 129.2054 	  0.9834 	 9.797332e+20 	 7.911762e+18 	 4.707545e-08 	 1.445382e-08 	 -1000.0000 	 -1000.0000 	 -1000.0000 	 -1000.0000 
	 48.0660 	 1.713245e-02 	 128.9573 	  0.9814 	 9.631148e+20 	 7.780067e+18 	 4.715674e-08 	 1.461969e-08 	 -1000.0000 	 -1000.0000 	 -1000.0000 	 -1000.0000 
	 48.1380 	 1.695138e-02 	 128.8231 	  0.9805 	 9.539261e+20 	 7.709416e+18 	 4.722298e-08 	 1.471695e-08 	 -1000.0000 	 -1000.0000 	 -1000.0000 	 -1000.0000 
	 48.7960 	 1.537750e-02 	 127.7614 	  0.9841 	 8.725377e+20 	 7.153080e+18 	 4.845820e-08 	 1.574995e-08 	 -1000.0000 	 -1000.0000 	 -1000.0000 	 -1000.0000 
	 48.9250 	 1.508462e-02 	 127.5920 	  0.9876 	 8.570670e+20 	 7.061760e+18 	 4.882079e-08 	 1.598050e-08 	 -1000.0000 	 -1000.0000 	 -1000.0000 	 -1000.0000 
	 48.9970 	 1.492320e-02 	 127.5034 	  0.9900 	 8.484937e+20 	 7.013149e+18 	 4.903866e-08 	 1.611284e-08 	 -1000.0000 	 -1000.0000 	 -1000.0000 	 -1000.0000 
	 49.1260 	 1.463764e-02 	 127.3538 	  0.9950 	 8.332548e+20 	 6.930000e+18 	 4.945721e-08 	 1.635665e-08 	 -1000.0000 	 -1000.0000 	 -1000.0000 	 -1000.0000 
	 49.1980 	 1.448033e-02 	 127.2744 	  0.9982 	 8.248254e+20 	 6.885637e+18 	 4.970702e-08 	 1.649660e-08 	 -1000.0000 	 -1000.0000 	 -1000.0000 	 -1000.0000 
	 49.7270 	 1.337155e-02 	 126.7154 	  1.0275 	 7.650362e+20 	 6.595454e+18 	 5.193286e-08 	 1.761943e-08 	 -1000.0000 	 -1000.0000 	 -1000.0000 	 -1000.0000 
	 49.8500 	 1.312598e-02 	 126.5761 	  1.0351 	 7.517935e+20 	 6.534710e+18 	 5.255793e-08 	 1.790693e-08 	 -1000.0000 	 -1000.0000 	 -1000.0000 	 -1000.0000 
	 49.9800 	 1.287163e-02 	 126.4180 	  1.0432 	 7.381200e+20 	 6.472250e+18 	 5.326680e-08 	 1.822283e-08 	 -1000.0000 	 -1000.0000 	 -1000.0000 	 -1000.0000 
	 50.0500 	 1.273689e-02 	 126.3273 	  1.0476 	 7.309022e+20 	 6.439179e+18 	 5.366993e-08 	 1.839831e-08 	 -1000.0000 	 -1000.0000 	 -1000.0000 	 -1000.0000 
	 50.1800 	 1.249070e-02 	 126.1503 	  1.0557 	 7.177511e+20 	 6.378435e+18 	 5.446252e-08 	 1.873542e-08 	 -1000.0000 	 -1000.0000 	 -1000.0000 	 -1000.0000 
	 50.7100 	 1.153581e-02 	 125.4161 	  1.0870 	 6.667367e+20 	 6.128530e+18 	 5.844250e-08 	 2.030794e-08 	 -1000.0000 	 -1000.0000 	 -1000.0000 	 -1000.0000 
	 50.7800 	 1.141493e-02 	 125.3298 	  1.0909 	 6.602145e+20 	 6.093895e+18 	 5.907781e-08 	 2.054547e-08 	 -1000.0000 	 -1000.0000 	 -1000.0000 	 -1000.0000 
	 50.9100 	 1.119327e-02 	 125.1835 	  1.0979 	 6.481751e+20 	 6.027726e+18 	 6.033782e-08 	 2.100879e-08 	 -1000.0000 	 -1000.0000 	 -1000.0000 	 -1000.0000 
	 51.0400 	 1.097509e-02 	 125.0600 	  1.1046 	 6.361960e+20 	 5.958660e+18 	 6.170901e-08 	 2.150308e-08 	 -1000.0000 	 -1000.0000 	 -1000.0000 	 -1000.0000 
	 51.1100 	 1.085896e-02 	 125.0045 	  1.1081 	 6.297578e+20 	 5.920105e+18 	 6.249620e-08 	 2.178288e-08 	 -1000.0000 	 -1000.0000 	 -1000.0000 	 -1000.0000 
	 51.7700 	 9.813573e-03 	 124.7923 	  1.1412 	 5.701300e+20 	 5.533804e+18 	 7.175526e-08 	 2.491133e-08 	 -1000.0000 	 -1000.0000 	 -1000.0000 	 -1000.0000 
	 51.8400 	 9.708377e-03 	 124.7934 	  1.1452 	 5.640058e+20 	 5.493260e+18 	 7.294661e-08 	 2.529650e-08 	 -1000.0000 	 -1000.0000 	 -1000.0000 	 -1000.0000 
	 51.9700 	 9.516133e-03 	 124.8023 	  1.1533 	 5.527810e+20 	 5.419738e+18 	 7.527374e-08 	 2.603970e-08 	 -1000.0000 	 -1000.0000 	 -1000.0000 	 -1000.0000 
	 52.0950 	 9.335213e-03 	 124.8170 	  1.1618 	 5.421920e+20 	 5.351940e+18 	 7.765573e-08 	 2.678882e-08 	 -1000.0000 	 -1000.0000 	 -1000.0000 	 -1000.0000 
	 52.1700 	 9.228554e-03 	 124.8277 	  1.1674 	 5.359437e+20 	 5.312847e+18 	 7.915509e-08 	 2.725481e-08 	 -1000.0000 	 -1000.0000 	 -1000.0000 	 -1000.0000 
	 52.6930 	 8.522353e-03 	 124.9614 	  1.2016 	 4.943965e+20 	 5.031332e+18 	 9.134969e-08 	 3.090822e-08 	 -1000.0000 	 -1000.0000 	 -1000.0000 	 -1000.0000 
	 52.8290 	 8.348784e-03 	 125.0216 	  1.2049 	 4.841012e+20 	 4.941328e+18 	 9.510806e-08 	 3.199389e-08 	 -1000.0000 	 -1000.0000 	 -1000.0000 	 -1000.0000 
	 52.8920 	 8.269693e-03 	 125.0541 	  1.2051 	 4.793933e+20 	 4.895324e+18 	 9.694378e-08 	 3.251862e-08 	 -1000.0000 	 -1000.0000 	 -1000.0000 	 -1000.0000 
	 53.0280 	 8.101696e-03 	 125.1356 	  1.2018 	 4.693528e+20 	 4.784746e+18 	 1.011242e-07 	 3.370149e-08 	 -1000.0000 	 -1000.0000 	 -1000.0000 	 -1000.0000 
	 53.1550 	 7.948081e-03 	 125.2270 	  1.1937 	 4.601160e+20 	 4.665220e+18 	 1.053123e-07 	 3.487163e-08 	 -1000.0000 	 -1000.0000 	 -1000.0000 	 -1000.0000 
	 53.6900 	 7.334000e-03 	 125.9410 	  1.1309 	 4.221600e+20 	 4.067910e+18 	 1.264688e-07 	 4.059909e-08 	 -1000.0000 	 -1000.0000 	 -1000.0000 	 -1000.0000 
	 53.7530 	 7.265156e-03 	 126.0857 	  1.1262 	 4.177263e+20 	 4.005558e+18 	 1.293890e-07 	 4.136907e-08 	 -1000.0000 	 -1000.0000 	 -1000.0000 	 -1000.0000 
	 53.8890 	 7.118993e-03 	 126.4511 	  1.1204 	 4.081618e+20 	 3.884065e+18 	 1.360626e-07 	 4.311212e-08 	 -1000.0000 	 -1000.0000 	 -1000.0000 	 -1000.0000 
	 53.9520 	 7.052409e-03 	 126.6433 	  1.1194 	 4.037405e+20 	 3.833068e+18 	 1.393425e-07 	 4.396048e-08 	 -1000.0000 	 -1000.0000 	 -1000.0000 	 -1000.0000 
	 54.0880 	 6.911071e-03 	 127.1032 	  1.1200 	 3.942335e+20 	 3.732211e+18 	 1.468769e-07 	 4.588984e-08 	 -1000.0000 	 -1000.0000 	 -1000.0000 	 -1000.0000 
	 54.7500 	 6.268370e-03 	 130.0010 	  1.1378 	 3.495510e+20 	 3.312330e+18 	 1.948365e-07 	 5.768923e-08 	 -1000.0000 	 -1000.0000 	 -1000.0000 	 -1000.0000 
	 54.8160 	 6.208275e-03 	 130.3298 	  1.1373 	 3.453197e+20 	 3.267074e+18 	 2.008683e-07 	 5.913053e-08 	 -1000.0000 	 -1000.0000 	 -1000.0000 	 -1000.0000 
	 54.9490 	 6.089293e-03 	 131.0052 	  1.1338 	 3.369472e+20 	 3.170967e+18 	 2.138204e-07 	 6.219933e-08 	 -1000.0000 	 -1000.0000 	 -1000.0000 	 -1000.0000 
	 55.0150 	 6.031292e-03 	 131.3461 	  1.1310 	 3.328694e+20 	 3.121236e+18 	 2.206540e-07 	 6.380392e-08 	 -1000.0000 	 -1000.0000 	 -1000.0000 	 -1000.0000 
	 55.1480 	 5.916485e-03 	 132.0430 	  1.1232 	 3.248081e+20 	 3.017914e+18 	 2.352689e-07 	 6.720213e-08 	 -1000.0000 	 -1000.0000 	 -1000.0000 	 -1000.0000 
	 55.6780 	 5.485788e-03 	 134.9034 	  1.0744 	 2.947873e+20 	 2.594174e+18 	 3.054367e-07 	 8.292008e-08 	 -1000.0000 	 -1000.0000 	 -1000.0000 	 -1000.0000 
	 55.8050 	 5.388759e-03 	 135.5960 	  1.0605 	 2.881010e+20 	 2.497310e+18 	 3.252624e-07 	 8.719855e-08 	 -1000.0000 	 -1000.0000 	 -1000.0000 	 -1000.0000 
	 55.8760 	 5.335524e-03 	 135.9824 	  1.0526 	 2.844497e+20 	 2.445070e+18 	 3.368771e-07 	 8.967511e-08 	 -1000.0000 	 -1000.0000 	 -1000.0000 	 -1000.0000 
	 56.0030 	 5.242054e-03 	 136.6685 	  1.0386 	 2.780741e+20 	 2.355252e+18 	 3.585640e-07 	 9.424460e-08 	 -1000.0000 	 -1000.0000 	 -1000.0000 	 -1000.0000 
	 56.0750 	 5.190032e-03 	 137.0526 	  1.0306 	 2.745485e+20 	 2.306376e+18 	 3.713502e-07 	 9.690723e-08 	 -1000.0000 	 -1000.0000 	 -1000.0000 	 -1000.0000 
	 56.7380 	 4.740797e-03 	 140.2100 	  0.9625 	 2.451303e+20 	 1.923739e+18 	 5.026599e-07 	 1.230475e-07 	 -1000.0000 	 -1000.0000 	 -1000.0000 	 -1000.0000 
	 56.8750 	 4.653945e-03 	 140.7280 	  0.9504 	 2.397420e+20 	 1.859350e+18 	 5.321135e-07 	 1.286209e-07 	 -1000.0000 	 -1000.0000 	 -1000.0000 	 -1000.0000 
	 56.9360 	 4.615854e-03 	 140.9387 	  0.9453 	 2.374193e+20 	 1.832241e+18 	 5.453986e-07 	 1.310998e-07 	 -1000.0000 	 -1000.0000 	 -1000.0000 	 -1000.0000 
	 57.0730 	 4.531564e-03 	 141.3664 	  0.9345 	 2.323688e+20 	 1.774705e+18 	 5.754373e-07 	 1.366344e-07 	 -1000.0000 	 -1000.0000 	 -1000.0000 	 -1000.0000 
	 57.1350 	 4.493976e-03 	 141.5398 	  0.9299 	 2.301558e+20 	 1.750118e+18 	 5.890434e-07 	 1.391134e-07 	 -1000.0000 	 -1000.0000 	 -1000.0000 	 -1000.0000 
	 57.6680 	 4.184208e-03 	 142.5402 	  0.8974 	 2.127928e+20 	 1.570865e+18 	 7.005361e-07 	 1.589922e-07 	 -1000.0000 	 -1000.0000 	 -1000.0000 	 -1000.0000 
	 57.7950 	 4.113677e-03 	 142.6569 	  0.8912 	 2.090408e+20 	 1.535294e+18 	 7.241432e-07 	 1.631481e-07 	 -1000.0000 	 -1000.0000 	 -1000.0000 	 -1000.0000 
	 57.9350 	 4.037262e-03 	 142.7350 	  0.8850 	 2.050500e+20 	 1.498600e+18 	 7.481001e-07 	 1.673706e-07 	 -1000.0000 	 -1000.0000 	 -1000.0000 	 -1000.0000 
	 57.9920 	 4.006537e-03 	 142.7522 	  0.8827 	 2.034656e+20 	 1.484337e+18 	 7.571478e-07 	 1.689708e-07 	 -1000.0000 	 -1000.0000 	 -1000.0000 	 -1000.0000 
	 58.1330 	 3.931486e-03 	 142.7606 	  0.8773 	 1.996412e+20 	 1.450585e+18 	 7.777284e-07 	 1.726329e-07 	 -1000.0000 	 -1000.0000 	 -1000.0000 	 -1000.0000 
	 58.6570 	 3.664581e-03 	 142.4440 	  0.8604 	 1.864945e+20 	 1.340793e+18 	 8.327419e-07 	 1.828960e-07 	 -1000.0000 	 -1000.0000 	 -1000.0000 	 -1000.0000 
	 58.7270 	 3.630372e-03 	 142.3696 	  0.8584 	 1.848510e+20 	 1.327573e+18 	 8.376567e-07 	 1.839115e-07 	 -1000.0000 	 -1000.0000 	 -1000.0000 	 -1000.0000 
	 58.8550 	 3.568710e-03 	 142.2194 	  0.8546 	 1.819058e+20 	 1.304029e+18 	 8.452373e-07 	 1.855780e-07 	 -1000.0000 	 -1000.0000 	 -1000.0000 	 -1000.0000 
	 58.9900 	 3.504928e-03 	 142.0450 	  0.8506 	 1.788780e+20 	 1.279920e+18 	 8.513123e-07 	 1.870859e-07 	 -1000.0000 	 -1000.0000 	 -1000.0000 	 -1000.0000 
	 59.0520 	 3.476067e-03 	 141.9605 	  0.8487 	 1.775127e+20 	 1.269047e+18 	 8.534600e-07 	 1.876983e-07 	 -1000.0000 	 -1000.0000 	 -1000.0000 	 -1000.0000 
	 59.7280 	 3.177028e-03 	 140.7816 	  0.8312 	 1.636088e+20 	 1.162308e+18 	 8.549946e-07 	 1.917314e-07 	 -1000.0000 	 -1000.0000 	 -1000.0000 	 -1000.0000 
	 59.7800 	 3.155059e-03 	 140.6644 	  0.8304 	 1.626118e+20 	 1.155323e+18 	 8.537717e-07 	 1.918845e-07 	 -1000.0000 	 -1000.0000 	 -1000.0000 	 -1000.0000 
	 59.9250 	 3.094450e-03 	 140.3120 	  0.8291 	 1.598846e+20 	 1.137046e+18 	 8.496164e-07 	 1.922290e-07 	 -1000.0000 	 -1000.0000 	 -1000.0000 	 -1000.0000 
	 60.0550 	 3.040867e-03 	 139.9610 	  0.8289 	 1.575050e+20 	 1.122290e+18 	 8.450819e-07 	 1.924517e-07 	 -1000.0000 	 -1000.0000 	 -1000.0000 	 -1000.0000 
	 60.1230 	 3.013101e-03 	 139.7633 	  0.8293 	 1.562846e+20 	 1.115227e+18 	 8.424526e-07 	 1.925419e-07 	 -1000.0000 	 -1000.0000 	 -1000.0000 	 -1000.0000 
	 60.6460 	 2.805544e-03 	 137.9670 	  0.8398 	 1.473957e+20 	 1.072555e+18 	 8.177041e-07 	 1.927339e-07 	 -1000.0000 	 -1000.0000 	 -1000.0000 	 -1000.0000 
	 60.7880 	 2.751053e-03 	 137.4138 	  0.8439 	 1.451138e+20 	 1.063226e+18 	 8.099897e-07 	 1.926545e-07 	 -1000.0000 	 -1000.0000 	 -1000.0000 	 -1000.0000 
	 60.8420 	 2.730543e-03 	 137.1982 	  0.8454 	 1.442585e+20 	 1.059788e+18 	 8.069872e-07 	 1.926119e-07 	 -1000.0000 	 -1000.0000 	 -1000.0000 	 -1000.0000 
	 60.9850 	 2.676801e-03 	 136.6158 	  0.8493 	 1.420239e+20 	 1.050797e+18 	 7.989062e-07 	 1.924694e-07 	 -1000.0000 	 -1000.0000 	 -1000.0000 	 -1000.0000 
	 61.6450 	 2.439693e-03 	 133.8370 	  0.8567 	 1.321480e+20 	 1.002880e+18 	 7.616929e-07 	 1.913937e-07 	 -1000.0000 	 -1000.0000 	 -1000.0000 	 -1000.0000 
	 61.8420 	 2.372474e-03 	 133.0256 	  0.8531 	 1.292897e+20 	 9.836027e+17 	 7.515257e-07 	 1.910013e-07 	 -1000.0000 	 -1000.0000 	 -1000.0000 	 -1000.0000 
	 62.0390 	 2.306881e-03 	 132.2499 	  0.8468 	 1.264491e+20 	 9.618553e+17 	 7.421047e-07 	 1.906491e-07 	 -1000.0000 	 -1000.0000 	 -1000.0000 	 -1000.0000 
	 62.2360 	 2.242886e-03 	 131.5277 	  0.8388 	 1.236137e+20 	 9.382436e+17 	 7.335319e-07 	 1.904025e-07 	 -1000.0000 	 -1000.0000 	 -1000.0000 	 -1000.0000 
	 62.4320 	 2.180770e-03 	 130.8802 	  0.8298 	 1.207852e+20 	 9.135014e+17 	 7.259456e-07 	 1.903267e-07 	 -1000.0000 	 -1000.0000 	 -1000.0000 	 -1000.0000 
	 62.7150 	 2.093763e-03 	 130.1060 	  0.8167 	 1.166630e+20 	 8.767860e+17 	 7.168542e-07 	 1.906461e-07 	 -1000.0000 	 -1000.0000 	 -1000.0000 	 -1000.0000 
	 62.7690 	 2.077514e-03 	 129.9835 	  0.8143 	 1.158687e+20 	 8.697736e+17 	 7.153900e-07 	 1.907781e-07 	 -1000.0000 	 -1000.0000 	 -1000.0000 	 -1000.0000 
	 62.9120 	 2.035021e-03 	 129.6973 	  0.8084 	 1.137547e+20 	 8.512985e+17 	 7.119194e-07 	 1.912389e-07 	 -1000.0000 	 -1000.0000 	 -1000.0000 	 -1000.0000 
	 62.9650 	 2.019468e-03 	 129.6040 	  0.8064 	 1.129685e+20 	 8.444925e+17 	 7.107730e-07 	 1.914479e-07 	 -1000.0000 	 -1000.0000 	 -1000.0000 	 -1000.0000 
	 63.1090 	 1.977733e-03 	 129.3803 	  0.8011 	 1.108291e+20 	 8.261372e+17 	 7.080025e-07 	 1.921084e-07 	 -1000.0000 	 -1000.0000 	 -1000.0000 	 -1000.0000 
	 63.6320 	 1.832361e-03 	 128.8049 	  0.7844 	 1.031349e+20 	 7.617692e+17 	 7.011734e-07 	 1.953535e-07 	 -1000.0000 	 -1000.0000 	 -1000.0000 	 -1000.0000 
	 63.7800 	 1.792912e-03 	 128.6680 	  0.7801 	 1.010160e+20 	 7.444070e+17 	 6.998384e-07 	 1.964168e-07 	 -1000.0000 	 -1000.0000 	 -1000.0000 	 -1000.0000 
	 63.8290 	 1.780010e-03 	 128.6217 	  0.7788 	 1.003232e+20 	 7.387585e+17 	 6.994273e-07 	 1.967749e-07 	 -1000.0000 	 -1000.0000 	 -1000.0000 	 -1000.0000 
	 63.9760 	 1.741774e-03 	 128.4790 	  0.7747 	 9.827231e+19 	 7.221282e+17 	 6.982727e-07 	 1.978635e-07 	 -1000.0000 	 -1000.0000 	 -1000.0000 	 -1000.0000 
	 64.0250 	 1.729188e-03 	 128.4306 	  0.7734 	 9.759765e+19 	 7.166931e+17 	 6.979137e-07 	 1.982312e-07 	 -1000.0000 	 -1000.0000 	 -1000.0000 	 -1000.0000 
	 64.7020 	 1.563776e-03 	 127.7769 	  0.7599 	 8.871567e+19 	 6.477293e+17 	 6.942398e-07 	 2.035808e-07 	 -1000.0000 	 -1000.0000 	 -1000.0000 	 -1000.0000 
	 64.8400 	 1.532070e-03 	 127.6610 	  0.7587 	 8.700090e+19 	 6.352080e+17 	 6.937776e-07 	 2.047373e-07 	 -1000.0000 	 -1000.0000 	 -1000.0000 	 -1000.0000 
	 64.8990 	 1.518730e-03 	 127.6145 	  0.7584 	 8.627723e+19 	 6.300273e+17 	 6.936085e-07 	 2.052390e-07 	 -1000.0000 	 -1000.0000 	 -1000.0000 	 -1000.0000 
	 65.0360 	 1.488237e-03 	 127.5098 	  0.7581 	 8.461999e+19 	 6.184061e+17 	 6.932721e-07 	 2.064169e-07 	 -1000.0000 	 -1000.0000 	 -1000.0000 	 -1000.0000 
	 65.0950 	 1.475307e-03 	 127.4642 	  0.7582 	 8.391693e+19 	 6.135800e+17 	 6.931472e-07 	 2.069282e-07 	 -1000.0000 	 -1000.0000 	 -1000.0000 	 -1000.0000 
	 65.6250 	 1.364061e-03 	 126.8926 	  0.7632 	 7.794012e+19 	 5.752660e+17 	 6.922235e-07 	 2.114970e-07 	 -1000.0000 	 -1000.0000 	 -1000.0000 	 -1000.0000 
	 65.8950 	 1.310355e-03 	 126.3680 	  0.7681 	 7.517190e+19 	 5.594100e+17 	 6.916091e-07 	 2.136999e-07 	 -1000.0000 	 -1000.0000 	 -1000.0000 	 -1000.0000 
	 66.0910 	 1.272430e-03 	 125.8390 	  0.7724 	 7.329514e+19 	 5.494970e+17 	 6.909774e-07 	 2.151987e-07 	 -1000.0000 	 -1000.0000 	 -1000.0000 	 -1000.0000 
	 66.2860 	 1.235560e-03 	 125.2076 	  0.7774 	 7.152541e+19 	 5.408233e+17 	 6.901808e-07 	 2.166039e-07 	 -1000.0000 	 -1000.0000 	 -1000.0000 	 -1000.0000 
	 66.4820 	 1.199370e-03 	 124.4978 	  0.7832 	 6.982580e+19 	 5.331173e+17 	 6.892172e-07 	 2.179354e-07 	 -1000.0000 	 -1000.0000 	 -1000.0000 	 -1000.0000 
	 66.6780 	 1.164058e-03 	 123.7435 	  0.7899 	 6.818672e+19 	 5.262432e+17 	 6.880970e-07 	 2.191917e-07 	 -1000.0000 	 -1000.0000 	 -1000.0000 	 -1000.0000 
	 66.9450 	 1.117371e-03 	 122.7000 	  0.8009 	 6.601730e+19 	 5.178870e+17 	 6.863318e-07 	 2.207930e-07 	 -1000.0000 	 -1000.0000 	 -1000.0000 	 -1000.0000 
	 67.1410 	 1.084139e-03 	 121.9548 	  0.8103 	 6.445075e+19 	 5.122627e+17 	 6.848772e-07 	 2.218972e-07 	 -1000.0000 	 -1000.0000 	 -1000.0000 	 -1000.0000 
	 67.3360 	 1.051921e-03 	 121.2234 	  0.8204 	 6.291568e+19 	 5.069556e+17 	 6.833411e-07 	 2.229513e-07 	 -1000.0000 	 -1000.0000 	 -1000.0000 	 -1000.0000 
	 67.5320 	 1.020349e-03 	 120.4800 	  0.8307 	 6.140402e+19 	 5.018031e+17 	 6.817572e-07 	 2.239821e-07 	 -1000.0000 	 -1000.0000 	 -1000.0000 	 -1000.0000 
	 67.6750 	 9.978074e-04 	 119.9220 	  0.8381 	 6.032533e+19 	 4.980966e+17 	 6.806051e-07 	 2.247253e-07 	 -1000.0000 	 -1000.0000 	 -1000.0000 	 -1000.0000 
	 67.7280 	 9.895550e-04 	 119.7102 	  0.8407 	 5.993141e+19 	 4.967244e+17 	 6.801834e-07 	 2.250004e-07 	 -1000.0000 	 -1000.0000 	 -1000.0000 	 -1000.0000 
	 67.8700 	 9.677098e-04 	 119.1255 	  0.8474 	 5.889329e+19 	 4.930296e+17 	 6.790782e-07 	 2.257396e-07 	 -1000.0000 	 -1000.0000 	 -1000.0000 	 -1000.0000 
	 68.0150 	 9.457900e-04 	 118.4970 	  0.8536 	 5.786160e+19 	 4.891950e+17 	 6.780029e-07 	 2.265033e-07 	 -1000.0000 	 -1000.0000 	 -1000.0000 	 -1000.0000 
	 68.0650 	 9.383195e-04 	 118.2717 	  0.8555 	 5.751301e+19 	 4.878499e+17 	 6.776486e-07 	 2.267700e-07 	 -1000.0000 	 -1000.0000 	 -1000.0000 	 -1000.0000 
	 68.6020 	 8.608165e-04 	 115.6292 	  0.8672 	 5.396512e+19 	 4.713130e+17 	 6.748598e-07 	 2.299349e-07 	 -1000.0000 	 -1000.0000 	 -1000.0000 	 -1000.0000 
	 68.7390 	 8.418132e-04 	 114.9136 	  0.8667 	 5.310338e+19 	 4.660501e+17 	 6.745984e-07 	 2.308917e-07 	 -1000.0000 	 -1000.0000 	 -1000.0000 	 -1000.0000 
	 68.7980 	 8.337218e-04 	 114.6033 	  0.8660 	 5.273593e+19 	 4.635982e+17 	 6.745614e-07 	 2.313301e-07 	 -1000.0000 	 -1000.0000 	 -1000.0000 	 -1000.0000 
	 68.9340 	 8.152786e-04 	 113.8860 	  0.8629 	 5.189546e+19 	 4.574642e+17 	 6.746691e-07 	 2.324094e-07 	 -1000.0000 	 -1000.0000 	 -1000.0000 	 -1000.0000 
	 69.0800 	 7.957962e-04 	 113.1180 	  0.8575 	 5.100040e+19 	 4.500400e+17 	 6.751146e-07 	 2.336868e-07 	 -1000.0000 	 -1000.0000 	 -1000.0000 	 -1000.0000 
	 69.6100 	 7.277430e-04 	 110.4410 	  0.8425 	 4.776950e+19 	 4.241060e+17 	 6.792202e-07 	 2.393765e-07 	 -1000.0000 	 -1000.0000 	 -1000.0000 	 -1000.0000 
	 69.6650 	 7.209171e-04 	 110.1799 	  0.8451 	 4.743346e+19 	 4.228792e+17 	 6.797686e-07 	 2.400463e-07 	 -1000.0000 	 -1000.0000 	 -1000.0000 	 -1000.0000 
	 69.8050 	 7.037443e-04 	 109.5328 	  0.8571 	 4.657684e+19 	 4.215673e+17 	 6.812109e-07 	 2.418099e-07 	 -1000.0000 	 -1000.0000 	 -1000.0000 	 -1000.0000 
	 69.8600 	 6.970787e-04 	 109.2852 	  0.8636 	 4.624011e+19 	 4.216648e+17 	 6.817971e-07 	 2.425259e-07 	 -1000.0000 	 -1000.0000 	 -1000.0000 	 -1000.0000 
	 70.0000 	 6.803227e-04 	 108.6710 	  0.8838 	 4.538343e+19 	 4.231380e+17 	 6.833437e-07 	 2.444081e-07 	 -1000.0000 	 -1000.0000 	 -1000.0000 	 -1000.0000 
	 70.6750 	 6.040460e-04 	 105.9960 	  1.0065 	 4.131270e+19 	 4.373660e+17 	 6.921631e-07 	 2.547293e-07 	 -1000.0000 	 -1000.0000 	 -1000.0000 	 -1000.0000 
	 70.7280 	 5.983913e-04 	 105.8033 	  1.0147 	 4.100078e+19 	 4.377618e+17 	 6.929697e-07 	 2.556302e-07 	 -1000.0000 	 -1000.0000 	 -1000.0000 	 -1000.0000 
	 70.8690 	 5.835892e-04 	 105.3007 	  1.0338 	 4.017827e+19 	 4.377640e+17 	 6.952127e-07 	 2.580977e-07 	 -1000.0000 	 -1000.0000 	 -1000.0000 	 -1000.0000 
	 70.9220 	 5.781140e-04 	 105.1153 	  1.0401 	 3.987186e+19 	 4.374035e+17 	 6.960948e-07 	 2.590536e-07 	 -1000.0000 	 -1000.0000 	 -1000.0000 	 -1000.0000 
	 71.0640 	 5.636764e-04 	 104.6268 	  1.0550 	 3.905842e+19 	 4.355888e+17 	 6.985725e-07 	 2.616982e-07 	 -1000.0000 	 -1000.0000 	 -1000.0000 	 -1000.0000 
	 71.6040 	 5.116443e-04 	 102.8457 	  1.0918 	 3.606628e+19 	 4.209967e+17 	 7.097884e-07 	 2.730685e-07 	 -1000.0000 	 -1000.0000 	 -1000.0000 	 -1000.0000 
	 71.7500 	 4.982928e-04 	 102.3750 	  1.0990 	 3.528530e+19 	 4.160630e+17 	 7.133928e-07 	 2.765622e-07 	 -1000.0000 	 -1000.0000 	 -1000.0000 	 -1000.0000 
	 71.7980 	 4.939647e-04 	 102.2204 	  1.1013 	 3.503118e+19 	 4.144388e+17 	 7.146377e-07 	 2.777548e-07 	 -1000.0000 	 -1000.0000 	 -1000.0000 	 -1000.0000 
	 71.9440 	 4.809837e-04 	 101.7519 	  1.1083 	 3.426602e+19 	 4.095510e+17 	 7.186019e-07 	 2.815158e-07 	 -1000.0000 	 -1000.0000 	 -1000.0000 	 -1000.0000 
	 71.9920 	 4.767762e-04 	 101.5988 	  1.1106 	 3.401693e+19 	 4.079673e+17 	 7.199612e-07 	 2.827952e-07 	 -1000.0000 	 -1000.0000 	 -1000.0000 	 -1000.0000 
	 72.6680 	 4.206511e-04 	 99.5743 	  1.1551 	 3.062258e+19 	 3.880291e+17 	 7.415498e-07 	 3.028850e-07 	 -1000.0000 	 -1000.0000 	 -1000.0000 	 -1000.0000 
	 72.8200 	 4.088274e-04 	 99.1745 	  1.1701 	 2.988430e+19 	 3.844500e+17 	 7.469020e-07 	 3.078856e-07 	 -1000.0000 	 -1000.0000 	 -1000.0000 	 -1000.0000 
	 72.8610 	 4.056876e-04 	 99.0714 	  1.1746 	 2.968647e+19 	 3.835594e+17 	 7.483689e-07 	 3.092618e-07 	 -1000.0000 	 -1000.0000 	 -1000.0000 	 -1000.0000 
	 73.0140 	 3.941547e-04 	 98.7050 	  1.1930 	 2.895312e+19 	 3.804989e+17 	 7.539254e-07 	 3.144973e-07 	 -1000.0000 	 -1000.0000 	 -1000.0000 	 -1000.0000 
	 73.0550 	 3.911131e-04 	 98.6115 	  1.1983 	 2.875796e+19 	 3.797417e+17 	 7.554364e-07 	 3.159268e-07 	 -1000.0000 	 -1000.0000 	 -1000.0000 	 -1000.0000 
	 73.5440 	 3.563897e-04 	 97.6356 	  1.2707 	 2.647867e+19 	 3.720427e+17 	 7.741764e-07 	 3.338246e-07 	 -1000.0000 	 -1000.0000 	 -1000.0000 	 -1000.0000 
	 73.5950 	 3.529299e-04 	 97.5474 	  1.2789 	 2.624644e+19 	 3.713164e+17 	 7.762079e-07 	 3.357799e-07 	 -1000.0000 	 -1000.0000 	 -1000.0000 	 -1000.0000 
	 73.7380 	 3.433877e-04 	 97.3118 	  1.3021 	 2.560128e+19 	 3.692807e+17 	 7.819826e-07 	 3.413501e-07 	 -1000.0000 	 -1000.0000 	 -1000.0000 	 -1000.0000 
	 73.9310 	 3.308744e-04 	 97.0201 	  1.3336 	 2.474504e+19 	 3.664328e+17 	 7.899604e-07 	 3.490705e-07 	 -1000.0000 	 -1000.0000 	 -1000.0000 	 -1000.0000 
	 75.4500 	 2.460010e-04 	 95.3816 	  1.4870 	 1.869710e+19 	 3.204470e+17 	 8.602376e-07 	 4.174848e-07 	 -1000.0000 	 -1000.0000 	 -1000.0000 	 -1000.0000 
	 75.6420 	 2.368595e-04 	 95.2134 	  1.4823 	 1.803294e+19 	 3.092690e+17 	 8.701045e-07 	 4.270606e-07 	 -1000.0000 	 -1000.0000 	 -1000.0000 	 -1000.0000 
	 75.8350 	 2.280147e-04 	 95.0794 	  1.4732 	 1.738442e+19 	 2.970995e+17 	 8.803792e-07 	 4.370089e-07 	 -1000.0000 	 -1000.0000 	 -1000.0000 	 -1000.0000 
	 75.9800 	 2.216014e-04 	 95.0237 	  1.4651 	 1.690610e+19 	 2.877730e+17 	 8.884158e-07 	 4.447726e-07 	 -1000.0000 	 -1000.0000 	 -1000.0000 	 -1000.0000 
	 76.0280 	 2.195227e-04 	 95.0166 	  1.4625 	 1.674896e+19 	 2.847086e+17 	 8.911467e-07 	 4.474074e-07 	 -1000.0000 	 -1000.0000 	 -1000.0000 	 -1000.0000 
	 76.2200 	 2.114237e-04 	 95.0472 	  1.4524 	 1.612612e+19 	 2.726590e+17 	 9.023953e-07 	 4.582645e-07 	 -1000.0000 	 -1000.0000 	 -1000.0000 	 -1000.0000 
	 76.5200 	 1.994228e-04 	 95.2732 	  1.4389 	 1.517430e+19 	 2.545600e+17 	 9.207477e-07 	 4.761264e-07 	 -1000.0000 	 -1000.0000 	 -1000.0000 	 -1000.0000 
	 76.5580 	 1.979564e-04 	 95.3164 	  1.4375 	 1.505585e+19 	 2.523362e+17 	 9.231174e-07 	 4.784567e-07 	 -1000.0000 	 -1000.0000 	 -1000.0000 	 -1000.0000 
	 76.7120 	 1.921320e-04 	 95.5232 	  1.4320 	 1.458112e+19 	 2.434927e+17 	 9.328091e-07 	 4.880556e-07 	 -1000.0000 	 -1000.0000 	 -1000.0000 	 -1000.0000 
	 76.7500 	 1.907236e-04 	 95.5819 	  1.4309 	 1.446532e+19 	 2.413532e+17 	 9.352251e-07 	 4.904650e-07 	 -1000.0000 	 -1000.0000 	 -1000.0000 	 -1000.0000 
	 76.9050 	 1.850936e-04 	 95.8517 	  1.4268 	 1.399872e+19 	 2.328083e+17 	 9.451980e-07 	 5.004778e-07 	 -1000.0000 	 -1000.0000 	 -1000.0000 	 -1000.0000 
	 77.5900 	 1.622898e-04 	 97.5742 	  1.4275 	 1.205750e+19 	 1.988670e+17 	 9.924442e-07 	 5.491241e-07 	 -1000.0000 	 -1000.0000 	 -1000.0000 	 -1000.0000 
	 77.6280 	 1.611175e-04 	 97.6925 	  1.4286 	 1.195609e+19 	 1.971821e+17 	 9.952596e-07 	 5.520730e-07 	 -1000.0000 	 -1000.0000 	 -1000.0000 	 -1000.0000 
	 77.7820 	 1.564604e-04 	 98.1910 	  1.4343 	 1.155250e+19 	 1.905760e+17 	 1.006918e-06 	 5.643254e-07 	 -1000.0000 	 -1000.0000 	 -1000.0000 	 -1000.0000 
	 77.8200 	 1.553342e-04 	 98.3179 	  1.4360 	 1.145478e+19 	 1.890001e+17 	 1.009858e-06 	 5.674234e-07 	 -1000.0000 	 -1000.0000 	 -1000.0000 	 -1000.0000 
	 77.9750 	 1.508327e-04 	 98.8460 	  1.4440 	 1.106424e+19 	 1.827897e+17 	 1.022111e-06 	 5.803665e-07 	 -1000.0000 	 -1000.0000 	 -1000.0000 	 -1000.0000 
	 78.6600 	 1.326502e-04 	 101.1300 	  1.4941 	 9.508940e+18 	 1.593100e+17 	 1.081698e-06 	 6.435010e-07 	 -1000.0000 	 -1000.0000 	 -1000.0000 	 -1000.0000 
	 78.8520 	 1.280299e-04 	 101.6714 	  1.5107 	 9.128025e+18 	 1.538091e+17 	 1.100113e-06 	 6.629556e-07 	 -1000.0000 	 -1000.0000 	 -1000.0000 	 -1000.0000 
	 79.0450 	 1.235786e-04 	 102.1506 	  1.5276 	 8.768995e+18 	 1.486919e+17 	 1.119442e-06 	 6.833411e-07 	 -1000.0000 	 -1000.0000 	 -1000.0000 	 -1000.0000 
	 79.2380 	 1.193086e-04 	 102.5630 	  1.5445 	 8.432059e+18 	 1.439371e+17 	 1.139627e-06 	 7.046123e-07 	 -1000.0000 	 -1000.0000 	 -1000.0000 	 -1000.0000 
	 79.4300 	 1.152282e-04 	 102.9054 	  1.5607 	 8.116966e+18 	 1.395159e+17 	 1.160594e-06 	 7.267049e-07 	 -1000.0000 	 -1000.0000 	 -1000.0000 	 -1000.0000 
	 79.5790 	 1.121688e-04 	 103.1234 	  1.5728 	 7.885098e+18 	 1.362651e+17 	 1.177497e-06 	 7.445235e-07 	 -1000.0000 	 -1000.0000 	 -1000.0000 	 -1000.0000 
	 79.7300 	 1.091577e-04 	 103.3010 	  1.5842 	 7.660450e+18 	 1.331050e+17 	 1.195211e-06 	 7.632094e-07 	 -1000.0000 	 -1000.0000 	 -1000.0000 	 -1000.0000 
	 79.7710 	 1.083548e-04 	 103.3416 	  1.5872 	 7.601135e+18 	 1.322672e+17 	 1.200124e-06 	 7.683955e-07 	 -1000.0000 	 -1000.0000 	 -1000.0000 	 -1000.0000 
	 79.9210 	 1.054691e-04 	 103.4640 	  1.5976 	 7.389888e+18 	 1.292712e+17 	 1.218476e-06 	 7.877851e-07 	 -1000.0000 	 -1000.0000 	 -1000.0000 	 -1000.0000 
	 79.9630 	 1.046754e-04 	 103.4914 	  1.6004 	 7.332297e+18 	 1.284516e+17 	 1.223720e-06 	 7.933321e-07 	 -1000.0000 	 -1000.0000 	 -1000.0000 	 -1000.0000 
	 80.4950 	 9.513080e-05 	 103.6334 	  1.6340 	 6.654387e+18 	 1.187890e+17 	 1.294011e-06 	 8.681323e-07 	 -1000.0000 	 -1000.0000 	 -1000.0000 	 -1000.0000 
	 80.6490 	 9.253282e-05 	 103.6234 	  1.6441 	 6.473408e+18 	 1.162353e+17 	 1.315650e-06 	 8.913774e-07 	 -1000.0000 	 -1000.0000 	 -1000.0000 	 -1000.0000 
	 80.8000 	 9.005177e-05 	 103.6010 	  1.6547 	 6.301310e+18 	 1.138350e+17 	 1.337408e-06 	 9.148767e-07 	 -1000.0000 	 -1000.0000 	 -1000.0000 	 -1000.0000 
	 80.8410 	 8.938906e-05 	 103.5935 	  1.6577 	 6.255407e+18 	 1.132007e+17 	 1.343407e-06 	 9.213793e-07 	 -1000.0000 	 -1000.0000 	 -1000.0000 	 -1000.0000 
	 80.9910 	 8.700378e-05 	 103.5629 	  1.6692 	 6.090290e+18 	 1.109374e+17 	 1.365696e-06 	 9.456303e-07 	 -1000.0000 	 -1000.0000 	 -1000.0000 	 -1000.0000 
	 81.5310 	 7.892290e-05 	 103.4693 	  1.7136 	 5.529608e+18 	 1.032711e+17 	 1.450775e-06 	 1.039601e-06 	 -1000.0000 	 -1000.0000 	 -1000.0000 	 -1000.0000 
	 81.5650 	 7.844038e-05 	 103.4672 	  1.7164 	 5.495921e+18 	 1.028000e+17 	 1.456406e-06 	 1.045901e-06 	 -1000.0000 	 -1000.0000 	 -1000.0000 	 -1000.0000 
	 81.7220 	 7.625228e-05 	 103.4677 	  1.7289 	 5.342605e+18 	 1.006215e+17 	 1.482866e-06 	 1.075638e-06 	 -1000.0000 	 -1000.0000 	 -1000.0000 	 -1000.0000 
	 81.8700 	 7.424960e-05 	 103.4870 	  1.7401 	 5.201290e+18 	 9.854820e+16 	 1.508517e-06 	 1.104677e-06 	 -1000.0000 	 -1000.0000 	 -1000.0000 	 -1000.0000 
	 81.9140 	 7.366537e-05 	 103.4968 	  1.7433 	 5.159847e+18 	 9.792537e+16 	 1.516280e-06 	 1.113506e-06 	 -1000.0000 	 -1000.0000 	 -1000.0000 	 -1000.0000 
	 82.6010 	 6.517757e-05 	 104.0198 	  1.7792 	 4.542048e+18 	 8.763535e+16 	 1.646491e-06 	 1.264473e-06 	 -1000.0000 	 -1000.0000 	 -1000.0000 	 -1000.0000 
	 82.6350 	 6.478704e-05 	 104.0692 	  1.7801 	 4.512710e+18 	 8.709234e+16 	 1.653412e-06 	 1.272650e-06 	 -1000.0000 	 -1000.0000 	 -1000.0000 	 -1000.0000 
	 82.7920 	 6.301780e-05 	 104.3337 	  1.7831 	 4.378484e+18 	 8.453492e+16 	 1.686005e-06 	 1.311365e-06 	 -1000.0000 	 -1000.0000 	 -1000.0000 	 -1000.0000 
	 82.9450 	 6.134639e-05 	 104.6540 	  1.7837 	 4.249480e+18 	 8.195830e+16 	 1.718799e-06 	 1.350655e-06 	 -1000.0000 	 -1000.0000 	 -1000.0000 	 -1000.0000 
	 82.9840 	 6.092847e-05 	 104.7462 	  1.7835 	 4.216855e+18 	 8.128739e+16 	 1.727324e-06 	 1.360925e-06 	 -1000.0000 	 -1000.0000 	 -1000.0000 	 -1000.0000 
	 83.5170 	 5.553217e-05 	 106.4498 	  1.7639 	 3.782082e+18 	 7.164365e+16 	 1.849417e-06 	 1.510859e-06 	 -1000.0000 	 -1000.0000 	 -1000.0000 	 -1000.0000 
	 83.7080 	 5.373400e-05 	 107.2612 	  1.7490 	 3.631862e+18 	 6.803713e+16 	 1.894964e-06 	 1.568413e-06 	 -1000.0000 	 -1000.0000 	 -1000.0000 	 -1000.0000 
	 84.0250 	 5.089569e-05 	 108.8420 	  1.7144 	 3.389910e+18 	 6.197860e+16 	 1.971481e-06 	 1.667557e-06 	 -1000.0000 	 -1000.0000 	 -1000.0000 	 -1000.0000 
	 84.2160 	 4.926988e-05 	 109.9341 	  1.6879 	 3.248995e+18 	 5.833756e+16 	 2.017677e-06 	 1.729145e-06 	 -1000.0000 	 -1000.0000 	 -1000.0000 	 -1000.0000 
	 84.4060 	 4.771746e-05 	 111.1172 	  1.6596 	 3.113118e+18 	 5.481445e+16 	 2.063378e-06 	 1.791563e-06 	 -1000.0000 	 -1000.0000 	 -1000.0000 	 -1000.0000 
	 84.5600 	 4.650898e-05 	 112.1410 	  1.6372 	 3.006600e+18 	 5.209630e+16 	 2.100056e-06 	 1.842874e-06 	 -1000.0000 	 -1000.0000 	 -1000.0000 	 -1000.0000 
	 84.5970 	 4.622548e-05 	 112.3951 	  1.6320 	 2.981533e+18 	 5.146761e+16 	 2.108804e-06 	 1.855287e-06 	 -1000.0000 	 -1000.0000 	 -1000.0000 	 -1000.0000 
	 84.7500 	 4.508096e-05 	 113.4765 	  1.6119 	 2.880085e+18 	 4.897311e+16 	 2.144691e-06 	 1.906944e-06 	 -1000.0000 	 -1000.0000 	 -1000.0000 	 -1000.0000 
	 84.7880 	 4.480344e-05 	 113.7523 	  1.6072 	 2.855436e+18 	 4.837898e+16 	 2.153535e-06 	 1.919858e-06 	 -1000.0000 	 -1000.0000 	 -1000.0000 	 -1000.0000 
	 84.9400 	 4.371907e-05 	 114.8821 	  1.5895 	 2.758996e+18 	 4.609846e+16 	 2.188642e-06 	 1.971846e-06 	 -1000.0000 	 -1000.0000 	 -1000.0000 	 -1000.0000 
	 85.4800 	 4.016816e-05 	 119.1656 	  1.5384 	 2.443677e+18 	 3.909792e+16 	 2.310285e-06 	 2.161038e-06 	 -1000.0000 	 -1000.0000 	 -1000.0000 	 -1000.0000 
	 85.6350 	 3.922542e-05 	 120.4490 	  1.5265 	 2.360840e+18 	 3.735880e+16 	 2.344440e-06 	 2.216702e-06 	 -1000.0000 	 -1000.0000 	 -1000.0000 	 -1000.0000 
	 85.6700 	 3.901672e-05 	 120.7409 	  1.5240 	 2.342598e+18 	 3.698029e+16 	 2.352112e-06 	 2.229358e-06 	 -1000.0000 	 -1000.0000 	 -1000.0000 	 -1000.0000 
	 85.8260 	 3.810452e-05 	 122.0480 	  1.5133 	 2.263340e+18 	 3.535346e+16 	 2.386149e-06 	 2.286185e-06 	 -1000.0000 	 -1000.0000 	 -1000.0000 	 -1000.0000 
	 85.8600 	 3.790956e-05 	 122.3337 	  1.5111 	 2.246507e+18 	 3.501166e+16 	 2.393536e-06 	 2.298665e-06 	 -1000.0000 	 -1000.0000 	 -1000.0000 	 -1000.0000 
	 86.5560 	 3.420488e-05 	 128.1108 	  1.4713 	 1.935584e+18 	 2.892561e+16 	 2.543395e-06 	 2.563144e-06 	 -1000.0000 	 -1000.0000 	 -1000.0000 	 -1000.0000 
	 86.7150 	 3.343063e-05 	 129.3730 	  1.4630 	 1.873280e+18 	 2.775390e+16 	 2.577561e-06 	 2.626396e-06 	 -1000.0000 	 -1000.0000 	 -1000.0000 	 -1000.0000 
	 86.7470 	 3.327785e-05 	 129.6227 	  1.4614 	 1.861120e+18 	 2.752679e+16 	 2.584448e-06 	 2.639272e-06 	 -1000.0000 	 -1000.0000 	 -1000.0000 	 -1000.0000 
	 86.9040 	 3.254257e-05 	 130.8244 	  1.4531 	 1.803264e+18 	 2.645292e+16 	 2.618311e-06 	 2.703195e-06 	 -1000.0000 	 -1000.0000 	 -1000.0000 	 -1000.0000 
	 86.9380 	 3.238641e-05 	 131.0791 	  1.4513 	 1.791122e+18 	 2.622896e+16 	 2.625664e-06 	 2.717207e-06 	 -1000.0000 	 -1000.0000 	 -1000.0000 	 -1000.0000 
	 87.4730 	 3.006349e-05 	 134.7745 	  1.4203 	 1.617090e+18 	 2.307029e+16 	 2.742758e-06 	 2.946303e-06 	 -1000.0000 	 -1000.0000 	 -1000.0000 	 -1000.0000 
	 87.6300 	 2.942629e-05 	 135.7283 	  1.4100 	 1.571701e+18 	 2.226049e+16 	 2.777770e-06 	 3.016848e-06 	 -1000.0000 	 -1000.0000 	 -1000.0000 	 -1000.0000 
	 87.7900 	 2.879579e-05 	 136.6290 	  1.3986 	 1.527880e+18 	 2.148260e+16 	 2.813833e-06 	 3.090413e-06 	 -1000.0000 	 -1000.0000 	 -1000.0000 	 -1000.0000 
	 87.8200 	 2.867960e-05 	 136.7894 	  1.3964 	 1.519927e+18 	 2.134174e+16 	 2.820641e-06 	 3.104400e-06 	 -1000.0000 	 -1000.0000 	 -1000.0000 	 -1000.0000 
	 87.9800 	 2.807035e-05 	 137.5986 	  1.3840 	 1.478861e+18 	 2.061630e+16 	 2.857176e-06 	 3.180000e-06 	 -1000.0000 	 -1000.0000 	 -1000.0000 	 -1000.0000 
	 88.5140 	 2.615290e-05 	 139.7424 	  1.3426 	 1.356681e+18 	 1.850355e+16 	 2.980730e-06 	 3.443105e-06 	 -1000.0000 	 -1000.0000 	 -1000.0000 	 -1000.0000 
	 88.5500 	 2.602944e-05 	 139.8564 	  1.3400 	 1.349181e+18 	 1.837785e+16 	 2.989086e-06 	 3.461359e-06 	 -1000.0000 	 -1000.0000 	 -1000.0000 	 -1000.0000 
	 88.7040 	 2.550873e-05 	 140.3012 	  1.3300 	 1.318026e+18 	 1.786351e+16 	 3.024781e-06 	 3.540064e-06 	 -1000.0000 	 -1000.0000 	 -1000.0000 	 -1000.0000 
	 88.8650 	 2.497650e-05 	 140.6920 	  1.3213 	 1.286960e+18 	 1.736590e+16 	 3.061943e-06 	 3.623337e-06 	 -1000.0000 	 -1000.0000 	 -1000.0000 	 -1000.0000 
	 88.8930 	 2.488513e-05 	 140.7523 	  1.3200 	 1.281704e+18 	 1.728350e+16 	 3.068383e-06 	 3.637914e-06 	 -1000.0000 	 -1000.0000 	 -1000.0000 	 -1000.0000 
	 89.5890 	 2.272249e-05 	 141.5900 	  1.2954 	 1.163367e+18 	 1.552145e+16 	 3.226407e-06 	 4.009987e-06 	 -1000.0000 	 -1000.0000 	 -1000.0000 	 -1000.0000 
	 89.6220 	 2.262502e-05 	 141.6016 	  1.2940 	 1.158284e+18 	 1.544644e+16 	 3.233821e-06 	 4.028146e-06 	 -1000.0000 	 -1000.0000 	 -1000.0000 	 -1000.0000 
	 89.7770 	 2.217322e-05 	 141.6269 	  1.2858 	 1.134966e+18 	 1.509720e+16 	 3.268577e-06 	 4.114133e-06 	 -1000.0000 	 -1000.0000 	 -1000.0000 	 -1000.0000 
	 89.9400 	 2.170863e-05 	 141.6050 	  1.2741 	 1.111370e+18 	 1.473030e+16 	 3.305005e-06 	 4.205828e-06 	 -1000.0000 	 -1000.0000 	 -1000.0000 	 -1000.0000 
	 89.9660 	 2.163551e-05 	 141.5972 	  1.2720 	 1.107689e+18 	 1.467135e+16 	 3.310804e-06 	 4.220577e-06 	 -1000.0000 	 -1000.0000 	 -1000.0000 	 -1000.0000 
	 90.4800 	 2.024336e-05 	 141.2970 	  1.2295 	 1.038610e+18 	 1.356640e+16 	 3.422898e-06 	 4.516507e-06 	 -1000.0000 	 -1000.0000 	 -1000.0000 	 -1000.0000 
	 90.5060 	 2.017551e-05 	 141.2789 	  1.2285 	 1.035261e+18 	 1.351841e+16 	 3.428343e-06 	 4.531562e-06 	 -1000.0000 	 -1000.0000 	 -1000.0000 	 -1000.0000 
	 90.6690 	 1.975553e-05 	 141.1678 	  1.2266 	 1.014503e+18 	 1.324193e+16 	 3.461846e-06 	 4.625953e-06 	 -1000.0000 	 -1000.0000 	 -1000.0000 	 -1000.0000 
	 90.6950 	 1.968937e-05 	 141.1506 	  1.2269 	 1.011228e+18 	 1.320135e+16 	 3.467097e-06 	 4.641023e-06 	 -1000.0000 	 -1000.0000 	 -1000.0000 	 -1000.0000 
	 90.8580 	 1.927975e-05 	 141.0467 	  1.2319 	 9.909138e+17 	 1.296539e+16 	 3.499517e-06 	 4.735725e-06 	 -1000.0000 	 -1000.0000 	 -1000.0000 	 -1000.0000 
	 91.5600 	 1.760932e-05 	 140.7220 	  1.2827 	 9.071570e+17 	 1.212890e+16 	 3.634116e-06 	 5.155584e-06 	 -1000.0000 	 -1000.0000 	 -1000.0000 	 -1000.0000 
	 91.5860 	 1.755015e-05 	 140.7152 	  1.2845 	 9.041544e+17 	 1.209781e+16 	 3.639096e-06 	 5.171743e-06 	 -1000.0000 	 -1000.0000 	 -1000.0000 	 -1000.0000 
	 91.7490 	 1.718335e-05 	 140.6821 	  1.2939 	 8.854760e+17 	 1.189620e+16 	 3.670475e-06 	 5.274288e-06 	 -1000.0000 	 -1000.0000 	 -1000.0000 	 -1000.0000 
	 91.7750 	 1.712551e-05 	 140.6783 	  1.2952 	 8.825207e+17 	 1.186305e+16 	 3.675500e-06 	 5.290837e-06 	 -1000.0000 	 -1000.0000 	 -1000.0000 	 -1000.0000 
	 91.9370 	 1.676923e-05 	 140.6628 	  1.3019 	 8.642639e+17 	 1.165130e+16 	 3.706882e-06 	 5.395066e-06 	 -1000.0000 	 -1000.0000 	 -1000.0000 	 -1000.0000 
	 92.4710 	 1.564605e-05 	 140.6925 	  1.3105 	 8.062002e+17 	 1.091117e+16 	 3.809397e-06 	 5.749840e-06 	 -1000.0000 	 -1000.0000 	 -1000.0000 	 -1000.0000 
	 92.6400 	 1.530724e-05 	 140.7200 	  1.3098 	 7.885770e+17 	 1.067180e+16 	 3.840833e-06 	 5.864778e-06 	 -1000.0000 	 -1000.0000 	 -1000.0000 	 -1000.0000 
	 92.6590 	 1.526966e-05 	 140.7234 	  1.3096 	 7.866202e+17 	 1.064494e+16 	 3.844318e-06 	 5.877755e-06 	 -1000.0000 	 -1000.0000 	 -1000.0000 	 -1000.0000 
	 92.8290 	 1.493790e-05 	 140.7576 	  1.3076 	 7.693311e+17 	 1.040588e+16 	 3.875014e-06 	 5.994277e-06 	 -1000.0000 	 -1000.0000 	 -1000.0000 	 -1000.0000 
	 92.8480 	 1.490131e-05 	 140.7618 	  1.3073 	 7.674226e+17 	 1.037934e+16 	 3.878387e-06 	 6.007340e-06 	 -1000.0000 	 -1000.0000 	 -1000.0000 	 -1000.0000 
	 93.5610 	 1.359570e-05 	 141.0252 	  1.3004 	 6.988748e+17 	 9.434877e+15 	 3.995450e-06 	 6.501375e-06 	 -1000.0000 	 -1000.0000 	 -1000.0000 	 -1000.0000 
	 93.7200 	 1.332111e-05 	 141.1220 	  1.3024 	 6.843010e+17 	 9.244590e+15 	 4.018789e-06 	 6.612079e-06 	 -1000.0000 	 -1000.0000 	 -1000.0000 	 -1000.0000 
	 93.7490 	 1.327163e-05 	 141.1416 	  1.3030 	 6.816668e+17 	 9.210945e+15 	 4.022928e-06 	 6.632272e-06 	 -1000.0000 	 -1000.0000 	 -1000.0000 	 -1000.0000 
	 93.9080 	 1.300355e-05 	 141.2604 	  1.3076 	 6.673487e+17 	 9.031940e+15 	 4.044972e-06 	 6.742991e-06 	 -1000.0000 	 -1000.0000 	 -1000.0000 	 -1000.0000 
	 93.9370 	 1.295524e-05 	 141.2844 	  1.3087 	 6.647593e+17 	 9.000182e+15 	 4.048877e-06 	 6.763185e-06 	 -1000.0000 	 -1000.0000 	 -1000.0000 	 -1000.0000 
