	 height_(km) 	 press_(mbar) 	 temp_(K) 	 temperr_(K) 	 numdens_(m-3) 	 numdenserr_(m-3) 	 H2Ovmr_() 	 H2Ovmrerr_() 	 D/H_(VSMOW) 	 D/Herr_(VSMOW) 	 18O/16O_(VSMOW) 	 18O/16Oerr_(VSMOW) 
	  4.0670 	 3.328725e+00 	 179.0659 	  6.1640 	 1.347672e+23 	 4.693485e+21 	 2.099826e-05 	 3.702612e-06 	  2.3487 	  0.5593 	 -1000.0000 	 -1000.0000 
	  4.0890 	 3.320745e+00 	 179.0613 	  6.1477 	 1.344488e+23 	 4.670088e+21 	 2.108607e-05 	 3.718866e-06 	  2.3420 	  0.5566 	 -1000.0000 	 -1000.0000 
	  4.2660 	 3.257325e+00 	 179.0195 	  6.0169 	 1.319178e+23 	 4.485123e+21 	 2.169950e-05 	 3.845859e-06 	  2.2951 	  0.5378 	 -1000.0000 	 -1000.0000 
	  4.2880 	 3.249539e+00 	 179.0139 	  6.0007 	 1.316070e+23 	 4.462534e+21 	 2.176434e-05 	 3.861048e-06 	  2.2900 	  0.5358 	 -1000.0000 	 -1000.0000 
	  4.4650 	 3.187650e+00 	 178.9668 	  5.8703 	 1.291358e+23 	 4.283917e+21 	 2.219778e-05 	 3.976665e-06 	  2.2552 	  0.5219 	 -1000.0000 	 -1000.0000 
	  5.1090 	 2.973123e+00 	 178.8234 	  5.3989 	 1.205314e+23 	 3.677793e+21 	 2.264998e-05 	 4.243429e-06 	  2.2006 	  0.4957 	 -1000.0000 	 -1000.0000 
	  5.1420 	 2.962551e+00 	 178.8196 	  5.3749 	 1.201048e+23 	 3.648446e+21 	 2.263688e-05 	 4.248829e-06 	  2.2004 	  0.4950 	 -1000.0000 	 -1000.0000 
	  5.3070 	 2.910262e+00 	 178.8090 	  5.2548 	 1.179891e+23 	 3.504023e+21 	 2.253828e-05 	 4.262756e-06 	  2.2018 	  0.4919 	 -1000.0000 	 -1000.0000 
	  5.3410 	 2.899603e+00 	 178.8087 	  5.2301 	 1.175566e+23 	 3.474731e+21 	 2.251238e-05 	 4.262960e-06 	  2.2026 	  0.4913 	 -1000.0000 	 -1000.0000 
	  5.3690 	 2.890855e+00 	 178.8091 	  5.2097 	 1.172013e+23 	 3.450724e+21 	 2.248995e-05 	 4.262463e-06 	  2.2034 	  0.4908 	 -1000.0000 	 -1000.0000 
	  5.9920 	 2.702595e+00 	 178.9803 	  4.7581 	 1.094639e+23 	 2.941927e+21 	 2.197521e-05 	 4.124903e-06 	  2.2388 	  0.4763 	 -1000.0000 	 -1000.0000 
	  6.1650 	 2.652312e+00 	 179.0972 	  4.6330 	 1.073598e+23 	 2.808439e+21 	 2.192504e-05 	 4.058447e-06 	  2.2498 	  0.4695 	 -1000.0000 	 -1000.0000 
	  6.1910 	 2.644825e+00 	 179.1177 	  4.6142 	 1.070448e+23 	 2.788643e+21 	 2.192399e-05 	 4.047717e-06 	  2.2513 	  0.4683 	 -1000.0000 	 -1000.0000 
	  6.2240 	 2.635347e+00 	 179.1448 	  4.5903 	 1.066457e+23 	 2.763617e+21 	 2.192527e-05 	 4.033757e-06 	  2.2532 	  0.4667 	 -1000.0000 	 -1000.0000 
	  6.3890 	 2.588403e+00 	 179.2925 	  4.4710 	 1.046619e+23 	 2.640229e+21 	 2.197418e-05 	 3.958101e-06 	  2.2616 	  0.4574 	 -1000.0000 	 -1000.0000 
	  7.0170 	 2.416947e+00 	 179.8288 	  4.0095 	 9.743320e+22 	 2.199592e+21 	 2.259694e-05 	 3.573050e-06 	  2.2737 	  0.4135 	 -1000.0000 	 -1000.0000 
	  7.0440 	 2.409846e+00 	 179.8434 	  3.9892 	 9.713856e+22 	 2.181763e+21 	 2.263061e-05 	 3.551766e-06 	  2.2734 	  0.4119 	 -1000.0000 	 -1000.0000 
	  7.0790 	 2.400676e+00 	 179.8609 	  3.9629 	 9.675888e+22 	 2.158793e+21 	 2.267423e-05 	 3.523514e-06 	  2.2730 	  0.4097 	 -1000.0000 	 -1000.0000 
	  7.2420 	 2.358465e+00 	 179.9209 	  3.8394 	 9.502328e+22 	 2.053894e+21 	 2.287484e-05 	 3.381881e-06 	  2.2692 	  0.3998 	 -1000.0000 	 -1000.0000 
	  7.2760 	 2.349762e+00 	 179.9294 	  3.8135 	 9.466776e+22 	 2.032437e+21 	 2.291574e-05 	 3.350184e-06 	  2.2681 	  0.3977 	 -1000.0000 	 -1000.0000 
	  8.1020 	 2.148371e+00 	 179.8443 	  3.1780 	 8.659770e+22 	 1.552993e+21 	 2.400102e-05 	 2.613532e-06 	  2.2026 	  0.3616 	  1.0034 	  0.1546 
	  8.1260 	 2.142790e+00 	 179.8371 	  3.1596 	 8.637645e+22 	 1.540186e+21 	 2.404257e-05 	 2.601689e-06 	  2.1993 	  0.3613 	  1.0027 	  0.1540 
	  8.2990 	 2.102970e+00 	 179.7841 	  3.0273 	 8.479790e+22 	 1.449584e+21 	 2.436644e-05 	 2.544937e-06 	  2.1740 	  0.3609 	  0.9965 	  0.1504 
	  8.3240 	 2.097275e+00 	 179.7764 	  3.0083 	 8.457200e+22 	 1.436726e+21 	 2.441585e-05 	 2.540643e-06 	  2.1701 	  0.3611 	  0.9955 	  0.1500 
	  8.3590 	 2.089328e+00 	 179.7658 	  2.9816 	 8.425667e+22 	 1.418805e+21 	 2.448566e-05 	 2.536177e-06 	  2.1645 	  0.3613 	  0.9941 	  0.1494 
	  8.9860 	 1.952235e+00 	 179.5839 	  2.4510 	 7.880730e+22 	 1.097168e+21 	 2.550014e-05 	 2.763606e-06 	  2.0670 	  0.3727 	  0.9676 	  0.1473 
	  9.1490 	 1.918327e+00 	 179.5391 	  2.2795 	 7.745816e+22 	 1.007284e+21 	 2.555412e-05 	 2.911194e-06 	  2.0469 	  0.3777 	  0.9616 	  0.1507 
	  9.1840 	 1.911144e+00 	 179.5295 	  2.2401 	 7.717240e+22 	 9.873672e+20 	 2.554900e-05 	 2.946802e-06 	  2.0431 	  0.3789 	  0.9605 	  0.1516 
	  9.2190 	 1.903994e+00 	 179.5197 	  2.1998 	 7.688805e+22 	 9.672813e+20 	 2.553782e-05 	 2.983595e-06 	  2.0394 	  0.3802 	  0.9593 	  0.1527 
	  9.3820 	 1.871107e+00 	 179.4683 	  2.0052 	 7.558257e+22 	 8.726560e+20 	 2.540850e-05 	 3.163733e-06 	  2.0245 	  0.3866 	  0.9545 	  0.1588 
	 10.0090 	 1.749520e+00 	 178.9860 	  1.3144 	 7.085996e+22 	 5.543508e+20 	 2.407682e-05 	 3.758237e-06 	  2.0084 	  0.4136 	  0.9481 	  0.1868 
	 10.0480 	 1.742142e+00 	 178.9310 	  1.2832 	 7.058245e+22 	 5.401749e+20 	 2.397024e-05 	 3.785715e-06 	  2.0099 	  0.4155 	  0.9486 	  0.1886 
	 10.0840 	 1.735347e+00 	 178.8772 	  1.2562 	 7.032796e+22 	 5.278503e+20 	 2.387095e-05 	 3.809806e-06 	  2.0116 	  0.4173 	  0.9492 	  0.1903 
	 10.2450 	 1.705148e+00 	 178.6030 	  1.1541 	 6.920881e+22 	 4.810443e+20 	 2.342005e-05 	 3.901954e-06 	  2.0226 	  0.4258 	  0.9533 	  0.1975 
	 10.2810 	 1.698440e+00 	 178.5348 	  1.1352 	 6.896265e+22 	 4.722993e+20 	 2.331833e-05 	 3.919077e-06 	  2.0258 	  0.4278 	  0.9546 	  0.1992 
	 11.1050 	 1.550572e+00 	 176.5574 	  0.9613 	 6.366632e+22 	 3.837348e+20 	 2.146826e-05 	 4.092176e-06 	  2.1191 	  0.4679 	 -1000.0000 	 -1000.0000 
	 11.1410 	 1.544403e+00 	 176.4632 	  0.9599 	 6.344700e+22 	 3.824272e+20 	 2.143259e-05 	 4.094174e-06 	  2.1209 	  0.4684 	 -1000.0000 	 -1000.0000 
	 11.3020 	 1.517167e+00 	 176.0457 	  0.9539 	 6.247534e+22 	 3.765041e+20 	 2.134035e-05 	 4.096193e-06 	  2.1240 	  0.4684 	 -1000.0000 	 -1000.0000 
	 11.3380 	 1.511157e+00 	 175.9540 	  0.9523 	 6.225990e+22 	 3.750452e+20 	 2.133400e-05 	 4.094527e-06 	  2.1235 	  0.4678 	 -1000.0000 	 -1000.0000 
	 11.3740 	 1.505176e+00 	 175.8636 	  0.9507 	 6.204495e+22 	 3.735238e+20 	 2.133249e-05 	 4.091914e-06 	  2.1226 	  0.4670 	 -1000.0000 	 -1000.0000 
	 11.9650 	 1.410595e+00 	 174.8364 	  0.9118 	 5.848533e+22 	 3.414573e+20 	 2.178778e-05 	 3.903836e-06 	  2.0683 	  0.4288 	 -1000.0000 	 -1000.0000 
	 12.0050 	 1.404404e+00 	 174.8180 	  0.9085 	 5.823546e+22 	 3.389306e+20 	 2.183623e-05 	 3.880670e-06 	  2.0630 	  0.4251 	 -1000.0000 	 -1000.0000 
	 12.1620 	 1.380313e+00 	 174.8370 	  0.8949 	 5.723384e+22 	 3.287593e+20 	 2.202771e-05 	 3.777761e-06 	  2.0415 	  0.4097 	 -1000.0000 	 -1000.0000 
	 12.2010 	 1.374377e+00 	 174.8659 	  0.8913 	 5.697936e+22 	 3.261848e+20 	 2.207456e-05 	 3.749639e-06 	  2.0360 	  0.4058 	 -1000.0000 	 -1000.0000 
	 12.2380 	 1.368763e+00 	 174.9016 	  0.8880 	 5.673604e+22 	 3.237322e+20 	 2.211838e-05 	 3.722169e-06 	  2.0307 	  0.4020 	 -1000.0000 	 -1000.0000 
	 13.0240 	 1.254345e+00 	 176.5811 	  0.8321 	 5.149572e+22 	 2.768070e+20 	 2.251051e-05 	 3.173692e-06 	  1.9268 	  0.3350 	 -1000.0000 	 -1000.0000 
	 13.0610 	 1.249221e+00 	 176.6569 	  0.8313 	 5.126267e+22 	 2.751898e+20 	 2.248398e-05 	 3.160519e-06 	  1.9231 	  0.3334 	 -1000.0000 	 -1000.0000 
	 13.0980 	 1.244122e+00 	 176.7288 	  0.8306 	 5.103206e+22 	 2.736475e+20 	 2.245176e-05 	 3.149438e-06 	  1.9197 	  0.3320 	 -1000.0000 	 -1000.0000 
	 13.2580 	 1.222359e+00 	 176.9928 	  0.8302 	 5.006284e+22 	 2.677846e+20 	 2.224580e-05 	 3.125452e-06 	  1.9073 	  0.3283 	 -1000.0000 	 -1000.0000 
	 13.2950 	 1.217390e+00 	 177.0423 	  0.8306 	 4.984516e+22 	 2.666026e+20 	 2.218280e-05 	 3.125057e-06 	  1.9050 	  0.3281 	 -1000.0000 	 -1000.0000 
	 13.9930 	 1.127674e+00 	 176.9981 	  0.8594 	 4.618551e+22 	 2.531191e+20 	 2.023566e-05 	 3.480097e-06 	  1.8830 	  0.3697 	 -1000.0000 	 -1000.0000 
	 14.1890 	 1.103678e+00 	 176.5906 	  0.8699 	 4.530796e+22 	 2.511284e+20 	 1.957712e-05 	 3.697856e-06 	  1.8746 	  0.3966 	 -1000.0000 	 -1000.0000 
	 14.3850 	 1.080116e+00 	 175.9790 	  0.8791 	 4.449486e+22 	 2.493014e+20 	 1.895039e-05 	 3.950277e-06 	  1.8596 	  0.4271 	 -1000.0000 	 -1000.0000 
	 14.5810 	 1.056957e+00 	 175.1773 	  0.8858 	 4.373949e+22 	 2.473046e+20 	 1.840299e-05 	 4.224448e-06 	  1.8351 	  0.4583 	 -1000.0000 	 -1000.0000 
	 14.7760 	 1.034319e+00 	 174.2584 	  0.8888 	 4.302811e+22 	 2.448245e+20 	 1.797416e-05 	 4.504465e-06 	  1.7999 	  0.4859 	 -1000.0000 	 -1000.0000 
	 15.0180 	 1.006787e+00 	 173.0592 	  0.8861 	 4.217364e+22 	 2.405770e+20 	 1.760219e-05 	 4.812820e-06 	  1.7464 	  0.5101 	 -1000.0000 	 -1000.0000 
	 15.0590 	 1.002185e+00 	 172.8586 	  0.8848 	 4.202972e+22 	 2.396888e+20 	 1.755494e-05 	 4.857325e-06 	  1.7369 	  0.5129 	 -1000.0000 	 -1000.0000 
	 15.2140 	 9.849520e-01 	 172.1287 	  0.8774 	 4.148246e+22 	 2.357936e+20 	 1.741583e-05 	 5.002215e-06 	  1.7012 	  0.5204 	 -1000.0000 	 -1000.0000 
	 15.2550 	 9.804373e-01 	 171.9460 	  0.8747 	 4.133616e+22 	 2.346125e+20 	 1.738939e-05 	 5.034753e-06 	  1.6918 	  0.5216 	 -1000.0000 	 -1000.0000 
	 15.2930 	 9.762693e-01 	 171.7811 	  0.8721 	 4.119987e+22 	 2.334680e+20 	 1.736858e-05 	 5.062722e-06 	  1.6832 	  0.5224 	 -1000.0000 	 -1000.0000 
	 16.0760 	 8.937984e-01 	 169.4814 	  0.8265 	 3.823150e+22 	 2.093365e+20 	 1.742053e-05 	 5.098385e-06 	  1.5250 	  0.4847 	 -1000.0000 	 -1000.0000 
	 16.1250 	 8.888487e-01 	 169.4170 	  0.8277 	 3.803480e+22 	 2.084335e+20 	 1.743686e-05 	 5.061224e-06 	  1.5165 	  0.4794 	 -1000.0000 	 -1000.0000 
	 16.1680 	 8.845252e-01 	 169.3685 	  0.8294 	 3.786116e+22 	 2.077418e+20 	 1.745101e-05 	 5.024279e-06 	  1.5092 	  0.4746 	 -1000.0000 	 -1000.0000 
	 16.3210 	 8.692933e-01 	 169.2523 	  0.8394 	 3.723672e+22 	 2.059199e+20 	 1.749639e-05 	 4.861557e-06 	  1.4841 	  0.4556 	 -1000.0000 	 -1000.0000 
	 16.3630 	 8.651534e-01 	 169.2344 	  0.8430 	 3.706382e+22 	 2.055617e+20 	 1.750613e-05 	 4.809278e-06 	  1.4775 	  0.4502 	 -1000.0000 	 -1000.0000 
	 16.9950 	 8.049944e-01 	 169.4536 	  0.9062 	 3.444282e+22 	 2.016316e+20 	 1.715330e-05 	 3.794520e-06 	  1.3983 	  0.3766 	 -1000.0000 	 -1000.0000 
	 17.0380 	 8.010460e-01 	 169.4875 	  0.9089 	 3.426658e+22 	 2.011140e+20 	 1.707199e-05 	 3.720809e-06 	  1.3949 	  0.3734 	 -1000.0000 	 -1000.0000 
	 17.1910 	 7.871455e-01 	 169.6105 	  0.9145 	 3.364570e+22 	 1.985965e+20 	 1.669979e-05 	 3.463069e-06 	  1.3860 	  0.3650 	 -1000.0000 	 -1000.0000 
	 17.2330 	 7.833701e-01 	 169.6437 	  0.9147 	 3.347728e+22 	 1.976882e+20 	 1.657493e-05 	 3.392957e-06 	  1.3844 	  0.3634 	 -1000.0000 	 -1000.0000 
	 17.3860 	 7.697638e-01 	 169.7550 	  0.9094 	 3.287279e+22 	 1.934130e+20 	 1.604343e-05 	 3.142186e-06 	  1.3818 	  0.3594 	 -1000.0000 	 -1000.0000 
	 18.0640 	 7.122187e-01 	 169.7979 	  0.8122 	 3.040810e+22 	 1.632180e+20 	 1.294699e-05 	 2.265572e-06 	  1.4215 	  0.3720 	 -1000.0000 	 -1000.0000 
	 18.1070 	 7.087189e-01 	 169.7627 	  0.8066 	 3.026494e+22 	 1.614837e+20 	 1.274915e-05 	 2.226992e-06 	  1.4260 	  0.3743 	 -1000.0000 	 -1000.0000 
	 18.2590 	 6.964895e-01 	 169.5895 	  0.7916 	 2.977266e+22 	 1.563251e+20 	 1.207891e-05 	 2.106517e-06 	  1.4428 	  0.3835 	 -1000.0000 	 -1000.0000 
	 18.3020 	 6.930699e-01 	 169.5261 	  0.7891 	 2.963735e+22 	 1.551958e+20 	 1.189947e-05 	 2.076545e-06 	  1.4477 	  0.3863 	 -1000.0000 	 -1000.0000 
	 18.3480 	 6.894309e-01 	 169.4518 	  0.7873 	 2.949441e+22 	 1.541520e+20 	 1.171320e-05 	 2.046332e-06 	  1.4529 	  0.3895 	 -1000.0000 	 -1000.0000 
	 18.9830 	 6.411143e-01 	 168.2040 	  0.8351 	 2.763050e+22 	 1.521108e+20 	 9.888998e-06 	 1.797960e-06 	  1.5056 	  0.4353 	 -1000.0000 	 -1000.0000 
	 19.1290 	 6.304746e-01 	 167.9953 	  0.8586 	 2.720649e+22 	 1.534001e+20 	 9.701061e-06 	 1.778970e-06 	  1.5070 	  0.4434 	 -1000.0000 	 -1000.0000 
	 19.1780 	 6.269401e-01 	 167.9431 	  0.8671 	 2.706258e+22 	 1.538550e+20 	 9.659207e-06 	 1.775817e-06 	  1.5063 	  0.4457 	 -1000.0000 	 -1000.0000 
	 19.2220 	 6.237818e-01 	 167.9042 	  0.8748 	 2.693260e+22 	 1.542625e+20 	 9.630609e-06 	 1.774428e-06 	  1.5051 	  0.4476 	 -1000.0000 	 -1000.0000 
	 19.3740 	 6.129856e-01 	 167.8266 	  0.9022 	 2.647885e+22 	 1.556088e+20 	 9.593924e-06 	 1.780908e-06 	  1.4970 	  0.4528 	 -1000.0000 	 -1000.0000 
	 20.0010 	 5.703986e-01 	 168.3222 	  1.0023 	 2.456623e+22 	 1.572382e+20 	 1.013484e-05 	 1.936763e-06 	  1.4234 	  0.4550 	 -1000.0000 	 -1000.0000 
	 20.0520 	 5.670776e-01 	 168.4121 	  1.0077 	 2.441040e+22 	 1.568856e+20 	 1.020220e-05 	 1.948305e-06 	  1.4164 	  0.4539 	 -1000.0000 	 -1000.0000 
	 20.1020 	 5.638429e-01 	 168.5064 	  1.0125 	 2.425790e+22 	 1.564498e+20 	 1.026835e-05 	 1.958190e-06 	  1.4097 	  0.4527 	 -1000.0000 	 -1000.0000 
	 20.2460 	 5.546431e-01 	 168.8074 	  1.0232 	 2.382065e+22 	 1.547194e+20 	 1.045513e-05 	 1.977338e-06 	  1.3911 	  0.4484 	 -1000.0000 	 -1000.0000 
	 20.2970 	 5.514255e-01 	 168.9232 	  1.0258 	 2.366664e+22 	 1.539459e+20 	 1.051867e-05 	 1.980239e-06 	  1.3848 	  0.4468 	 -1000.0000 	 -1000.0000 
	 20.9770 	 5.104488e-01 	 170.6909 	  1.0069 	 2.168205e+22 	 1.371019e+20 	 1.104862e-05 	 1.841401e-06 	  1.3321 	  0.4273 	 -1000.0000 	 -1000.0000 
	 21.1190 	 5.023187e-01 	 171.0567 	  0.9904 	 2.129004e+22 	 1.324028e+20 	 1.104212e-05 	 1.778849e-06 	  1.3315 	  0.4263 	 -1000.0000 	 -1000.0000 
	 21.1710 	 4.993762e-01 	 171.1855 	  0.9833 	 2.114896e+22 	 1.306104e+20 	 1.102688e-05 	 1.752802e-06 	  1.3324 	  0.4263 	 -1000.0000 	 -1000.0000 
	 21.3140 	 4.913781e-01 	 171.5207 	  0.9609 	 2.076842e+22 	 1.255155e+20 	 1.095370e-05 	 1.674838e-06 	  1.3379 	  0.4268 	 -1000.0000 	 -1000.0000 
	 21.3650 	 4.885582e-01 	 171.6321 	  0.9519 	 2.063547e+22 	 1.236486e+20 	 1.091894e-05 	 1.645509e-06 	  1.3408 	  0.4272 	 -1000.0000 	 -1000.0000 
	 21.9990 	 4.548894e-01 	 172.7602 	  0.8309 	 1.908757e+22 	 1.014411e+20 	 1.054561e-05 	 1.331067e-06 	  1.3910 	  0.4328 	 -1000.0000 	 -1000.0000 
	 22.0510 	 4.522389e-01 	 172.8423 	  0.8232 	 1.896752e+22 	 9.995865e+19 	 1.055165e-05 	 1.316533e-06 	  1.3946 	  0.4332 	 -1000.0000 	 -1000.0000 
	 22.1940 	 4.450341e-01 	 173.0694 	  0.8065 	 1.864128e+22 	 9.637286e+19 	 1.062102e-05 	 1.286585e-06 	  1.4031 	  0.4339 	 -1000.0000 	 -1000.0000 
	 22.2450 	 4.424942e-01 	 173.1518 	  0.8024 	 1.852615e+22 	 9.529011e+19 	 1.066551e-05 	 1.278907e-06 	  1.4055 	  0.4340 	 -1000.0000 	 -1000.0000 
	 22.2970 	 4.399205e-01 	 173.2369 	  0.7991 	 1.840939e+22 	 9.429142e+19 	 1.072193e-05 	 1.272337e-06 	  1.4076 	  0.4341 	 -1000.0000 	 -1000.0000 
	 23.0740 	 4.034513e-01 	 174.7636 	  0.8116 	 1.673563e+22 	 8.610128e+19 	 1.291654e-05 	 1.276879e-06 	  1.3958 	  0.4228 	 -1000.0000 	 -1000.0000 
	 23.1250 	 4.011917e-01 	 174.8878 	  0.8126 	 1.663018e+22 	 8.561768e+19 	 1.315323e-05 	 1.285349e-06 	  1.3921 	  0.4218 	 -1000.0000 	 -1000.0000 
	 23.1770 	 3.989050e-01 	 175.0178 	  0.8132 	 1.652322e+22 	 8.509296e+19 	 1.340685e-05 	 1.295845e-06 	  1.3880 	  0.4207 	 -1000.0000 	 -1000.0000 
	 23.3190 	 3.927460e-01 	 175.3860 	  0.8136 	 1.623426e+22 	 8.352851e+19 	 1.415864e-05 	 1.336169e-06 	  1.3747 	  0.4176 	 -1000.0000 	 -1000.0000 
	 23.3710 	 3.905210e-01 	 175.5239 	  0.8133 	 1.612969e+22 	 8.291891e+19 	 1.445316e-05 	 1.356190e-06 	  1.3693 	  0.4163 	 -1000.0000 	 -1000.0000 
	 23.9540 	 3.665735e-01 	 177.0001 	  0.8084 	 1.501380e+22 	 7.606822e+19 	 1.781670e-05 	 1.664233e-06 	  1.3011 	  0.3984 	 -1000.0000 	 -1000.0000 
	 24.0050 	 3.645571e-01 	 177.1087 	  0.8089 	 1.492196e+22 	 7.556968e+19 	 1.804548e-05 	 1.682287e-06 	  1.2960 	  0.3964 	 -1000.0000 	 -1000.0000 
	 24.0620 	 3.623168e-01 	 177.2238 	  0.8098 	 1.482054e+22 	 7.504614e+19 	 1.827398e-05 	 1.698408e-06 	  1.2907 	  0.3942 	 -1000.0000 	 -1000.0000 
	 24.1990 	 3.569890e-01 	 177.4723 	  0.8132 	 1.458202e+22 	 7.391899e+19 	 1.869249e-05 	 1.721728e-06 	  1.2802 	  0.3895 	 -1000.0000 	 -1000.0000 
	 24.2550 	 3.548337e-01 	 177.5619 	  0.8150 	 1.448663e+22 	 7.350572e+19 	 1.880677e-05 	 1.724686e-06 	  1.2768 	  0.3879 	 -1000.0000 	 -1000.0000 
	 25.0820 	 3.243863e-01 	 177.9575 	  0.8478 	 1.321438e+22 	 6.898884e+19 	 1.728044e-05 	 1.531923e-06 	  1.2848 	  0.3858 	 -1000.0000 	 -1000.0000 
	 25.1350 	 3.225150e-01 	 177.9164 	  0.8489 	 1.314120e+22 	 6.870569e+19 	 1.704703e-05 	 1.512536e-06 	  1.2883 	  0.3867 	 -1000.0000 	 -1000.0000 
	 25.2760 	 3.175783e-01 	 177.7637 	  0.8508 	 1.295120e+22 	 6.789537e+19 	 1.639516e-05 	 1.460690e-06 	  1.2990 	  0.3896 	 -1000.0000 	 -1000.0000 
	 25.3290 	 3.157378e-01 	 177.6895 	  0.8508 	 1.288152e+22 	 6.756407e+19 	 1.614290e-05 	 1.441257e-06 	  1.3034 	  0.3908 	 -1000.0000 	 -1000.0000 
	 25.3860 	 3.137677e-01 	 177.5996 	  0.8506 	 1.280761e+22 	 6.719126e+19 	 1.586978e-05 	 1.420561e-06 	  1.3084 	  0.3922 	 -1000.0000 	 -1000.0000 
	 25.9650 	 2.943604e-01 	 176.1466 	  0.8360 	 1.211459e+22 	 6.300360e+19 	 1.336909e-05 	 1.239471e-06 	  1.3627 	  0.4084 	 -1000.0000 	 -1000.0000 
	 26.0190 	 2.926121e-01 	 175.9665 	  0.8343 	 1.205498e+22 	 6.262878e+19 	 1.319036e-05 	 1.226888e-06 	  1.3671 	  0.4098 	 -1000.0000 	 -1000.0000 
	 26.1580 	 2.881650e-01 	 175.4726 	  0.8306 	 1.190519e+22 	 6.172281e+19 	 1.278985e-05 	 1.198003e-06 	  1.3773 	  0.4132 	 -1000.0000 	 -1000.0000 
	 26.2120 	 2.864586e-01 	 175.2696 	  0.8294 	 1.184838e+22 	 6.139917e+19 	 1.265771e-05 	 1.188155e-06 	  1.3808 	  0.4144 	 -1000.0000 	 -1000.0000 
	 26.2660 	 2.847640e-01 	 175.0611 	  0.8283 	 1.179228e+22 	 6.109176e+19 	 1.253863e-05 	 1.178756e-06 	  1.3839 	  0.4155 	 -1000.0000 	 -1000.0000 
	 27.0380 	 2.615536e-01 	 171.9017 	  0.8196 	 1.103014e+22 	 5.741971e+19 	 1.199196e-05 	 1.083993e-06 	  1.3911 	  0.4129 	 -1000.0000 	 -1000.0000 
	 27.0920 	 2.599826e-01 	 171.6979 	  0.8186 	 1.097694e+22 	 5.713997e+19 	 1.201743e-05 	 1.083582e-06 	  1.3891 	  0.4117 	 -1000.0000 	 -1000.0000 
	 27.1560 	 2.581269e-01 	 171.4634 	  0.8173 	 1.091353e+22 	 5.679500e+19 	 1.205599e-05 	 1.084779e-06 	  1.3864 	  0.4102 	 -1000.0000 	 -1000.0000 
	 27.2850 	 2.544092e-01 	 171.0126 	  0.8141 	 1.078477e+22 	 5.606696e+19 	 1.215840e-05 	 1.093665e-06 	  1.3794 	  0.4067 	 -1000.0000 	 -1000.0000 
	 27.3490 	 2.525770e-01 	 170.7988 	  0.8125 	 1.072053e+22 	 5.569557e+19 	 1.221945e-05 	 1.102083e-06 	  1.3754 	  0.4048 	 -1000.0000 	 -1000.0000 
	 27.9860 	 2.348905e-01 	 168.9131 	  0.8051 	 1.008100e+22 	 5.233574e+19 	 1.274256e-05 	 1.271245e-06 	  1.3261 	  0.3898 	 -1000.0000 	 -1000.0000 
	 28.0410 	 2.334185e-01 	 168.7625 	  0.8060 	 1.002676e+22 	 5.212623e+19 	 1.273880e-05 	 1.285710e-06 	  1.3226 	  0.3894 	 -1000.0000 	 -1000.0000 
	 28.1780 	 2.297923e-01 	 168.3914 	  0.8096 	 9.892756e+21 	 5.166906e+19 	 1.266515e-05 	 1.313832e-06 	  1.3155 	  0.3894 	 -1000.0000 	 -1000.0000 
	 28.2340 	 2.283262e-01 	 168.2413 	  0.8114 	 9.838424e+21 	 5.150438e+19 	 1.260678e-05 	 1.320381e-06 	  1.3135 	  0.3896 	 -1000.0000 	 -1000.0000 
	 28.3710 	 2.247780e-01 	 167.8773 	  0.8167 	 9.706564e+21 	 5.114148e+19 	 1.239588e-05 	 1.325064e-06 	  1.3104 	  0.3905 	 -1000.0000 	 -1000.0000 
	 29.0680 	 2.074886e-01 	 166.0677 	  0.8418 	 9.057620e+21 	 4.932629e+19 	 9.794305e-06 	 6.715965e-07 	  1.3303 	  0.3963 	 -1000.0000 	 -1000.0000 
	 29.1240 	 2.061491e-01 	 165.9233 	  0.8425 	 9.006966e+21 	 4.912119e+19 	 9.625244e-06 	 6.640895e-07 	  1.3341 	  0.3971 	 -1000.0000 	 -1000.0000 
	 29.2610 	 2.028995e-01 	 165.5692 	  0.8425 	 8.883911e+21 	 4.854371e+19 	 9.213965e-06 	 6.432138e-07 	  1.3449 	  0.3994 	 -1000.0000 	 -1000.0000 
	 29.3160 	 2.016055e-01 	 165.4266 	  0.8418 	 8.834848e+21 	 4.827754e+19 	 9.051218e-06 	 6.337911e-07 	  1.3498 	  0.4004 	 -1000.0000 	 -1000.0000 
	 29.3760 	 2.002007e-01 	 165.2708 	  0.8405 	 8.781546e+21 	 4.796518e+19 	 8.875931e-06 	 6.228707e-07 	  1.3556 	  0.4017 	 -1000.0000 	 -1000.0000 
	 29.9510 	 1.871313e-01 	 163.7758 	  0.8181 	 8.283189e+21 	 4.449102e+19 	 7.354879e-06 	 5.059842e-07 	  1.4257 	  0.4163 	 -1000.0000 	 -1000.0000 
	 30.0140 	 1.857460e-01 	 163.6134 	  0.8160 	 8.230042e+21 	 4.413367e+19 	 7.209085e-06 	 4.941793e-07 	  1.4345 	  0.4182 	 -1000.0000 	 -1000.0000 
	 30.1430 	 1.829405e-01 	 163.2828 	  0.8132 	 8.122172e+21 	 4.346792e+19 	 6.925156e-06 	 4.718967e-07 	  1.4530 	  0.4224 	 -1000.0000 	 -1000.0000 
	 30.2060 	 1.815858e-01 	 163.1225 	  0.8127 	 8.069967e+21 	 4.318314e+19 	 6.793709e-06 	 4.620810e-07 	  1.4622 	  0.4245 	 -1000.0000 	 -1000.0000 
	 30.2660 	 1.803052e-01 	 162.9705 	  0.8127 	 8.020538e+21 	 4.293760e+19 	 6.672792e-06 	 4.534082e-07 	  1.4710 	  0.4282 	 -1000.0000 	 -1000.0000 
	 31.0330 	 1.646557e-01 	 161.0537 	  0.8264 	 7.411561e+21 	 4.060371e+19 	 5.407526e-06 	 3.791153e-07 	  1.5964 	  0.4999 	 -1000.0000 	 -1000.0000 
	 31.0990 	 1.633636e-01 	 160.8881 	  0.8261 	 7.360963e+21 	 4.035021e+19 	 5.316828e-06 	 3.740902e-07 	  1.6084 	  0.5071 	 -1000.0000 	 -1000.0000 
	 31.1560 	 1.622538e-01 	 160.7447 	  0.8253 	 7.317476e+21 	 4.011244e+19 	 5.240268e-06 	 3.697353e-07 	  1.6190 	  0.5135 	 -1000.0000 	 -1000.0000 
	 31.2910 	 1.596483e-01 	 160.4033 	  0.8221 	 7.215289e+21 	 3.949272e+19 	 5.065547e-06 	 3.594321e-07 	  1.6447 	  0.5292 	 -1000.0000 	 -1000.0000 
	 31.3480 	 1.585580e-01 	 160.2585 	  0.8202 	 7.172492e+21 	 3.921267e+19 	 4.994571e-06 	 3.551161e-07 	  1.6558 	  0.5360 	 -1000.0000 	 -1000.0000 
	 31.9890 	 1.467208e-01 	 158.5927 	  0.7991 	 6.706713e+21 	 3.605961e+19 	 4.308462e-06 	 3.140761e-07 	  1.7881 	  0.6215 	 -1000.0000 	 -1000.0000 
	 32.0510 	 1.456189e-01 	 158.4276 	  0.7986 	 6.663271e+21 	 3.581818e+19 	 4.252585e-06 	 3.114791e-07 	  1.8012 	  0.6305 	 -1000.0000 	 -1000.0000 
	 32.1810 	 1.433334e-01 	 158.0795 	  0.7986 	 6.573098e+21 	 3.536360e+19 	 4.141243e-06 	 3.069819e-07 	  1.8286 	  0.6496 	 -1000.0000 	 -1000.0000 
	 32.2420 	 1.422724e-01 	 157.9156 	  0.7991 	 6.531198e+21 	 3.517101e+19 	 4.091733e-06 	 3.052682e-07 	  1.8415 	  0.6588 	 -1000.0000 	 -1000.0000 
	 32.3730 	 1.400179e-01 	 157.5630 	  0.8008 	 6.442059e+21 	 3.479282e+19 	 3.991470e-06 	 3.023321e-07 	  1.8687 	  0.6787 	 -1000.0000 	 -1000.0000 
	 32.9410 	 1.306037e-01 	 156.0489 	  0.8117 	 6.067231e+21 	 3.336528e+19 	 3.660994e-06 	 2.971652e-07 	  1.9802 	  0.7689 	 -1000.0000 	 -1000.0000 
	 33.0710 	 1.285267e-01 	 155.7120 	  0.8127 	 5.983696e+21 	 3.300064e+19 	 3.611504e-06 	 2.965928e-07 	  2.0034 	  0.7905 	 -1000.0000 	 -1000.0000 
	 33.1320 	 1.275615e-01 	 155.5559 	  0.8127 	 5.944741e+21 	 3.281451e+19 	 3.591889e-06 	 2.962579e-07 	  2.0140 	  0.8007 	 -1000.0000 	 -1000.0000 
	 33.2630 	 1.255085e-01 	 155.2256 	  0.8114 	 5.861557e+21 	 3.237304e+19 	 3.557367e-06 	 2.951452e-07 	  2.0360 	  0.8231 	 -1000.0000 	 -1000.0000 
	 33.3230 	 1.245770e-01 	 155.0768 	  0.8102 	 5.823659e+21 	 3.214856e+19 	 3.544914e-06 	 2.943592e-07 	  2.0460 	  0.8335 	 -1000.0000 	 -1000.0000 
	 33.9640 	 1.149896e-01 	 153.5500 	  0.7838 	 5.428965e+21 	 2.931069e+19 	 3.479966e-06 	 2.755962e-07 	  2.1534 	  0.9519 	 -1000.0000 	 -1000.0000 
	 34.0320 	 1.140143e-01 	 153.3899 	  0.7813 	 5.388522e+21 	 2.902705e+19 	 3.473156e-06 	 2.731180e-07 	  2.1656 	  0.9653 	 -1000.0000 	 -1000.0000 
	 34.1550 	 1.122722e-01 	 153.0985 	  0.7781 	 5.316241e+21 	 2.855657e+19 	 3.457440e-06 	 2.689074e-07 	  2.1884 	  0.9903 	 -1000.0000 	 -1000.0000 
	 34.2230 	 1.113213e-01 	 152.9360 	  0.7770 	 5.276793e+21 	 2.832578e+19 	 3.446364e-06 	 2.668392e-07 	  2.2013 	  1.0044 	 -1000.0000 	 -1000.0000 
	 34.2850 	 1.104621e-01 	 152.7869 	  0.7766 	 5.241146e+21 	 2.813478e+19 	 3.434646e-06 	 2.651437e-07 	  2.2133 	  1.0175 	 -1000.0000 	 -1000.0000 
	 35.0480 	 1.003950e-01 	 150.9642 	  0.7930 	 4.821012e+21 	 2.659695e+19 	 3.206544e-06 	 2.479206e-07 	  2.3707 	  1.1975 	 -1000.0000 	 -1000.0000 
	 35.1160 	 9.953538e-02 	 150.8105 	  0.7946 	 4.784646e+21 	 2.646876e+19 	 3.182419e-06 	 2.455521e-07 	 -1000.0000 	 -1000.0000 	 -1000.0000 	 -1000.0000 
	 35.1850 	 9.866822e-02 	 150.6567 	  0.7960 	 4.747850e+21 	 2.633098e+19 	 3.157893e-06 	 2.428345e-07 	 -1000.0000 	 -1000.0000 	 -1000.0000 	 -1000.0000 
	 35.3070 	 9.714783e-02 	 150.3875 	  0.7981 	 4.683140e+21 	 2.607233e+19 	 3.114711e-06 	 2.373689e-07 	 -1000.0000 	 -1000.0000 	 -1000.0000 	 -1000.0000 
	 35.3760 	 9.629537e-02 	 150.2349 	  0.7991 	 4.646796e+21 	 2.591998e+19 	 3.090557e-06 	 2.339755e-07 	 -1000.0000 	 -1000.0000 	 -1000.0000 	 -1000.0000 
	 35.9480 	 8.944905e-02 	 148.8256 	  0.8075 	 4.357159e+21 	 2.468859e+19 	 2.913045e-06 	 2.039510e-07 	 -1000.0000 	 -1000.0000 	 -1000.0000 	 -1000.0000 
	 36.0060 	 8.877806e-02 	 148.6557 	  0.8088 	 4.329369e+21 	 2.458512e+19 	 2.898753e-06 	 2.013491e-07 	 -1000.0000 	 -1000.0000 	 -1000.0000 	 -1000.0000 
	 36.0800 	 8.792846e-02 	 148.4288 	  0.8108 	 4.294426e+21 	 2.446265e+19 	 2.881657e-06 	 1.982901e-07 	 -1000.0000 	 -1000.0000 	 -1000.0000 	 -1000.0000 
	 36.1970 	 8.659983e-02 	 148.0487 	  0.8143 	 4.240297e+21 	 2.428777e+19 	 2.855933e-06 	 1.939693e-07 	 -1000.0000 	 -1000.0000 	 -1000.0000 	 -1000.0000 
	 36.2700 	 8.577985e-02 	 147.7993 	  0.8167 	 4.207183e+21 	 2.418813e+19 	 2.839794e-06 	 1.915352e-07 	 -1000.0000 	 -1000.0000 	 -1000.0000 	 -1000.0000 
	 36.9800 	 7.815063e-02 	 145.0224 	  0.8374 	 3.906421e+21 	 2.330351e+19 	 2.543599e-06 	 1.683566e-07 	 -1000.0000 	 -1000.0000 	 -1000.0000 	 -1000.0000 
	 37.1000 	 7.692050e-02 	 144.5154 	  0.8387 	 3.858493e+21 	 2.311605e+19 	 2.444503e-06 	 1.627340e-07 	 -1000.0000 	 -1000.0000 	 -1000.0000 	 -1000.0000 
	 37.1700 	 7.621049e-02 	 144.2180 	  0.8389 	 3.830803e+21 	 2.299456e+19 	 2.377028e-06 	 1.589868e-07 	 -1000.0000 	 -1000.0000 	 -1000.0000 	 -1000.0000 
	 37.2900 	 7.500610e-02 	 143.7073 	  0.8382 	 3.783719e+21 	 2.276132e+19 	 2.243227e-06 	 1.516480e-07 	 -1000.0000 	 -1000.0000 	 -1000.0000 	 -1000.0000 
	 37.3600 	 7.431089e-02 	 143.4099 	  0.8371 	 3.756443e+21 	 2.260869e+19 	 2.153894e-06 	 1.467803e-07 	 -1000.0000 	 -1000.0000 	 -1000.0000 	 -1000.0000 
	 38.0000 	 6.819116e-02 	 140.8380 	  0.8161 	 3.509998e+21 	 2.092476e+19 	 1.144787e-06 	 9.130493e-08 	 -1000.0000 	 -1000.0000 	 -1000.0000 	 -1000.0000 
	 38.0700 	 6.754610e-02 	 140.5871 	  0.8144 	 3.483006e+21 	 2.075215e+19 	 1.040775e-06 	 8.539777e-08 	 -1000.0000 	 -1000.0000 	 -1000.0000 	 -1000.0000 
	 38.1900 	 6.645067e-02 	 140.1780 	  0.8127 	 3.436542e+21 	 2.048269e+19 	 8.785193e-07 	 7.599744e-08 	 -1000.0000 	 -1000.0000 	 -1000.0000 	 -1000.0000 
	 38.2600 	 6.581757e-02 	 139.9528 	  0.8126 	 3.409295e+21 	 2.034476e+19 	 7.955319e-07 	 7.105133e-08 	 -1000.0000 	 -1000.0000 	 -1000.0000 	 -1000.0000 
	 38.3300 	 6.518882e-02 	 139.7379 	  0.8131 	 3.381937e+21 	 2.022234e+19 	 7.219921e-07 	 6.654618e-08 	 -1000.0000 	 -1000.0000 	 -1000.0000 	 -1000.0000 
	 38.9640 	 5.971684e-02 	 138.1577 	  0.8394 	 3.133512e+21 	 1.957129e+19 	 3.690642e-07 	 4.104569e-08 	 -1000.0000 	 -1000.0000 	 -1000.0000 	 -1000.0000 
	 39.0900 	 5.868294e-02 	 137.8975 	  0.8469 	 3.085039e+21 	 1.948108e+19 	 3.534500e-07 	 4.259951e-08 	 -1000.0000 	 -1000.0000 	 -1000.0000 	 -1000.0000 
	 39.1540 	 5.816532e-02 	 137.7691 	  0.8506 	 3.060662e+21 	 1.943279e+19 	 3.403955e-07 	 4.133623e-08 	 -1000.0000 	 -1000.0000 	 -1000.0000 	 -1000.0000 
	 39.2300 	 5.755729e-02 	 137.6194 	  0.8550 	 3.031949e+21 	 1.937178e+19 	 3.256957e-07 	 3.992862e-08 	 -1000.0000 	 -1000.0000 	 -1000.0000 	 -1000.0000 
	 39.3430 	 5.666602e-02 	 137.4029 	  0.8613 	 2.989688e+21 	 1.927342e+19 	 3.054469e-07 	 3.802210e-08 	 -1000.0000 	 -1000.0000 	 -1000.0000 	 -1000.0000 
	 39.9900 	 5.181019e-02 	 136.3566 	  0.8915 	 2.754493e+21 	 1.852244e+19 	 2.323706e-07 	 3.170432e-08 	 -1000.0000 	 -1000.0000 	 -1000.0000 	 -1000.0000 
	 40.0640 	 5.127658e-02 	 136.2635 	  0.8941 	 2.727985e+21 	 1.841492e+19 	 2.292963e-07 	 3.151389e-08 	 -1000.0000 	 -1000.0000 	 -1000.0000 	 -1000.0000 
	 40.1350 	 5.076804e-02 	 136.1803 	  0.8965 	 2.702575e+21 	 1.830768e+19 	 2.274504e-07 	 3.143716e-08 	 -1000.0000 	 -1000.0000 	 -1000.0000 	 -1000.0000 
	 40.2530 	 4.993068e-02 	 136.0558 	  0.9002 	 2.660415e+21 	 1.812262e+19 	 2.266403e-07 	 3.152465e-08 	 -1000.0000 	 -1000.0000 	 -1000.0000 	 -1000.0000 
	 40.3240 	 4.943181e-02 	 135.9897 	  0.9024 	 2.635105e+21 	 1.800840e+19 	 2.274264e-07 	 3.169747e-08 	 -1000.0000 	 -1000.0000 	 -1000.0000 	 -1000.0000 
	 40.9640 	 4.513110e-02 	 135.7281 	  0.9302 	 2.410517e+21 	 1.701710e+19 	 2.685017e-07 	 3.633726e-08 	 -1000.0000 	 -1000.0000 	 -1000.0000 	 -1000.0000 
	 41.0350 	 4.467858e-02 	 135.7401 	  0.9351 	 2.386162e+21 	 1.692482e+19 	 2.758489e-07 	 3.708898e-08 	 -1000.0000 	 -1000.0000 	 -1000.0000 	 -1000.0000 
	 41.1530 	 4.393797e-02 	 135.7781 	  0.9440 	 2.345997e+21 	 1.677995e+19 	 2.886915e-07 	 3.838654e-08 	 -1000.0000 	 -1000.0000 	 -1000.0000 	 -1000.0000 
	 41.2240 	 4.349914e-02 	 135.8112 	  0.9497 	 2.322025e+21 	 1.669619e+19 	 2.966394e-07 	 3.918322e-08 	 -1000.0000 	 -1000.0000 	 -1000.0000 	 -1000.0000 
	 41.3420 	 4.278084e-02 	 135.8823 	  0.9594 	 2.282523e+21 	 1.655928e+19 	 3.099021e-07 	 4.050819e-08 	 -1000.0000 	 -1000.0000 	 -1000.0000 	 -1000.0000 
	 41.9390 	 3.934656e-02 	 136.4908 	  0.9996 	 2.089895e+21 	 1.574693e+19 	 3.626783e-07 	 4.597327e-08 	 -1000.0000 	 -1000.0000 	 -1000.0000 	 -1000.0000 
	 42.0560 	 3.871023e-02 	 136.6470 	  1.0028 	 2.053708e+21 	 1.553033e+19 	 3.670391e-07 	 4.654188e-08 	 -1000.0000 	 -1000.0000 	 -1000.0000 	 -1000.0000 
	 42.1280 	 3.832426e-02 	 136.7473 	  1.0037 	 2.031718e+21 	 1.538247e+19 	 3.682589e-07 	 4.676992e-08 	 -1000.0000 	 -1000.0000 	 -1000.0000 	 -1000.0000 
	 42.2450 	 3.770595e-02 	 136.9161 	  1.0028 	 1.996451e+21 	 1.511519e+19 	 3.675530e-07 	 4.691712e-08 	 -1000.0000 	 -1000.0000 	 -1000.0000 	 -1000.0000 
	 42.3170 	 3.733080e-02 	 137.0228 	  1.0008 	 1.975043e+21 	 1.493238e+19 	 3.653031e-07 	 4.685706e-08 	 -1000.0000 	 -1000.0000 	 -1000.0000 	 -1000.0000 
	 42.9560 	 3.416972e-02 	 137.9805 	  0.9581 	 1.795328e+21 	 1.302355e+19 	 3.003654e-07 	 4.251340e-08 	 -1000.0000 	 -1000.0000 	 -1000.0000 	 -1000.0000 
	 43.0320 	 3.381279e-02 	 138.0850 	  0.9544 	 1.775218e+21 	 1.281667e+19 	 2.901640e-07 	 4.176934e-08 	 -1000.0000 	 -1000.0000 	 -1000.0000 	 -1000.0000 
	 43.1450 	 3.328913e-02 	 138.2324 	  0.9512 	 1.745831e+21 	 1.253958e+19 	 2.752278e-07 	 4.066858e-08 	 -1000.0000 	 -1000.0000 	 -1000.0000 	 -1000.0000 
	 43.2210 	 3.294156e-02 	 138.3251 	  0.9510 	 1.726413e+21 	 1.237859e+19 	 2.655970e-07 	 3.995234e-08 	 -1000.0000 	 -1000.0000 	 -1000.0000 	 -1000.0000 
	 43.2940 	 3.261117e-02 	 138.4090 	  0.9525 	 1.708023e+21 	 1.224485e+19 	 2.567967e-07 	 3.929334e-08 	 -1000.0000 	 -1000.0000 	 -1000.0000 	 -1000.0000 
	 43.9420 	 2.982466e-02 	 139.0541 	  0.9976 	 1.554620e+21 	 1.155216e+19 	 1.971192e-07 	 3.460999e-08 	 -1000.0000 	 -1000.0000 	 -1000.0000 	 -1000.0000 
	 44.0470 	 2.939759e-02 	 139.1630 	  1.0038 	 1.531177e+21 	 1.144988e+19 	 1.903241e-07 	 3.402801e-08 	 -1000.0000 	 -1000.0000 	 -1000.0000 	 -1000.0000 
	 44.1310 	 2.906078e-02 	 139.2554 	  1.0071 	 1.512656e+21 	 1.135506e+19 	 1.854153e-07 	 3.359379e-08 	 -1000.0000 	 -1000.0000 	 -1000.0000 	 -1000.0000 
	 44.3190 	 2.832248e-02 	 139.4852 	  1.0077 	 1.471879e+21 	 1.107925e+19 	 1.760548e-07 	 3.271689e-08 	 -1000.0000 	 -1000.0000 	 -1000.0000 	 -1000.0000 
	 44.6540 	 2.705947e-02 	 140.0076 	  0.9741 	 1.401136e+21 	 1.025389e+19 	 1.645581e-07 	 3.145029e-08 	 -1000.0000 	 -1000.0000 	 -1000.0000 	 -1000.0000 
	 45.0310 	 2.571081e-02 	 140.6958 	  0.9063 	 1.324752e+21 	 9.041209e+18 	 1.601837e-07 	 3.089563e-08 	 -1000.0000 	 -1000.0000 	 -1000.0000 	 -1000.0000 
	 45.1040 	 2.545693e-02 	 140.8153 	  0.8976 	 1.310535e+21 	 8.856322e+18 	 1.606365e-07 	 3.099794e-08 	 -1000.0000 	 -1000.0000 	 -1000.0000 	 -1000.0000 
	 45.2190 	 2.506149e-02 	 140.9903 	  0.8884 	 1.288544e+21 	 8.613515e+18 	 1.622530e-07 	 3.131529e-08 	 -1000.0000 	 -1000.0000 	 -1000.0000 	 -1000.0000 
	 45.2920 	 2.481341e-02 	 141.0943 	  0.8851 	 1.274834e+21 	 8.486667e+18 	 1.638427e-07 	 3.161142e-08 	 -1000.0000 	 -1000.0000 	 -1000.0000 	 -1000.0000 
	 45.4070 	 2.442735e-02 	 141.2492 	  0.8834 	 1.253609e+21 	 8.323457e+18 	 1.672173e-07 	 3.221896e-08 	 -1000.0000 	 -1000.0000 	 -1000.0000 	 -1000.0000 
	 45.9340 	 2.273767e-02 	 141.9118 	  0.9085 	 1.161532e+21 	 7.913801e+18 	 1.956456e-07 	 3.691030e-08 	 -1000.0000 	 -1000.0000 	 -1000.0000 	 -1000.0000 
	 46.0090 	 2.250844e-02 	 142.0113 	  0.9138 	 1.149035e+21 	 7.869981e+18 	 2.013466e-07 	 3.779396e-08 	 -1000.0000 	 -1000.0000 	 -1000.0000 	 -1000.0000 
	 46.1220 	 2.216841e-02 	 142.1664 	  0.9218 	 1.130467e+21 	 7.801950e+18 	 2.107737e-07 	 3.922084e-08 	 -1000.0000 	 -1000.0000 	 -1000.0000 	 -1000.0000 
	 46.1960 	 2.194912e-02 	 142.2708 	  0.9269 	 1.118476e+21 	 7.755918e+18 	 2.175396e-07 	 4.022016e-08 	 -1000.0000 	 -1000.0000 	 -1000.0000 	 -1000.0000 
	 46.3090 	 2.161933e-02 	 142.4339 	  0.9345 	 1.100423e+21 	 7.683065e+18 	 2.288574e-07 	 4.184998e-08 	 -1000.0000 	 -1000.0000 	 -1000.0000 	 -1000.0000 
	 46.9290 	 1.991084e-02 	 143.3679 	  0.9654 	 1.006828e+21 	 7.210934e+18 	 3.168872e-07 	 5.329764e-08 	 -1000.0000 	 -1000.0000 	 -1000.0000 	 -1000.0000 
	 47.0320 	 1.964225e-02 	 143.5225 	  0.9678 	 9.921620e+20 	 7.117690e+18 	 3.365626e-07 	 5.565619e-08 	 -1000.0000 	 -1000.0000 	 -1000.0000 	 -1000.0000 
	 47.1160 	 1.942615e-02 	 143.6471 	  0.9689 	 9.803852e+20 	 7.037925e+18 	 3.538373e-07 	 5.768543e-08 	 -1000.0000 	 -1000.0000 	 -1000.0000 	 -1000.0000 
	 47.2190 	 1.916466e-02 	 143.7974 	  0.9693 	 9.661690e+20 	 6.935287e+18 	 3.765980e-07 	 6.030749e-08 	 -1000.0000 	 -1000.0000 	 -1000.0000 	 -1000.0000 
	 47.3040 	 1.895169e-02 	 143.9189 	  0.9686 	 9.546225e+20 	 6.846377e+18 	 3.967462e-07 	 6.258554e-08 	 -1000.0000 	 -1000.0000 	 -1000.0000 	 -1000.0000 
	 47.9420 	 1.742726e-02 	 144.6506 	  0.9446 	 8.734179e+20 	 6.117992e+18 	 5.704477e-07 	 8.118526e-08 	 -1000.0000 	 -1000.0000 	 -1000.0000 	 -1000.0000 
	 48.0210 	 1.724683e-02 	 144.7036 	  0.9409 	 8.640539e+20 	 6.030672e+18 	 5.918193e-07 	 8.337506e-08 	 -1000.0000 	 -1000.0000 	 -1000.0000 	 -1000.0000 
	 48.1290 	 1.700285e-02 	 144.7570 	  0.9363 	 8.515065e+20 	 5.916150e+18 	 6.199175e-07 	 8.621845e-08 	 -1000.0000 	 -1000.0000 	 -1000.0000 	 -1000.0000 
	 48.2080 	 1.682628e-02 	 144.7808 	  0.9332 	 8.425158e+20 	 5.836832e+18 	 6.394003e-07 	 8.816251e-08 	 -1000.0000 	 -1000.0000 	 -1000.0000 	 -1000.0000 
	 48.2940 	 1.663584e-02 	 144.7913 	  0.9304 	 8.329081e+20 	 5.755337e+18 	 6.593896e-07 	 9.013027e-08 	 -1000.0000 	 -1000.0000 	 -1000.0000 	 -1000.0000 
	 48.9310 	 1.528634e-02 	 144.5243 	  0.9182 	 7.667508e+20 	 5.257904e+18 	 7.687538e-07 	 1.006550e-07 	 -1000.0000 	 -1000.0000 	 -1000.0000 	 -1000.0000 
	 49.0420 	 1.506289e-02 	 144.4461 	  0.9162 	 7.559643e+20 	 5.179861e+18 	 7.811659e-07 	 1.019247e-07 	 -1000.0000 	 -1000.0000 	 -1000.0000 	 -1000.0000 
	 49.1180 	 1.491201e-02 	 144.3924 	  0.9147 	 7.486787e+20 	 5.126128e+18 	 7.885828e-07 	 1.027255e-07 	 -1000.0000 	 -1000.0000 	 -1000.0000 	 -1000.0000 
	 49.2040 	 1.474338e-02 	 144.3326 	  0.9128 	 7.405250e+20 	 5.064599e+18 	 7.959444e-07 	 1.035717e-07 	 -1000.0000 	 -1000.0000 	 -1000.0000 	 -1000.0000 
	 49.3050 	 1.454810e-02 	 144.2638 	  0.9101 	 7.310691e+20 	 4.991388e+18 	 8.032734e-07 	 1.044861e-07 	 -1000.0000 	 -1000.0000 	 -1000.0000 	 -1000.0000 
	 49.9520 	 1.336138e-02 	 143.8380 	  0.8844 	 6.734117e+20 	 4.507527e+18 	 8.236157e-07 	 1.083698e-07 	 -1000.0000 	 -1000.0000 	 -1000.0000 	 -1000.0000 
	 50.1080 	 1.308999e-02 	 143.7330 	  0.8761 	 6.602222e+20 	 4.389745e+18 	 8.236208e-07 	 1.088142e-07 	 -1000.0000 	 -1000.0000 	 -1000.0000 	 -1000.0000 
	 50.2950 	 1.277135e-02 	 143.5955 	  0.8656 	 6.447819e+20 	 4.251268e+18 	 8.219268e-07 	 1.091486e-07 	 -1000.0000 	 -1000.0000 	 -1000.0000 	 -1000.0000 
	 50.4810 	 1.246141e-02 	 143.4307 	  0.8558 	 6.298655e+20 	 4.120622e+18 	 8.184760e-07 	 1.093530e-07 	 -1000.0000 	 -1000.0000 	 -1000.0000 	 -1000.0000 
	 50.6680 	 1.215657e-02 	 143.2204 	  0.8476 	 6.153565e+20 	 4.000856e+18 	 8.133034e-07 	 1.095222e-07 	 -1000.0000 	 -1000.0000 	 -1000.0000 	 -1000.0000 
	 50.9410 	 1.172319e-02 	 142.7988 	  0.8412 	 5.951442e+20 	 3.856121e+18 	 8.028354e-07 	 1.098962e-07 	 -1000.0000 	 -1000.0000 	 -1000.0000 	 -1000.0000 
	 51.0180 	 1.160336e-02 	 142.6497 	  0.8409 	 5.896656e+20 	 3.823224e+18 	 7.992889e-07 	 1.100598e-07 	 -1000.0000 	 -1000.0000 	 -1000.0000 	 -1000.0000 
	 51.1280 	 1.143398e-02 	 142.4137 	  0.8416 	 5.820054e+20 	 3.781998e+18 	 7.938245e-07 	 1.103347e-07 	 -1000.0000 	 -1000.0000 	 -1000.0000 	 -1000.0000 
	 51.2050 	 1.131667e-02 	 142.2334 	  0.8428 	 5.767546e+20 	 3.756722e+18 	 7.897526e-07 	 1.105485e-07 	 -1000.0000 	 -1000.0000 	 -1000.0000 	 -1000.0000 
	 51.3140 	 1.115236e-02 	 141.9581 	  0.8453 	 5.694706e+20 	 3.725268e+18 	 7.836915e-07 	 1.108689e-07 	 -1000.0000 	 -1000.0000 	 -1000.0000 	 -1000.0000 
	 51.9230 	 1.027150e-02 	 140.0798 	  0.8665 	 5.315314e+20 	 3.601110e+18 	 7.463298e-07 	 1.123451e-07 	 -1000.0000 	 -1000.0000 	 -1000.0000 	 -1000.0000 
	 52.1090 	 1.001476e-02 	 139.4247 	  0.8717 	 5.207015e+20 	 3.564600e+18 	 7.348558e-07 	 1.124208e-07 	 -1000.0000 	 -1000.0000 	 -1000.0000 	 -1000.0000 
	 52.2950 	 9.763654e-03 	 138.7486 	  0.8744 	 5.101370e+20 	 3.520610e+18 	 7.239209e-07 	 1.121843e-07 	 -1000.0000 	 -1000.0000 	 -1000.0000 	 -1000.0000 
	 52.4810 	 9.518063e-03 	 138.0614 	  0.8738 	 4.997894e+20 	 3.466069e+18 	 7.138345e-07 	 1.116000e-07 	 -1000.0000 	 -1000.0000 	 -1000.0000 	 -1000.0000 
	 52.6660 	 9.279070e-03 	 137.3765 	  0.8710 	 4.896712e+20 	 3.404024e+18 	 7.048998e-07 	 1.107917e-07 	 -1000.0000 	 -1000.0000 	 -1000.0000 	 -1000.0000 
	 52.9410 	 8.933067e-03 	 136.3765 	  0.8654 	 4.748657e+20 	 3.305945e+18 	 6.941628e-07 	 1.094997e-07 	 -1000.0000 	 -1000.0000 	 -1000.0000 	 -1000.0000 
	 53.0190 	 8.836858e-03 	 136.1006 	  0.8640 	 4.707022e+20 	 3.278397e+18 	 6.917658e-07 	 1.091729e-07 	 -1000.0000 	 -1000.0000 	 -1000.0000 	 -1000.0000 
	 53.1260 	 8.706213e-03 	 135.7299 	  0.8625 	 4.650069e+20 	 3.241752e+18 	 6.890018e-07 	 1.087898e-07 	 -1000.0000 	 -1000.0000 	 -1000.0000 	 -1000.0000 
	 53.2050 	 8.610725e-03 	 135.4630 	  0.8618 	 4.608100e+20 	 3.215950e+18 	 6.873750e-07 	 1.085709e-07 	 -1000.0000 	 -1000.0000 	 -1000.0000 	 -1000.0000 
	 53.2980 	 8.499348e-03 	 135.1573 	  0.8616 	 4.558740e+20 	 3.187261e+18 	 6.859249e-07 	 1.083961e-07 	 -1000.0000 	 -1000.0000 	 -1000.0000 	 -1000.0000 
	 53.9430 	 7.757626e-03 	 133.3782 	  0.8700 	 4.216329e+20 	 3.011773e+18 	 6.856540e-07 	 1.091223e-07 	 -1000.0000 	 -1000.0000 	 -1000.0000 	 -1000.0000 
	 54.0390 	 7.651833e-03 	 133.1776 	  0.8714 	 4.165148e+20 	 2.984620e+18 	 6.864122e-07 	 1.094244e-07 	 -1000.0000 	 -1000.0000 	 -1000.0000 	 -1000.0000 
	 54.1280 	 7.554822e-03 	 133.0096 	  0.8725 	 4.117602e+20 	 2.958162e+18 	 6.871470e-07 	 1.097273e-07 	 -1000.0000 	 -1000.0000 	 -1000.0000 	 -1000.0000 
	 54.2130 	 7.463134e-03 	 132.8656 	  0.8732 	 4.072108e+20 	 2.931540e+18 	 6.878396e-07 	 1.100316e-07 	 -1000.0000 	 -1000.0000 	 -1000.0000 	 -1000.0000 
	 54.3140 	 7.355431e-03 	 132.7137 	  0.8737 	 4.018018e+20 	 2.898393e+18 	 6.886312e-07 	 1.104082e-07 	 -1000.0000 	 -1000.0000 	 -1000.0000 	 -1000.0000 
	 54.9560 	 6.704139e-03 	 132.0635 	  0.8736 	 3.680196e+20 	 2.671640e+18 	 6.917966e-07 	 1.129441e-07 	 -1000.0000 	 -1000.0000 	 -1000.0000 	 -1000.0000 
	 55.0480 	 6.615771e-03 	 131.9907 	  0.8738 	 3.633607e+20 	 2.640064e+18 	 6.918328e-07 	 1.132930e-07 	 -1000.0000 	 -1000.0000 	 -1000.0000 	 -1000.0000 
	 55.1280 	 6.539981e-03 	 131.9273 	  0.8741 	 3.593639e+20 	 2.613352e+18 	 6.917548e-07 	 1.135877e-07 	 -1000.0000 	 -1000.0000 	 -1000.0000 	 -1000.0000 
	 55.2340 	 6.441031e-03 	 131.8438 	  0.8747 	 3.541432e+20 	 2.578880e+18 	 6.915161e-07 	 1.139688e-07 	 -1000.0000 	 -1000.0000 	 -1000.0000 	 -1000.0000 
	 55.3130 	 6.368347e-03 	 131.7826 	  0.8752 	 3.503048e+20 	 2.553726e+18 	 6.912566e-07 	 1.142485e-07 	 -1000.0000 	 -1000.0000 	 -1000.0000 	 -1000.0000 
	 55.8690 	 5.880471e-03 	 131.4297 	  0.8772 	 3.243470e+20 	 2.379875e+18 	 6.887069e-07 	 1.163009e-07 	 -1000.0000 	 -1000.0000 	 -1000.0000 	 -1000.0000 
	 55.9620 	 5.802580e-03 	 131.3925 	  0.8766 	 3.201502e+20 	 2.349693e+18 	 6.883671e-07 	 1.166897e-07 	 -1000.0000 	 -1000.0000 	 -1000.0000 	 -1000.0000 
	 56.0480 	 5.731419e-03 	 131.3652 	  0.8758 	 3.162988e+20 	 2.321158e+18 	 6.881251e-07 	 1.170686e-07 	 -1000.0000 	 -1000.0000 	 -1000.0000 	 -1000.0000 
	 56.1460 	 5.651328e-03 	 131.3398 	  0.8745 	 3.119492e+20 	 2.288153e+18 	 6.879361e-07 	 1.175248e-07 	 -1000.0000 	 -1000.0000 	 -1000.0000 	 -1000.0000 
	 56.2330 	 5.581111e-03 	 131.3197 	  0.8732 	 3.081281e+20 	 2.258690e+18 	 6.878445e-07 	 1.179528e-07 	 -1000.0000 	 -1000.0000 	 -1000.0000 	 -1000.0000 
	 56.8820 	 5.082715e-03 	 130.9859 	  0.8673 	 2.813030e+20 	 2.059009e+18 	 6.893232e-07 	 1.219474e-07 	 -1000.0000 	 -1000.0000 	 -1000.0000 	 -1000.0000 
	 56.9720 	 5.017021e-03 	 130.8798 	  0.8682 	 2.778821e+20 	 2.037469e+18 	 6.898124e-07 	 1.226276e-07 	 -1000.0000 	 -1000.0000 	 -1000.0000 	 -1000.0000 
	 57.0660 	 4.949262e-03 	 130.7483 	  0.8699 	 2.743950e+20 	 2.016955e+18 	 6.903786e-07 	 1.233665e-07 	 -1000.0000 	 -1000.0000 	 -1000.0000 	 -1000.0000 
	 57.1570 	 4.884478e-03 	 130.6017 	  0.8719 	 2.710991e+20 	 1.998797e+18 	 6.909643e-07 	 1.241024e-07 	 -1000.0000 	 -1000.0000 	 -1000.0000 	 -1000.0000 
	 57.2510 	 4.818381e-03 	 130.4314 	  0.8744 	 2.677731e+20 	 1.981561e+18 	 6.915910e-07 	 1.248763e-07 	 -1000.0000 	 -1000.0000 	 -1000.0000 	 -1000.0000 
	 57.8920 	 4.388563e-03 	 128.8394 	  0.8933 	 2.469089e+20 	 1.886057e+18 	 6.950956e-07 	 1.299185e-07 	 -1000.0000 	 -1000.0000 	 -1000.0000 	 -1000.0000 
	 57.9860 	 4.328392e-03 	 128.5547 	  0.8951 	 2.440694e+20 	 1.872466e+18 	 6.952966e-07 	 1.305345e-07 	 -1000.0000 	 -1000.0000 	 -1000.0000 	 -1000.0000 
	 58.0770 	 4.270789e-03 	 128.2694 	  0.8963 	 2.413630e+20 	 1.858726e+18 	 6.953662e-07 	 1.310791e-07 	 -1000.0000 	 -1000.0000 	 -1000.0000 	 -1000.0000 
	 58.1710 	 4.211938e-03 	 127.9658 	  0.8969 	 2.386073e+20 	 1.843692e+18 	 6.952923e-07 	 1.315807e-07 	 -1000.0000 	 -1000.0000 	 -1000.0000 	 -1000.0000 
	 58.2620 	 4.155578e-03 	 127.6643 	  0.8967 	 2.359745e+20 	 1.828095e+18 	 6.950632e-07 	 1.320001e-07 	 -1000.0000 	 -1000.0000 	 -1000.0000 	 -1000.0000 
	 58.9060 	 3.773477e-03 	 125.4287 	  0.8859 	 2.180934e+20 	 1.703563e+18 	 6.893948e-07 	 1.332999e-07 	 -1000.0000 	 -1000.0000 	 -1000.0000 	 -1000.0000 
	 59.0010 	 3.719580e-03 	 125.1028 	  0.8860 	 2.155384e+20 	 1.687582e+18 	 6.881288e-07 	 1.333253e-07 	 -1000.0000 	 -1000.0000 	 -1000.0000 	 -1000.0000 
	 59.0910 	 3.669102e-03 	 124.7995 	  0.8872 	 2.131307e+20 	 1.674093e+18 	 6.868690e-07 	 1.333297e-07 	 -1000.0000 	 -1000.0000 	 -1000.0000 	 -1000.0000 
	 59.1850 	 3.616985e-03 	 124.4900 	  0.8899 	 2.106270e+20 	 1.662100e+18 	 6.855050e-07 	 1.333206e-07 	 -1000.0000 	 -1000.0000 	 -1000.0000 	 -1000.0000 
	 59.2770 	 3.566573e-03 	 124.1953 	  0.8942 	 2.081859e+20 	 1.652705e+18 	 6.841364e-07 	 1.333043e-07 	 -1000.0000 	 -1000.0000 	 -1000.0000 	 -1000.0000 
	 59.9210 	 3.230215e-03 	 122.2798 	  0.9572 	 1.915093e+20 	 1.634055e+18 	 6.747497e-07 	 1.332251e-07 	 -1000.0000 	 -1000.0000 	 -1000.0000 	 -1000.0000 
	 60.0140 	 3.184033e-03 	 122.0107 	  0.9690 	 1.891857e+20 	 1.635183e+18 	 6.735843e-07 	 1.332504e-07 	 -1000.0000 	 -1000.0000 	 -1000.0000 	 -1000.0000 
	 60.1050 	 3.139429e-03 	 121.7460 	  0.9807 	 1.869390e+20 	 1.636490e+18 	 6.725300e-07 	 1.332918e-07 	 -1000.0000 	 -1000.0000 	 -1000.0000 	 -1000.0000 
	 60.1970 	 3.094920e-03 	 121.4761 	  0.9926 	 1.846959e+20 	 1.637814e+18 	 6.715653e-07 	 1.333536e-07 	 -1000.0000 	 -1000.0000 	 -1000.0000 	 -1000.0000 
	 60.2890 	 3.050989e-03 	 121.2049 	  1.0046 	 1.824797e+20 	 1.639110e+18 	 6.707232e-07 	 1.334404e-07 	 -1000.0000 	 -1000.0000 	 -1000.0000 	 -1000.0000 
	 60.9340 	 2.758109e-03 	 119.3695 	  1.0959 	 1.675004e+20 	 1.648306e+18 	 6.701349e-07 	 1.352164e-07 	 -1000.0000 	 -1000.0000 	 -1000.0000 	 -1000.0000 
	 61.0250 	 2.718760e-03 	 119.1346 	  1.1106 	 1.654381e+20 	 1.649749e+18 	 6.710649e-07 	 1.356970e-07 	 -1000.0000 	 -1000.0000 	 -1000.0000 	 -1000.0000 
	 61.1220 	 2.677313e-03 	 118.8949 	  1.1268 	 1.632464e+20 	 1.651279e+18 	 6.723983e-07 	 1.362892e-07 	 -1000.0000 	 -1000.0000 	 -1000.0000 	 -1000.0000 
	 61.2090 	 2.640576e-03 	 118.6904 	  1.1415 	 1.612854e+20 	 1.652276e+18 	 6.738872e-07 	 1.368925e-07 	 -1000.0000 	 -1000.0000 	 -1000.0000 	 -1000.0000 
	 61.3050 	 2.600523e-03 	 118.4775 	  1.1575 	 1.591261e+20 	 1.652455e+18 	 6.758362e-07 	 1.376392e-07 	 -1000.0000 	 -1000.0000 	 -1000.0000 	 -1000.0000 
	 61.8560 	 2.380657e-03 	 117.5830 	  1.2151 	 1.467810e+20 	 1.607650e+18 	 6.924124e-07 	 1.436501e-07 	 -1000.0000 	 -1000.0000 	 -1000.0000 	 -1000.0000 
	 61.9490 	 2.345269e-03 	 117.4987 	  1.2145 	 1.446984e+20 	 1.587793e+18 	 6.959767e-07 	 1.449688e-07 	 -1000.0000 	 -1000.0000 	 -1000.0000 	 -1000.0000 
	 62.0460 	 2.308900e-03 	 117.4350 	  1.2095 	 1.425245e+20 	 1.562085e+18 	 6.998872e-07 	 1.464412e-07 	 -1000.0000 	 -1000.0000 	 -1000.0000 	 -1000.0000 
	 62.1320 	 2.277122e-03 	 117.4013 	  1.2019 	 1.405955e+20 	 1.535506e+18 	 7.035051e-07 	 1.478265e-07 	 -1000.0000 	 -1000.0000 	 -1000.0000 	 -1000.0000 
	 62.2290 	 2.241813e-03 	 117.3918 	  1.1905 	 1.384180e+20 	 1.502071e+18 	 7.077401e-07 	 1.494746e-07 	 -1000.0000 	 -1000.0000 	 -1000.0000 	 -1000.0000 
	 62.8720 	 2.022523e-03 	 118.3040 	  1.1061 	 1.239358e+20 	 1.252205e+18 	 7.386875e-07 	 1.623261e-07 	 -1000.0000 	 -1000.0000 	 -1000.0000 	 -1000.0000 
	 62.9660 	 1.992683e-03 	 118.6098 	  1.1020 	 1.218121e+20 	 1.220866e+18 	 7.434471e-07 	 1.644317e-07 	 -1000.0000 	 -1000.0000 	 -1000.0000 	 -1000.0000 
	 63.0550 	 1.964956e-03 	 118.9429 	  1.1013 	 1.198021e+20 	 1.193676e+18 	 7.479778e-07 	 1.664659e-07 	 -1000.0000 	 -1000.0000 	 -1000.0000 	 -1000.0000 
	 63.1490 	 1.936215e-03 	 119.3384 	  1.1033 	 1.176823e+20 	 1.167285e+18 	 7.527874e-07 	 1.686525e-07 	 -1000.0000 	 -1000.0000 	 -1000.0000 	 -1000.0000 
	 63.2380 	 1.909510e-03 	 119.7521 	  1.1074 	 1.156804e+20 	 1.144231e+18 	 7.573630e-07 	 1.707546e-07 	 -1000.0000 	 -1000.0000 	 -1000.0000 	 -1000.0000 
	 63.9850 	 1.703668e-03 	 124.4464 	  1.1664 	 9.937238e+19 	 9.891006e+17 	 7.964303e-07 	 1.890400e-07 	 -1000.0000 	 -1000.0000 	 -1000.0000 	 -1000.0000 
	 64.1680 	 1.657886e-03 	 125.8456 	  1.1700 	 9.560032e+19 	 9.508978e+17 	 8.061309e-07 	 1.935231e-07 	 -1000.0000 	 -1000.0000 	 -1000.0000 	 -1000.0000 
	 64.8010 	 1.512033e-03 	 131.0485 	  1.0672 	 8.364125e+19 	 7.688356e+17 	 8.398384e-07 	 2.082445e-07 	 -1000.0000 	 -1000.0000 	 -1000.0000 	 -1000.0000 
	 64.9840 	 1.473153e-03 	 132.5246 	  1.0016 	 8.058600e+19 	 7.003066e+17 	 8.494670e-07 	 2.121680e-07 	 -1000.0000 	 -1000.0000 	 -1000.0000 	 -1000.0000 
	 65.1660 	 1.435732e-03 	 133.8041 	  0.9430 	 7.778715e+19 	 6.392196e+17 	 8.586960e-07 	 2.159567e-07 	 -1000.0000 	 -1000.0000 	 -1000.0000 	 -1000.0000 
	 65.2710 	 1.414655e-03 	 134.4095 	  0.9193 	 7.629502e+19 	 6.115924e+17 	 8.637802e-07 	 2.181074e-07 	 -1000.0000 	 -1000.0000 	 -1000.0000 	 -1000.0000 
	 65.3480 	 1.399427e-03 	 134.7893 	  0.9072 	 7.525633e+19 	 5.951545e+17 	 8.673920e-07 	 2.196719e-07 	 -1000.0000 	 -1000.0000 	 -1000.0000 	 -1000.0000 
	 65.5310 	 1.363994e-03 	 135.5031 	  0.8929 	 7.295548e+19 	 5.668331e+17 	 8.756232e-07 	 2.233545e-07 	 -1000.0000 	 -1000.0000 	 -1000.0000 	 -1000.0000 
	 66.0010 	 1.277689e-03 	 136.4838 	  0.9074 	 6.785950e+19 	 5.345842e+17 	 8.950502e-07 	 2.326745e-07 	 -1000.0000 	 -1000.0000 	 -1000.0000 	 -1000.0000 
	 66.1960 	 1.243768e-03 	 136.7096 	  0.9145 	 6.595779e+19 	 5.242813e+17 	 9.026593e-07 	 2.365281e-07 	 -1000.0000 	 -1000.0000 	 -1000.0000 	 -1000.0000 
	 66.3780 	 1.213050e-03 	 136.8954 	  0.9151 	 6.424450e+19 	 5.116737e+17 	 9.095977e-07 	 2.401309e-07 	 -1000.0000 	 -1000.0000 	 -1000.0000 	 -1000.0000 
	 66.5590 	 1.183360e-03 	 137.0701 	  0.9114 	 6.259202e+19 	 4.970634e+17 	 9.162976e-07 	 2.437137e-07 	 -1000.0000 	 -1000.0000 	 -1000.0000 	 -1000.0000 
	 66.7410 	 1.154329e-03 	 137.2477 	  0.9052 	 6.097560e+19 	 4.812201e+17 	 9.227863e-07 	 2.473097e-07 	 -1000.0000 	 -1000.0000 	 -1000.0000 	 -1000.0000 
	 66.8380 	 1.139178e-03 	 137.3472 	  0.9013 	 6.013038e+19 	 4.726260e+17 	 9.261267e-07 	 2.492214e-07 	 -1000.0000 	 -1000.0000 	 -1000.0000 	 -1000.0000 
	 66.9230 	 1.126079e-03 	 137.4391 	  0.8980 	 5.939800e+19 	 4.651549e+17 	 9.289792e-07 	 2.508927e-07 	 -1000.0000 	 -1000.0000 	 -1000.0000 	 -1000.0000 
	 67.0190 	 1.111479e-03 	 137.5498 	  0.8944 	 5.857928e+19 	 4.569090e+17 	 9.321106e-07 	 2.527752e-07 	 -1000.0000 	 -1000.0000 	 -1000.0000 	 -1000.0000 
	 67.1210 	 1.096186e-03 	 137.6772 	  0.8911 	 5.771826e+19 	 4.484911e+17 	 9.353285e-07 	 2.547692e-07 	 -1000.0000 	 -1000.0000 	 -1000.0000 	 -1000.0000 
	 67.2010 	 1.084347e-03 	 137.7852 	  0.8889 	 5.704901e+19 	 4.421268e+17 	 9.377806e-07 	 2.563315e-07 	 -1000.0000 	 -1000.0000 	 -1000.0000 	 -1000.0000 
	 67.8510 	 9.930652e-04 	 139.0095 	  0.8693 	 5.178671e+19 	 3.938923e+17 	 9.564249e-07 	 2.693475e-07 	 -1000.0000 	 -1000.0000 	 -1000.0000 	 -1000.0000 
	 67.9490 	 9.800368e-04 	 139.2605 	  0.8646 	 5.101705e+19 	 3.864987e+17 	 9.592006e-07 	 2.714175e-07 	 -1000.0000 	 -1000.0000 	 -1000.0000 	 -1000.0000 
	 68.0510 	 9.666740e-04 	 139.5432 	  0.8587 	 5.022185e+19 	 3.786006e+17 	 9.621235e-07 	 2.736173e-07 	 -1000.0000 	 -1000.0000 	 -1000.0000 	 -1000.0000 
	 68.1310 	 9.563328e-04 	 139.7778 	  0.8536 	 4.960307e+19 	 3.722956e+17 	 9.644399e-07 	 2.753741e-07 	 -1000.0000 	 -1000.0000 	 -1000.0000 	 -1000.0000 
	 68.2320 	 9.434504e-04 	 140.0859 	  0.8466 	 4.882927e+19 	 3.642710e+17 	 9.673901e-07 	 2.776284e-07 	 -1000.0000 	 -1000.0000 	 -1000.0000 	 -1000.0000 
	 68.8790 	 8.653929e-04 	 142.0425 	  0.8078 	 4.416721e+19 	 3.169099e+17 	 9.866161e-07 	 2.927974e-07 	 -1000.0000 	 -1000.0000 	 -1000.0000 	 -1000.0000 
	 68.9810 	 8.537714e-04 	 142.2952 	  0.8053 	 4.349443e+19 	 3.109958e+17 	 9.896423e-07 	 2.952658e-07 	 -1000.0000 	 -1000.0000 	 -1000.0000 	 -1000.0000 
	 69.0610 	 8.447817e-04 	 142.4757 	  0.8044 	 4.298036e+19 	 3.067440e+17 	 9.920067e-07 	 2.972102e-07 	 -1000.0000 	 -1000.0000 	 -1000.0000 	 -1000.0000 
	 69.1620 	 8.335856e-04 	 142.6816 	  0.8042 	 4.234789e+19 	 3.018146e+17 	 9.949792e-07 	 2.996738e-07 	 -1000.0000 	 -1000.0000 	 -1000.0000 	 -1000.0000 
	 69.2430 	 8.247275e-04 	 142.8291 	  0.8048 	 4.185360e+19 	 2.981797e+17 	 9.973523e-07 	 3.016553e-07 	 -1000.0000 	 -1000.0000 	 -1000.0000 	 -1000.0000 
	 69.9110 	 7.554706e-04 	 143.4557 	  0.8197 	 3.817298e+19 	 2.751401e+17 	 1.016469e-06 	 3.180476e-07 	 -1000.0000 	 -1000.0000 	 -1000.0000 	 -1000.0000 
	 69.9910 	 7.475943e-04 	 143.4615 	  0.8211 	 3.777444e+19 	 2.727591e+17 	 1.018694e-06 	 3.199998e-07 	 -1000.0000 	 -1000.0000 	 -1000.0000 	 -1000.0000 
	 70.0920 	 7.377668e-04 	 143.4479 	  0.8222 	 3.728260e+19 	 2.697273e+17 	 1.021480e-06 	 3.224558e-07 	 -1000.0000 	 -1000.0000 	 -1000.0000 	 -1000.0000 
	 70.1730 	 7.299764e-04 	 143.4204 	  0.8225 	 3.689688e+19 	 2.672400e+17 	 1.023696e-06 	 3.244172e-07 	 -1000.0000 	 -1000.0000 	 -1000.0000 	 -1000.0000 
	 70.2730 	 7.204667e-04 	 143.3660 	  0.8218 	 3.643089e+19 	 2.640542e+17 	 1.026407e-06 	 3.268267e-07 	 -1000.0000 	 -1000.0000 	 -1000.0000 	 -1000.0000 
	 70.8450 	 6.682659e-04 	 142.6567 	  0.8023 	 3.395965e+19 	 2.439082e+17 	 1.041387e-06 	 3.403891e-07 	 -1000.0000 	 -1000.0000 	 -1000.0000 	 -1000.0000 
	 70.9170 	 6.619557e-04 	 142.5254 	  0.7994 	 3.366989e+19 	 2.414287e+17 	 1.043213e-06 	 3.420832e-07 	 -1000.0000 	 -1000.0000 	 -1000.0000 	 -1000.0000 
	 71.0260 	 6.525121e-04 	 142.3112 	  0.7955 	 3.323937e+19 	 2.378307e+17 	 1.045954e-06 	 3.446485e-07 	 -1000.0000 	 -1000.0000 	 -1000.0000 	 -1000.0000 
	 71.0980 	 6.463459e-04 	 142.1603 	  0.7934 	 3.296018e+19 	 2.355861e+17 	 1.047749e-06 	 3.463447e-07 	 -1000.0000 	 -1000.0000 	 -1000.0000 	 -1000.0000 
	 71.2060 	 6.372034e-04 	 141.9206 	  0.7913 	 3.254879e+19 	 2.324659e+17 	 1.050419e-06 	 3.488939e-07 	 -1000.0000 	 -1000.0000 	 -1000.0000 	 -1000.0000 
	 71.8470 	 5.854035e-04 	 140.2495 	  0.8019 	 3.025966e+19 	 2.197467e+17 	 1.065723e-06 	 3.642178e-07 	 -1000.0000 	 -1000.0000 	 -1000.0000 	 -1000.0000 
	 71.9560 	 5.769722e-04 	 139.9372 	  0.8061 	 2.989041e+19 	 2.181647e+17 	 1.068230e-06 	 3.668610e-07 	 -1000.0000 	 -1000.0000 	 -1000.0000 	 -1000.0000 
	 72.0280 	 5.714564e-04 	 139.7286 	  0.8089 	 2.964877e+19 	 2.171466e+17 	 1.069871e-06 	 3.686135e-07 	 -1000.0000 	 -1000.0000 	 -1000.0000 	 -1000.0000 
	 72.1360 	 5.632592e-04 	 139.4134 	  0.8133 	 2.928922e+19 	 2.156247e+17 	 1.072308e-06 	 3.712524e-07 	 -1000.0000 	 -1000.0000 	 -1000.0000 	 -1000.0000 
	 72.2350 	 5.558228e-04 	 139.1234 	  0.8171 	 2.896223e+19 	 2.142039e+17 	 1.074517e-06 	 3.736824e-07 	 -1000.0000 	 -1000.0000 	 -1000.0000 	 -1000.0000 
	 72.8860 	 5.088839e-04 	 137.4145 	  0.8371 	 2.684466e+19 	 2.035505e+17 	 1.088264e-06 	 3.899638e-07 	 -1000.0000 	 -1000.0000 	 -1000.0000 	 -1000.0000 
	 72.9580 	 5.039161e-04 	 137.2705 	  0.8385 	 2.661104e+19 	 2.021790e+17 	 1.089683e-06 	 3.918011e-07 	 -1000.0000 	 -1000.0000 	 -1000.0000 	 -1000.0000 
	 73.0660 	 4.965536e-04 	 137.0802 	  0.8402 	 2.625974e+19 	 2.000292e+17 	 1.091764e-06 	 3.945722e-07 	 -1000.0000 	 -1000.0000 	 -1000.0000 	 -1000.0000 
	 73.1700 	 4.895663e-04 	 136.9286 	  0.8415 	 2.592021e+19 	 1.978523e+17 	 1.093715e-06 	 3.972587e-07 	 -1000.0000 	 -1000.0000 	 -1000.0000 	 -1000.0000 
	 73.2470 	 4.844572e-04 	 136.8336 	  0.8422 	 2.566850e+19 	 1.961918e+17 	 1.095126e-06 	 3.992597e-07 	 -1000.0000 	 -1000.0000 	 -1000.0000 	 -1000.0000 
	 73.8200 	 4.480568e-04 	 136.2768 	  0.8526 	 2.383753e+19 	 1.844598e+17 	 1.104811e-06 	 4.145137e-07 	 -1000.0000 	 -1000.0000 	 -1000.0000 	 -1000.0000 
	 73.8900 	 4.437944e-04 	 136.1909 	  0.8555 	 2.362482e+19 	 1.833245e+17 	 1.105906e-06 	 4.164263e-07 	 -1000.0000 	 -1000.0000 	 -1000.0000 	 -1000.0000 
	 74.0000 	 4.371722e-04 	 136.0315 	  0.8614 	 2.329808e+19 	 1.817738e+17 	 1.107593e-06 	 4.194557e-07 	 -1000.0000 	 -1000.0000 	 -1000.0000 	 -1000.0000 
	 74.1050 	 4.309355e-04 	 135.8453 	  0.8686 	 2.299573e+19 	 1.805929e+17 	 1.109165e-06 	 4.223752e-07 	 -1000.0000 	 -1000.0000 	 -1000.0000 	 -1000.0000 
	 74.1800 	 4.265298e-04 	 135.6917 	  0.8746 	 2.278544e+19 	 1.799129e+17 	 1.110265e-06 	 4.244759e-07 	 -1000.0000 	 -1000.0000 	 -1000.0000 	 -1000.0000 
	 74.8220 	 3.903662e-04 	 133.8056 	  0.9329 	 2.114503e+19 	 1.765479e+17 	 1.118599e-06 	 4.427858e-07 	 -1000.0000 	 -1000.0000 	 -1000.0000 	 -1000.0000 
	 74.9300 	 3.845328e-04 	 133.4108 	  0.9403 	 2.089129e+19 	 1.758633e+17 	 1.119768e-06 	 4.458891e-07 	 -1000.0000 	 -1000.0000 	 -1000.0000 	 -1000.0000 
	 75.1100 	 3.749547e-04 	 132.7198 	  0.9482 	 2.047834e+19 	 1.742491e+17 	 1.121534e-06 	 4.510509e-07 	 -1000.0000 	 -1000.0000 	 -1000.0000 	 -1000.0000 
	 75.5050 	 3.545162e-04 	 131.1119 	  0.9383 	 1.960221e+19 	 1.673851e+17 	 1.124510e-06 	 4.622564e-07 	 -1000.0000 	 -1000.0000 	 -1000.0000 	 -1000.0000 
	 75.6840 	 3.455100e-04 	 130.3583 	  0.9226 	 1.921490e+19 	 1.628675e+17 	 1.125397e-06 	 4.673225e-07 	 -1000.0000 	 -1000.0000 	 -1000.0000 	 -1000.0000 
	 75.8640 	 3.366416e-04 	 129.5785 	  0.9093 	 1.883385e+19 	 1.586884e+17 	 1.125957e-06 	 4.725713e-07 	 -1000.0000 	 -1000.0000 	 -1000.0000 	 -1000.0000 
	 75.9650 	 3.317568e-04 	 129.1293 	  0.9058 	 1.862457e+19 	 1.568941e+17 	 1.126115e-06 	 4.756336e-07 	 -1000.0000 	 -1000.0000 	 -1000.0000 	 -1000.0000 
	 76.0430 	 3.280301e-04 	 128.7793 	  0.9054 	 1.846492e+19 	 1.558071e+17 	 1.126156e-06 	 4.780589e-07 	 -1000.0000 	 -1000.0000 	 -1000.0000 	 -1000.0000 
	 76.1440 	 3.232628e-04 	 128.3272 	  0.9074 	 1.826005e+19 	 1.547302e+17 	 1.126103e-06 	 4.812693e-07 	 -1000.0000 	 -1000.0000 	 -1000.0000 	 -1000.0000 
	 76.2220 	 3.196254e-04 	 127.9826 	  0.9107 	 1.810281e+19 	 1.541140e+17 	 1.125976e-06 	 4.837967e-07 	 -1000.0000 	 -1000.0000 	 -1000.0000 	 -1000.0000 
	 76.9050 	 2.893313e-04 	 125.5824 	  0.9748 	 1.670297e+19 	 1.517673e+17 	 1.121467e-06 	 5.069871e-07 	 -1000.0000 	 -1000.0000 	 -1000.0000 	 -1000.0000 
	 76.9730 	 2.864602e-04 	 125.4421 	  0.9819 	 1.655640e+19 	 1.513982e+17 	 1.120664e-06 	 5.093358e-07 	 -1000.0000 	 -1000.0000 	 -1000.0000 	 -1000.0000 
	 77.0840 	 2.818281e-04 	 125.2554 	  0.9932 	 1.631407e+19 	 1.506569e+17 	 1.119222e-06 	 5.131725e-07 	 -1000.0000 	 -1000.0000 	 -1000.0000 	 -1000.0000 
	 77.1520 	 2.790239e-04 	 125.1653 	  0.9999 	 1.616396e+19 	 1.501190e+17 	 1.118260e-06 	 5.155247e-07 	 -1000.0000 	 -1000.0000 	 -1000.0000 	 -1000.0000 
	 77.2640 	 2.744602e-04 	 125.0544 	  1.0103 	 1.591450e+19 	 1.490969e+17 	 1.116552e-06 	 5.194020e-07 	 -1000.0000 	 -1000.0000 	 -1000.0000 	 -1000.0000 
	 77.8390 	 2.521061e-04 	 125.0743 	  1.0495 	 1.461533e+19 	 1.413021e+17 	 1.105676e-06 	 5.393841e-07 	 -1000.0000 	 -1000.0000 	 -1000.0000 	 -1000.0000 
	 77.9060 	 2.496178e-04 	 125.1249 	  1.0521 	 1.446469e+19 	 1.401300e+17 	 1.104213e-06 	 5.417222e-07 	 -1000.0000 	 -1000.0000 	 -1000.0000 	 -1000.0000 
	 78.0180 	 2.455123e-04 	 125.2248 	  1.0552 	 1.421449e+19 	 1.380538e+17 	 1.101692e-06 	 5.456357e-07 	 -1000.0000 	 -1000.0000 	 -1000.0000 	 -1000.0000 
	 78.0850 	 2.430885e-04 	 125.2921 	  1.0563 	 1.406603e+19 	 1.367432e+17 	 1.100141e-06 	 5.479801e-07 	 -1000.0000 	 -1000.0000 	 -1000.0000 	 -1000.0000 
	 78.1970 	 2.390905e-04 	 125.4146 	  1.0569 	 1.382040e+19 	 1.344401e+17 	 1.097485e-06 	 5.519047e-07 	 -1000.0000 	 -1000.0000 	 -1000.0000 	 -1000.0000 
	 78.8460 	 2.172149e-04 	 126.1940 	  1.0364 	 1.247829e+19 	 1.195234e+17 	 1.080375e-06 	 5.746371e-07 	 -1000.0000 	 -1000.0000 	 -1000.0000 	 -1000.0000 
	 78.9520 	 2.138431e-04 	 126.3054 	  1.0322 	 1.227381e+19 	 1.171418e+17 	 1.077222e-06 	 5.783060e-07 	 -1000.0000 	 -1000.0000 	 -1000.0000 	 -1000.0000 
	 79.0250 	 2.115524e-04 	 126.3753 	  1.0295 	 1.213562e+19 	 1.155603e+17 	 1.074979e-06 	 5.808187e-07 	 -1000.0000 	 -1000.0000 	 -1000.0000 	 -1000.0000 
	 79.1310 	 2.082713e-04 	 126.4649 	  1.0264 	 1.193889e+19 	 1.133740e+17 	 1.071612e-06 	 5.844435e-07 	 -1000.0000 	 -1000.0000 	 -1000.0000 	 -1000.0000 
	 79.2440 	 2.048316e-04 	 126.5425 	  1.0243 	 1.173439e+19 	 1.112150e+17 	 1.067870e-06 	 5.882727e-07 	 -1000.0000 	 -1000.0000 	 -1000.0000 	 -1000.0000 
	 79.8920 	 1.862282e-04 	 126.7110 	  1.0294 	 1.065434e+19 	 1.014702e+17 	 1.043946e-06 	 6.095854e-07 	 -1000.0000 	 -1000.0000 	 -1000.0000 	 -1000.0000 
	 79.9570 	 1.844648e-04 	 126.7118 	  1.0307 	 1.055345e+19 	 1.006406e+17 	 1.041374e-06 	 6.116708e-07 	 -1000.0000 	 -1000.0000 	 -1000.0000 	 -1000.0000 
	 80.0710 	 1.814161e-04 	 126.7105 	  1.0329 	 1.037925e+19 	 9.920679e+16 	 1.036816e-06 	 6.153086e-07 	 -1000.0000 	 -1000.0000 	 -1000.0000 	 -1000.0000 
	 80.1840 	 1.784489e-04 	 126.7077 	  1.0350 	 1.020978e+19 	 9.779487e+16 	 1.032246e-06 	 6.188908e-07 	 -1000.0000 	 -1000.0000 	 -1000.0000 	 -1000.0000 
	 80.2490 	 1.767660e-04 	 126.7056 	  1.0361 	 1.011367e+19 	 9.698554e+16 	 1.029588e-06 	 6.209392e-07 	 -1000.0000 	 -1000.0000 	 -1000.0000 	 -1000.0000 
	 80.8220 	 1.626154e-04 	 126.6825 	  1.0474 	 9.305589e+18 	 9.014213e+16 	 1.004395e-06 	 6.383958e-07 	 -1000.0000 	 -1000.0000 	 -1000.0000 	 -1000.0000 
	 80.8970 	 1.608451e-04 	 126.6796 	  1.0495 	 9.204505e+18 	 8.931066e+16 	 1.000756e-06 	 6.405736e-07 	 -1000.0000 	 -1000.0000 	 -1000.0000 	 -1000.0000 
	 81.0010 	 1.584177e-04 	 126.6759 	  1.0529 	 9.065919e+18 	 8.819263e+16 	 9.955346e-07 	 6.435414e-07 	 -1000.0000 	 -1000.0000 	 -1000.0000 	 -1000.0000 
	 81.1190 	 1.557007e-04 	 126.6724 	  1.0574 	 8.910806e+18 	 8.697761e+16 	 9.893464e-07 	 6.468306e-07 	 -1000.0000 	 -1000.0000 	 -1000.0000 	 -1000.0000 
	 81.1790 	 1.543343e-04 	 126.6706 	  1.0599 	 8.832813e+18 	 8.638002e+16 	 9.860982e-07 	 6.484726e-07 	 -1000.0000 	 -1000.0000 	 -1000.0000 	 -1000.0000 
	 81.8290 	 1.402337e-04 	 126.5913 	  1.0883 	 8.031000e+18 	 8.031396e+16 	 9.483465e-07 	 6.653608e-07 	 -1000.0000 	 -1000.0000 	 -1000.0000 	 -1000.0000 
	 81.9340 	 1.380852e-04 	 126.5584 	  1.0914 	 7.909752e+18 	 7.932525e+16 	 9.421173e-07 	 6.680052e-07 	 -1000.0000 	 -1000.0000 	 -1000.0000 	 -1000.0000 
	 82.0490 	 1.357761e-04 	 126.5133 	  1.0938 	 7.779847e+18 	 7.821386e+16 	 9.353547e-07 	 6.708979e-07 	 -1000.0000 	 -1000.0000 	 -1000.0000 	 -1000.0000 
	 82.1120 	 1.345303e-04 	 126.4863 	  1.0947 	 7.709865e+18 	 7.759200e+16 	 9.316797e-07 	 6.724819e-07 	 -1000.0000 	 -1000.0000 	 -1000.0000 	 -1000.0000 
	 82.2260 	 1.323095e-04 	 126.4384 	  1.0958 	 7.585047e+18 	 7.644585e+16 	 9.250782e-07 	 6.753461e-07 	 -1000.0000 	 -1000.0000 	 -1000.0000 	 -1000.0000 
	 82.8780 	 1.203550e-04 	 126.5561 	  1.0951 	 6.894105e+18 	 6.955497e+16 	 8.881628e-07 	 6.916097e-07 	 -1000.0000 	 -1000.0000 	 -1000.0000 	 -1000.0000 
	 82.9890 	 1.184323e-04 	 126.7068 	  1.0954 	 6.776487e+18 	 6.835785e+16 	 8.819571e-07 	 6.943474e-07 	 -1000.0000 	 -1000.0000 	 -1000.0000 	 -1000.0000 
	 83.0550 	 1.173032e-04 	 126.8184 	  1.0959 	 6.706313e+18 	 6.764866e+16 	 8.782733e-07 	 6.959704e-07 	 -1000.0000 	 -1000.0000 	 -1000.0000 	 -1000.0000 
	 83.1660 	 1.154282e-04 	 127.0373 	  1.0972 	 6.588213e+18 	 6.646659e+16 	 8.720912e-07 	 6.986935e-07 	 -1000.0000 	 -1000.0000 	 -1000.0000 	 -1000.0000 
	 83.2320 	 1.143277e-04 	 127.1833 	  1.0983 	 6.518105e+18 	 6.577323e+16 	 8.684249e-07 	 7.003094e-07 	 -1000.0000 	 -1000.0000 	 -1000.0000 	 -1000.0000 
	 83.8180 	 1.050338e-04 	 128.7103 	  1.1228 	 5.915953e+18 	 6.025126e+16 	 8.363508e-07 	 7.146298e-07 	 -1000.0000 	 -1000.0000 	 -1000.0000 	 -1000.0000 
	 83.9240 	 1.034457e-04 	 128.9768 	  1.1308 	 5.814048e+18 	 5.943415e+16 	 8.306723e-07 	 7.172296e-07 	 -1000.0000 	 -1000.0000 	 -1000.0000 	 -1000.0000 
	 83.9950 	 1.023979e-04 	 129.1469 	  1.1367 	 5.747348e+18 	 5.892164e+16 	 8.268955e-07 	 7.189763e-07 	 -1000.0000 	 -1000.0000 	 -1000.0000 	 -1000.0000 
	 84.1010 	 1.008568e-04 	 129.3882 	  1.1462 	 5.650031e+18 	 5.820111e+16 	 8.213001e-07 	 7.215951e-07 	 -1000.0000 	 -1000.0000 	 -1000.0000 	 -1000.0000 
	 84.1720 	 9.983994e-05 	 129.5413 	  1.1529 	 5.586327e+18 	 5.774406e+16 	 8.175832e-07 	 7.233588e-07 	 -1000.0000 	 -1000.0000 	 -1000.0000 	 -1000.0000 
	 84.8680 	 9.048413e-05 	 130.6715 	  1.2125 	 5.019402e+18 	 5.370518e+16 	 7.827485e-07 	 7.413580e-07 	 -1000.0000 	 -1000.0000 	 -1000.0000 	 -1000.0000 
	 84.9280 	 8.972652e-05 	 130.7367 	  1.2156 	 4.974990e+18 	 5.334259e+16 	 7.799050e-07 	 7.429945e-07 	 -1000.0000 	 -1000.0000 	 -1000.0000 	 -1000.0000 
	 85.0450 	 8.827001e-05 	 130.8489 	  1.2200 	 4.890215e+18 	 5.260394e+16 	 7.744442e-07 	 7.462361e-07 	 -1000.0000 	 -1000.0000 	 -1000.0000 	 -1000.0000 
	 85.1040 	 8.754577e-05 	 130.8979 	  1.2213 	 4.848354e+18 	 5.221222e+16 	 7.717342e-07 	 7.478976e-07 	 -1000.0000 	 -1000.0000 	 -1000.0000 	 -1000.0000 
	 85.2210 	 8.612936e-05 	 130.9798 	  1.2218 	 4.767037e+18 	 5.138893e+16 	 7.664505e-07 	 7.512499e-07 	 -1000.0000 	 -1000.0000 	 -1000.0000 	 -1000.0000 
	 85.8080 	 7.938667e-05 	 131.1591 	  1.1882 	 4.387735e+18 	 4.645686e+16 	 7.417460e-07 	 7.692896e-07 	 -1000.0000 	 -1000.0000 	 -1000.0000 	 -1000.0000 
	 85.8680 	 7.872793e-05 	 131.1677 	  1.1833 	 4.351039e+18 	 4.592862e+16 	 7.393753e-07 	 7.712455e-07 	 -1000.0000 	 -1000.0000 	 -1000.0000 	 -1000.0000 
	 85.9850 	 7.745762e-05 	 131.1863 	  1.1740 	 4.280253e+18 	 4.491550e+16 	 7.348260e-07 	 7.751175e-07 	 -1000.0000 	 -1000.0000 	 -1000.0000 	 -1000.0000 
	 86.0440 	 7.682388e-05 	 131.1976 	  1.1696 	 4.244891e+18 	 4.441774e+16 	 7.325674e-07 	 7.770986e-07 	 -1000.0000 	 -1000.0000 	 -1000.0000 	 -1000.0000 
	 86.1610 	 7.557991e-05 	 131.2262 	  1.1620 	 4.175298e+18 	 4.346806e+16 	 7.281553e-07 	 7.810835e-07 	 -1000.0000 	 -1000.0000 	 -1000.0000 	 -1000.0000 
	 86.8080 	 6.900697e-05 	 131.5668 	  1.1481 	 3.802381e+18 	 3.921769e+16 	 7.051107e-07 	 8.042876e-07 	 -1000.0000 	 -1000.0000 	 -1000.0000 	 -1000.0000 
	 86.9250 	 6.787999e-05 	 131.6486 	  1.1483 	 3.737927e+18 	 3.856584e+16 	 7.011361e-07 	 8.086445e-07 	 -1000.0000 	 -1000.0000 	 -1000.0000 	 -1000.0000 
	 86.9840 	 6.731960e-05 	 131.6906 	  1.1484 	 3.705871e+18 	 3.824278e+16 	 6.991486e-07 	 8.108547e-07 	 -1000.0000 	 -1000.0000 	 -1000.0000 	 -1000.0000 
	 87.1010 	 6.622454e-05 	 131.7743 	  1.1484 	 3.643261e+18 	 3.760775e+16 	 6.952363e-07 	 8.152592e-07 	 -1000.0000 	 -1000.0000 	 -1000.0000 	 -1000.0000 
	 87.2180 	 6.515161e-05 	 131.8569 	  1.1479 	 3.582012e+18 	 3.697375e+16 	 6.913580e-07 	 8.196883e-07 	 -1000.0000 	 -1000.0000 	 -1000.0000 	 -1000.0000 
	 87.8590 	 5.962360e-05 	 132.1414 	  1.1421 	 3.271126e+18 	 3.366643e+16 	 6.707633e-07 	 8.444977e-07 	 -1000.0000 	 -1000.0000 	 -1000.0000 	 -1000.0000 
	 87.9240 	 5.909130e-05 	 132.1403 	  1.1420 	 3.241923e+18 	 3.336690e+16 	 6.687453e-07 	 8.470798e-07 	 -1000.0000 	 -1000.0000 	 -1000.0000 	 -1000.0000 
	 88.0350 	 5.819228e-05 	 132.1198 	  1.1424 	 3.193037e+18 	 3.287919e+16 	 6.653329e-07 	 8.515237e-07 	 -1000.0000 	 -1000.0000 	 -1000.0000 	 -1000.0000 
	 88.1580 	 5.720979e-05 	 132.0667 	  1.1437 	 3.140309e+18 	 3.237751e+16 	 6.616027e-07 	 8.565017e-07 	 -1000.0000 	 -1000.0000 	 -1000.0000 	 -1000.0000 
	 88.2110 	 5.679079e-05 	 132.0343 	  1.1446 	 3.118042e+18 	 3.217325e+16 	 6.600115e-07 	 8.586638e-07 	 -1000.0000 	 -1000.0000 	 -1000.0000 	 -1000.0000 
	 88.7990 	 5.232440e-05 	 131.3927 	  1.1567 	 2.886809e+18 	 3.017039e+16 	 6.428806e-07 	 8.832026e-07 	 -1000.0000 	 -1000.0000 	 -1000.0000 	 -1000.0000 
	 88.8590 	 5.188805e-05 	 131.3084 	  1.1574 	 2.864607e+18 	 2.997245e+16 	 6.411743e-07 	 8.857506e-07 	 -1000.0000 	 -1000.0000 	 -1000.0000 	 -1000.0000 
	 88.9750 	 5.105500e-05 	 131.1411 	  1.1579 	 2.822277e+18 	 2.958127e+16 	 6.378904e-07 	 8.906924e-07 	 -1000.0000 	 -1000.0000 	 -1000.0000 	 -1000.0000 
	 89.0980 	 5.018700e-05 	 130.9607 	  1.1571 	 2.778180e+18 	 2.914836e+16 	 6.344285e-07 	 8.959547e-07 	 -1000.0000 	 -1000.0000 	 -1000.0000 	 -1000.0000 
	 89.1510 	 4.981777e-05 	 130.8822 	  1.1564 	 2.759417e+18 	 2.895581e+16 	 6.329476e-07 	 8.982370e-07 	 -1000.0000 	 -1000.0000 	 -1000.0000 	 -1000.0000 
	 89.7990 	 4.551196e-05 	 129.8210 	  1.1304 	 2.541508e+18 	 2.644655e+16 	 6.165372e-07 	 9.287902e-07 	 -1000.0000 	 -1000.0000 	 -1000.0000 	 -1000.0000 
	 89.9180 	 4.475824e-05 	 129.5935 	  1.1233 	 2.503769e+18 	 2.598222e+16 	 6.140976e-07 	 9.353193e-07 	 -1000.0000 	 -1000.0000 	 -1000.0000 	 -1000.0000 
	 90.0380 	 4.400822e-05 	 129.3500 	  1.1157 	 2.466417e+18 	 2.552233e+16 	 6.118930e-07 	 9.423169e-07 	 -1000.0000 	 -1000.0000 	 -1000.0000 	 -1000.0000 
	 90.0940 	 4.366163e-05 	 129.2318 	  1.1121 	 2.449219e+18 	 2.531181e+16 	 6.109503e-07 	 9.457237e-07 	 -1000.0000 	 -1000.0000 	 -1000.0000 	 -1000.0000 
	 90.2130 	 4.293248e-05 	 128.9725 	  1.1048 	 2.413144e+18 	 2.487585e+16 	 6.091100e-07 	 9.532376e-07 	 -1000.0000 	 -1000.0000 	 -1000.0000 	 -1000.0000 
	 90.8580 	 3.916452e-05 	 127.4893 	  1.0899 	 2.227013e+18 	 2.296593e+16 	 6.017520e-07 	 9.988747e-07 	 -1000.0000 	 -1000.0000 	 -1000.0000 	 -1000.0000 
	 90.9780 	 3.849977e-05 	 127.2211 	  1.0955 	 2.193796e+18 	 2.273062e+16 	 6.006233e-07 	 1.007964e-06 	 -1000.0000 	 -1000.0000 	 -1000.0000 	 -1000.0000 
	 91.0340 	 3.819353e-05 	 127.0990 	  1.0992 	 2.178412e+18 	 2.263426e+16 	 6.001036e-07 	 1.012247e-06 	 -1000.0000 	 -1000.0000 	 -1000.0000 	 -1000.0000 
	 91.1530 	 3.755097e-05 	 126.8482 	  1.1087 	 2.145935e+18 	 2.245077e+16 	 5.990149e-07 	 1.021438e-06 	 -1000.0000 	 -1000.0000 	 -1000.0000 	 -1000.0000 
	 91.2090 	 3.725236e-05 	 126.7349 	  1.1137 	 2.130743e+18 	 2.237179e+16 	 5.985102e-07 	 1.025806e-06 	 -1000.0000 	 -1000.0000 	 -1000.0000 	 -1000.0000 
	 91.8020 	 3.422840e-05 	 125.8138 	  1.1625 	 1.971976e+18 	 2.147941e+16 	 5.935076e-07 	 1.073885e-06 	 -1000.0000 	 -1000.0000 	 -1000.0000 	 -1000.0000 
	 91.9760 	 3.338515e-05 	 125.6748 	  1.1655 	 1.925584e+18 	 2.106976e+16 	 5.921731e-07 	 1.088676e-06 	 -1000.0000 	 -1000.0000 	 -1000.0000 	 -1000.0000 
	 92.1510 	 3.255520e-05 	 125.6133 	  1.1582 	 1.878733e+18 	 2.052286e+16 	 5.908999e-07 	 1.103892e-06 	 -1000.0000 	 -1000.0000 	 -1000.0000 	 -1000.0000 
	 92.3920 	 3.144006e-05 	 125.6742 	  1.1262 	 1.813630e+18 	 1.948330e+16 	 5.892662e-07 	 1.125429e-06 	 -1000.0000 	 -1000.0000 	 -1000.0000 	 -1000.0000 
	 92.5670 	 3.065096e-05 	 125.8067 	  1.0914 	 1.766273e+18 	 1.857350e+16 	 5.881397e-07 	 1.141435e-06 	 -1000.0000 	 -1000.0000 	 -1000.0000 	 -1000.0000 
	 92.8570 	 2.938896e-05 	 126.0484 	  1.0485 	 1.690206e+18 	 1.723335e+16 	 5.862161e-07 	 1.168280e-06 	 -1000.0000 	 -1000.0000 	 -1000.0000 	 -1000.0000 
	 92.9160 	 2.913981e-05 	 126.0874 	  1.0453 	 1.675337e+18 	 1.702770e+16 	 5.858030e-07 	 1.173764e-06 	 -1000.0000 	 -1000.0000 	 -1000.0000 	 -1000.0000 
	 93.0310 	 2.866140e-05 	 126.1507 	  1.0442 	 1.646966e+18 	 1.669133e+16 	 5.849840e-07 	 1.184498e-06 	 -1000.0000 	 -1000.0000 	 -1000.0000 	 -1000.0000 
	 93.0910 	 2.841547e-05 	 126.1771 	  1.0461 	 1.632475e+18 	 1.654671e+16 	 5.845528e-07 	 1.190131e-06 	 -1000.0000 	 -1000.0000 	 -1000.0000 	 -1000.0000 
	 93.2050 	 2.795492e-05 	 126.2148 	  1.0537 	 1.605511e+18 	 1.632341e+16 	 5.837342e-07 	 1.200918e-06 	 -1000.0000 	 -1000.0000 	 -1000.0000 	 -1000.0000 
	 93.7970 	 2.569155e-05 	 126.1477 	  1.1417 	 1.476319e+18 	 1.586463e+16 	 5.799366e-07 	 1.259937e-06 	 -1000.0000 	 -1000.0000 	 -1000.0000 	 -1000.0000 
	 93.8560 	 2.547654e-05 	 126.1168 	  1.1517 	 1.464334e+18 	 1.584809e+16 	 5.796403e-07 	 1.266207e-06 	 -1000.0000 	 -1000.0000 	 -1000.0000 	 -1000.0000 
	 93.9710 	 2.506231e-05 	 126.0439 	  1.1701 	 1.441384e+18 	 1.581268e+16 	 5.791265e-07 	 1.278692e-06 	 -1000.0000 	 -1000.0000 	 -1000.0000 	 -1000.0000 
	 94.0310 	 2.484865e-05 	 125.9993 	  1.1788 	 1.429615e+18 	 1.578959e+16 	 5.788953e-07 	 1.285352e-06 	 -1000.0000 	 -1000.0000 	 -1000.0000 	 -1000.0000 
