	 height_(km) 	 press_(mbar) 	 temp_(K) 	 temperr_(K) 	 numdens_(m-3) 	 numdenserr_(m-3) 	 H2Ovmr_() 	 H2Ovmrerr_() 	 D/H_(VSMOW) 	 D/Herr_(VSMOW) 	 18O/16O_(VSMOW) 	 18O/16Oerr_(VSMOW) 
	  3.0320 	 3.443093e+00 	 149.7388 	  5.4763 	 1.668094e+23 	 5.884029e+21 	 2.501845e-07 	 5.395545e-08 	 -1000.0000 	 -1000.0000 	 -1000.0000 	 -1000.0000 
	  3.2200 	 3.356915e+00 	 149.5038 	  4.9239 	 1.628518e+23 	 5.236438e+21 	 2.338973e-07 	 4.966960e-08 	 -1000.0000 	 -1000.0000 	 -1000.0000 	 -1000.0000 
	  3.4080 	 3.273123e+00 	 149.3010 	  4.4181 	 1.589743e+23 	 4.646861e+21 	 2.192472e-07 	 4.574381e-08 	 -1000.0000 	 -1000.0000 	 -1000.0000 	 -1000.0000 
	  3.5970 	 3.191225e+00 	 149.1284 	  3.9544 	 1.551558e+23 	 4.109725e+21 	 2.059990e-07 	 4.214091e-08 	 -1000.0000 	 -1000.0000 	 -1000.0000 	 -1000.0000 
	  4.2280 	 2.933927e+00 	 148.7641 	  2.7036 	 1.429689e+23 	 2.682452e+21 	 1.708403e-07 	 3.238975e-08 	 -1000.0000 	 -1000.0000 	 -1000.0000 	 -1000.0000 
	  4.4160 	 2.861813e+00 	 148.7141 	  2.4110 	 1.395005e+23 	 2.354949e+21 	 1.626762e-07 	 3.010194e-08 	 -1000.0000 	 -1000.0000 	 -1000.0000 	 -1000.0000 
	  4.6030 	 2.792037e+00 	 148.6891 	  2.1527 	 1.361225e+23 	 2.068621e+21 	 1.554645e-07 	 2.808092e-08 	 -1000.0000 	 -1000.0000 	 -1000.0000 	 -1000.0000 
	  4.7910 	 2.723787e+00 	 148.6876 	  1.9236 	 1.327976e+23 	 1.817547e+21 	 1.490590e-07 	 2.629005e-08 	 -1000.0000 	 -1000.0000 	 -1000.0000 	 -1000.0000 
	  4.9790 	 2.657376e+00 	 148.7087 	  1.7231 	 1.295427e+23 	 1.600487e+21 	 1.434363e-07 	 2.472543e-08 	 -1000.0000 	 -1000.0000 	 -1000.0000 	 -1000.0000 
	  5.5980 	 2.450892e+00 	 148.9232 	  1.2385 	 1.193066e+23 	 1.090384e+21 	 1.297014e-07 	 2.097402e-08 	 -1000.0000 	 -1000.0000 	 -1000.0000 	 -1000.0000 
	  5.7860 	 2.391630e+00 	 149.0281 	  1.1364 	 1.163391e+23 	 9.867169e+20 	 1.267620e-07 	 2.019729e-08 	 -1000.0000 	 -1000.0000 	 -1000.0000 	 -1000.0000 
	  5.9730 	 2.334164e+00 	 149.1488 	  1.0519 	 1.134507e+23 	 9.022721e+20 	 1.243087e-07 	 1.956247e-08 	 -1000.0000 	 -1000.0000 	 -1000.0000 	 -1000.0000 
	  6.1610 	 2.277814e+00 	 149.2854 	  0.9820 	 1.106094e+23 	 8.332877e+20 	 1.222595e-07 	 1.904538e-08 	 -1000.0000 	 -1000.0000 	 -1000.0000 	 -1000.0000 
	  6.3490 	 2.222825e+00 	 149.4362 	  0.9251 	 1.078294e+23 	 7.773911e+20 	 1.205733e-07 	 1.863220e-08 	 -1000.0000 	 -1000.0000 	 -1000.0000 	 -1000.0000 
	  6.9820 	 2.046838e+00 	 150.0316 	  0.8002 	 9.890593e+22 	 6.480576e+20 	 1.168956e-07 	 1.777758e-08 	 -1000.0000 	 -1000.0000 	 -1000.0000 	 -1000.0000 
	  7.1690 	 1.997381e+00 	 150.2193 	  0.7763 	 9.640072e+22 	 6.188093e+20 	 1.162931e-07 	 1.763601e-08 	 -1000.0000 	 -1000.0000 	 -1000.0000 	 -1000.0000 
	  7.3570 	 1.948825e+00 	 150.3977 	  0.7565 	 9.394963e+22 	 5.922380e+20 	 1.159408e-07 	 1.754260e-08 	 -1000.0000 	 -1000.0000 	 -1000.0000 	 -1000.0000 
	  7.5440 	 1.901701e+00 	 150.5549 	  0.7403 	 9.158385e+22 	 5.683477e+20 	 1.158731e-07 	 1.750069e-08 	 -1000.0000 	 -1000.0000 	 -1000.0000 	 -1000.0000 
	  7.7310 	 1.855762e+00 	 150.6815 	  0.7270 	 8.929526e+22 	 5.467121e+20 	 1.161176e-07 	 1.751172e-08 	 -1000.0000 	 -1000.0000 	 -1000.0000 	 -1000.0000 
	  8.3570 	 1.710765e+00 	 150.7554 	  0.6947 	 8.225910e+22 	 4.871145e+20 	 1.194774e-07 	 1.795284e-08 	 -1000.0000 	 -1000.0000 	 -1000.0000 	 -1000.0000 
	  8.5430 	 1.670250e+00 	 150.6591 	  0.6868 	 8.035653e+22 	 4.722967e+20 	 1.211661e-07 	 1.819516e-08 	 -1000.0000 	 -1000.0000 	 -1000.0000 	 -1000.0000 
	  8.7300 	 1.630596e+00 	 150.5240 	  0.6796 	 7.851574e+22 	 4.584513e+20 	 1.230394e-07 	 1.847163e-08 	 -1000.0000 	 -1000.0000 	 -1000.0000 	 -1000.0000 
	  8.9170 	 1.591947e+00 	 150.3636 	  0.6730 	 7.673610e+22 	 4.455259e+20 	 1.249896e-07 	 1.876800e-08 	 -1000.0000 	 -1000.0000 	 -1000.0000 	 -1000.0000 
	  9.1030 	 1.554428e+00 	 150.1920 	  0.6672 	 7.501572e+22 	 4.334479e+20 	 1.269072e-07 	 1.906998e-08 	 -1000.0000 	 -1000.0000 	 -1000.0000 	 -1000.0000 
	  9.7270 	 1.434329e+00 	 149.6937 	  0.6536 	 6.946693e+22 	 3.968822e+20 	 1.321171e-07 	 1.998413e-08 	 -1000.0000 	 -1000.0000 	 -1000.0000 	 -1000.0000 
	  9.9130 	 1.400059e+00 	 149.6006 	  0.6513 	 6.785238e+22 	 3.867801e+20 	 1.332129e-07 	 2.020523e-08 	 -1000.0000 	 -1000.0000 	 -1000.0000 	 -1000.0000 
	 10.1000 	 1.366318e+00 	 149.5311 	  0.6496 	 6.624919e+22 	 3.769442e+20 	 1.342388e-07 	 2.041796e-08 	 -1000.0000 	 -1000.0000 	 -1000.0000 	 -1000.0000 
	 10.2870 	 1.333307e+00 	 149.4821 	  0.6486 	 6.466947e+22 	 3.674235e+20 	 1.352964e-07 	 2.063372e-08 	 -1000.0000 	 -1000.0000 	 -1000.0000 	 -1000.0000 
	 10.4730 	 1.301214e+00 	 149.4500 	  0.6481 	 6.312485e+22 	 3.582604e+20 	 1.364866e-07 	 2.086340e-08 	 -1000.0000 	 -1000.0000 	 -1000.0000 	 -1000.0000 
	 11.1010 	 1.198546e+00 	 149.4165 	  0.6488 	 5.814958e+22 	 3.295030e+20 	 1.426562e-07 	 2.189597e-08 	 -1000.0000 	 -1000.0000 	 -1000.0000 	 -1000.0000 
	 11.2870 	 1.169835e+00 	 149.4168 	  0.6495 	 5.675542e+22 	 3.216043e+20 	 1.451712e-07 	 2.229414e-08 	 -1000.0000 	 -1000.0000 	 -1000.0000 	 -1000.0000 
	 11.4730 	 1.141857e+00 	 149.4184 	  0.6505 	 5.539688e+22 	 3.139726e+20 	 1.478020e-07 	 2.271355e-08 	 -1000.0000 	 -1000.0000 	 -1000.0000 	 -1000.0000 
	 11.6590 	 1.114577e+00 	 149.4199 	  0.6516 	 5.407285e+22 	 3.065985e+20 	 1.503973e-07 	 2.313706e-08 	 -1000.0000 	 -1000.0000 	 -1000.0000 	 -1000.0000 
	 11.8460 	 1.087823e+00 	 149.4196 	  0.6530 	 5.277535e+22 	 2.994348e+20 	 1.528181e-07 	 2.355044e-08 	 -1000.0000 	 -1000.0000 	 -1000.0000 	 -1000.0000 
	 12.4610 	 1.004175e+00 	 149.3866 	  0.6592 	 4.873230e+22 	 2.775273e+20 	 1.578707e-07 	 2.461794e-08 	 -1000.0000 	 -1000.0000 	 -1000.0000 	 -1000.0000 
	 12.6470 	 9.800908e-01 	 149.3576 	  0.6616 	 4.757468e+22 	 2.713729e+20 	 1.583963e-07 	 2.482117e-08 	 -1000.0000 	 -1000.0000 	 -1000.0000 	 -1000.0000 
	 12.8330 	 9.565522e-01 	 149.3121 	  0.6641 	 4.644776e+22 	 2.654321e+20 	 1.586747e-07 	 2.499272e-08 	 -1000.0000 	 -1000.0000 	 -1000.0000 	 -1000.0000 
	 13.0190 	 9.335531e-01 	 149.2453 	  0.6668 	 4.535203e+22 	 2.597032e+20 	 1.588827e-07 	 2.515433e-08 	 -1000.0000 	 -1000.0000 	 -1000.0000 	 -1000.0000 
	 13.2060 	 9.109683e-01 	 149.1517 	  0.6696 	 4.428237e+22 	 2.541551e+20 	 1.591988e-07 	 2.532865e-08 	 -1000.0000 	 -1000.0000 	 -1000.0000 	 -1000.0000 
	 13.8260 	 8.398679e-01 	 148.5927 	  0.6793 	 4.097091e+22 	 2.372507e+20 	 1.629574e-07 	 2.626154e-08 	 -1000.0000 	 -1000.0000 	 -1000.0000 	 -1000.0000 
	 14.0110 	 8.197465e-01 	 148.3551 	  0.6822 	 4.004967e+22 	 2.326071e+20 	 1.650910e-07 	 2.668901e-08 	 -1000.0000 	 -1000.0000 	 -1000.0000 	 -1000.0000 
	 14.1970 	 8.000014e-01 	 148.1052 	  0.6852 	 3.914831e+22 	 2.280700e+20 	 1.675008e-07 	 2.716390e-08 	 -1000.0000 	 -1000.0000 	 -1000.0000 	 -1000.0000 
	 14.3820 	 7.808315e-01 	 147.8613 	  0.6882 	 3.827231e+22 	 2.236524e+20 	 1.699847e-07 	 2.765945e-08 	 -1000.0000 	 -1000.0000 	 -1000.0000 	 -1000.0000 
	 14.5680 	 7.620161e-01 	 147.6363 	  0.6912 	 3.740798e+22 	 2.192705e+20 	 1.723892e-07 	 2.815709e-08 	 -1000.0000 	 -1000.0000 	 -1000.0000 	 -1000.0000 
	 15.1860 	 7.026270e-01 	 147.2299 	  0.7015 	 3.460163e+22 	 2.046936e+20 	 1.775364e-07 	 2.947018e-08 	 -1000.0000 	 -1000.0000 	 -1000.0000 	 -1000.0000 
	 15.3710 	 6.857378e-01 	 147.2327 	  0.7047 	 3.377365e+22 	 2.002715e+20 	 1.779094e-07 	 2.969642e-08 	 -1000.0000 	 -1000.0000 	 -1000.0000 	 -1000.0000 
	 15.5570 	 6.691549e-01 	 147.2691 	  0.7080 	 3.295148e+22 	 1.958525e+20 	 1.779038e-07 	 2.986750e-08 	 -1000.0000 	 -1000.0000 	 -1000.0000 	 -1000.0000 
	 15.7420 	 6.530486e-01 	 147.3195 	  0.7115 	 3.214792e+22 	 1.915274e+20 	 1.776852e-07 	 3.000411e-08 	 -1000.0000 	 -1000.0000 	 -1000.0000 	 -1000.0000 
	 15.9280 	 6.372370e-01 	 147.3647 	  0.7153 	 3.135824e+22 	 1.872930e+20 	 1.774264e-07 	 3.013613e-08 	 -1000.0000 	 -1000.0000 	 -1000.0000 	 -1000.0000 
	 16.5500 	 5.870402e-01 	 147.2314 	  0.7299 	 2.890055e+22 	 1.745118e+20 	 1.785954e-07 	 3.095298e-08 	 -1000.0000 	 -1000.0000 	 -1000.0000 	 -1000.0000 
	 16.7350 	 5.728757e-01 	 147.0717 	  0.7347 	 2.823081e+22 	 1.711735e+20 	 1.799854e-07 	 3.139447e-08 	 -1000.0000 	 -1000.0000 	 -1000.0000 	 -1000.0000 
	 16.9200 	 5.590481e-01 	 146.8777 	  0.7394 	 2.758435e+22 	 1.679651e+20 	 1.817995e-07 	 3.191915e-08 	 -1000.0000 	 -1000.0000 	 -1000.0000 	 -1000.0000 
	 17.1050 	 5.455498e-01 	 146.6672 	  0.7437 	 2.695717e+22 	 1.648224e+20 	 1.839312e-07 	 3.251106e-08 	 -1000.0000 	 -1000.0000 	 -1000.0000 	 -1000.0000 
	 17.2900 	 5.323728e-01 	 146.4581 	  0.7475 	 2.634527e+22 	 1.616811e+20 	 1.862504e-07 	 3.313781e-08 	 -1000.0000 	 -1000.0000 	 -1000.0000 	 -1000.0000 
	 17.9140 	 4.901951e-01 	 145.9954 	  0.7525 	 2.434191e+22 	 1.502701e+20 	 1.929817e-07 	 3.496935e-08 	 -1000.0000 	 -1000.0000 	 -1000.0000 	 -1000.0000 
	 18.0990 	 4.783361e-01 	 145.9786 	  0.7516 	 2.375582e+22 	 1.465269e+20 	 1.937965e-07 	 3.528751e-08 	 -1000.0000 	 -1000.0000 	 -1000.0000 	 -1000.0000 
	 18.2830 	 4.668256e-01 	 146.0187 	  0.7502 	 2.317709e+22 	 1.427113e+20 	 1.936936e-07 	 3.545592e-08 	 -1000.0000 	 -1000.0000 	 -1000.0000 	 -1000.0000 
	 18.4680 	 4.555344e-01 	 146.1138 	  0.7488 	 2.260069e+22 	 1.388426e+20 	 1.925268e-07 	 3.546119e-08 	 -1000.0000 	 -1000.0000 	 -1000.0000 	 -1000.0000 
	 18.6520 	 4.445803e-01 	 146.2609 	  0.7478 	 2.203409e+22 	 1.350232e+20 	 1.902342e-07 	 3.532549e-08 	 -1000.0000 	 -1000.0000 	 -1000.0000 	 -1000.0000 
	 19.2640 	 4.100744e-01 	 147.0970 	  0.7534 	 2.021313e+22 	 1.232784e+20 	 1.755166e-07 	 3.429375e-08 	 -1000.0000 	 -1000.0000 	 -1000.0000 	 -1000.0000 
	 19.4490 	 4.002095e-01 	 147.4385 	  0.7588 	 1.968587e+22 	 1.201660e+20 	 1.698115e-07 	 3.388977e-08 	 -1000.0000 	 -1000.0000 	 -1000.0000 	 -1000.0000 
	 19.6330 	 3.906486e-01 	 147.8040 	  0.7655 	 1.917320e+22 	 1.172616e+20 	 1.643602e-07 	 3.352624e-08 	 -1000.0000 	 -1000.0000 	 -1000.0000 	 -1000.0000 
	 19.8180 	 3.812818e-01 	 148.1880 	  0.7733 	 1.867001e+22 	 1.145144e+20 	 1.596019e-07 	 3.325438e-08 	 -1000.0000 	 -1000.0000 	 -1000.0000 	 -1000.0000 
	 20.0020 	 3.722044e-01 	 148.5766 	  0.7819 	 1.818220e+22 	 1.119351e+20 	 1.560796e-07 	 3.312280e-08 	 -1000.0000 	 -1000.0000 	 -1000.0000 	 -1000.0000 
	 21.9230 	 2.902033e-01 	 150.6718 	  0.8486 	 1.395800e+22 	 8.945279e+19 	 3.030766e-07 	 5.602685e-08 	 -1000.0000 	 -1000.0000 	 -1000.0000 	 -1000.0000 
	 22.1070 	 2.834336e-01 	 150.5074 	  0.8468 	 1.364352e+22 	 8.730627e+19 	 3.450217e-07 	 6.228912e-08 	 -1000.0000 	 -1000.0000 	 -1000.0000 	 -1000.0000 
	 22.2900 	 2.768660e-01 	 150.3195 	  0.8436 	 1.334186e+22 	 8.514076e+19 	 3.917114e-07 	 6.926435e-08 	 -1000.0000 	 -1000.0000 	 -1000.0000 	 -1000.0000 
	 22.4730 	 2.704583e-01 	 150.1413 	  0.8395 	 1.304820e+22 	 8.295142e+19 	 4.426015e-07 	 7.684046e-08 	 -1000.0000 	 -1000.0000 	 -1000.0000 	 -1000.0000 
	 22.6570 	 2.641715e-01 	 150.0062 	  0.8347 	 1.275786e+22 	 8.073291e+19 	 4.971040e-07 	 8.488466e-08 	 -1000.0000 	 -1000.0000 	 -1000.0000 	 -1000.0000 
	 23.2630 	 2.445091e-01 	 150.2920 	  0.8204 	 1.179836e+22 	 7.339214e+19 	 6.867934e-07 	 1.113239e-07 	 -1000.0000 	 -1000.0000 	 -1000.0000 	 -1000.0000 
	 23.4470 	 2.388394e-01 	 150.6615 	  0.8176 	 1.150002e+22 	 7.119464e+19 	 7.440173e-07 	 1.184791e-07 	 -1000.0000 	 -1000.0000 	 -1000.0000 	 -1000.0000 
	 23.6300 	 2.333348e-01 	 151.1235 	  0.8159 	 1.120276e+22 	 6.905744e+19 	 8.002506e-07 	 1.251431e-07 	 -1000.0000 	 -1000.0000 	 -1000.0000 	 -1000.0000 
	 23.8130 	 2.279620e-01 	 151.6486 	  0.8154 	 1.090735e+22 	 6.698990e+19 	 8.558532e-07 	 1.314386e-07 	 -1000.0000 	 -1000.0000 	 -1000.0000 	 -1000.0000 
	 23.9970 	 2.226905e-01 	 152.2093 	  0.8161 	 1.061461e+22 	 6.500294e+19 	 9.112608e-07 	 1.375072e-07 	 -1000.0000 	 -1000.0000 	 -1000.0000 	 -1000.0000 
	 24.6180 	 2.058385e-01 	 153.9334 	  0.8298 	 9.690076e+21 	 5.925860e+19 	 1.097752e-06 	 1.577774e-07 	 -1000.0000 	 -1000.0000 	 -1000.0000 	 -1000.0000 
	 24.8010 	 2.011393e-01 	 154.3068 	  0.8372 	 9.442555e+21 	 5.789287e+19 	 1.153419e-06 	 1.640701e-07 	 -1000.0000 	 -1000.0000 	 -1000.0000 	 -1000.0000 
	 24.9830 	 1.965808e-01 	 154.6133 	  0.8457 	 9.207437e+21 	 5.666419e+19 	 1.209263e-06 	 1.704763e-07 	 -1000.0000 	 -1000.0000 	 -1000.0000 	 -1000.0000 
	 25.1660 	 1.921097e-01 	 154.8599 	  0.8550 	 8.981513e+21 	 5.554249e+19 	 1.265913e-06 	 1.770252e-07 	 -1000.0000 	 -1000.0000 	 -1000.0000 	 -1000.0000 
	 25.3490 	 1.877479e-01 	 155.0484 	  0.8649 	 8.765473e+21 	 5.451822e+19 	 1.323043e-06 	 1.836305e-07 	 -1000.0000 	 -1000.0000 	 -1000.0000 	 -1000.0000 
	 27.2920 	 1.473307e-01 	 154.4044 	  0.9304 	 6.917776e+21 	 4.534085e+19 	 1.931634e-06 	 2.424474e-07 	 -1000.0000 	 -1000.0000 	 -1000.0000 	 -1000.0000 
	 27.4740 	 1.440197e-01 	 154.1969 	  0.9269 	 6.771398e+21 	 4.427873e+19 	 1.984183e-06 	 2.455264e-07 	 -1000.0000 	 -1000.0000 	 -1000.0000 	 -1000.0000 
	 27.6570 	 1.407631e-01 	 153.9983 	  0.9224 	 6.626557e+21 	 4.317429e+19 	 2.032957e-06 	 2.480049e-07 	 -1000.0000 	 -1000.0000 	 -1000.0000 	 -1000.0000 
	 27.8390 	 1.375959e-01 	 153.8254 	  0.9173 	 6.484418e+21 	 4.206084e+19 	 2.075718e-06 	 2.498232e-07 	 -1000.0000 	 -1000.0000 	 -1000.0000 	 -1000.0000 
	 28.0210 	 1.344993e-01 	 153.6918 	  0.9125 	 6.343767e+21 	 4.095356e+19 	 2.111024e-06 	 2.509655e-07 	 -1000.0000 	 -1000.0000 	 -1000.0000 	 -1000.0000 
	 28.6370 	 1.245315e-01 	 153.7206 	  0.9064 	 5.873406e+21 	 3.752869e+19 	 2.152740e-06 	 2.494470e-07 	 -1000.0000 	 -1000.0000 	 -1000.0000 	 -1000.0000 
	 28.8180 	 1.217495e-01 	 153.8933 	  0.9092 	 5.736309e+21 	 3.667015e+19 	 2.139264e-06 	 2.474376e-07 	 -1000.0000 	 -1000.0000 	 -1000.0000 	 -1000.0000 
	 29.0000 	 1.190169e-01 	 154.1203 	  0.9138 	 5.599712e+21 	 3.587095e+19 	 2.116253e-06 	 2.448407e-07 	 -1000.0000 	 -1000.0000 	 -1000.0000 	 -1000.0000 
	 29.1820 	 1.163479e-01 	 154.3830 	  0.9199 	 5.464963e+21 	 3.512931e+19 	 2.085730e-06 	 2.417712e-07 	 -1000.0000 	 -1000.0000 	 -1000.0000 	 -1000.0000 
	 29.3630 	 1.137551e-01 	 154.6623 	  0.9272 	 5.333372e+21 	 3.444212e+19 	 2.049922e-06 	 2.383560e-07 	 -1000.0000 	 -1000.0000 	 -1000.0000 	 -1000.0000 
	 29.9770 	 1.053974e-01 	 155.5147 	  0.9571 	 4.912527e+21 	 3.239665e+19 	 1.914943e-06 	 2.254817e-07 	 -1000.0000 	 -1000.0000 	 -1000.0000 	 -1000.0000 
	 30.1580 	 1.030575e-01 	 155.7036 	  0.9665 	 4.797142e+21 	 3.185336e+19 	 1.877567e-06 	 2.216642e-07 	 -1000.0000 	 -1000.0000 	 -1000.0000 	 -1000.0000 
	 30.3400 	 1.007597e-01 	 155.8816 	  0.9762 	 4.684549e+21 	 3.132479e+19 	 1.842432e-06 	 2.179343e-07 	 -1000.0000 	 -1000.0000 	 -1000.0000 	 -1000.0000 
	 30.5220 	 9.851598e-02 	 156.0626 	  0.9862 	 4.574903e+21 	 3.080883e+19 	 1.810203e-06 	 2.143701e-07 	 -1000.0000 	 -1000.0000 	 -1000.0000 	 -1000.0000 
	 30.7030 	 9.633727e-02 	 156.2601 	  0.9963 	 4.468294e+21 	 3.030312e+19 	 1.781453e-06 	 2.110437e-07 	 -1000.0000 	 -1000.0000 	 -1000.0000 	 -1000.0000 
	 31.3010 	 8.950056e-02 	 157.2178 	  1.0317 	 4.127357e+21 	 2.862168e+19 	 1.714250e-06 	 2.022423e-07 	 -1000.0000 	 -1000.0000 	 -1000.0000 	 -1000.0000 
	 31.4820 	 8.753755e-02 	 157.6313 	  1.0427 	 4.026533e+21 	 2.809464e+19 	 1.702362e-06 	 2.003347e-07 	 -1000.0000 	 -1000.0000 	 -1000.0000 	 -1000.0000 
	 31.6630 	 8.562303e-02 	 158.0942 	  1.0535 	 3.927066e+21 	 2.755638e+19 	 1.693268e-06 	 1.987135e-07 	 -1000.0000 	 -1000.0000 	 -1000.0000 	 -1000.0000 
	 31.8440 	 8.375659e-02 	 158.5983 	  1.0639 	 3.829221e+21 	 2.700596e+19 	 1.686122e-06 	 1.973221e-07 	 -1000.0000 	 -1000.0000 	 -1000.0000 	 -1000.0000 
	 32.0260 	 8.192789e-02 	 159.1383 	  1.0734 	 3.732739e+21 	 2.643931e+19 	 1.680038e-06 	 1.960967e-07 	 -1000.0000 	 -1000.0000 	 -1000.0000 	 -1000.0000 
	 32.6410 	 7.609909e-02 	 161.0983 	  1.0966 	 3.424367e+21 	 2.441567e+19 	 1.656295e-06 	 1.924823e-07 	 -1000.0000 	 -1000.0000 	 -1000.0000 	 -1000.0000 
	 32.8220 	 7.448298e-02 	 161.6826 	  1.1003 	 3.339535e+21 	 2.379327e+19 	 1.646250e-06 	 1.914096e-07 	 -1000.0000 	 -1000.0000 	 -1000.0000 	 -1000.0000 
	 33.0030 	 7.290848e-02 	 162.2560 	  1.1029 	 3.257431e+21 	 2.316934e+19 	 1.635034e-06 	 1.903207e-07 	 -1000.0000 	 -1000.0000 	 -1000.0000 	 -1000.0000 
	 33.1840 	 7.137325e-02 	 162.8106 	  1.1047 	 3.178026e+21 	 2.255120e+19 	 1.622988e-06 	 1.892212e-07 	 -1000.0000 	 -1000.0000 	 -1000.0000 	 -1000.0000 
	 33.3660 	 6.986682e-02 	 163.3414 	  1.1061 	 3.100871e+21 	 2.194292e+19 	 1.610391e-06 	 1.881112e-07 	 -1000.0000 	 -1000.0000 	 -1000.0000 	 -1000.0000 
	 33.9660 	 6.513611e-02 	 164.8018 	  1.1109 	 2.865196e+21 	 2.012326e+19 	 1.570060e-06 	 1.845158e-07 	 -1000.0000 	 -1000.0000 	 -1000.0000 	 -1000.0000 
	 34.1460 	 6.378101e-02 	 165.1362 	  1.1132 	 2.799863e+21 	 1.964989e+19 	 1.559612e-06 	 1.835284e-07 	 -1000.0000 	 -1000.0000 	 -1000.0000 	 -1000.0000 
	 34.3270 	 6.244751e-02 	 165.4281 	  1.1161 	 2.736468e+21 	 1.920536e+19 	 1.550360e-06 	 1.826547e-07 	 -1000.0000 	 -1000.0000 	 -1000.0000 	 -1000.0000 
	 34.5070 	 6.115031e-02 	 165.6785 	  1.1195 	 2.675584e+21 	 1.879164e+19 	 1.542657e-06 	 1.819549e-07 	 -1000.0000 	 -1000.0000 	 -1000.0000 	 -1000.0000 
	 34.6880 	 5.987497e-02 	 165.8943 	  1.1234 	 2.616407e+21 	 1.840116e+19 	 1.536666e-06 	 1.814716e-07 	 -1000.0000 	 -1000.0000 	 -1000.0000 	 -1000.0000 
	 35.2960 	 5.580383e-02 	 166.4112 	  1.1402 	 2.430961e+21 	 1.723771e+19 	 1.532491e-06 	 1.820984e-07 	 -1000.0000 	 -1000.0000 	 -1000.0000 	 -1000.0000 
	 35.4760 	 5.466021e-02 	 166.5227 	  1.1459 	 2.379489e+21 	 1.692348e+19 	 1.536380e-06 	 1.829670e-07 	 -1000.0000 	 -1000.0000 	 -1000.0000 	 -1000.0000 
	 35.6570 	 5.353694e-02 	 166.6286 	  1.1514 	 2.329058e+21 	 1.661317e+19 	 1.542373e-06 	 1.839945e-07 	 -1000.0000 	 -1000.0000 	 -1000.0000 	 -1000.0000 
	 35.8370 	 5.244530e-02 	 166.7352 	  1.1563 	 2.280081e+21 	 1.630530e+19 	 1.550162e-06 	 1.850505e-07 	 -1000.0000 	 -1000.0000 	 -1000.0000 	 -1000.0000 
	 36.0180 	 5.137201e-02 	 166.8515 	  1.1604 	 2.231870e+21 	 1.599152e+19 	 1.559587e-06 	 1.860257e-07 	 -1000.0000 	 -1000.0000 	 -1000.0000 	 -1000.0000 
	 36.6300 	 4.790935e-02 	 167.4135 	  1.1631 	 2.074671e+21 	 1.483555e+19 	 1.599804e-06 	 1.870881e-07 	 -1000.0000 	 -1000.0000 	 -1000.0000 	 -1000.0000 
	 36.8100 	 4.693626e-02 	 167.6440 	  1.1605 	 2.029805e+21 	 1.446254e+19 	 1.612751e-06 	 1.865564e-07 	 -1000.0000 	 -1000.0000 	 -1000.0000 	 -1000.0000 
	 36.9900 	 4.598303e-02 	 167.8974 	  1.1572 	 1.985619e+21 	 1.408565e+19 	 1.625301e-06 	 1.858356e-07 	 -1000.0000 	 -1000.0000 	 -1000.0000 	 -1000.0000 
	 37.1700 	 4.504943e-02 	 168.1675 	  1.1541 	 1.942183e+21 	 1.371332e+19 	 1.636898e-06 	 1.850821e-07 	 -1000.0000 	 -1000.0000 	 -1000.0000 	 -1000.0000 
	 37.3500 	 4.413518e-02 	 168.4483 	  1.1519 	 1.899566e+21 	 1.335402e+19 	 1.646983e-06 	 1.844532e-07 	 -1000.0000 	 -1000.0000 	 -1000.0000 	 -1000.0000 
	 37.9440 	 4.125226e-02 	 169.3750 	  1.1595 	 1.765594e+21 	 1.236452e+19 	 1.662677e-06 	 1.852037e-07 	 -1000.0000 	 -1000.0000 	 -1000.0000 	 -1000.0000 
	 38.1240 	 4.041823e-02 	 169.6380 	  1.1678 	 1.727184e+21 	 1.214205e+19 	 1.660809e-06 	 1.866043e-07 	 -1000.0000 	 -1000.0000 	 -1000.0000 	 -1000.0000 
	 38.3030 	 3.960653e-02 	 169.8883 	  1.1782 	 1.689987e+21 	 1.195166e+19 	 1.656041e-06 	 1.884170e-07 	 -1000.0000 	 -1000.0000 	 -1000.0000 	 -1000.0000 
	 38.4830 	 3.880775e-02 	 170.1277 	  1.1905 	 1.653568e+21 	 1.178628e+19 	 1.648527e-06 	 1.905482e-07 	 -1000.0000 	 -1000.0000 	 -1000.0000 	 -1000.0000 
	 38.6620 	 3.803045e-02 	 170.3525 	  1.2039 	 1.618311e+21 	 1.164286e+19 	 1.638559e-06 	 1.928611e-07 	 -1000.0000 	 -1000.0000 	 -1000.0000 	 -1000.0000 
	 40.5390 	 3.082101e-02 	 171.6845 	  1.2888 	 1.301409e+21 	 1.018176e+19 	 1.372230e-06 	 1.951492e-07 	 -1000.0000 	 -1000.0000 	 -1000.0000 	 -1000.0000 
	 40.7180 	 3.021518e-02 	 171.6973 	  1.2812 	 1.275714e+21 	 9.944479e+18 	 1.349033e-06 	 1.917012e-07 	 -1000.0000 	 -1000.0000 	 -1000.0000 	 -1000.0000 
	 40.8970 	 2.962178e-02 	 171.6957 	  1.2715 	 1.250658e+21 	 9.692858e+18 	 1.326505e-06 	 1.877754e-07 	 -1000.0000 	 -1000.0000 	 -1000.0000 	 -1000.0000 
	 41.0760 	 2.904023e-02 	 171.6842 	  1.2607 	 1.226182e+21 	 9.434810e+18 	 1.304913e-06 	 1.836286e-07 	 -1000.0000 	 -1000.0000 	 -1000.0000 	 -1000.0000 
	 41.2540 	 2.847312e-02 	 171.6669 	  1.2499 	 1.202363e+21 	 9.179660e+18 	 1.284634e-06 	 1.795402e-07 	 -1000.0000 	 -1000.0000 	 -1000.0000 	 -1000.0000 
	 41.8530 	 2.663945e-02 	 171.6219 	  1.2264 	 1.125280e+21 	 8.432004e+18 	 1.228475e-06 	 1.692977e-07 	 -1000.0000 	 -1000.0000 	 -1000.0000 	 -1000.0000 
	 42.0320 	 2.611246e-02 	 171.6236 	  1.2254 	 1.103019e+21 	 8.259532e+18 	 1.215740e-06 	 1.678679e-07 	 -1000.0000 	 -1000.0000 	 -1000.0000 	 -1000.0000 
	 42.2100 	 2.559809e-02 	 171.6325 	  1.2267 	 1.081241e+21 	 8.107418e+18 	 1.204558e-06 	 1.670686e-07 	 -1000.0000 	 -1000.0000 	 -1000.0000 	 -1000.0000 
	 42.3880 	 2.509355e-02 	 171.6478 	  1.2298 	 1.059835e+21 	 7.970494e+18 	 1.194558e-06 	 1.667576e-07 	 -1000.0000 	 -1000.0000 	 -1000.0000 	 -1000.0000 
	 42.5670 	 2.459630e-02 	 171.6690 	  1.2342 	 1.038701e+21 	 7.843929e+18 	 1.185395e-06 	 1.668036e-07 	 -1000.0000 	 -1000.0000 	 -1000.0000 	 -1000.0000 
	 43.1730 	 2.299055e-02 	 171.7747 	  1.2510 	 9.702594e+20 	 7.442922e+18 	 1.157059e-06 	 1.678639e-07 	 -1000.0000 	 -1000.0000 	 -1000.0000 	 -1000.0000 
	 43.3520 	 2.253921e-02 	 171.8156 	  1.2550 	 9.509768e+20 	 7.320664e+18 	 1.148612e-06 	 1.680720e-07 	 -1000.0000 	 -1000.0000 	 -1000.0000 	 -1000.0000 
	 43.5300 	 2.210009e-02 	 171.8625 	  1.2583 	 9.321890e+20 	 7.196349e+18 	 1.140079e-06 	 1.682103e-07 	 -1000.0000 	 -1000.0000 	 -1000.0000 	 -1000.0000 
	 43.7080 	 2.167012e-02 	 171.9173 	  1.2610 	 9.137606e+20 	 7.069481e+18 	 1.131408e-06 	 1.682934e-07 	 -1000.0000 	 -1000.0000 	 -1000.0000 	 -1000.0000 
	 43.8870 	 2.124647e-02 	 171.9819 	  1.2630 	 8.955641e+20 	 6.939503e+18 	 1.122545e-06 	 1.683348e-07 	 -1000.0000 	 -1000.0000 	 -1000.0000 	 -1000.0000 
	 44.4780 	 1.990365e-02 	 172.2801 	  1.2641 	 8.375434e+20 	 6.495657e+18 	 1.092205e-06 	 1.683371e-07 	 -1000.0000 	 -1000.0000 	 -1000.0000 	 -1000.0000 
	 44.6560 	 1.951475e-02 	 172.3966 	  1.2628 	 8.206336e+20 	 6.358870e+18 	 1.082756e-06 	 1.683333e-07 	 -1000.0000 	 -1000.0000 	 -1000.0000 	 -1000.0000 
	 44.8330 	 1.913517e-02 	 172.5209 	  1.2610 	 8.040980e+20 	 6.222610e+18 	 1.073254e-06 	 1.683303e-07 	 -1000.0000 	 -1000.0000 	 -1000.0000 	 -1000.0000 
	 45.0110 	 1.876074e-02 	 172.6514 	  1.2587 	 7.877680e+20 	 6.086109e+18 	 1.063615e-06 	 1.683273e-07 	 -1000.0000 	 -1000.0000 	 -1000.0000 	 -1000.0000 
	 45.1890 	 1.839371e-02 	 172.7845 	  1.2560 	 7.717564e+20 	 5.950907e+18 	 1.053917e-06 	 1.683237e-07 	 -1000.0000 	 -1000.0000 	 -1000.0000 	 -1000.0000 
	 45.7880 	 1.721423e-02 	 173.2140 	  1.2458 	 7.204515e+20 	 5.515482e+18 	 1.021181e-06 	 1.682980e-07 	 -1000.0000 	 -1000.0000 	 -1000.0000 	 -1000.0000 
	 45.9660 	 1.688021e-02 	 173.3276 	  1.2427 	 7.060072e+20 	 5.393980e+18 	 1.011544e-06 	 1.682862e-07 	 -1000.0000 	 -1000.0000 	 -1000.0000 	 -1000.0000 
	 46.1430 	 1.655512e-02 	 173.4327 	  1.2398 	 6.919905e+20 	 5.276820e+18 	 1.002079e-06 	 1.682749e-07 	 -1000.0000 	 -1000.0000 	 -1000.0000 	 -1000.0000 
	 46.3210 	 1.623494e-02 	 173.5303 	  1.2371 	 6.782275e+20 	 5.162575e+18 	 9.927269e-07 	 1.682657e-07 	 -1000.0000 	 -1000.0000 	 -1000.0000 	 -1000.0000 
	 46.4990 	 1.592121e-02 	 173.6193 	  1.2345 	 6.647826e+20 	 5.051813e+18 	 9.835877e-07 	 1.682604e-07 	 -1000.0000 	 -1000.0000 	 -1000.0000 	 -1000.0000 
	 47.1020 	 1.490212e-02 	 173.8537 	  1.2276 	 6.213929e+20 	 4.700976e+18 	 9.548542e-07 	 1.682980e-07 	 -1000.0000 	 -1000.0000 	 -1000.0000 	 -1000.0000 
	 47.2790 	 1.461492e-02 	 173.9036 	  1.2259 	 6.092397e+20 	 4.604081e+18 	 9.473439e-07 	 1.683545e-07 	 -1000.0000 	 -1000.0000 	 -1000.0000 	 -1000.0000 
	 47.4570 	 1.433154e-02 	 173.9473 	  1.2240 	 5.972739e+20 	 4.508318e+18 	 9.404209e-07 	 1.684668e-07 	 -1000.0000 	 -1000.0000 	 -1000.0000 	 -1000.0000 
	 47.6340 	 1.405520e-02 	 173.9861 	  1.2215 	 5.856258e+20 	 4.414047e+18 	 9.342914e-07 	 1.686565e-07 	 -1000.0000 	 -1000.0000 	 -1000.0000 	 -1000.0000 
	 47.8110 	 1.378436e-02 	 174.0217 	  1.2182 	 5.742235e+20 	 4.320013e+18 	 9.290420e-07 	 1.689468e-07 	 -1000.0000 	 -1000.0000 	 -1000.0000 	 -1000.0000 
	 48.3970 	 1.292742e-02 	 174.1373 	  1.1980 	 5.381766e+20 	 4.001749e+18 	 9.195011e-07 	 1.709071e-07 	 -1000.0000 	 -1000.0000 	 -1000.0000 	 -1000.0000 
	 48.5730 	 1.268184e-02 	 174.1739 	  1.1891 	 5.278438e+20 	 3.903777e+18 	 9.191162e-07 	 1.718536e-07 	 -1000.0000 	 -1000.0000 	 -1000.0000 	 -1000.0000 
	 48.7500 	 1.244002e-02 	 174.2099 	  1.1798 	 5.176723e+20 	 3.806232e+18 	 9.196157e-07 	 1.729733e-07 	 -1000.0000 	 -1000.0000 	 -1000.0000 	 -1000.0000 
	 48.9270 	 1.220310e-02 	 174.2432 	  1.1708 	 5.077156e+20 	 3.711227e+18 	 9.207973e-07 	 1.742576e-07 	 -1000.0000 	 -1000.0000 	 -1000.0000 	 -1000.0000 
	 49.1030 	 1.197215e-02 	 174.2722 	  1.1629 	 4.980222e+20 	 3.620819e+18 	 9.224433e-07 	 1.756940e-07 	 -1000.0000 	 -1000.0000 	 -1000.0000 	 -1000.0000 
	 49.7070 	 1.121137e-02 	 174.3192 	  1.1532 	 4.662468e+20 	 3.361989e+18 	 9.288902e-07 	 1.817785e-07 	 -1000.0000 	 -1000.0000 	 -1000.0000 	 -1000.0000 
	 49.8830 	 1.099820e-02 	 174.3117 	  1.1568 	 4.574041e+20 	 3.304720e+18 	 9.304036e-07 	 1.838448e-07 	 -1000.0000 	 -1000.0000 	 -1000.0000 	 -1000.0000 
	 50.0600 	 1.078757e-02 	 174.2925 	  1.1627 	 4.486977e+20 	 3.254001e+18 	 9.316961e-07 	 1.860098e-07 	 -1000.0000 	 -1000.0000 	 -1000.0000 	 -1000.0000 
	 50.2370 	 1.058069e-02 	 174.2603 	  1.1703 	 4.401776e+20 	 3.208921e+18 	 9.327590e-07 	 1.882313e-07 	 -1000.0000 	 -1000.0000 	 -1000.0000 	 -1000.0000 
	 50.4130 	 1.037865e-02 	 174.2145 	  1.1789 	 4.318896e+20 	 3.168442e+18 	 9.335889e-07 	 1.904661e-07 	 -1000.0000 	 -1000.0000 	 -1000.0000 	 -1000.0000 
	 52.2760 	 8.457529e-03 	 172.6041 	  1.1820 	 3.552141e+20 	 2.688143e+18 	 9.286657e-07 	 2.079630e-07 	 -1000.0000 	 -1000.0000 	 -1000.0000 	 -1000.0000 
	 52.4510 	 8.296656e-03 	 172.3251 	  1.1620 	 3.490178e+20 	 2.612618e+18 	 9.269596e-07 	 2.083872e-07 	 -1000.0000 	 -1000.0000 	 -1000.0000 	 -1000.0000 
	 52.6270 	 8.137902e-03 	 172.0246 	  1.1395 	 3.429353e+20 	 2.533098e+18 	 9.250756e-07 	 2.086130e-07 	 -1000.0000 	 -1000.0000 	 -1000.0000 	 -1000.0000 
	 52.8020 	 7.982913e-03 	 171.7085 	  1.1160 	 3.370231e+20 	 2.453049e+18 	 9.230600e-07 	 2.086832e-07 	 -1000.0000 	 -1000.0000 	 -1000.0000 	 -1000.0000 
	 52.9780 	 7.829761e-03 	 171.3757 	  1.0929 	 3.312005e+20 	 2.374140e+18 	 9.209153e-07 	 2.086444e-07 	 -1000.0000 	 -1000.0000 	 -1000.0000 	 -1000.0000 
	 53.5760 	 7.327677e-03 	 170.1687 	  1.0354 	 3.121714e+20 	 2.152174e+18 	 9.130889e-07 	 2.083010e-07 	 -1000.0000 	 -1000.0000 	 -1000.0000 	 -1000.0000 
	 53.7510 	 7.185671e-03 	 169.7995 	  1.0280 	 3.067894e+20 	 2.106498e+18 	 9.107443e-07 	 2.082683e-07 	 -1000.0000 	 -1000.0000 	 -1000.0000 	 -1000.0000 
	 53.9270 	 7.045107e-03 	 169.4200 	  1.0240 	 3.014629e+20 	 2.067848e+18 	 9.084119e-07 	 2.082778e-07 	 -1000.0000 	 -1000.0000 	 -1000.0000 	 -1000.0000 
	 54.1020 	 6.907617e-03 	 169.0335 	  1.0228 	 2.962557e+20 	 2.035124e+18 	 9.061466e-07 	 2.083274e-07 	 -1000.0000 	 -1000.0000 	 -1000.0000 	 -1000.0000 
	 54.2780 	 6.771666e-03 	 168.6344 	  1.0234 	 2.911115e+20 	 2.006402e+18 	 9.039511e-07 	 2.084159e-07 	 -1000.0000 	 -1000.0000 	 -1000.0000 	 -1000.0000 
	 54.8700 	 6.331935e-03 	 167.2018 	  1.0290 	 2.745331e+20 	 1.920510e+18 	 8.975568e-07 	 2.089758e-07 	 -1000.0000 	 -1000.0000 	 -1000.0000 	 -1000.0000 
	 55.0450 	 6.207160e-03 	 166.7508 	  1.0296 	 2.698492e+20 	 1.894279e+18 	 8.961061e-07 	 2.092296e-07 	 -1000.0000 	 -1000.0000 	 -1000.0000 	 -1000.0000 
	 55.2200 	 6.084677e-03 	 166.2899 	  1.0299 	 2.652563e+20 	 1.867738e+18 	 8.949567e-07 	 2.095458e-07 	 -1000.0000 	 -1000.0000 	 -1000.0000 	 -1000.0000 
	 55.3950 	 5.964417e-03 	 165.8213 	  1.0301 	 2.607483e+20 	 1.841250e+18 	 8.941706e-07 	 2.099393e-07 	 -1000.0000 	 -1000.0000 	 -1000.0000 	 -1000.0000 
	 55.5700 	 5.846316e-03 	 165.3469 	  1.0305 	 2.563191e+20 	 1.815178e+18 	 8.938095e-07 	 2.104253e-07 	 -1000.0000 	 -1000.0000 	 -1000.0000 	 -1000.0000 
	 56.1540 	 5.466958e-03 	 163.7487 	  1.0360 	 2.420328e+20 	 1.735727e+18 	 8.964541e-07 	 2.129062e-07 	 -1000.0000 	 -1000.0000 	 -1000.0000 	 -1000.0000 
	 56.3290 	 5.357469e-03 	 163.2691 	  1.0393 	 2.378839e+20 	 1.714776e+18 	 8.984864e-07 	 2.139324e-07 	 -1000.0000 	 -1000.0000 	 -1000.0000 	 -1000.0000 
	 56.5030 	 5.250433e-03 	 162.7898 	  1.0429 	 2.338184e+20 	 1.694770e+18 	 9.009721e-07 	 2.150630e-07 	 -1000.0000 	 -1000.0000 	 -1000.0000 	 -1000.0000 
	 56.6780 	 5.144572e-03 	 162.3036 	  1.0466 	 2.297904e+20 	 1.675084e+18 	 9.038580e-07 	 2.162952e-07 	 -1000.0000 	 -1000.0000 	 -1000.0000 	 -1000.0000 
	 56.8520 	 5.041050e-03 	 161.8143 	  1.0500 	 2.258465e+20 	 1.655549e+18 	 9.070306e-07 	 2.175991e-07 	 -1000.0000 	 -1000.0000 	 -1000.0000 	 -1000.0000 
	 57.4500 	 4.697827e-03 	 160.0632 	  1.0551 	 2.127679e+20 	 1.583401e+18 	 9.191370e-07 	 2.224647e-07 	 -1000.0000 	 -1000.0000 	 -1000.0000 	 -1000.0000 
	 57.6250 	 4.600964e-03 	 159.5256 	  1.0540 	 2.090827e+20 	 1.560004e+18 	 9.227847e-07 	 2.239550e-07 	 -1000.0000 	 -1000.0000 	 -1000.0000 	 -1000.0000 
	 57.8000 	 4.505754e-03 	 158.9769 	  1.0521 	 2.054630e+20 	 1.535937e+18 	 9.264418e-07 	 2.254708e-07 	 -1000.0000 	 -1000.0000 	 -1000.0000 	 -1000.0000 
	 57.9750 	 4.412229e-03 	 158.4173 	  1.0495 	 2.019093e+20 	 1.511524e+18 	 9.300998e-07 	 2.270123e-07 	 -1000.0000 	 -1000.0000 	 -1000.0000 	 -1000.0000 
	 58.1500 	 4.320422e-03 	 157.8475 	  1.0465 	 1.984224e+20 	 1.487092e+18 	 9.337502e-07 	 2.285799e-07 	 -1000.0000 	 -1000.0000 	 -1000.0000 	 -1000.0000 
	 58.7240 	 4.031723e-03 	 155.9129 	  1.0368 	 1.874593e+20 	 1.410770e+18 	 9.455662e-07 	 2.339073e-07 	 -1000.0000 	 -1000.0000 	 -1000.0000 	 -1000.0000 
	 58.8990 	 3.947481e-03 	 155.3099 	  1.0346 	 1.842531e+20 	 1.389443e+18 	 9.490929e-07 	 2.355872e-07 	 -1000.0000 	 -1000.0000 	 -1000.0000 	 -1000.0000 
	 59.0730 	 3.865340e-03 	 154.7120 	  1.0330 	 1.811148e+20 	 1.369082e+18 	 9.525549e-07 	 2.372814e-07 	 -1000.0000 	 -1000.0000 	 -1000.0000 	 -1000.0000 
	 59.2480 	 3.784262e-03 	 154.1177 	  1.0319 	 1.779989e+20 	 1.349357e+18 	 9.559875e-07 	 2.390077e-07 	 -1000.0000 	 -1000.0000 	 -1000.0000 	 -1000.0000 
	 59.4220 	 3.705079e-03 	 153.5389 	  1.0313 	 1.749319e+20 	 1.330393e+18 	 9.593467e-07 	 2.407451e-07 	 -1000.0000 	 -1000.0000 	 -1000.0000 	 -1000.0000 
	 60.0190 	 3.442998e-03 	 151.7148 	  1.0346 	 1.645193e+20 	 1.268900e+18 	 9.704041e-07 	 2.468457e-07 	 -1000.0000 	 -1000.0000 	 -1000.0000 	 -1000.0000 
	 60.1930 	 3.369177e-03 	 151.2439 	  1.0370 	 1.614949e+20 	 1.251594e+18 	 9.734915e-07 	 2.486672e-07 	 -1000.0000 	 -1000.0000 	 -1000.0000 	 -1000.0000 
	 60.3670 	 3.296539e-03 	 150.7996 	  1.0396 	 1.584799e+20 	 1.234343e+18 	 9.765369e-07 	 2.505173e-07 	 -1000.0000 	 -1000.0000 	 -1000.0000 	 -1000.0000 
	 60.5410 	 3.225123e-03 	 150.3802 	  1.0425 	 1.554793e+20 	 1.217020e+18 	 9.795541e-07 	 2.524026e-07 	 -1000.0000 	 -1000.0000 	 -1000.0000 	 -1000.0000 
	 60.7140 	 3.155367e-03 	 149.9865 	  1.0452 	 1.525152e+20 	 1.199597e+18 	 9.825396e-07 	 2.543183e-07 	 -1000.0000 	 -1000.0000 	 -1000.0000 	 -1000.0000 
	 61.3030 	 2.927706e-03 	 148.7989 	  1.0514 	 1.426334e+20 	 1.137117e+18 	 9.927696e-07 	 2.612310e-07 	 -1000.0000 	 -1000.0000 	 -1000.0000 	 -1000.0000 
	 61.4770 	 2.863449e-03 	 148.4916 	  1.0518 	 1.397891e+20 	 1.117431e+18 	 9.957931e-07 	 2.633946e-07 	 -1000.0000 	 -1000.0000 	 -1000.0000 	 -1000.0000 
	 61.6500 	 2.800900e-03 	 148.2092 	  1.0517 	 1.369943e+20 	 1.097370e+18 	 9.987244e-07 	 2.655851e-07 	 -1000.0000 	 -1000.0000 	 -1000.0000 	 -1000.0000 
	 61.8230 	 2.739670e-03 	 147.9527 	  1.0510 	 1.342311e+20 	 1.076892e+18 	 1.001528e-06 	 2.678034e-07 	 -1000.0000 	 -1000.0000 	 -1000.0000 	 -1000.0000 
	 61.9970 	 2.679396e-03 	 147.7236 	  1.0498 	 1.314822e+20 	 1.055945e+18 	 1.004165e-06 	 2.700508e-07 	 -1000.0000 	 -1000.0000 	 -1000.0000 	 -1000.0000 
	 62.5730 	 2.489016e-03 	 147.2043 	  1.0439 	 1.225813e+20 	 9.850075e+17 	 1.010914e-06 	 2.774589e-07 	 -1000.0000 	 -1000.0000 	 -1000.0000 	 -1000.0000 
	 62.7470 	 2.434189e-03 	 147.1201 	  1.0417 	 1.199535e+20 	 9.633718e+17 	 1.012213e-06 	 2.796525e-07 	 -1000.0000 	 -1000.0000 	 -1000.0000 	 -1000.0000 
	 62.9200 	 2.380866e-03 	 147.0607 	  1.0393 	 1.173755e+20 	 9.418953e+17 	 1.013157e-06 	 2.818068e-07 	 -1000.0000 	 -1000.0000 	 -1000.0000 	 -1000.0000 
	 63.0930 	 2.328702e-03 	 147.0187 	  1.0366 	 1.148370e+20 	 9.205269e+17 	 1.013762e-06 	 2.839324e-07 	 -1000.0000 	 -1000.0000 	 -1000.0000 	 -1000.0000 
	 63.2670 	 2.277380e-03 	 146.9873 	  1.0336 	 1.123285e+20 	 8.992182e+17 	 1.014035e-06 	 2.860394e-07 	 -1000.0000 	 -1000.0000 	 -1000.0000 	 -1000.0000 
	 63.8530 	 2.112605e-03 	 146.8738 	  1.0215 	 1.042725e+20 	 8.297777e+17 	 1.012566e-06 	 2.928822e-07 	 -1000.0000 	 -1000.0000 	 -1000.0000 	 -1000.0000 
	 64.0270 	 2.065976e-03 	 146.8189 	  1.0173 	 1.020085e+20 	 8.100855e+17 	 1.011492e-06 	 2.948467e-07 	 -1000.0000 	 -1000.0000 	 -1000.0000 	 -1000.0000 
	 64.2000 	 2.020620e-03 	 146.7531 	  1.0131 	 9.981404e+19 	 7.909833e+17 	 1.010212e-06 	 2.967877e-07 	 -1000.0000 	 -1000.0000 	 -1000.0000 	 -1000.0000 
	 64.3730 	 1.976245e-03 	 146.6768 	  1.0088 	 9.767374e+19 	 7.723795e+17 	 1.008767e-06 	 2.987293e-07 	 -1000.0000 	 -1000.0000 	 -1000.0000 	 -1000.0000 
	 64.5470 	 1.932584e-03 	 146.5897 	  1.0045 	 9.557358e+19 	 7.541936e+17 	 1.007200e-06 	 3.006955e-07 	 -1000.0000 	 -1000.0000 	 -1000.0000 	 -1000.0000 
	 65.1180 	 1.795883e-03 	 146.2373 	  0.9920 	 8.902511e+19 	 6.984780e+17 	 1.001854e-06 	 3.073970e-07 	 -1000.0000 	 -1000.0000 	 -1000.0000 	 -1000.0000 
	 65.2910 	 1.756376e-03 	 146.1161 	  0.9887 	 8.713623e+19 	 6.827314e+17 	 1.000287e-06 	 3.095264e-07 	 -1000.0000 	 -1000.0000 	 -1000.0000 	 -1000.0000 
	 65.4630 	 1.717937e-03 	 145.9951 	  0.9854 	 8.529744e+19 	 6.674297e+17 	 9.987370e-07 	 3.116774e-07 	 -1000.0000 	 -1000.0000 	 -1000.0000 	 -1000.0000 
	 65.6360 	 1.680097e-03 	 145.8771 	  0.9818 	 8.348457e+19 	 6.522763e+17 	 9.971663e-07 	 3.138646e-07 	 -1000.0000 	 -1000.0000 	 -1000.0000 	 -1000.0000 
	 65.8090 	 1.643056e-03 	 145.7671 	  0.9778 	 8.170564e+19 	 6.372413e+17 	 9.955633e-07 	 3.160653e-07 	 -1000.0000 	 -1000.0000 	 -1000.0000 	 -1000.0000 
	 66.3920 	 1.523814e-03 	 145.5064 	  0.9580 	 7.592532e+19 	 5.859279e+17 	 9.896684e-07 	 3.234472e-07 	 -1000.0000 	 -1000.0000 	 -1000.0000 	 -1000.0000 
	 66.5640 	 1.490203e-03 	 145.4555 	  0.9501 	 7.428250e+19 	 5.704902e+17 	 9.877835e-07 	 3.256059e-07 	 -1000.0000 	 -1000.0000 	 -1000.0000 	 -1000.0000 
	 66.7370 	 1.457097e-03 	 145.3917 	  0.9415 	 7.266819e+19 	 5.551129e+17 	 9.858951e-07 	 3.277940e-07 	 -1000.0000 	 -1000.0000 	 -1000.0000 	 -1000.0000 
	 66.9090 	 1.424871e-03 	 145.2984 	  0.9328 	 7.110784e+19 	 5.401897e+17 	 9.840786e-07 	 3.300055e-07 	 -1000.0000 	 -1000.0000 	 -1000.0000 	 -1000.0000 
	 67.0810 	 1.393323e-03 	 145.1582 	  0.9241 	 6.959874e+19 	 5.258462e+17 	 9.823765e-07 	 3.322721e-07 	 -1000.0000 	 -1000.0000 	 -1000.0000 	 -1000.0000 
	 67.6670 	 1.290809e-03 	 144.1019 	  0.8987 	 6.493066e+19 	 4.841808e+17 	 9.781471e-07 	 3.406624e-07 	 -1000.0000 	 -1000.0000 	 -1000.0000 	 -1000.0000 
	 67.8380 	 1.262291e-03 	 143.5942 	  0.8935 	 6.371555e+19 	 4.746047e+17 	 9.774979e-07 	 3.433502e-07 	 -1000.0000 	 -1000.0000 	 -1000.0000 	 -1000.0000 
	 68.0100 	 1.234202e-03 	 143.0136 	  0.8894 	 6.254793e+19 	 4.660248e+17 	 9.770907e-07 	 3.461541e-07 	 -1000.0000 	 -1000.0000 	 -1000.0000 	 -1000.0000 
	 68.1820 	 1.206685e-03 	 142.3805 	  0.8866 	 6.142531e+19 	 4.583718e+17 	 9.769052e-07 	 3.490490e-07 	 -1000.0000 	 -1000.0000 	 -1000.0000 	 -1000.0000 
	 68.3530 	 1.179869e-03 	 141.7163 	  0.8850 	 6.034416e+19 	 4.515547e+17 	 9.769156e-07 	 3.520074e-07 	 -1000.0000 	 -1000.0000 	 -1000.0000 	 -1000.0000 
	 68.9270 	 1.093473e-03 	 139.4569 	  0.8895 	 5.684626e+19 	 4.328024e+17 	 9.780530e-07 	 3.624002e-07 	 -1000.0000 	 -1000.0000 	 -1000.0000 	 -1000.0000 
	 69.0980 	 1.068732e-03 	 138.8178 	  0.8936 	 5.581855e+19 	 4.280325e+17 	 9.786417e-07 	 3.656105e-07 	 -1000.0000 	 -1000.0000 	 -1000.0000 	 -1000.0000 
	 69.2700 	 1.044286e-03 	 138.1875 	  0.8987 	 5.479181e+19 	 4.234939e+17 	 9.793292e-07 	 3.688948e-07 	 -1000.0000 	 -1000.0000 	 -1000.0000 	 -1000.0000 
	 69.4420 	 1.020271e-03 	 137.5643 	  0.9045 	 5.377421e+19 	 4.191601e+17 	 9.801035e-07 	 3.722381e-07 	 -1000.0000 	 -1000.0000 	 -1000.0000 	 -1000.0000 
	 69.6130 	 9.968136e-04 	 136.9460 	  0.9107 	 5.277375e+19 	 4.150003e+17 	 9.809508e-07 	 3.756238e-07 	 -1000.0000 	 -1000.0000 	 -1000.0000 	 -1000.0000 
	 70.2010 	 9.192048e-04 	 134.7562 	  0.9321 	 4.944770e+19 	 4.010868e+17 	 9.843352e-07 	 3.877853e-07 	 -1000.0000 	 -1000.0000 	 -1000.0000 	 -1000.0000 
	 70.3720 	 8.974984e-04 	 134.0903 	  0.9377 	 4.851819e+19 	 3.969853e+17 	 9.854310e-07 	 3.914885e-07 	 -1000.0000 	 -1000.0000 	 -1000.0000 	 -1000.0000 
	 70.5430 	 8.761837e-04 	 133.4175 	  0.9429 	 4.760398e+19 	 3.928293e+17 	 9.865743e-07 	 3.952750e-07 	 -1000.0000 	 -1000.0000 	 -1000.0000 	 -1000.0000 
	 70.7140 	 8.552646e-04 	 132.7433 	  0.9478 	 4.670347e+19 	 3.886101e+17 	 9.877653e-07 	 3.991495e-07 	 -1000.0000 	 -1000.0000 	 -1000.0000 	 -1000.0000 
	 70.8860 	 8.346262e-04 	 132.0693 	  0.9525 	 4.580990e+19 	 3.842941e+17 	 9.890114e-07 	 4.031403e-07 	 -1000.0000 	 -1000.0000 	 -1000.0000 	 -1000.0000 
	 71.4510 	 7.697219e-04 	 129.9505 	  0.9661 	 4.294099e+19 	 3.695132e+17 	 9.934425e-07 	 4.169700e-07 	 -1000.0000 	 -1000.0000 	 -1000.0000 	 -1000.0000 
	 71.6220 	 7.509540e-04 	 129.3519 	  0.9701 	 4.208875e+19 	 3.649094e+17 	 9.948705e-07 	 4.213841e-07 	 -1000.0000 	 -1000.0000 	 -1000.0000 	 -1000.0000 
	 71.7930 	 7.325825e-04 	 128.7734 	  0.9745 	 4.124401e+19 	 3.603472e+17 	 9.963174e-07 	 4.259025e-07 	 -1000.0000 	 -1000.0000 	 -1000.0000 	 -1000.0000 
	 71.9640 	 7.145995e-04 	 128.2141 	  0.9796 	 4.040714e+19 	 3.558972e+17 	 9.977689e-07 	 4.305228e-07 	 -1000.0000 	 -1000.0000 	 -1000.0000 	 -1000.0000 
	 72.1360 	 6.968954e-04 	 127.6700 	  0.9856 	 3.957365e+19 	 3.516058e+17 	 9.992188e-07 	 4.352708e-07 	 -1000.0000 	 -1000.0000 	 -1000.0000 	 -1000.0000 
	 72.7160 	 6.399292e-04 	 125.9602 	  1.0170 	 3.682873e+19 	 3.394130e+17 	 1.003842e-06 	 4.519977e-07 	 -1000.0000 	 -1000.0000 	 -1000.0000 	 -1000.0000 
	 72.8860 	 6.240037e-04 	 125.4973 	  1.0297 	 3.604360e+19 	 3.365696e+17 	 1.005079e-06 	 4.571118e-07 	 -1000.0000 	 -1000.0000 	 -1000.0000 	 -1000.0000 
	 73.0570 	 6.083280e-04 	 125.0547 	  1.0435 	 3.526176e+19 	 3.338721e+17 	 1.006264e-06 	 4.623641e-07 	 -1000.0000 	 -1000.0000 	 -1000.0000 	 -1000.0000 
	 73.2270 	 5.930805e-04 	 124.6416 	  1.0579 	 3.449163e+19 	 3.312235e+17 	 1.007384e-06 	 4.677011e-07 	 -1000.0000 	 -1000.0000 	 -1000.0000 	 -1000.0000 
	 73.3980 	 5.780771e-04 	 124.2570 	  1.0725 	 3.372342e+19 	 3.284631e+17 	 1.008453e-06 	 4.731936e-07 	 -1000.0000 	 -1000.0000 	 -1000.0000 	 -1000.0000 
	 73.9800 	 5.294578e-04 	 123.2328 	  1.1173 	 3.114790e+19 	 3.166265e+17 	 1.011657e-06 	 4.929258e-07 	 -1000.0000 	 -1000.0000 	 -1000.0000 	 -1000.0000 
	 74.1500 	 5.159565e-04 	 123.0215 	  1.1278 	 3.040700e+19 	 3.121706e+17 	 1.012466e-06 	 4.990016e-07 	 -1000.0000 	 -1000.0000 	 -1000.0000 	 -1000.0000 
	 74.3200 	 5.027714e-04 	 122.8420 	  1.1372 	 2.967400e+19 	 3.073471e+17 	 1.013218e-06 	 5.052012e-07 	 -1000.0000 	 -1000.0000 	 -1000.0000 	 -1000.0000 
	 74.4900 	 4.899034e-04 	 122.6882 	  1.1457 	 2.895087e+19 	 3.022390e+17 	 1.013912e-06 	 5.115115e-07 	 -1000.0000 	 -1000.0000 	 -1000.0000 	 -1000.0000 
	 74.6600 	 4.773531e-04 	 122.5539 	  1.1534 	 2.823957e+19 	 2.969293e+17 	 1.014548e-06 	 5.179191e-07 	 -1000.0000 	 -1000.0000 	 -1000.0000 	 -1000.0000 
	 75.2240 	 4.379996e-04 	 122.1710 	  1.1750 	 2.598926e+19 	 2.789116e+17 	 1.016239e-06 	 5.397101e-07 	 -1000.0000 	 -1000.0000 	 -1000.0000 	 -1000.0000 
	 75.3940 	 4.268143e-04 	 122.0565 	  1.1808 	 2.534877e+19 	 2.736076e+17 	 1.016622e-06 	 5.464058e-07 	 -1000.0000 	 -1000.0000 	 -1000.0000 	 -1000.0000 
	 75.5630 	 4.159865e-04 	 121.9400 	  1.1866 	 2.472904e+19 	 2.684425e+17 	 1.016946e-06 	 5.531217e-07 	 -1000.0000 	 -1000.0000 	 -1000.0000 	 -1000.0000 
	 75.7330 	 4.053750e-04 	 121.8193 	  1.1924 	 2.412209e+19 	 2.633723e+17 	 1.017214e-06 	 5.599407e-07 	 -1000.0000 	 -1000.0000 	 -1000.0000 	 -1000.0000 
	 75.9020 	 3.950916e-04 	 121.6947 	  1.1985 	 2.353442e+19 	 2.584741e+17 	 1.017425e-06 	 5.667857e-07 	 -1000.0000 	 -1000.0000 	 -1000.0000 	 -1000.0000 
	 76.4840 	 3.615281e-04 	 121.2186 	  1.2229 	 2.162192e+19 	 2.429233e+17 	 1.017735e-06 	 5.909093e-07 	 -1000.0000 	 -1000.0000 	 -1000.0000 	 -1000.0000 
	 76.6540 	 3.522235e-04 	 121.0581 	  1.2314 	 2.109426e+19 	 2.388181e+17 	 1.017714e-06 	 5.981320e-07 	 -1000.0000 	 -1000.0000 	 -1000.0000 	 -1000.0000 
	 76.8230 	 3.431886e-04 	 120.8818 	  1.2405 	 2.058379e+19 	 2.349395e+17 	 1.017655e-06 	 6.053999e-07 	 -1000.0000 	 -1000.0000 	 -1000.0000 	 -1000.0000 
	 76.9930 	 3.343131e-04 	 120.6830 	  1.2503 	 2.008477e+19 	 2.312423e+17 	 1.017567e-06 	 6.128042e-07 	 -1000.0000 	 -1000.0000 	 -1000.0000 	 -1000.0000 
	 77.1620 	 3.256982e-04 	 120.4594 	  1.2605 	 1.960335e+19 	 2.277707e+17 	 1.017458e-06 	 6.202627e-07 	 -1000.0000 	 -1000.0000 	 -1000.0000 	 -1000.0000 
	 77.7240 	 2.985034e-04 	 119.4745 	  1.2978 	 1.811070e+19 	 2.176883e+17 	 1.017046e-06 	 6.458303e-07 	 -1000.0000 	 -1000.0000 	 -1000.0000 	 -1000.0000 
	 77.8940 	 2.907026e-04 	 119.1054 	  1.3099 	 1.769051e+19 	 2.150228e+17 	 1.016907e-06 	 6.538055e-07 	 -1000.0000 	 -1000.0000 	 -1000.0000 	 -1000.0000 
	 78.0630 	 2.831344e-04 	 118.7245 	  1.3221 	 1.728417e+19 	 2.124665e+17 	 1.016736e-06 	 6.618400e-07 	 -1000.0000 	 -1000.0000 	 -1000.0000 	 -1000.0000 
	 78.2330 	 2.757038e-04 	 118.3411 	  1.3345 	 1.688476e+19 	 2.099323e+17 	 1.016510e-06 	 6.700246e-07 	 -1000.0000 	 -1000.0000 	 -1000.0000 	 -1000.0000 
	 78.4020 	 2.684925e-04 	 117.9733 	  1.3468 	 1.649486e+19 	 2.073936e+17 	 1.016212e-06 	 6.782587e-07 	 -1000.0000 	 -1000.0000 	 -1000.0000 	 -1000.0000 
	 78.9790 	 2.451177e-04 	 116.9992 	  1.3875 	 1.518962e+19 	 1.978325e+17 	 1.014380e-06 	 7.070508e-07 	 -1000.0000 	 -1000.0000 	 -1000.0000 	 -1000.0000 
	 79.1480 	 2.386210e-04 	 116.8248 	  1.3988 	 1.481053e+19 	 1.946541e+17 	 1.013576e-06 	 7.156811e-07 	 -1000.0000 	 -1000.0000 	 -1000.0000 	 -1000.0000 
	 79.3170 	 2.322822e-04 	 116.6894 	  1.4098 	 1.443462e+19 	 1.913530e+17 	 1.012682e-06 	 7.244146e-07 	 -1000.0000 	 -1000.0000 	 -1000.0000 	 -1000.0000 
	 79.4860 	 2.261019e-04 	 116.5826 	  1.4207 	 1.406351e+19 	 1.879733e+17 	 1.011726e-06 	 7.332613e-07 	 -1000.0000 	 -1000.0000 	 -1000.0000 	 -1000.0000 
	 79.6540 	 2.201160e-04 	 116.4944 	  1.4313 	 1.370093e+19 	 1.845795e+17 	 1.010738e-06 	 7.421779e-07 	 -1000.0000 	 -1000.0000 	 -1000.0000 	 -1000.0000 
	 80.2130 	 2.013394e-04 	 116.2028 	  1.4660 	 1.255963e+19 	 1.735870e+17 	 1.007510e-06 	 7.728497e-07 	 -1000.0000 	 -1000.0000 	 -1000.0000 	 -1000.0000 
	 80.3820 	 1.960024e-04 	 116.0919 	  1.4763 	 1.223764e+19 	 1.704523e+17 	 1.006623e-06 	 7.824614e-07 	 -1000.0000 	 -1000.0000 	 -1000.0000 	 -1000.0000 
	 80.5500 	 1.908431e-04 	 115.9753 	  1.4865 	 1.192716e+19 	 1.674031e+17 	 1.005793e-06 	 7.921854e-07 	 -1000.0000 	 -1000.0000 	 -1000.0000 	 -1000.0000 
	 80.7180 	 1.858223e-04 	 115.8573 	  1.4964 	 1.162528e+19 	 1.643987e+17 	 1.005013e-06 	 8.020851e-07 	 -1000.0000 	 -1000.0000 	 -1000.0000 	 -1000.0000 
	 80.8870 	 1.809041e-04 	 115.7421 	  1.5062 	 1.132927e+19 	 1.613996e+17 	 1.004282e-06 	 8.122279e-07 	 -1000.0000 	 -1000.0000 	 -1000.0000 	 -1000.0000 
	 81.4630 	 1.650446e-04 	 115.4413 	  1.5367 	 1.036485e+19 	 1.510552e+17 	 1.002199e-06 	 8.482800e-07 	 -1000.0000 	 -1000.0000 	 -1000.0000 	 -1000.0000 
	 81.6320 	 1.606359e-04 	 115.3954 	  1.5446 	 1.009219e+19 	 1.479227e+17 	 1.001707e-06 	 8.593135e-07 	 -1000.0000 	 -1000.0000 	 -1000.0000 	 -1000.0000 
	 81.8000 	 1.563618e-04 	 115.3717 	  1.5518 	 9.825711e+18 	 1.447626e+17 	 1.001265e-06 	 8.704889e-07 	 -1000.0000 	 -1000.0000 	 -1000.0000 	 -1000.0000 
	 81.9680 	 1.521964e-04 	 115.3708 	  1.5584 	 9.563948e+18 	 1.415596e+17 	 1.000866e-06 	 8.818710e-07 	 -1000.0000 	 -1000.0000 	 -1000.0000 	 -1000.0000 
	 82.1370 	 1.481165e-04 	 115.3940 	  1.5642 	 9.305549e+18 	 1.382974e+17 	 1.000504e-06 	 8.935294e-07 	 -1000.0000 	 -1000.0000 	 -1000.0000 	 -1000.0000 
	 82.7080 	 1.351559e-04 	 115.6628 	  1.5774 	 8.471159e+18 	 1.270195e+17 	 9.995163e-07 	 9.344702e-07 	 -1000.0000 	 -1000.0000 	 -1000.0000 	 -1000.0000 
	 82.8760 	 1.315827e-04 	 115.8003 	  1.5791 	 8.237410e+18 	 1.236444e+17 	 9.992907e-07 	 9.469800e-07 	 -1000.0000 	 -1000.0000 	 -1000.0000 	 -1000.0000 
	 83.0430 	 1.281343e-04 	 115.9632 	  1.5799 	 8.010281e+18 	 1.202776e+17 	 9.991055e-07 	 9.596364e-07 	 -1000.0000 	 -1000.0000 	 -1000.0000 	 -1000.0000 
	 83.2110 	 1.247659e-04 	 116.1532 	  1.5799 	 7.786973e+18 	 1.168876e+17 	 9.989663e-07 	 9.725987e-07 	 -1000.0000 	 -1000.0000 	 -1000.0000 	 -1000.0000 
	 83.3790 	 1.214952e-04 	 116.3690 	  1.5790 	 7.568785e+18 	 1.135034e+17 	 9.988817e-07 	 9.857999e-07 	 -1000.0000 	 -1000.0000 	 -1000.0000 	 -1000.0000 
	 83.9380 	 1.112732e-04 	 117.2700 	  1.5704 	 6.878664e+18 	 1.023950e+17 	 9.990902e-07 	 1.031547e-06 	 -1000.0000 	 -1000.0000 	 -1000.0000 	 -1000.0000 
	 84.1060 	 1.083881e-04 	 117.5950 	  1.5663 	 6.681770e+18 	 9.913023e+16 	 9.993240e-07 	 1.045877e-06 	 -1000.0000 	 -1000.0000 	 -1000.0000 	 -1000.0000 
	 84.2730 	 1.056017e-04 	 117.9429 	  1.5615 	 6.490766e+18 	 9.592588e+16 	 9.996408e-07 	 1.060408e-06 	 -1000.0000 	 -1000.0000 	 -1000.0000 	 -1000.0000 
	 84.4410 	 1.028784e-04 	 118.3179 	  1.5559 	 6.303316e+18 	 9.274679e+16 	 1.000047e-06 	 1.075324e-06 	 -1000.0000 	 -1000.0000 	 -1000.0000 	 -1000.0000 
	 84.6090 	 1.002331e-04 	 118.7180 	  1.5496 	 6.120527e+18 	 8.961551e+16 	 1.000544e-06 	 1.090553e-06 	 -1000.0000 	 -1000.0000 	 -1000.0000 	 -1000.0000 
	 85.1770 	 9.183801e-05 	 120.2569 	  1.5230 	 5.536399e+18 	 7.942634e+16 	 1.002925e-06 	 1.144496e-06 	 -1000.0000 	 -1000.0000 	 -1000.0000 	 -1000.0000 
	 85.3430 	 8.953678e-05 	 120.7562 	  1.5137 	 5.375503e+18 	 7.658155e+16 	 1.003823e-06 	 1.161004e-06 	 -1000.0000 	 -1000.0000 	 -1000.0000 	 -1000.0000 
	 85.5100 	 8.728838e-05 	 121.2743 	  1.5038 	 5.218226e+18 	 7.379264e+16 	 1.004804e-06 	 1.177947e-06 	 -1000.0000 	 -1000.0000 	 -1000.0000 	 -1000.0000 
	 85.6770 	 8.510543e-05 	 121.8035 	  1.4936 	 5.065631e+18 	 7.108459e+16 	 1.005853e-06 	 1.195221e-06 	 -1000.0000 	 -1000.0000 	 -1000.0000 	 -1000.0000 
	 85.8430 	 8.299898e-05 	 122.3362 	  1.4830 	 4.918673e+18 	 6.848044e+16 	 1.006955e-06 	 1.212715e-06 	 -1000.0000 	 -1000.0000 	 -1000.0000 	 -1000.0000 
	 86.4020 	 7.635178e-05 	 124.1188 	  1.4465 	 4.459439e+18 	 6.045166e+16 	 1.010964e-06 	 1.273927e-06 	 -1000.0000 	 -1000.0000 	 -1000.0000 	 -1000.0000 
	 86.5690 	 7.449287e-05 	 124.6315 	  1.4359 	 4.332980e+18 	 5.829858e+16 	 1.012223e-06 	 1.292892e-06 	 -1000.0000 	 -1000.0000 	 -1000.0000 	 -1000.0000 
	 86.7370 	 7.267781e-05 	 125.1314 	  1.4260 	 4.210548e+18 	 5.625241e+16 	 1.013512e-06 	 1.312287e-06 	 -1000.0000 	 -1000.0000 	 -1000.0000 	 -1000.0000 
	 86.9040 	 7.092584e-05 	 125.6092 	  1.4172 	 4.093454e+18 	 5.433992e+16 	 1.014817e-06 	 1.331886e-06 	 -1000.0000 	 -1000.0000 	 -1000.0000 	 -1000.0000 
	 87.0710 	 6.922365e-05 	 126.0645 	  1.4098 	 3.980806e+18 	 5.255093e+16 	 1.016143e-06 	 1.351805e-06 	 -1000.0000 	 -1000.0000 	 -1000.0000 	 -1000.0000 
	 87.6370 	 6.379378e-05 	 127.3955 	  1.4003 	 3.630102e+18 	 4.743559e+16 	 1.020783e-06 	 1.421742e-06 	 -1000.0000 	 -1000.0000 	 -1000.0000 	 -1000.0000 
	 87.8030 	 6.229263e-05 	 127.7160 	  1.4028 	 3.535715e+18 	 4.620630e+16 	 1.022202e-06 	 1.443011e-06 	 -1000.0000 	 -1000.0000 	 -1000.0000 	 -1000.0000 
	 87.9700 	 6.082173e-05 	 128.0086 	  1.4075 	 3.444293e+18 	 4.507545e+16 	 1.023681e-06 	 1.464808e-06 	 -1000.0000 	 -1000.0000 	 -1000.0000 	 -1000.0000 
	 88.1370 	 5.938898e-05 	 128.2731 	  1.4141 	 3.356215e+18 	 4.403808e+16 	 1.025230e-06 	 1.487042e-06 	 -1000.0000 	 -1000.0000 	 -1000.0000 	 -1000.0000 
	 88.3030 	 5.800143e-05 	 128.5103 	  1.4223 	 3.271780e+18 	 4.308695e+16 	 1.026856e-06 	 1.509611e-06 	 -1000.0000 	 -1000.0000 	 -1000.0000 	 -1000.0000 
	 88.8710 	 5.351329e-05 	 129.1558 	  1.4601 	 3.003685e+18 	 4.026570e+16 	 1.033299e-06 	 1.590852e-06 	 -1000.0000 	 -1000.0000 	 -1000.0000 	 -1000.0000 
	 89.0370 	 5.227304e-05 	 129.3039 	  1.4728 	 2.930715e+18 	 3.952181e+16 	 1.035523e-06 	 1.615960e-06 	 -1000.0000 	 -1000.0000 	 -1000.0000 	 -1000.0000 
	 89.2030 	 5.106345e-05 	 129.4375 	  1.4853 	 2.859944e+18 	 3.879737e+16 	 1.037952e-06 	 1.641823e-06 	 -1000.0000 	 -1000.0000 	 -1000.0000 	 -1000.0000 
	 89.3690 	 4.988365e-05 	 129.5587 	  1.4973 	 2.791254e+18 	 3.808358e+16 	 1.040619e-06 	 1.668523e-06 	 -1000.0000 	 -1000.0000 	 -1000.0000 	 -1000.0000 
	 89.5360 	 4.872595e-05 	 129.6701 	  1.5083 	 2.724133e+18 	 3.736737e+16 	 1.043572e-06 	 1.696313e-06 	 -1000.0000 	 -1000.0000 	 -1000.0000 	 -1000.0000 
	 90.0910 	 4.507784e-05 	 129.9928 	  1.5308 	 2.513839e+18 	 3.488913e+16 	 1.055724e-06 	 1.796425e-06 	 -1000.0000 	 -1000.0000 	 -1000.0000 	 -1000.0000 
	 90.2570 	 4.404326e-05 	 130.0862 	  1.5324 	 2.454322e+18 	 3.409952e+16 	 1.060081e-06 	 1.828824e-06 	 -1000.0000 	 -1000.0000 	 -1000.0000 	 -1000.0000 
	 90.4230 	 4.303366e-05 	 130.1859 	  1.5320 	 2.396181e+18 	 3.329273e+16 	 1.064694e-06 	 1.862246e-06 	 -1000.0000 	 -1000.0000 	 -1000.0000 	 -1000.0000 
	 90.5890 	 4.204851e-05 	 130.2968 	  1.5299 	 2.339317e+18 	 3.247398e+16 	 1.069504e-06 	 1.896603e-06 	 -1000.0000 	 -1000.0000 	 -1000.0000 	 -1000.0000 
	 90.7560 	 4.108154e-05 	 130.4246 	  1.5264 	 2.283297e+18 	 3.164345e+16 	 1.074482e-06 	 1.932019e-06 	 -1000.0000 	 -1000.0000 	 -1000.0000 	 -1000.0000 
	 91.3160 	 3.800842e-05 	 131.0348 	  1.5098 	 2.102852e+18 	 2.887642e+16 	 1.091436e-06 	 2.055868e-06 	 -1000.0000 	 -1000.0000 	 -1000.0000 	 -1000.0000 
	 91.4810 	 3.715088e-05 	 131.2782 	  1.5044 	 2.051639e+18 	 2.808218e+16 	 1.096362e-06 	 2.093665e-06 	 -1000.0000 	 -1000.0000 	 -1000.0000 	 -1000.0000 
	 91.6470 	 3.630956e-05 	 131.5490 	  1.4987 	 2.001066e+18 	 2.729587e+16 	 1.101294e-06 	 2.132351e-06 	 -1000.0000 	 -1000.0000 	 -1000.0000 	 -1000.0000 
	 91.8120 	 3.549430e-05 	 131.8408 	  1.4929 	 1.951798e+18 	 2.652798e+16 	 1.106189e-06 	 2.171518e-06 	 -1000.0000 	 -1000.0000 	 -1000.0000 	 -1000.0000 
	 91.9780 	 3.469495e-05 	 132.1537 	  1.4867 	 1.903293e+18 	 2.577021e+16 	 1.111126e-06 	 2.211700e-06 	 -1000.0000 	 -1000.0000 	 -1000.0000 	 -1000.0000 
	 92.5300 	 3.218330e-05 	 133.2936 	  1.4639 	 1.750355e+18 	 2.336985e+16 	 1.127845e-06 	 2.351656e-06 	 -1000.0000 	 -1000.0000 	 -1000.0000 	 -1000.0000 
	 92.6950 	 3.147462e-05 	 133.6525 	  1.4563 	 1.707252e+18 	 2.269060e+16 	 1.132958e-06 	 2.395491e-06 	 -1000.0000 	 -1000.0000 	 -1000.0000 	 -1000.0000 
	 92.8600 	 3.078405e-05 	 134.0152 	  1.4484 	 1.665317e+18 	 2.202894e+16 	 1.138098e-06 	 2.440187e-06 	 -1000.0000 	 -1000.0000 	 -1000.0000 	 -1000.0000 
	 93.0250 	 3.011083e-05 	 134.3794 	  1.4403 	 1.624516e+18 	 2.138467e+16 	 1.143241e-06 	 2.485692e-06 	 -1000.0000 	 -1000.0000 	 -1000.0000 	 -1000.0000 
	 93.1900 	 2.945416e-05 	 134.7427 	  1.4320 	 1.584816e+18 	 2.075758e+16 	 1.148367e-06 	 2.531955e-06 	 -1000.0000 	 -1000.0000 	 -1000.0000 	 -1000.0000 
	 93.7540 	 2.732404e-05 	 135.9469 	  1.4027 	 1.456950e+18 	 1.874061e+16 	 1.165486e-06 	 2.695180e-06 	 -1000.0000 	 -1000.0000 	 -1000.0000 	 -1000.0000 
	 93.9190 	 2.673202e-05 	 136.2911 	  1.3937 	 1.421660e+18 	 1.818438e+16 	 1.170434e-06 	 2.744698e-06 	 -1000.0000 	 -1000.0000 	 -1000.0000 	 -1000.0000 
