	 height_(km) 	 press_(mbar) 	 temp_(K) 	 temperr_(K) 	 numdens_(m-3) 	 numdenserr_(m-3) 	 H2Ovmr_() 	 H2Ovmrerr_() 	 D/H_(VSMOW) 	 D/Herr_(VSMOW) 	 18O/16O_(VSMOW) 	 18O/16Oerr_(VSMOW) 
	 22.8300 	 7.012655e-01 	 200.5391 	  3.1672 	 2.533793e+22 	 4.333638e+20 	 1.385285e-04 	 1.223906e-05 	  5.2198 	  1.1588 	 -1000.0000 	 -1000.0000 
	 22.9690 	 6.922594e-01 	 200.4255 	  3.2787 	 2.503083e+22 	 4.350064e+20 	 1.377237e-04 	 1.211389e-05 	  5.2428 	  1.1369 	 -1000.0000 	 -1000.0000 
	 23.1080 	 6.833170e-01 	 200.2889 	  3.3535 	 2.472753e+22 	 4.335933e+20 	 1.373810e-04 	 1.200200e-05 	  5.2577 	  1.1313 	 -1000.0000 	 -1000.0000 
	 23.2460 	 6.745040e-01 	 200.1324 	  3.3943 	 2.443008e+22 	 4.294096e+20 	 1.374674e-04 	 1.190488e-05 	  5.2651 	  1.1276 	 -1000.0000 	 -1000.0000 
	 23.3850 	 6.656950e-01 	 199.9552 	  3.4042 	 2.413412e+22 	 4.226384e+20 	 1.379482e-04 	 1.182064e-05 	  5.2657 	  1.1204 	 -1000.0000 	 -1000.0000 
	 24.0230 	 6.262001e-01 	 198.9393 	  3.1223 	 2.282041e+22 	 3.655362e+20 	 1.440249e-04 	 1.155985e-05 	  5.2025 	  1.0478 	 -1000.0000 	 -1000.0000 
	 24.1620 	 6.178136e-01 	 198.6841 	  3.0060 	 2.254349e+22 	 3.489313e+20 	 1.459023e-04 	 1.151677e-05 	  5.1792 	  1.0247 	 -1000.0000 	 -1000.0000 
	 24.3000 	 6.095696e-01 	 198.4225 	  2.8767 	 2.227170e+22 	 3.315042e+20 	 1.478519e-04 	 1.147392e-05 	  5.1546 	  0.9999 	 -1000.0000 	 -1000.0000 
	 24.4380 	 6.014096e-01 	 198.1542 	  2.7365 	 2.200297e+22 	 3.133793e+20 	 1.498345e-04 	 1.142892e-05 	  5.1291 	  0.9734 	 -1000.0000 	 -1000.0000 
	 24.5770 	 5.932778e-01 	 197.8790 	  2.5866 	 2.173529e+22 	 2.946609e+20 	 1.518109e-04 	 1.137953e-05 	  5.1034 	  0.9455 	 -1000.0000 	 -1000.0000 
	 25.2030 	 5.578011e-01 	 196.6224 	  1.8768 	 2.056530e+22 	 2.111919e+20 	 1.589892e-04 	 1.106929e-05 	  5.0085 	  0.8117 	 -1000.0000 	 -1000.0000 
	 25.3420 	 5.501917e-01 	 196.3497 	  1.7273 	 2.031295e+22 	 1.943053e+20 	 1.598875e-04 	 1.097682e-05 	  4.9964 	  0.7859 	 -1000.0000 	 -1000.0000 
	 25.4800 	 5.427381e-01 	 196.0849 	  1.5874 	 2.006495e+22 	 1.786575e+20 	 1.604253e-04 	 1.087614e-05 	  4.9887 	  0.7705 	 -1000.0000 	 -1000.0000 
	 25.6180 	 5.353876e-01 	 195.8275 	  1.4586 	 1.981938e+22 	 1.643636e+20 	 1.605787e-04 	 1.076879e-05 	  4.9853 	  0.7562 	 -1000.0000 	 -1000.0000 
	 25.7570 	 5.280903e-01 	 195.5776 	  1.3428 	 1.957443e+22 	 1.515778e+20 	 1.603408e-04 	 1.066194e-05 	  4.9858 	  0.7435 	 -1000.0000 	 -1000.0000 
	 26.3870 	 4.963472e-01 	 194.5722 	  1.0188 	 1.849344e+22 	 1.157592e+20 	 1.553331e-04 	 1.029075e-05 	  5.0361 	  0.7122 	 -1000.0000 	 -1000.0000 
	 26.5250 	 4.896630e-01 	 194.3718 	  0.9837 	 1.826317e+22 	 1.117260e+20 	 1.539775e-04 	 1.022661e-05 	  5.0569 	  0.7089 	 -1000.0000 	 -1000.0000 
	 26.6620 	 4.831136e-01 	 194.1763 	  0.9579 	 1.803694e+22 	 1.086172e+20 	 1.527766e-04 	 1.016394e-05 	  5.0811 	  0.7058 	 -1000.0000 	 -1000.0000 
	 26.8000 	 4.765991e-01 	 193.9813 	  0.9393 	 1.781149e+22 	 1.061754e+20 	 1.518175e-04 	 1.009977e-05 	  5.1096 	  0.7026 	 -1000.0000 	 -1000.0000 
	 26.9380 	 4.701634e-01 	 193.7865 	  0.9262 	 1.758850e+22 	 1.042130e+20 	 1.512153e-04 	 1.003464e-05 	  5.1423 	  0.6994 	 -1000.0000 	 -1000.0000 
	 27.5770 	 4.413103e-01 	 192.8593 	  0.9042 	 1.658830e+22 	 9.737985e+19 	 1.543092e-04 	 9.933414e-06 	  5.3329 	  0.7021 	 -1000.0000 	 -1000.0000 
	 27.7150 	 4.352796e-01 	 192.6536 	  0.9047 	 1.637913e+22 	 9.618471e+19 	 1.558771e-04 	 9.989750e-06 	  5.3793 	  0.7101 	 -1000.0000 	 -1000.0000 
	 27.8530 	 4.293198e-01 	 192.4464 	  0.9065 	 1.617231e+22 	 9.506281e+19 	 1.575824e-04 	 1.007290e-05 	  5.4270 	  0.7209 	 -1000.0000 	 -1000.0000 
	 27.9900 	 4.234730e-01 	 192.2394 	  0.9090 	 1.596930e+22 	 9.400996e+19 	 1.593273e-04 	 1.018020e-05 	  5.4754 	  0.7344 	 -1000.0000 	 -1000.0000 
	 28.1280 	 4.176537e-01 	 192.0298 	  0.9121 	 1.576710e+22 	 9.299920e+19 	 1.610304e-04 	 1.030842e-05 	  5.5247 	  0.7505 	 -1000.0000 	 -1000.0000 
	 28.7500 	 3.922989e-01 	 191.0796 	  0.9282 	 1.488358e+22 	 8.888912e+19 	 1.647393e-04 	 1.083599e-05 	  5.7453 	  0.8281 	 -1000.0000 	 -1000.0000 
	 28.8880 	 3.868693e-01 	 190.8707 	  0.9325 	 1.469364e+22 	 8.807802e+19 	 1.641035e-04 	 1.085961e-05 	  5.7913 	  0.8372 	 -1000.0000 	 -1000.0000 
	 29.0250 	 3.815502e-01 	 190.6652 	  0.9374 	 1.450723e+22 	 8.731227e+19 	 1.627933e-04 	 1.082452e-05 	  5.8341 	  0.8406 	 -1000.0000 	 -1000.0000 
	 29.1620 	 3.763023e-01 	 190.4621 	  0.9428 	 1.432294e+22 	 8.658737e+19 	 1.607716e-04 	 1.072256e-05 	  5.8729 	  0.8374 	 -1000.0000 	 -1000.0000 
	 29.3000 	 3.710885e-01 	 190.2605 	  0.9489 	 1.413946e+22 	 8.590002e+19 	 1.580029e-04 	 1.054429e-05 	  5.9067 	  0.8273 	 -1000.0000 	 -1000.0000 
	 29.9330 	 3.480844e-01 	 189.3779 	  0.9850 	 1.332467e+22 	 8.321244e+19 	 1.395184e-04 	 8.907874e-06 	  5.9868 	  0.7232 	 -1000.0000 	 -1000.0000 
	 30.0700 	 3.432901e-01 	 189.1934 	  0.9935 	 1.315393e+22 	 8.267367e+19 	 1.357114e-04 	 8.470190e-06 	  5.9866 	  0.6968 	 -1000.0000 	 -1000.0000 
	 30.2080 	 3.385221e-01 	 189.0088 	  1.0020 	 1.298389e+22 	 8.212285e+19 	 1.324361e-04 	 8.041656e-06 	  5.9795 	  0.6715 	 -1000.0000 	 -1000.0000 
	 30.3450 	 3.338470e-01 	 188.8261 	  1.0101 	 1.281697e+22 	 8.155733e+19 	 1.298622e-04 	 7.643832e-06 	  5.9659 	  0.6483 	 -1000.0000 	 -1000.0000 
	 30.4820 	 3.292279e-01 	 188.6435 	  1.0176 	 1.265191e+22 	 8.096258e+19 	 1.280347e-04 	 7.289205e-06 	  5.9460 	  0.6275 	 -1000.0000 	 -1000.0000 
	 31.1030 	 3.089625e-01 	 187.7793 	  1.0410 	 1.192822e+22 	 7.772679e+19 	 1.295779e-04 	 7.235365e-06 	  5.7928 	  0.5988 	 -1000.0000 	 -1000.0000 
	 31.2400 	 3.046439e-01 	 187.5658 	  1.0433 	 1.177490e+22 	 7.688902e+19 	 1.310704e-04 	 7.333760e-06 	  5.7493 	  0.5947 	 -1000.0000 	 -1000.0000 
	 31.3780 	 3.003514e-01 	 187.3364 	  1.0443 	 1.162317e+22 	 7.600031e+19 	 1.328353e-04 	 7.447125e-06 	  5.7039 	  0.5904 	 -1000.0000 	 -1000.0000 
	 31.5150 	 2.961481e-01 	 187.0917 	  1.0442 	 1.147540e+22 	 7.507374e+19 	 1.347980e-04 	 7.572209e-06 	  5.6587 	  0.5861 	 -1000.0000 	 -1000.0000 
	 31.6520 	 2.920038e-01 	 186.8276 	  1.0426 	 1.133065e+22 	 7.410324e+19 	 1.369167e-04 	 7.707676e-06 	  5.6140 	  0.5818 	 -1000.0000 	 -1000.0000 
	 32.2830 	 2.736688e-01 	 185.3738 	  1.0199 	 1.070172e+22 	 6.918400e+19 	 1.474178e-04 	 8.395556e-06 	  5.4220 	  0.5618 	 -1000.0000 	 -1000.0000 
	 32.4200 	 2.698402e-01 	 185.0370 	  1.0131 	 1.057122e+22 	 6.807767e+19 	 1.496714e-04 	 8.541585e-06 	  5.3838 	  0.5573 	 -1000.0000 	 -1000.0000 
	 32.5580 	 2.660336e-01 	 184.7030 	  1.0063 	 1.044105e+22 	 6.697325e+19 	 1.520187e-04 	 8.865585e-06 	  5.3471 	  0.5596 	 -1000.0000 	 -1000.0000 
	 32.6950 	 2.623021e-01 	 184.3826 	  0.9997 	 1.031267e+22 	 6.589748e+19 	 1.544698e-04 	 9.531469e-06 	  5.3130 	  0.5757 	 -1000.0000 	 -1000.0000 
	 32.8320 	 2.586158e-01 	 184.0789 	  0.9936 	 1.018473e+22 	 6.485299e+19 	 1.567238e-04 	 1.022563e-05 	  5.2819 	  0.5955 	 -1000.0000 	 -1000.0000 
	 33.4500 	 2.425128e-01 	 182.9684 	  0.9813 	 9.609133e+21 	 6.084545e+19 	 1.639520e-04 	 1.306314e-05 	  5.1936 	  0.7575 	 -1000.0000 	 -1000.0000 
	 33.5860 	 2.390839e-01 	 182.7608 	  0.9838 	 9.483974e+21 	 6.019534e+19 	 1.651069e-04 	 1.355518e-05 	  5.1883 	  0.7958 	 -1000.0000 	 -1000.0000 
	 33.7220 	 2.356964e-01 	 182.5573 	  0.9889 	 9.359918e+21 	 5.965714e+19 	 1.662577e-04 	 1.399626e-05 	  5.1876 	  0.8323 	 -1000.0000 	 -1000.0000 
	 33.8590 	 2.323260e-01 	 182.3519 	  0.9970 	 9.236325e+21 	 5.924126e+19 	 1.675051e-04 	 1.439797e-05 	  5.1905 	  0.8670 	 -1000.0000 	 -1000.0000 
	 33.9950 	 2.290221e-01 	 182.1435 	  1.0083 	 9.115255e+21 	 5.896683e+19 	 1.689217e-04 	 1.476670e-05 	  5.1957 	  0.8995 	 -1000.0000 	 -1000.0000 
	 34.6300 	 2.141401e-01 	 181.0013 	  1.0991 	 8.576749e+21 	 5.930984e+19 	 1.784263e-04 	 1.630806e-05 	  5.2162 	  1.0148 	 -1000.0000 	 -1000.0000 
	 34.7660 	 2.110656e-01 	 180.7025 	  1.1210 	 8.467638e+21 	 5.950832e+19 	 1.805281e-04 	 1.658178e-05 	  5.2140 	  1.0301 	 -1000.0000 	 -1000.0000 
	 34.9020 	 2.080295e-01 	 180.3785 	  1.1413 	 8.360844e+21 	 5.965914e+19 	 1.823791e-04 	 1.682179e-05 	  5.2086 	  1.0424 	 -1000.0000 	 -1000.0000 
	 35.0390 	 2.050091e-01 	 180.0239 	  1.1591 	 8.255664e+21 	 5.972096e+19 	 1.838689e-04 	 1.702536e-05 	  5.2001 	  1.0524 	 -1000.0000 	 -1000.0000 
	 35.1750 	 2.020478e-01 	 179.6414 	  1.1731 	 8.153689e+21 	 5.965124e+19 	 1.848640e-04 	 1.718502e-05 	  5.1885 	  1.0608 	 -1000.0000 	 -1000.0000 
	 35.8000 	 1.888991e-01 	 177.5139 	  1.1811 	 7.714048e+21 	 5.727067e+19 	 1.821974e-04 	 1.731546e-05 	  5.0931 	  1.0934 	 -1000.0000 	 -1000.0000 
	 35.9360 	 1.861362e-01 	 177.0052 	  1.1748 	 7.623080e+21 	 5.645724e+19 	 1.803603e-04 	 1.722237e-05 	  5.0628 	  1.1012 	 -1000.0000 	 -1000.0000 
	 36.0720 	 1.834079e-01 	 176.4945 	  1.1674 	 7.533138e+21 	 5.560896e+19 	 1.782205e-04 	 1.709227e-05 	  5.0293 	  1.1092 	 -1000.0000 	 -1000.0000 
	 36.2090 	 1.806942e-01 	 175.9847 	  1.1600 	 7.443272e+21 	 5.475190e+19 	 1.758060e-04 	 1.692155e-05 	  4.9926 	  1.1169 	 -1000.0000 	 -1000.0000 
	 36.3450 	 1.780345e-01 	 175.4898 	  1.1533 	 7.354493e+21 	 5.393105e+19 	 1.731880e-04 	 1.670795e-05 	  4.9543 	  1.1238 	 -1000.0000 	 -1000.0000 
	 36.9630 	 1.663731e-01 	 173.5068 	  1.1433 	 6.951401e+21 	 5.094647e+19 	 1.591183e-04 	 1.516979e-05 	  4.7832 	  1.1389 	 -1000.0000 	 -1000.0000 
	 37.0990 	 1.639003e-01 	 173.1403 	  1.1438 	 6.862561e+21 	 5.038208e+19 	 1.555975e-04 	 1.472455e-05 	  4.7516 	  1.1377 	 -1000.0000 	 -1000.0000 
	 37.2350 	 1.614612e-01 	 172.8020 	  1.1443 	 6.773658e+21 	 4.981502e+19 	 1.519429e-04 	 1.424640e-05 	  4.7236 	  1.1342 	 -1000.0000 	 -1000.0000 
	 37.3710 	 1.590560e-01 	 172.4934 	  1.1445 	 6.684688e+21 	 4.922877e+19 	 1.481743e-04 	 1.374118e-05 	  4.6995 	  1.1285 	 -1000.0000 	 -1000.0000 
	 37.5070 	 1.566846e-01 	 172.2157 	  1.1439 	 6.595643e+21 	 4.860676e+19 	 1.443212e-04 	 1.322050e-05 	  4.6795 	  1.1208 	 -1000.0000 	 -1000.0000 
	 38.1330 	 1.462008e-01 	 171.3475 	  1.1252 	 6.185499e+21 	 4.507977e+19 	 1.263479e-04 	 1.087161e-05 	  4.6440 	  1.0741 	 -1000.0000 	 -1000.0000 
	 38.2690 	 1.440142e-01 	 171.2415 	  1.1181 	 6.096743e+21 	 4.420622e+19 	 1.225573e-04 	 1.043133e-05 	  4.6495 	  1.0659 	 -1000.0000 	 -1000.0000 
	 38.4050 	 1.418590e-01 	 171.1621 	  1.1103 	 6.008275e+21 	 4.331324e+19 	 1.188712e-04 	 1.004284e-05 	  4.6599 	  1.0601 	 -1000.0000 	 -1000.0000 
	 38.5410 	 1.397348e-01 	 171.1081 	  1.1018 	 5.920171e+21 	 4.240943e+19 	 1.153248e-04 	 9.720763e-06 	  4.6744 	  1.0576 	 -1000.0000 	 -1000.0000 
	 38.6770 	 1.376410e-01 	 171.0780 	  1.0929 	 5.832503e+21 	 4.150340e+19 	 1.119475e-04 	 9.476129e-06 	  4.6924 	  1.0587 	 -1000.0000 	 -1000.0000 
	 39.2970 	 1.284691e-01 	 171.1796 	  1.0510 	 5.440886e+21 	 3.755951e+19 	 9.882350e-05 	 9.202345e-06 	  4.7870 	  1.1091 	 -1000.0000 	 -1000.0000 
	 39.4320 	 1.265510e-01 	 171.2313 	  1.0432 	 5.358033e+21 	 3.678089e+19 	 9.640296e-05 	 9.222008e-06 	  4.8040 	  1.1253 	 -1000.0000 	 -1000.0000 
	 39.5680 	 1.246465e-01 	 171.2855 	  1.0364 	 5.275692e+21 	 3.603929e+19 	 9.410653e-05 	 9.238529e-06 	  4.8178 	  1.1416 	 -1000.0000 	 -1000.0000 
	 39.7030 	 1.227832e-01 	 171.3373 	  1.0310 	 5.195188e+21 	 3.535189e+19 	 9.196881e-05 	 9.246637e-06 	  4.8275 	  1.1571 	 -1000.0000 	 -1000.0000 
	 39.8380 	 1.209467e-01 	 171.3833 	  1.0272 	 5.116024e+21 	 3.471926e+19 	 8.997839e-05 	 9.243975e-06 	  4.8330 	  1.1714 	 -1000.0000 	 -1000.0000 
	 40.4670 	 1.127358e-01 	 171.4520 	  1.0332 	 4.766612e+21 	 3.252998e+19 	 8.296350e-05 	 9.120811e-06 	  4.7999 	  1.2001 	 -1000.0000 	 -1000.0000 
	 40.6020 	 1.110471e-01 	 171.4344 	  1.0383 	 4.695702e+21 	 3.218615e+19 	 8.201080e-05 	 9.082183e-06 	  4.7792 	  1.1947 	 -1000.0000 	 -1000.0000 
	 40.7380 	 1.093719e-01 	 171.4058 	  1.0443 	 4.625661e+21 	 3.186845e+19 	 8.127392e-05 	 9.041448e-06 	  4.7535 	  1.1839 	 -1000.0000 	 -1000.0000 
	 40.8730 	 1.077348e-01 	 171.3669 	  1.0509 	 4.557488e+21 	 3.157420e+19 	 8.077317e-05 	 8.999857e-06 	  4.7237 	  1.1677 	 -1000.0000 	 -1000.0000 
	 41.0080 	 1.061232e-01 	 171.3177 	  1.0578 	 4.490635e+21 	 3.129369e+19 	 8.051059e-05 	 8.957069e-06 	  4.6905 	  1.1463 	 -1000.0000 	 -1000.0000 
	 41.6300 	 9.901785e-02 	 170.9687 	  1.0882 	 4.198564e+21 	 3.001677e+19 	 8.239068e-05 	 8.719710e-06 	  4.5259 	  1.0034 	 -1000.0000 	 -1000.0000 
	 41.7650 	 9.754004e-02 	 170.8689 	  1.0934 	 4.138316e+21 	 2.972177e+19 	 8.342142e-05 	 8.649302e-06 	  4.4942 	  0.9687 	 -1000.0000 	 -1000.0000 
	 41.9000 	 9.608322e-02 	 170.7615 	  1.0977 	 4.079071e+21 	 2.941380e+19 	 8.464293e-05 	 8.568844e-06 	  4.4660 	  0.9351 	 -1000.0000 	 -1000.0000 
	 42.0350 	 9.464649e-02 	 170.6468 	  1.1010 	 4.020775e+21 	 2.908987e+19 	 8.602856e-05 	 8.478772e-06 	  4.4422 	  0.9041 	 -1000.0000 	 -1000.0000 
	 42.1700 	 9.322897e-02 	 170.5253 	  1.1030 	 3.963373e+21 	 2.874698e+19 	 8.754388e-05 	 8.381164e-06 	  4.4234 	  0.8765 	 -1000.0000 	 -1000.0000 
	 42.7830 	 8.702267e-02 	 169.9075 	  1.0972 	 3.712961e+21 	 2.695240e+19 	 9.475404e-05 	 8.002793e-06 	  4.3888 	  0.8043 	 -1000.0000 	 -1000.0000 
	 42.9180 	 8.570806e-02 	 169.7635 	  1.0937 	 3.659977e+21 	 2.652961e+19 	 9.609620e-05 	 7.978707e-06 	  4.3896 	  0.8003 	 -1000.0000 	 -1000.0000 
	 43.0520 	 8.442259e-02 	 169.6203 	  1.0900 	 3.608136e+21 	 2.611057e+19 	 9.726463e-05 	 7.982681e-06 	  4.3920 	  0.7994 	 -1000.0000 	 -1000.0000 
	 43.1870 	 8.314745e-02 	 169.4768 	  1.0863 	 3.556653e+21 	 2.569384e+19 	 9.828163e-05 	 8.008421e-06 	  4.3948 	  0.8002 	 -1000.0000 	 -1000.0000 
	 43.3220 	 8.189265e-02 	 169.3354 	  1.0829 	 3.505908e+21 	 2.528744e+19 	 9.914394e-05 	 8.050767e-06 	  4.3971 	  0.8020 	 -1000.0000 	 -1000.0000 
	 43.9430 	 7.638004e-02 	 168.7502 	  1.0746 	 3.281171e+21 	 2.362737e+19 	 1.017793e-04 	 8.345271e-06 	  4.3825 	  0.8137 	 -1000.0000 	 -1000.0000 
	 44.0780 	 7.523346e-02 	 168.6475 	  1.0747 	 3.233878e+21 	 2.330994e+19 	 1.022977e-04 	 8.424916e-06 	  4.3718 	  0.8155 	 -1000.0000 	 -1000.0000 
	 44.2120 	 7.411179e-02 	 168.5581 	  1.0755 	 3.187359e+21 	 2.300815e+19 	 1.028823e-04 	 8.512309e-06 	  4.3578 	  0.8166 	 -1000.0000 	 -1000.0000 
	 44.3470 	 7.299741e-02 	 168.4823 	  1.0772 	 3.140864e+21 	 2.271658e+19 	 1.035860e-04 	 8.611111e-06 	  4.3402 	  0.8167 	 -1000.0000 	 -1000.0000 
	 44.4820 	 7.189789e-02 	 168.4225 	  1.0796 	 3.094682e+21 	 2.243658e+19 	 1.044533e-04 	 8.722529e-06 	  4.3191 	  0.8154 	 -1000.0000 	 -1000.0000 
	 45.0970 	 6.706561e-02 	 168.3535 	  1.0990 	 2.888008e+21 	 2.126935e+19 	 1.114128e-04 	 9.385117e-06 	  4.1942 	  0.7845 	 -1000.0000 	 -1000.0000 
	 45.2310 	 6.605255e-02 	 168.3682 	  1.1040 	 2.844129e+21 	 2.102681e+19 	 1.137240e-04 	 9.544334e-06 	  4.1649 	  0.7712 	 -1000.0000 	 -1000.0000 
	 45.3650 	 6.505449e-02 	 168.3874 	  1.1087 	 2.800814e+21 	 2.078403e+19 	 1.163184e-04 	 9.703220e-06 	  4.1369 	  0.7565 	 -1000.0000 	 -1000.0000 
	 45.4990 	 6.407178e-02 	 168.4083 	  1.1131 	 2.758131e+21 	 2.053899e+19 	 1.191490e-04 	 9.860980e-06 	  4.1117 	  0.7415 	 -1000.0000 	 -1000.0000 
	 45.6330 	 6.310476e-02 	 168.4281 	  1.1170 	 2.716149e+21 	 2.028965e+19 	 1.221641e-04 	 1.001619e-05 	  4.0904 	  0.7269 	 -1000.0000 	 -1000.0000 
	 46.2570 	 5.880819e-02 	 168.4467 	  1.1251 	 2.530897e+21 	 1.905770e+19 	 1.367555e-04 	 1.069248e-05 	  4.0444 	  0.6725 	 -1000.0000 	 -1000.0000 
	 46.3910 	 5.792675e-02 	 168.4294 	  1.1256 	 2.493226e+21 	 1.878870e+19 	 1.396220e-04 	 1.081315e-05 	  4.0440 	  0.6632 	 -1000.0000 	 -1000.0000 
	 46.5250 	 5.705853e-02 	 168.4032 	  1.1260 	 2.456246e+21 	 1.852294e+19 	 1.423205e-04 	 1.091215e-05 	  4.0456 	  0.6534 	 -1000.0000 	 -1000.0000 
	 46.6590 	 5.620294e-02 	 168.3675 	  1.1264 	 2.419934e+21 	 1.826259e+19 	 1.448333e-04 	 1.098285e-05 	  4.0478 	  0.6425 	 -1000.0000 	 -1000.0000 
	 46.7930 	 5.535938e-02 	 168.3216 	  1.1270 	 2.384266e+21 	 1.800982e+19 	 1.471270e-04 	 1.102076e-05 	  4.0492 	  0.6303 	 -1000.0000 	 -1000.0000 
	 47.4170 	 5.157906e-02 	 167.9713 	  1.1347 	 2.226057e+21 	 1.695641e+19 	 1.537211e-04 	 1.080353e-05 	  4.0309 	  0.5755 	 -1000.0000 	 -1000.0000 
	 47.5510 	 5.079901e-02 	 167.8713 	  1.1368 	 2.193696e+21 	 1.674967e+19 	 1.541104e-04 	 1.071005e-05 	  4.0206 	  0.5680 	 -1000.0000 	 -1000.0000 
	 47.6850 	 5.003035e-02 	 167.7645 	  1.1389 	 2.161880e+21 	 1.654643e+19 	 1.540874e-04 	 1.061862e-05 	  4.0083 	  0.5631 	 -1000.0000 	 -1000.0000 
	 47.8190 	 4.927314e-02 	 167.6518 	  1.1409 	 2.130597e+21 	 1.634517e+19 	 1.536310e-04 	 1.053479e-05 	  3.9947 	  0.5608 	 -1000.0000 	 -1000.0000 
	 47.9530 	 4.852745e-02 	 167.5340 	  1.1425 	 2.099837e+21 	 1.614435e+19 	 1.527429e-04 	 1.045701e-05 	  3.9811 	  0.5610 	 -1000.0000 	 -1000.0000 
	 48.5600 	 4.529190e-02 	 166.9505 	  1.1452 	 1.966706e+21 	 1.521841e+19 	 1.440576e-04 	 9.951169e-06 	  3.9446 	  0.5777 	 -1000.0000 	 -1000.0000 
	 48.6940 	 4.460739e-02 	 166.8101 	  1.1447 	 1.938612e+21 	 1.501144e+19 	 1.412704e-04 	 9.759596e-06 	  3.9464 	  0.5825 	 -1000.0000 	 -1000.0000 
	 48.8270 	 4.393797e-02 	 166.6664 	  1.1438 	 1.911164e+21 	 1.480582e+19 	 1.382152e-04 	 9.532294e-06 	  3.9532 	  0.5873 	 -1000.0000 	 -1000.0000 
	 48.9610 	 4.327327e-02 	 166.5169 	  1.1427 	 1.883937e+21 	 1.459883e+19 	 1.348333e-04 	 9.269304e-06 	  3.9652 	  0.5926 	 -1000.0000 	 -1000.0000 
	 49.0950 	 4.261805e-02 	 166.3625 	  1.1412 	 1.857127e+21 	 1.439235e+19 	 1.311211e-04 	 8.983194e-06 	  3.9816 	  0.5995 	  1.1403 	  0.1579 
	 49.7130 	 3.971269e-02 	 165.5958 	  1.1319 	 1.738502e+21 	 1.346135e+19 	 1.110307e-04 	 7.553880e-06 	  4.0852 	  0.6573 	  1.1774 	  0.1521 
	 49.8470 	 3.910744e-02 	 165.4234 	  1.1300 	 1.713790e+21 	 1.326874e+19 	 1.066179e-04 	 7.215333e-06 	  4.1080 	  0.6698 	  1.1850 	  0.1486 
	 49.9800 	 3.851529e-02 	 165.2524 	  1.1284 	 1.689591e+21 	 1.308258e+19 	 1.024105e-04 	 6.867738e-06 	  4.1285 	  0.6804 	  1.1917 	  0.1439 
	 50.1130 	 3.793163e-02 	 165.0826 	  1.1272 	 1.665705e+21 	 1.290218e+19 	 9.845209e-05 	 6.514300e-06 	  4.1451 	  0.6888 	  1.1971 	  0.1395 
	 50.2470 	 3.735212e-02 	 164.9138 	  1.1266 	 1.641945e+21 	 1.272706e+19 	 9.479575e-05 	 6.160734e-06 	  4.1564 	  0.6956 	  1.2009 	  0.1367 
	 50.8570 	 3.481925e-02 	 164.1893 	  1.1318 	 1.537386e+21 	 1.202050e+19 	 8.438744e-05 	 4.906441e-06 	  4.1176 	  0.7266 	  1.1937 	  0.1229 
	 50.9900 	 3.428889e-02 	 164.0401 	  1.1345 	 1.515345e+21 	 1.188297e+19 	 8.388180e-05 	 4.774575e-06 	  4.0874 	  0.7363 	  1.1866 	  0.1205 
	 51.1220 	 3.376987e-02 	 163.8946 	  1.1375 	 1.493730e+21 	 1.175087e+19 	 8.418216e-05 	 4.677409e-06 	  4.0499 	  0.7474 	  1.1777 	  0.1179 
	 51.2550 	 3.325416e-02 	 163.7503 	  1.1409 	 1.472209e+21 	 1.162153e+19 	 8.536555e-05 	 4.593235e-06 	  4.0066 	  0.7603 	  1.1672 	  0.1146 
	 51.3880 	 3.274553e-02 	 163.6081 	  1.1446 	 1.450944e+21 	 1.149531e+19 	 8.749626e-05 	 4.494388e-06 	  3.9602 	  0.7731 	  1.1556 	  0.1106 
	 52.0070 	 3.046864e-02 	 162.9836 	  1.1635 	 1.355196e+21 	 1.092940e+19 	 1.072564e-04 	 4.023807e-06 	  3.7655 	  0.8173 	  1.1063 	  0.0925 
	 52.1400 	 2.999897e-02 	 162.8653 	  1.1675 	 1.335276e+21 	 1.080834e+19 	 1.121577e-04 	 4.144307e-06 	  3.7417 	  0.8292 	  1.1012 	  0.0912 
	 52.2720 	 2.953976e-02 	 162.7566 	  1.1713 	 1.315720e+21 	 1.068695e+19 	 1.167354e-04 	 4.335286e-06 	  3.7291 	  0.8426 	  1.0996 	  0.0908 
	 52.4050 	 2.908410e-02 	 162.6572 	  1.1748 	 1.296225e+21 	 1.056275e+19 	 1.209767e-04 	 4.505731e-06 	  3.7288 	  0.8575 	  1.1020 	  0.0907 
	 52.5380 	 2.863555e-02 	 162.5694 	  1.1780 	 1.276933e+21 	 1.043600e+19 	 1.247594e-04 	 4.588934e-06 	  3.7417 	  0.8747 	  1.1087 	  0.0906 
	 53.1570 	 2.664060e-02 	 162.3273 	  1.1861 	 1.189762e+21 	 9.801698e+18 	 1.319982e-04 	 4.217285e-06 	  3.9424 	  1.0027 	  1.1883 	  0.0926 
	 53.2900 	 2.623104e-02 	 162.3052 	  1.1860 	 1.171626e+21 	 9.656067e+18 	 1.304670e-04 	 4.342798e-06 	  4.0036 	  1.0386 	  1.2124 	  0.0956 
	 53.4220 	 2.583090e-02 	 162.2910 	  1.1852 	 1.153848e+21 	 9.508513e+18 	 1.279307e-04 	 4.567153e-06 	  4.0661 	  1.0749 	  1.2373 	  0.0997 
	 53.5550 	 2.543396e-02 	 162.2834 	  1.1834 	 1.136165e+21 	 9.356915e+18 	 1.245777e-04 	 4.823621e-06 	  4.1279 	  1.1103 	  1.2631 	  0.1050 
	 53.6880 	 2.504313e-02 	 162.2812 	  1.1807 	 1.118719e+21 	 9.202496e+18 	 1.206309e-04 	 5.063893e-06 	  4.1866 	  1.1443 	  1.2890 	  0.1112 
	 54.2970 	 2.332795e-02 	 162.3019 	  1.1595 	 1.042017e+21 	 8.480362e+18 	 9.938382e-05 	 5.319708e-06 	 -1000.0000 	 -1000.0000 	  1.3953 	  0.1446 
	 54.4300 	 2.296908e-02 	 162.3031 	  1.1550 	 1.025986e+21 	 8.329244e+18 	 9.472024e-05 	 5.170415e-06 	 -1000.0000 	 -1000.0000 	  1.4134 	  0.1506 
	 54.5620 	 2.261832e-02 	 162.2995 	  1.1515 	 1.010339e+21 	 8.185451e+18 	 9.025051e-05 	 4.970831e-06 	 -1000.0000 	 -1000.0000 	  1.4287 	  0.1552 
	 54.6950 	 2.227025e-02 	 162.2894 	  1.1492 	 9.948438e+20 	 8.048574e+18 	 8.598136e-05 	 4.730022e-06 	 -1000.0000 	 -1000.0000 	  1.4414 	  0.1581 
	 54.8280 	 2.192748e-02 	 162.2711 	  1.1487 	 9.796228e+20 	 7.921508e+18 	 8.202914e-05 	 4.458482e-06 	 -1000.0000 	 -1000.0000 	  1.4513 	  0.1590 
	 55.4400 	 2.041628e-02 	 162.0590 	  1.1726 	 9.131165e+20 	 7.484075e+18 	 6.903285e-05 	 3.020922e-06 	 -1000.0000 	 -1000.0000 	  1.4687 	  0.1478 
	 55.5720 	 2.010411e-02 	 161.9885 	  1.1825 	 8.994966e+20 	 7.416948e+18 	 6.725281e-05 	 2.704120e-06 	 -1000.0000 	 -1000.0000 	  1.4685 	  0.1453 
	 55.7050 	 1.979434e-02 	 161.9102 	  1.1936 	 8.860181e+20 	 7.356826e+18 	 6.554007e-05 	 2.565374e-06 	 -1000.0000 	 -1000.0000 	  1.4678 	  0.1458 
	 55.8380 	 1.948931e-02 	 161.8252 	  1.2057 	 8.727779e+20 	 7.303216e+18 	 6.399211e-05 	 2.533026e-06 	 -1000.0000 	 -1000.0000 	  1.4668 	  0.1477 
	 55.9700 	 1.919116e-02 	 161.7351 	  1.2184 	 8.598659e+20 	 7.255428e+18 	 6.270954e-05 	 2.513927e-06 	 -1000.0000 	 -1000.0000 	  1.4659 	  0.1496 
	 58.8070 	 1.375313e-02 	 159.6986 	  1.2533 	 6.243543e+20 	 5.665715e+18 	 6.030199e-05 	 3.035633e-06 	 -1000.0000 	 -1000.0000 	 -1000.0000 	 -1000.0000 
	 58.9380 	 1.354095e-02 	 159.6477 	  1.2338 	 6.149134e+20 	 5.517099e+18 	 6.015610e-05 	 3.002768e-06 	 -1000.0000 	 -1000.0000 	 -1000.0000 	 -1000.0000 
	 59.0700 	 1.333028e-02 	 159.5996 	  1.2149 	 6.055212e+20 	 5.370479e+18 	 5.986284e-05 	 2.996801e-06 	 -1000.0000 	 -1000.0000 	 -1000.0000 	 -1000.0000 
	 59.2020 	 1.312274e-02 	 159.5540 	  1.1976 	 5.962545e+20 	 5.230290e+18 	 5.928412e-05 	 3.082102e-06 	 -1000.0000 	 -1000.0000 	 -1000.0000 	 -1000.0000 
	 59.3330 	 1.291985e-02 	 159.5104 	  1.1827 	 5.871864e+20 	 5.100771e+18 	 5.862547e-05 	 3.151361e-06 	 -1000.0000 	 -1000.0000 	 -1000.0000 	 -1000.0000 
	 59.9470 	 1.200933e-02 	 159.3059 	  1.1533 	 5.464891e+20 	 4.660435e+18 	 5.491708e-05 	 3.369555e-06 	 -1000.0000 	 -1000.0000 	 -1000.0000 	 -1000.0000 
	 60.0780 	 1.182365e-02 	 159.2576 	  1.1532 	 5.382030e+20 	 4.593021e+18 	 5.411564e-05 	 3.391611e-06 	 -1000.0000 	 -1000.0000 	 -1000.0000 	 -1000.0000 
	 60.2100 	 1.163958e-02 	 159.2056 	  1.1540 	 5.299986e+20 	 4.530033e+18 	 5.333953e-05 	 3.403073e-06 	 -1000.0000 	 -1000.0000 	 -1000.0000 	 -1000.0000 
	 60.3420 	 1.145855e-02 	 159.1497 	  1.1552 	 5.219410e+20 	 4.469962e+18 	 5.261117e-05 	 3.401733e-06 	 -1000.0000 	 -1000.0000 	 -1000.0000 	 -1000.0000 
	 60.4730 	 1.128189e-02 	 159.0894 	  1.1562 	 5.140914e+20 	 4.411211e+18 	 5.195306e-05 	 3.385398e-06 	 -1000.0000 	 -1000.0000 	 -1000.0000 	 -1000.0000 
	 61.0700 	 1.051321e-02 	 158.7340 	  1.1509 	 4.801516e+20 	 4.124746e+18 	 4.990962e-05 	 3.138966e-06 	 -1000.0000 	 -1000.0000 	 -1000.0000 	 -1000.0000 
	 61.2010 	 1.035185e-02 	 158.6333 	  1.1476 	 4.730834e+20 	 4.058851e+18 	 4.963629e-05 	 3.072719e-06 	 -1000.0000 	 -1000.0000 	 -1000.0000 	 -1000.0000 
	 61.3320 	 1.019286e-02 	 158.5226 	  1.1439 	 4.661422e+20 	 3.992746e+18 	 4.940946e-05 	 3.012571e-06 	 -1000.0000 	 -1000.0000 	 -1000.0000 	 -1000.0000 
	 61.4640 	 1.003492e-02 	 158.4001 	  1.1397 	 4.592719e+20 	 3.926337e+18 	 4.921817e-05 	 2.962489e-06 	 -1000.0000 	 -1000.0000 	 -1000.0000 	 -1000.0000 
	 61.5950 	 9.880315e-03 	 158.2668 	  1.1352 	 4.525724e+20 	 3.861039e+18 	 4.905617e-05 	 2.925515e-06 	 -1000.0000 	 -1000.0000 	 -1000.0000 	 -1000.0000 
	 62.2100 	 9.180651e-03 	 157.4993 	  1.1125 	 4.225470e+20 	 3.571551e+18 	 4.852361e-05 	 2.903284e-06 	 -1000.0000 	 -1000.0000 	 -1000.0000 	 -1000.0000 
	 62.3410 	 9.037174e-03 	 157.3208 	  1.1081 	 4.164148e+20 	 3.514441e+18 	 4.844596e-05 	 2.915857e-06 	 -1000.0000 	 -1000.0000 	 -1000.0000 	 -1000.0000 
	 62.4720 	 8.895675e-03 	 157.1434 	  1.1043 	 4.103604e+20 	 3.459179e+18 	 4.837787e-05 	 2.928383e-06 	 -1000.0000 	 -1000.0000 	 -1000.0000 	 -1000.0000 
	 62.6040 	 8.755112e-03 	 156.9684 	  1.1011 	 4.043318e+20 	 3.405478e+18 	 4.831638e-05 	 2.938183e-06 	 -1000.0000 	 -1000.0000 	 -1000.0000 	 -1000.0000 
	 62.7350 	 8.617625e-03 	 156.8015 	  1.0986 	 3.984136e+20 	 3.354262e+18 	 4.825892e-05 	 2.942875e-06 	 -1000.0000 	 -1000.0000 	 -1000.0000 	 -1000.0000 
	 63.3430 	 8.005991e-03 	 156.1352 	  1.0988 	 3.717432e+20 	 3.144461e+18 	 4.773128e-05 	 2.872046e-06 	 -1000.0000 	 -1000.0000 	 -1000.0000 	 -1000.0000 
	 63.4740 	 7.879922e-03 	 156.0013 	  1.1009 	 3.662027e+20 	 3.104692e+18 	 4.746134e-05 	 2.835529e-06 	 -1000.0000 	 -1000.0000 	 -1000.0000 	 -1000.0000 
	 63.6050 	 7.755879e-03 	 155.8647 	  1.1035 	 3.607506e+20 	 3.066591e+18 	 4.709844e-05 	 2.792337e-06 	 -1000.0000 	 -1000.0000 	 -1000.0000 	 -1000.0000 
	 63.7360 	 7.633863e-03 	 155.7224 	  1.1066 	 3.553937e+20 	 3.030040e+18 	 4.662706e-05 	 2.744321e-06 	 -1000.0000 	 -1000.0000 	 -1000.0000 	 -1000.0000 
	 63.8670 	 7.513874e-03 	 155.5717 	  1.1100 	 3.501392e+20 	 2.994921e+18 	 4.603297e-05 	 2.694934e-06 	 -1000.0000 	 -1000.0000 	 -1000.0000 	 -1000.0000 
	 64.4630 	 6.992513e-03 	 154.7667 	  1.1283 	 3.275186e+20 	 2.849104e+18 	 4.204042e-05 	 2.468578e-06 	 -1000.0000 	 -1000.0000 	 -1000.0000 	 -1000.0000 
	 64.5940 	 6.882772e-03 	 154.5798 	  1.1327 	 3.227698e+20 	 2.818949e+18 	 4.103765e-05 	 2.411341e-06 	 -1000.0000 	 -1000.0000 	 -1000.0000 	 -1000.0000 
	 64.7250 	 6.774565e-03 	 154.3964 	  1.1371 	 3.180760e+20 	 2.789037e+18 	 4.004451e-05 	 2.351722e-06 	 -1000.0000 	 -1000.0000 	 -1000.0000 	 -1000.0000 
	 64.8560 	 6.667793e-03 	 154.2199 	  1.1416 	 3.134258e+20 	 2.759166e+18 	 3.908400e-05 	 2.291702e-06 	 -1000.0000 	 -1000.0000 	 -1000.0000 	 -1000.0000 
	 64.9870 	 6.562357e-03 	 154.0535 	  1.1461 	 3.088074e+20 	 2.729135e+18 	 3.817738e-05 	 2.233709e-06 	 -1000.0000 	 -1000.0000 	 -1000.0000 	 -1000.0000 
	 65.5970 	 6.087999e-03 	 153.4874 	  1.1655 	 2.875423e+20 	 2.582299e+18 	 3.502955e-05 	 2.083986e-06 	 -1000.0000 	 -1000.0000 	 -1000.0000 	 -1000.0000 
	 65.7270 	 5.990819e-03 	 153.4212 	  1.1686 	 2.830733e+20 	 2.548794e+18 	 3.467475e-05 	 2.076305e-06 	 -1000.0000 	 -1000.0000 	 -1000.0000 	 -1000.0000 
	 65.8580 	 5.894459e-03 	 153.3770 	  1.1712 	 2.786002e+20 	 2.514011e+18 	 3.446068e-05 	 2.073821e-06 	 -1000.0000 	 -1000.0000 	 -1000.0000 	 -1000.0000 
	 65.9880 	 5.800472e-03 	 153.3566 	  1.1730 	 2.741947e+20 	 2.478378e+18 	 3.439464e-05 	 2.076848e-06 	 -1000.0000 	 -1000.0000 	 -1000.0000 	 -1000.0000 
	 66.1180 	 5.708195e-03 	 153.3612 	  1.1739 	 2.698263e+20 	 2.441529e+18 	 3.447615e-05 	 2.085488e-06 	 -1000.0000 	 -1000.0000 	 -1000.0000 	 -1000.0000 
	 66.7100 	 5.310068e-03 	 153.7031 	  1.1680 	 2.504609e+20 	 2.259704e+18 	 3.647514e-05 	 2.251268e-06 	 -1000.0000 	 -1000.0000 	 -1000.0000 	 -1000.0000 
	 66.8400 	 5.227087e-03 	 153.8407 	  1.1653 	 2.463267e+20 	 2.218228e+18 	 3.724243e-05 	 2.309623e-06 	 -1000.0000 	 -1000.0000 	 -1000.0000 	 -1000.0000 
	 66.9700 	 5.145526e-03 	 153.9973 	  1.1625 	 2.422355e+20 	 2.176828e+18 	 3.810954e-05 	 2.375708e-06 	 -1000.0000 	 -1000.0000 	 -1000.0000 	 -1000.0000 
	 67.1000 	 5.065304e-03 	 154.1713 	  1.1598 	 2.381871e+20 	 2.135794e+18 	 3.906476e-05 	 2.449201e-06 	 -1000.0000 	 -1000.0000 	 -1000.0000 	 -1000.0000 
	 67.2300 	 4.986338e-03 	 154.3612 	  1.1574 	 2.341817e+20 	 2.095417e+18 	 4.009700e-05 	 2.528460e-06 	 -1000.0000 	 -1000.0000 	 -1000.0000 	 -1000.0000 
	 67.8400 	 4.631156e-03 	 155.4473 	  1.1516 	 2.159642e+20 	 1.918695e+18 	 4.548993e-05 	 2.922186e-06 	 -1000.0000 	 -1000.0000 	 -1000.0000 	 -1000.0000 
	 67.9700 	 4.558755e-03 	 155.7270 	  1.1511 	 2.122055e+20 	 1.883130e+18 	 4.661030e-05 	 3.000477e-06 	 -1000.0000 	 -1000.0000 	 -1000.0000 	 -1000.0000 
	 68.1000 	 4.487542e-03 	 156.0268 	  1.1506 	 2.084904e+20 	 1.847975e+18 	 4.766217e-05 	 3.073955e-06 	 -1000.0000 	 -1000.0000 	 -1000.0000 	 -1000.0000 
	 68.2300 	 4.417534e-03 	 156.3480 	  1.1501 	 2.048192e+20 	 1.813081e+18 	 4.862166e-05 	 3.141444e-06 	 -1000.0000 	 -1000.0000 	 -1000.0000 	 -1000.0000 
	 68.3600 	 4.348744e-03 	 156.6921 	  1.1493 	 2.011919e+20 	 1.778300e+18 	 4.946248e-05 	 3.203087e-06 	 -1000.0000 	 -1000.0000 	 -1000.0000 	 -1000.0000 
	 68.9630 	 4.045712e-03 	 158.5519 	  1.1407 	 1.850017e+20 	 1.616830e+18 	 5.152466e-05 	 3.409528e-06 	 -1000.0000 	 -1000.0000 	 -1000.0000 	 -1000.0000 
	 69.0930 	 3.983772e-03 	 158.9794 	  1.1376 	 1.816790e+20 	 1.582459e+18 	 4.812684e-05 	 3.954359e-06 	 -1000.0000 	 -1000.0000 	 -1000.0000 	 -1000.0000 
	 69.2230 	 3.923004e-03 	 159.4037 	  1.1340 	 1.784280e+20 	 1.548471e+18 	 4.814551e-05 	 3.956640e-06 	 -1000.0000 	 -1000.0000 	 -1000.0000 	 -1000.0000 
	 69.3520 	 3.863847e-03 	 159.8160 	  1.1299 	 1.752783e+20 	 1.515225e+18 	 4.809565e-05 	 3.954282e-06 	 -1000.0000 	 -1000.0000 	 -1000.0000 	 -1000.0000 
	 69.4820 	 3.805370e-03 	 160.2172 	  1.1251 	 1.721867e+20 	 1.482308e+18 	 4.799220e-05 	 3.947581e-06 	 -1000.0000 	 -1000.0000 	 -1000.0000 	 -1000.0000 
	 70.0730 	 3.553124e-03 	 161.7579 	  1.0977 	 1.592282e+20 	 1.342439e+18 	 4.710170e-05 	 3.871767e-06 	 -1000.0000 	 -1000.0000 	 -1000.0000 	 -1000.0000 
	 70.2030 	 3.500328e-03 	 162.0284 	  1.0912 	 1.566012e+20 	 1.314202e+18 	 4.681509e-05 	 3.847214e-06 	 -1000.0000 	 -1000.0000 	 -1000.0000 	 -1000.0000 
	 70.3320 	 3.448781e-03 	 162.2715 	  1.0848 	 1.540657e+20 	 1.287208e+18 	 4.649537e-05 	 3.820791e-06 	 -1000.0000 	 -1000.0000 	 -1000.0000 	 -1000.0000 
	 70.4620 	 3.397631e-03 	 162.4903 	  1.0787 	 1.515787e+20 	 1.261096e+18 	 4.613616e-05 	 3.792436e-06 	 -1000.0000 	 -1000.0000 	 -1000.0000 	 -1000.0000 
	 70.5920 	 3.347227e-03 	 162.6824 	  1.0729 	 1.491562e+20 	 1.236139e+18 	 4.573842e-05 	 3.762692e-06 	 -1000.0000 	 -1000.0000 	 -1000.0000 	 -1000.0000 
	 71.1970 	 3.121557e-03 	 163.2092 	  1.0545 	 1.386564e+20 	 1.135790e+18 	 4.345822e-05 	 3.615187e-06 	 -1000.0000 	 -1000.0000 	 -1000.0000 	 -1000.0000 
	 71.3260 	 3.075351e-03 	 163.2396 	  1.0523 	 1.365785e+20 	 1.117550e+18 	 4.293425e-05 	 3.583446e-06 	 -1000.0000 	 -1000.0000 	 -1000.0000 	 -1000.0000 
	 71.4550 	 3.029838e-03 	 163.2400 	  1.0507 	 1.345566e+20 	 1.100321e+18 	 4.241859e-05 	 3.552159e-06 	 -1000.0000 	 -1000.0000 	 -1000.0000 	 -1000.0000 
	 71.5840 	 2.985028e-03 	 163.2096 	  1.0496 	 1.325905e+20 	 1.084060e+18 	 4.192094e-05 	 3.521572e-06 	 -1000.0000 	 -1000.0000 	 -1000.0000 	 -1000.0000 
	 71.7130 	 2.940930e-03 	 163.1480 	  1.0491 	 1.306800e+20 	 1.068723e+18 	 4.145100e-05 	 3.491936e-06 	 -1000.0000 	 -1000.0000 	 -1000.0000 	 -1000.0000 
	 72.3070 	 2.746905e-03 	 162.4810 	  1.0524 	 1.225532e+20 	 1.008051e+18 	 3.976917e-05 	 3.371179e-06 	 -1000.0000 	 -1000.0000 	 -1000.0000 	 -1000.0000 
	 72.4360 	 2.706570e-03 	 162.2687 	  1.0537 	 1.209116e+20 	 9.963937e+17 	 3.949046e-05 	 3.348031e-06 	 -1000.0000 	 -1000.0000 	 -1000.0000 	 -1000.0000 
	 72.5650 	 2.666812e-03 	 162.0388 	  1.0549 	 1.193053e+20 	 9.850354e+17 	 3.923304e-05 	 3.325788e-06 	 -1000.0000 	 -1000.0000 	 -1000.0000 	 -1000.0000 
	 72.6940 	 2.627601e-03 	 161.7941 	  1.0560 	 1.177302e+20 	 9.738647e+17 	 3.899252e-05 	 3.304360e-06 	 -1000.0000 	 -1000.0000 	 -1000.0000 	 -1000.0000 
	 72.8230 	 2.588907e-03 	 161.5376 	  1.0567 	 1.161824e+20 	 9.627710e+17 	 3.876455e-05 	 3.283660e-06 	 -1000.0000 	 -1000.0000 	 -1000.0000 	 -1000.0000 
	 73.4300 	 2.413094e-03 	 160.2240 	  1.0548 	 1.091851e+20 	 9.096848e+17 	 3.777652e-05 	 3.193863e-06 	 -1000.0000 	 -1000.0000 	 -1000.0000 	 -1000.0000 
	 73.5590 	 2.376987e-03 	 159.9223 	  1.0532 	 1.077543e+20 	 8.982539e+17 	 3.758195e-05 	 3.176096e-06 	 -1000.0000 	 -1000.0000 	 -1000.0000 	 -1000.0000 
	 73.6870 	 2.341575e-03 	 159.6141 	  1.0513 	 1.063534e+20 	 8.869075e+17 	 3.739448e-05 	 3.158831e-06 	 -1000.0000 	 -1000.0000 	 -1000.0000 	 -1000.0000 
	 73.8160 	 2.306296e-03 	 159.2945 	  1.0491 	 1.049603e+20 	 8.754898e+17 	 3.721130e-05 	 3.141757e-06 	 -1000.0000 	 -1000.0000 	 -1000.0000 	 -1000.0000 
	 73.9450 	 2.271418e-03 	 158.9653 	  1.0466 	 1.035857e+20 	 8.641114e+17 	 3.703402e-05 	 3.124969e-06 	 -1000.0000 	 -1000.0000 	 -1000.0000 	 -1000.0000 
	 74.5430 	 2.114993e-03 	 157.3619 	  1.0326 	 9.742857e+19 	 8.123825e+17 	 3.629219e-05 	 3.050852e-06 	 -1000.0000 	 -1000.0000 	 -1000.0000 	 -1000.0000 
	 74.6720 	 2.082469e-03 	 157.0278 	  1.0297 	 9.613469e+19 	 8.015132e+17 	 3.614980e-05 	 3.036027e-06 	 -1000.0000 	 -1000.0000 	 -1000.0000 	 -1000.0000 
	 74.8000 	 2.050661e-03 	 156.7118 	  1.0271 	 9.485823e+19 	 7.908515e+17 	 3.601481e-05 	 3.021879e-06 	 -1000.0000 	 -1000.0000 	 -1000.0000 	 -1000.0000 
	 74.9280 	 2.019332e-03 	 156.4163 	  1.0248 	 9.358704e+19 	 7.803223e+17 	 3.588614e-05 	 3.008359e-06 	 -1000.0000 	 -1000.0000 	 -1000.0000 	 -1000.0000 
	 75.0570 	 1.988259e-03 	 156.1444 	  1.0230 	 9.230913e+19 	 7.698547e+17 	 3.576293e-05 	 2.995441e-06 	 -1000.0000 	 -1000.0000 	 -1000.0000 	 -1000.0000 
	 75.6430 	 1.853537e-03 	 155.3223 	  1.0209 	 8.651161e+19 	 7.236808e+17 	 3.520738e-05 	 2.943910e-06 	 -1000.0000 	 -1000.0000 	 -1000.0000 	 -1000.0000 
	 75.7720 	 1.825212e-03 	 155.2344 	  1.0209 	 8.523734e+19 	 7.135075e+17 	 3.504531e-05 	 2.932635e-06 	 -1000.0000 	 -1000.0000 	 -1000.0000 	 -1000.0000 
	 75.9000 	 1.797544e-03 	 155.1799 	  1.0208 	 8.397427e+19 	 7.032847e+17 	 3.485423e-05 	 2.920861e-06 	 -1000.0000 	 -1000.0000 	 -1000.0000 	 -1000.0000 
	 76.0280 	 1.770296e-03 	 155.1578 	  1.0204 	 8.271281e+19 	 6.928769e+17 	 3.462568e-05 	 2.908226e-06 	 -1000.0000 	 -1000.0000 	 -1000.0000 	 -1000.0000 
	 76.1570 	 1.743242e-03 	 155.1683 	  1.0195 	 8.144340e+19 	 6.821428e+17 	 3.435004e-05 	 2.894337e-06 	 -1000.0000 	 -1000.0000 	 -1000.0000 	 -1000.0000 
	 76.7630 	 1.621283e-03 	 155.6097 	  1.0076 	 7.553499e+19 	 6.283542e+17 	 3.242598e-05 	 2.811569e-06 	 -1000.0000 	 -1000.0000 	 -1000.0000 	 -1000.0000 
	 76.8920 	 1.596398e-03 	 155.7644 	  1.0044 	 7.430173e+19 	 6.167083e+17 	 3.194324e-05 	 2.791861e-06 	 -1000.0000 	 -1000.0000 	 -1000.0000 	 -1000.0000 
	 77.0200 	 1.572080e-03 	 155.9300 	  1.0014 	 7.309146e+19 	 6.053063e+17 	 3.146491e-05 	 2.772308e-06 	 -1000.0000 	 -1000.0000 	 -1000.0000 	 -1000.0000 
	 77.1480 	 1.548132e-03 	 156.1038 	  0.9987 	 7.189677e+19 	 5.941559e+17 	 3.099889e-05 	 2.753082e-06 	 -1000.0000 	 -1000.0000 	 -1000.0000 	 -1000.0000 
	 77.2770 	 1.524373e-03 	 156.2832 	  0.9965 	 7.071072e+19 	 5.832729e+17 	 3.055343e-05 	 2.734367e-06 	 -1000.0000 	 -1000.0000 	 -1000.0000 	 -1000.0000 
	 77.8630 	 1.421140e-03 	 157.0723 	  0.9956 	 6.558851e+19 	 5.396495e+17 	 2.900236e-05 	 2.663683e-06 	 -1000.0000 	 -1000.0000 	 -1000.0000 	 -1000.0000 
	 77.9920 	 1.399430e-03 	 157.2326 	  0.9971 	 6.452085e+19 	 5.311924e+17 	 2.875410e-05 	 2.651670e-06 	 -1000.0000 	 -1000.0000 	 -1000.0000 	 -1000.0000 
	 78.1200 	 1.378243e-03 	 157.3847 	  0.9990 	 6.348289e+19 	 5.231330e+17 	 2.853398e-05 	 2.641091e-06 	 -1000.0000 	 -1000.0000 	 -1000.0000 	 -1000.0000 
	 78.2480 	 1.357407e-03 	 157.5290 	  1.0013 	 6.246629e+19 	 5.153698e+17 	 2.833674e-05 	 2.631884e-06 	 -1000.0000 	 -1000.0000 	 -1000.0000 	 -1000.0000 
	 78.3770 	 1.336758e-03 	 157.6654 	  1.0039 	 6.146338e+19 	 5.078102e+17 	 2.815786e-05 	 2.624028e-06 	 -1000.0000 	 -1000.0000 	 -1000.0000 	 -1000.0000 
	 78.9700 	 1.246204e-03 	 158.1387 	  1.0168 	 5.713138e+19 	 4.755057e+17 	 2.748288e-05 	 2.606789e-06 	 -1000.0000 	 -1000.0000 	 -1000.0000 	 -1000.0000 
	 79.0980 	 1.227541e-03 	 158.1961 	  1.0190 	 5.625546e+19 	 4.688642e+17 	 2.734006e-05 	 2.607087e-06 	 -1000.0000 	 -1000.0000 	 -1000.0000 	 -1000.0000 
	 79.2250 	 1.209310e-03 	 158.2331 	  1.0208 	 5.540680e+19 	 4.623233e+17 	 2.718888e-05 	 2.608764e-06 	 -1000.0000 	 -1000.0000 	 -1000.0000 	 -1000.0000 
	 79.3520 	 1.191357e-03 	 158.2483 	  1.0218 	 5.457834e+19 	 4.558006e+17 	 2.702355e-05 	 2.611805e-06 	 -1000.0000 	 -1000.0000 	 -1000.0000 	 -1000.0000 
	 79.4800 	 1.173532e-03 	 158.2396 	  1.0222 	 5.376363e+19 	 4.492141e+17 	 2.683784e-05 	 2.616237e-06 	 -1000.0000 	 -1000.0000 	 -1000.0000 	 -1000.0000 
	 80.0800 	 1.093368e-03 	 157.8990 	  1.0108 	 5.019318e+19 	 4.174760e+17 	 2.574380e-05 	 2.649048e-06 	 -1000.0000 	 -1000.0000 	 -1000.0000 	 -1000.0000 
	 80.2080 	 1.076967e-03 	 157.7923 	  1.0054 	 4.947374e+19 	 4.104413e+17 	 2.552494e-05 	 2.655421e-06 	 -1000.0000 	 -1000.0000 	 -1000.0000 	 -1000.0000 
	 80.3350 	 1.060933e-03 	 157.6870 	  0.9989 	 4.877044e+19 	 4.033475e+17 	 2.533863e-05 	 2.660276e-06 	 -1000.0000 	 -1000.0000 	 -1000.0000 	 -1000.0000 
	 80.4620 	 1.045133e-03 	 157.5876 	  0.9913 	 4.807575e+19 	 3.961303e+17 	 2.519454e-05 	 2.663112e-06 	 -1000.0000 	 -1000.0000 	 -1000.0000 	 -1000.0000 
	 80.5900 	 1.029443e-03 	 157.4992 	  0.9825 	 4.738242e+19 	 3.887212e+17 	 2.510368e-05 	 2.663363e-06 	 -1000.0000 	 -1000.0000 	 -1000.0000 	 -1000.0000 
	 81.1730 	 9.608715e-04 	 157.3005 	  0.9317 	 4.428848e+19 	 3.539431e+17 	 2.547493e-05 	 2.634570e-06 	 -1000.0000 	 -1000.0000 	 -1000.0000 	 -1000.0000 
	 81.3000 	 9.465404e-04 	 157.2845 	  0.9206 	 4.363236e+19 	 3.465792e+17 	 2.567821e-05 	 2.628142e-06 	 -1000.0000 	 -1000.0000 	 -1000.0000 	 -1000.0000 
	 81.4280 	 9.323075e-04 	 157.2699 	  0.9105 	 4.297959e+19 	 3.394122e+17 	 2.590506e-05 	 2.624305e-06 	 -1000.0000 	 -1000.0000 	 -1000.0000 	 -1000.0000 
	 81.5550 	 9.183912e-04 	 157.2532 	  0.9017 	 4.234129e+19 	 3.326350e+17 	 2.614182e-05 	 2.624340e-06 	 -1000.0000 	 -1000.0000 	 -1000.0000 	 -1000.0000 
	 81.6820 	 9.046758e-04 	 157.2305 	  0.8948 	 4.171325e+19 	 3.262705e+17 	 2.638012e-05 	 2.629419e-06 	 -1000.0000 	 -1000.0000 	 -1000.0000 	 -1000.0000 
	 82.2830 	 8.423911e-04 	 156.9723 	  0.8922 	 3.889588e+19 	 3.029224e+17 	 2.733218e-05 	 2.738654e-06 	 -1000.0000 	 -1000.0000 	 -1000.0000 	 -1000.0000 
	 82.4100 	 8.297653e-04 	 156.8849 	  0.8972 	 3.833241e+19 	 2.992619e+17 	 2.748963e-05 	 2.776849e-06 	 -1000.0000 	 -1000.0000 	 -1000.0000 	 -1000.0000 
	 82.5380 	 8.172232e-04 	 156.7861 	  0.9036 	 3.777515e+19 	 2.959347e+17 	 2.763331e-05 	 2.819150e-06 	 -1000.0000 	 -1000.0000 	 -1000.0000 	 -1000.0000 
	 82.6650 	 8.049582e-04 	 156.6776 	  0.9112 	 3.723255e+19 	 2.929536e+17 	 2.776117e-05 	 2.864215e-06 	 -1000.0000 	 -1000.0000 	 -1000.0000 	 -1000.0000 
	 82.7920 	 7.928689e-04 	 156.5591 	  0.9198 	 3.669994e+19 	 2.902526e+17 	 2.787461e-05 	 2.911683e-06 	 -1000.0000 	 -1000.0000 	 -1000.0000 	 -1000.0000 
	 85.5200 	 5.706372e-04 	 152.2784 	  0.9434 	 2.716584e+19 	 2.281893e+17 	 2.728424e-05 	 3.266745e-06 	 -1000.0000 	 -1000.0000 	 -1000.0000 	 -1000.0000 
	 85.6460 	 5.618897e-04 	 152.0440 	  0.9270 	 2.679046e+19 	 2.231106e+17 	 2.719039e-05 	 3.222967e-06 	 -1000.0000 	 -1000.0000 	 -1000.0000 	 -1000.0000 
	 85.7720 	 5.532638e-04 	 151.8149 	  0.9115 	 2.641887e+19 	 2.181487e+17 	 2.711709e-05 	 3.181982e-06 	 -1000.0000 	 -1000.0000 	 -1000.0000 	 -1000.0000 
	 85.8990 	 5.446922e-04 	 151.5911 	  0.8974 	 2.604796e+19 	 2.133766e+17 	 2.707028e-05 	 3.146081e-06 	 -1000.0000 	 -1000.0000 	 -1000.0000 	 -1000.0000 
	 86.0250 	 5.363090e-04 	 151.3779 	  0.8858 	 2.568333e+19 	 2.089794e+17 	 2.705693e-05 	 3.118393e-06 	 -1000.0000 	 -1000.0000 	 -1000.0000 	 -1000.0000 
	 86.6200 	 4.983125e-04 	 150.4809 	  0.8724 	 2.400756e+19 	 1.942044e+17 	 2.745515e-05 	 3.124438e-06 	 -1000.0000 	 -1000.0000 	 -1000.0000 	 -1000.0000 
	 86.7460 	 4.905891e-04 	 150.2924 	  0.8761 	 2.366512e+19 	 1.920628e+17 	 2.758644e-05 	 3.146157e-06 	 -1000.0000 	 -1000.0000 	 -1000.0000 	 -1000.0000 
	 86.8720 	 4.829731e-04 	 150.0954 	  0.8811 	 2.332814e+19 	 1.901231e+17 	 2.771229e-05 	 3.170903e-06 	 -1000.0000 	 -1000.0000 	 -1000.0000 	 -1000.0000 
	 86.9990 	 4.754029e-04 	 149.8840 	  0.8867 	 2.299454e+19 	 1.883070e+17 	 2.782369e-05 	 3.197034e-06 	 -1000.0000 	 -1000.0000 	 -1000.0000 	 -1000.0000 
	 87.1250 	 4.679955e-04 	 149.6575 	  0.8926 	 2.267006e+19 	 1.865786e+17 	 2.790903e-05 	 3.222281e-06 	 -1000.0000 	 -1000.0000 	 -1000.0000 	 -1000.0000 
	 87.7030 	 4.352923e-04 	 148.3592 	  0.9140 	 2.126909e+19 	 1.784848e+17 	 2.788049e-05 	 3.303161e-06 	 -1000.0000 	 -1000.0000 	 -1000.0000 	 -1000.0000 
	 87.8290 	 4.284421e-04 	 148.0310 	  0.9172 	 2.098084e+19 	 1.766585e+17 	 2.781463e-05 	 3.315228e-06 	 -1000.0000 	 -1000.0000 	 -1000.0000 	 -1000.0000 
	 87.9550 	 4.216924e-04 	 147.6923 	  0.9201 	 2.069786e+19 	 1.748155e+17 	 2.774254e-05 	 3.326575e-06 	 -1000.0000 	 -1000.0000 	 -1000.0000 	 -1000.0000 
	 88.0810 	 4.150436e-04 	 147.3454 	  0.9225 	 2.041973e+19 	 1.729584e+17 	 2.767114e-05 	 3.337784e-06 	 -1000.0000 	 -1000.0000 	 -1000.0000 	 -1000.0000 
	 88.2070 	 4.084960e-04 	 146.9930 	  0.9245 	 2.014605e+19 	 1.710899e+17 	 2.760733e-05 	 3.349437e-06 	 -1000.0000 	 -1000.0000 	 -1000.0000 	 -1000.0000 
	 88.7930 	 3.793383e-04 	 145.3457 	  0.9287 	 1.892031e+19 	 1.622198e+17 	 2.755520e-05 	 3.418800e-06 	 -1000.0000 	 -1000.0000 	 -1000.0000 	 -1000.0000 
	 88.9190 	 3.733246e-04 	 145.0011 	  0.9281 	 1.866458e+19 	 1.602352e+17 	 2.761017e-05 	 3.436612e-06 	 -1000.0000 	 -1000.0000 	 -1000.0000 	 -1000.0000 
	 89.0450 	 3.673923e-04 	 144.6636 	  0.9270 	 1.841082e+19 	 1.582072e+17 	 2.769210e-05 	 3.455147e-06 	 -1000.0000 	 -1000.0000 	 -1000.0000 	 -1000.0000 
	 89.1710 	 3.615374e-04 	 144.3350 	  0.9251 	 1.815865e+19 	 1.561284e+17 	 2.780255e-05 	 3.474267e-06 	 -1000.0000 	 -1000.0000 	 -1000.0000 	 -1000.0000 
	 89.2970 	 3.557558e-04 	 144.0169 	  0.9225 	 1.790772e+19 	 1.539916e+17 	 2.794312e-05 	 3.493834e-06 	 -1000.0000 	 -1000.0000 	 -1000.0000 	 -1000.0000 
	 89.8870 	 3.296014e-04 	 142.6930 	  0.9031 	 1.674501e+19 	 1.433774e+17 	 2.897100e-05 	 3.593901e-06 	 -1000.0000 	 -1000.0000 	 -1000.0000 	 -1000.0000 
	 90.0120 	 3.242622e-04 	 142.4444 	  0.8992 	 1.650247e+19 	 1.411529e+17 	 2.923603e-05 	 3.619474e-06 	 -1000.0000 	 -1000.0000 	 -1000.0000 	 -1000.0000 
	 90.1380 	 3.189559e-04 	 142.2033 	  0.8962 	 1.625993e+19 	 1.389824e+17 	 2.950708e-05 	 3.647871e-06 	 -1000.0000 	 -1000.0000 	 -1000.0000 	 -1000.0000 
	 90.2630 	 3.137689e-04 	 141.9729 	  0.8943 	 1.602148e+19 	 1.369285e+17 	 2.977415e-05 	 3.679119e-06 	 -1000.0000 	 -1000.0000 	 -1000.0000 	 -1000.0000 
	 90.3880 	 3.086604e-04 	 141.7504 	  0.8940 	 1.578547e+19 	 1.350016e+17 	 3.003371e-05 	 3.713907e-06 	 -1000.0000 	 -1000.0000 	 -1000.0000 	 -1000.0000 
	 90.9670 	 2.860401e-04 	 140.8008 	  0.9149 	 1.472859e+19 	 1.280374e+17 	 3.106861e-05 	 3.924549e-06 	 -1000.0000 	 -1000.0000 	 -1000.0000 	 -1000.0000 
	 91.0920 	 2.813738e-04 	 140.6084 	  0.9232 	 1.450846e+19 	 1.268723e+17 	 3.126913e-05 	 3.978329e-06 	 -1000.0000 	 -1000.0000 	 -1000.0000 	 -1000.0000 
	 91.2170 	 2.767810e-04 	 140.4187 	  0.9322 	 1.429120e+19 	 1.257867e+17 	 3.146819e-05 	 4.033993e-06 	 -1000.0000 	 -1000.0000 	 -1000.0000 	 -1000.0000 
	 91.3430 	 2.722242e-04 	 140.2295 	  0.9418 	 1.407509e+19 	 1.247540e+17 	 3.167043e-05 	 4.091521e-06 	 -1000.0000 	 -1000.0000 	 -1000.0000 	 -1000.0000 
	 91.4680 	 2.677741e-04 	 140.0429 	  0.9516 	 1.386359e+19 	 1.237722e+17 	 3.187571e-05 	 4.149514e-06 	 -1000.0000 	 -1000.0000 	 -1000.0000 	 -1000.0000 
	 93.1200 	 2.148096e-04 	 137.3319 	  0.9947 	 1.133871e+19 	 1.065325e+17 	 3.647518e-05 	 4.796737e-06 	 -1000.0000 	 -1000.0000 	 -1000.0000 	 -1000.0000 
	 93.2450 	 2.112025e-04 	 137.0989 	  0.9889 	 1.116731e+19 	 1.046882e+17 	 3.708230e-05 	 4.839015e-06 	 -1000.0000 	 -1000.0000 	 -1000.0000 	 -1000.0000 
	 93.3700 	 2.076506e-04 	 136.8662 	  0.9833 	 1.099829e+19 	 1.028676e+17 	 3.774430e-05 	 4.886396e-06 	 -1000.0000 	 -1000.0000 	 -1000.0000 	 -1000.0000 
	 93.4950 	 2.041544e-04 	 136.6353 	  0.9785 	 1.083154e+19 	 1.011046e+17 	 3.846506e-05 	 4.940704e-06 	 -1000.0000 	 -1000.0000 	 -1000.0000 	 -1000.0000 
	 93.6200 	 2.007140e-04 	 136.4075 	  0.9748 	 1.066696e+19 	 9.943332e+16 	 3.924842e-05 	 5.003762e-06 	 -1000.0000 	 -1000.0000 	 -1000.0000 	 -1000.0000 
