	 height_(km) 	 press_(mbar) 	 temp_(K) 	 temperr_(K) 	 numdens_(m-3) 	 numdenserr_(m-3) 	 H2Ovmr_() 	 H2Ovmrerr_() 	 D/H_(VSMOW) 	 D/Herr_(VSMOW) 	 18O/16O_(VSMOW) 	 18O/16Oerr_(VSMOW) 
	  3.2760 	 3.301574e+00 	 181.8656 	  4.2040 	 1.297326e+23 	 3.530282e+21 	 7.397026e-05 	 5.512663e-06 	  2.8110 	  0.7626 	  0.7709 	  0.1359 
	  3.5130 	 3.222984e+00 	 183.4183 	  4.5032 	 1.261631e+23 	 3.474249e+21 	 5.495593e-05 	 1.494999e-06 	  3.5932 	  0.8306 	  0.9804 	  0.1441 
	  3.7510 	 3.145612e+00 	 184.7069 	  4.7301 	 1.227345e+23 	 3.401513e+21 	 5.224325e-05 	 5.200261e-06 	  3.6779 	  0.8403 	  0.9883 	  0.1649 
	  4.2170 	 2.998567e+00 	 186.5158 	  4.9809 	 1.164462e+23 	 3.217062e+21 	 4.817920e-05 	 6.288788e-06 	  3.9110 	  0.8313 	  1.0284 	  0.1916 
	  4.4530 	 2.926319e+00 	 187.1074 	  5.0202 	 1.134620e+23 	 3.105320e+21 	 4.686544e-05 	 6.169771e-06 	  4.0050 	  0.7983 	  1.0476 	  0.1970 
	  4.6900 	 2.855252e+00 	 187.5064 	  5.0070 	 1.105912e+23 	 2.982662e+21 	 4.580791e-05 	 5.850053e-06 	  4.0895 	  0.7521 	  1.0659 	  0.1973 
	  4.9270 	 2.785662e+00 	 187.7283 	  4.9463 	 1.078394e+23 	 2.851025e+21 	 4.498084e-05 	 5.459701e-06 	  4.1641 	  0.6997 	  1.0816 	  0.1939 
	  5.1630 	 2.717821e+00 	 187.7917 	  4.8435 	 1.052105e+23 	 2.712495e+21 	 4.437473e-05 	 5.060043e-06 	  4.2279 	  0.6457 	  1.0937 	  0.1878 
	  7.0120 	 2.235149e+00 	 184.9205 	  3.1550 	 8.763987e+22 	 1.536605e+21 	 4.469698e-05 	 2.915786e-06 	  4.3782 	  0.5003 	  1.0678 	  0.1202 
	  7.2480 	 2.179597e+00 	 184.3889 	  2.8999 	 8.567996e+22 	 1.396224e+21 	 4.486875e-05 	 2.968259e-06 	  4.3565 	  0.5410 	  1.0570 	  0.1192 
	  7.4840 	 2.125375e+00 	 183.8798 	  2.6525 	 8.376061e+22 	 1.262852e+21 	 4.487381e-05 	 3.074160e-06 	  4.3239 	  0.5800 	  1.0469 	  0.1202 
	  7.7200 	 2.072470e+00 	 183.4116 	  2.4177 	 8.187467e+22 	 1.137959e+21 	 4.461613e-05 	 3.172831e-06 	  4.2787 	  0.6100 	  1.0386 	  0.1219 
	  7.9560 	 2.020870e+00 	 183.0024 	  2.2007 	 8.001499e+22 	 1.023013e+21 	 4.398431e-05 	 3.205735e-06 	  4.2199 	  0.6265 	  1.0330 	  0.1232 
	  8.4170 	 1.923792e+00 	 182.4432 	  1.8473 	 7.643084e+22 	 8.327513e+20 	 4.131581e-05 	 2.992672e-06 	  4.0668 	  0.6163 	  1.0330 	  0.1229 
	  8.6530 	 1.875973e+00 	 182.3145 	  1.7121 	 7.460724e+22 	 7.556869e+20 	 3.914889e-05 	 2.777313e-06 	  3.9724 	  0.5933 	  1.0398 	  0.1219 
	  8.8880 	 1.829589e+00 	 182.2951 	  1.6099 	 7.279655e+22 	 6.929596e+20 	 3.654087e-05 	 2.580065e-06 	  3.8736 	  0.5702 	  1.0513 	  0.1223 
	  9.1230 	 1.784394e+00 	 182.3619 	  1.5358 	 7.099748e+22 	 6.425914e+20 	 3.361811e-05 	 2.416756e-06 	  3.7748 	  0.5536 	  1.0668 	  0.1243 
	  9.3590 	 1.740162e+00 	 182.4921 	  1.4851 	 6.920920e+22 	 6.027490e+20 	 3.051087e-05 	 2.273845e-06 	  3.6783 	  0.5451 	  1.0854 	  0.1275 
	 11.2030 	 1.429697e+00 	 183.0227 	  1.3856 	 5.663719e+22 	 4.699000e+20 	 1.184624e-05 	 1.034696e-06 	  2.9927 	  0.5917 	  1.2734 	  0.1601 
	 11.4370 	 1.394159e+00 	 182.6913 	  1.3450 	 5.531605e+22 	 4.513874e+20 	 1.070868e-05 	 8.993211e-07 	  2.8974 	  0.5885 	  1.2902 	  0.1595 
	 11.6720 	 1.359229e+00 	 182.2052 	  1.2880 	 5.406732e+22 	 4.286073e+20 	 9.813819e-06 	 7.746673e-07 	  2.7964 	  0.5796 	  1.3015 	  0.1561 
	 11.9070 	 1.325057e+00 	 181.5680 	  1.2201 	 5.289204e+22 	 4.031858e+20 	 9.139881e-06 	 6.690276e-07 	  2.6898 	  0.5669 	  1.3065 	  0.1509 
	 12.1410 	 1.291783e+00 	 180.7864 	  1.1469 	 5.178971e+22 	 3.768616e+20 	 8.658468e-06 	 5.925002e-07 	  2.5799 	  0.5543 	  1.3053 	  0.1456 
	 12.6130 	 1.226941e+00 	 178.7752 	  1.0040 	 4.975225e+22 	 3.272445e+20 	 8.134231e-06 	 5.193601e-07 	  2.3552 	  0.5328 	  1.2873 	  0.1393 
	 12.8470 	 1.195919e+00 	 177.5701 	  0.9461 	 4.882405e+22 	 3.075653e+20 	 8.037363e-06 	 5.052177e-07 	  2.2468 	  0.5236 	  1.2732 	  0.1378 
	 13.0820 	 1.165489e+00 	 176.2585 	  0.9002 	 4.793321e+22 	 2.920060e+20 	 8.005244e-06 	 4.857491e-07 	  2.1430 	  0.5116 	  1.2580 	  0.1347 
	 13.3170 	 1.135745e+00 	 174.9129 	  0.8648 	 4.706595e+22 	 2.798755e+20 	 7.998383e-06 	 4.584844e-07 	  2.0458 	  0.4965 	  1.2432 	  0.1303 
	 13.5510 	 1.106765e+00 	 173.6078 	  0.8382 	 4.620784e+22 	 2.703735e+20 	 7.977197e-06 	 4.255528e-07 	  1.9560 	  0.4795 	  1.2297 	  0.1258 
	 14.0180 	 1.050657e+00 	 171.3786 	  0.8039 	 4.444031e+22 	 2.558057e+20 	 7.750491e-06 	 3.472275e-07 	  1.7994 	  0.4453 	  1.2092 	  0.1200 
	 14.2520 	 1.023325e+00 	 170.5831 	  0.7926 	 4.349215e+22 	 2.490810e+20 	 7.355294e-06 	 2.611764e-07 	  1.7335 	  0.4306 	  1.2036 	  0.1203 
	 14.4860 	 9.964936e-01 	 170.0283 	  0.7834 	 4.249615e+22 	 2.421223e+20 	 6.963085e-06 	 2.313407e-07 	  1.6766 	  0.4205 	  1.2015 	  0.1234 
	 14.7200 	 9.701853e-01 	 169.6576 	  0.7760 	 4.146867e+22 	 2.350352e+20 	 6.483419e-06 	 2.081999e-07 	  1.6283 	  0.4140 	  1.2028 	  0.1274 
	 14.9540 	 9.444260e-01 	 169.4114 	  0.7699 	 4.042676e+22 	 2.279450e+20 	 5.927073e-06 	 1.966075e-07 	  1.5876 	  0.4088 	  1.2073 	  0.1308 
	 15.4280 	 8.940333e-01 	 169.0500 	  0.7603 	 3.834222e+22 	 2.140889e+20 	 4.747661e-06 	 1.724014e-07 	  1.5265 	  0.3999 	  1.2273 	  0.1349 
	 15.6620 	 8.700886e-01 	 168.8204 	  0.7561 	 3.736015e+22 	 2.077492e+20 	 4.199325e-06 	 1.606110e-07 	  1.5061 	  0.3970 	  1.2429 	  0.1368 
	 15.8960 	 8.467743e-01 	 168.5166 	  0.7519 	 3.642069e+22 	 2.018196e+20 	 3.701504e-06 	 1.492285e-07 	  1.4914 	  0.3959 	  1.2621 	  0.1395 
	 16.1300 	 8.240769e-01 	 168.1559 	  0.7479 	 3.551892e+22 	 1.962536e+20 	 3.265176e-06 	 1.384906e-07 	  1.4813 	  0.3968 	 -1000.0000 	 -1000.0000 
	 16.3640 	 8.019821e-01 	 167.7568 	  0.7442 	 3.464949e+22 	 1.910010e+20 	 2.874031e-06 	 1.396410e-07 	  1.4751 	  0.4012 	 -1000.0000 	 -1000.0000 
	 16.8330 	 7.594550e-01 	 166.9164 	  0.7377 	 3.298268e+22 	 1.812148e+20 	 2.296037e-06 	 1.369196e-07 	  1.4704 	  0.4126 	 -1000.0000 	 -1000.0000 
	 17.0670 	 7.390844e-01 	 166.5138 	  0.7353 	 3.217822e+22 	 1.766027e+20 	 2.105059e-06 	 1.310235e-07 	  1.4705 	  0.4157 	 -1000.0000 	 -1000.0000 
	 17.3000 	 7.193362e-01 	 166.1371 	  0.7334 	 3.139089e+22 	 1.721521e+20 	 1.966842e-06 	 1.231653e-07 	  1.4711 	  0.4150 	 -1000.0000 	 -1000.0000 
	 17.5330 	 7.000961e-01 	 165.7803 	  0.7322 	 3.061740e+22 	 1.678500e+20 	 1.867435e-06 	 1.152762e-07 	  1.4717 	  0.4121 	 -1000.0000 	 -1000.0000 
	 17.7670 	 6.812581e-01 	 165.4378 	  0.7316 	 2.985482e+22 	 1.636870e+20 	 1.796526e-06 	 1.084505e-07 	  1.4718 	  0.4094 	 -1000.0000 	 -1000.0000 
	 18.2290 	 6.453873e-01 	 164.7899 	  0.7327 	 2.839217e+22 	 1.559639e+20 	 1.712350e-06 	 9.942807e-08 	  1.4689 	  0.4077 	 -1000.0000 	 -1000.0000 
	 18.4610 	 6.279850e-01 	 164.4701 	  0.7345 	 2.767979e+22 	 1.523495e+20 	 1.686708e-06 	 9.664934e-08 	  1.4652 	  0.4093 	 -1000.0000 	 -1000.0000 
	 18.6940 	 6.109017e-01 	 164.1471 	  0.7369 	 2.697981e+22 	 1.488943e+20 	 1.667321e-06 	 9.393185e-08 	  1.4599 	  0.4124 	 -1000.0000 	 -1000.0000 
	 18.9270 	 5.942217e-01 	 163.8185 	  0.7400 	 2.629609e+22 	 1.455963e+20 	 1.653273e-06 	 8.978213e-08 	  1.4531 	  0.4152 	 -1000.0000 	 -1000.0000 
	 19.1590 	 5.780230e-01 	 163.4821 	  0.7435 	 2.563221e+22 	 1.424501e+20 	 1.641318e-06 	 8.829761e-08 	  1.4449 	  0.4172 	 -1000.0000 	 -1000.0000 
	 19.6290 	 5.464974e-01 	 162.7575 	  0.7511 	 2.434201e+22 	 1.364215e+20 	 1.628604e-06 	 8.889541e-08 	  1.4254 	  0.4168 	 -1000.0000 	 -1000.0000 
	 19.8610 	 5.315907e-01 	 162.3714 	  0.7548 	 2.373359e+22 	 1.335786e+20 	 1.631224e-06 	 8.954548e-08 	  1.4154 	  0.4150 	 -1000.0000 	 -1000.0000 
	 20.0940 	 5.170511e-01 	 161.9697 	  0.7584 	 2.314071e+22 	 1.307867e+20 	 1.641204e-06 	 9.045748e-08 	  1.4057 	  0.4128 	 -1000.0000 	 -1000.0000 
	 20.3270 	 5.029209e-01 	 161.5691 	  0.7618 	 2.256334e+22 	 1.280389e+20 	 1.659351e-06 	 9.164416e-08 	  1.3969 	  0.4113 	 -1000.0000 	 -1000.0000 
	 20.5590 	 4.892347e-01 	 161.1868 	  0.7651 	 2.200112e+22 	 1.253275e+20 	 1.685825e-06 	 9.309773e-08 	  1.3896 	  0.4115 	 -1000.0000 	 -1000.0000 
	 21.0240 	 4.628611e-01 	 160.5326 	  0.7714 	 2.090139e+22 	 1.198900e+20 	 1.761111e-06 	 9.670736e-08 	  1.3803 	  0.4201 	 -1000.0000 	 -1000.0000 
	 21.2560 	 4.501842e-01 	 160.2923 	  0.7744 	 2.036089e+22 	 1.171382e+20 	 1.806664e-06 	 9.874561e-08 	  1.3786 	  0.4275 	 -1000.0000 	 -1000.0000 
	 21.4880 	 4.378068e-01 	 160.1118 	  0.7774 	 1.982481e+22 	 1.143536e+20 	 1.853834e-06 	 1.008294e-07 	  1.3789 	  0.4356 	 -1000.0000 	 -1000.0000 
	 21.7200 	 4.257255e-01 	 159.9715 	  0.7801 	 1.929548e+22 	 1.115536e+20 	 1.898048e-06 	 1.028297e-07 	  1.3812 	  0.4445 	 -1000.0000 	 -1000.0000 
	 21.9520 	 4.139368e-01 	 159.8514 	  0.7825 	 1.877530e+22 	 1.087559e+20 	 1.934275e-06 	 1.046078e-07 	  1.3858 	  0.4542 	 -1000.0000 	 -1000.0000 
	 22.4240 	 3.908432e-01 	 159.5851 	  0.7863 	 1.775538e+22 	 1.031457e+20 	 1.964528e-06 	 1.069982e-07 	  1.4028 	  0.4774 	 -1000.0000 	 -1000.0000 
	 22.6560 	 3.799231e-01 	 159.4027 	  0.7873 	 1.727778e+22 	 1.004643e+20 	 1.950860e-06 	 1.073383e-07 	  1.4153 	  0.4906 	 -1000.0000 	 -1000.0000 
	 22.8880 	 3.692834e-01 	 159.1751 	  0.7878 	 1.681711e+22 	 9.784536e+19 	 1.917959e-06 	 1.070697e-07 	  1.4300 	  0.5050 	 -1000.0000 	 -1000.0000 
	 23.1200 	 3.589223e-01 	 158.9124 	  0.7878 	 1.637200e+22 	 9.528420e+19 	 1.869564e-06 	 1.062624e-07 	  1.4464 	  0.5204 	 -1000.0000 	 -1000.0000 
	 23.3520 	 3.488381e-01 	 158.6255 	  0.7874 	 1.594100e+22 	 9.277550e+19 	 1.810812e-06 	 1.050362e-07 	  1.4636 	  0.5365 	 -1000.0000 	 -1000.0000 
	 23.8190 	 3.293715e-01 	 158.0187 	  0.7853 	 1.511035e+22 	 8.786338e+19 	 1.684724e-06 	 1.019800e-07 	  1.4984 	  0.5700 	 -1000.0000 	 -1000.0000 
	 24.0510 	 3.201104e-01 	 157.7247 	  0.7839 	 1.471312e+22 	 8.548116e+19 	 1.628983e-06 	 1.005428e-07 	  1.5145 	  0.5868 	 -1000.0000 	 -1000.0000 
	 24.2820 	 3.111532e-01 	 157.4501 	  0.7823 	 1.432623e+22 	 8.314656e+19 	 1.582766e-06 	 9.937325e-08 	  1.5293 	  0.6032 	 -1000.0000 	 -1000.0000 
	 24.5130 	 3.024497e-01 	 157.2019 	  0.7807 	 1.394720e+22 	 8.085576e+19 	 1.547051e-06 	 9.855327e-08 	  1.5428 	  0.6194 	 -1000.0000 	 -1000.0000 
	 24.7450 	 2.939545e-01 	 156.9877 	  0.7794 	 1.357371e+22 	 7.860589e+19 	 1.521944e-06 	 9.812914e-08 	  1.5554 	  0.6355 	 -1000.0000 	 -1000.0000 
	 25.1990 	 2.780058e-01 	 156.7025 	  0.7785 	 1.286091e+22 	 7.437664e+19 	 1.501331e-06 	 9.847897e-08 	  1.5777 	  0.6666 	 -1000.0000 	 -1000.0000 
	 25.4310 	 2.701824e-01 	 156.6410 	  0.7793 	 1.250451e+22 	 7.231735e+19 	 1.503371e-06 	 9.922613e-08 	  1.5880 	  0.6824 	 -1000.0000 	 -1000.0000 
	 25.6620 	 2.626030e-01 	 156.6330 	  0.7810 	 1.215506e+22 	 7.034318e+19 	 1.512049e-06 	 1.002863e-07 	  1.5976 	  0.6981 	 -1000.0000 	 -1000.0000 
	 25.8930 	 2.552311e-01 	 156.6584 	  0.7835 	 1.181238e+22 	 6.844953e+19 	 1.525543e-06 	 1.015756e-07 	  1.6066 	  0.7137 	 -1000.0000 	 -1000.0000 
	 26.1250 	 2.480337e-01 	 156.6971 	  0.7867 	 1.147648e+22 	 6.663317e+19 	 1.542077e-06 	 1.030076e-07 	  1.6149 	  0.7293 	 -1000.0000 	 -1000.0000 
	 26.5950 	 2.340769e-01 	 156.7316 	  0.7950 	 1.082723e+22 	 6.323430e+19 	 1.577102e-06 	 1.059277e-07 	  1.6307 	  0.7613 	 -1000.0000 	 -1000.0000 
	 26.8250 	 2.275466e-01 	 156.6865 	  0.7996 	 1.052759e+22 	 6.171672e+19 	 1.591415e-06 	 1.071750e-07 	  1.6383 	  0.7772 	 -1000.0000 	 -1000.0000 
	 27.0560 	 2.211790e-01 	 156.5876 	  0.8046 	 1.023913e+22 	 6.028815e+19 	 1.602258e-06 	 1.082274e-07 	  1.6461 	  0.7936 	 -1000.0000 	 -1000.0000 
	 27.2870 	 2.149924e-01 	 156.4428 	  0.8100 	 9.961924e+21 	 5.894689e+19 	 1.609212e-06 	 1.090769e-07 	  1.6541 	  0.8104 	 -1000.0000 	 -1000.0000 
	 27.5170 	 2.090023e-01 	 156.2613 	  0.8158 	 9.695817e+21 	 5.768947e+19 	 1.612275e-06 	 1.097398e-07 	  1.6623 	  0.8276 	 -1000.0000 	 -1000.0000 
	 27.9750 	 1.975372e-01 	 155.8217 	  0.8291 	 9.190215e+21 	 5.538309e+19 	 1.608235e-06 	 1.106604e-07 	  1.6794 	  0.8631 	 -1000.0000 	 -1000.0000 
	 28.2050 	 1.919920e-01 	 155.5785 	  0.8368 	 8.945964e+21 	 5.430668e+19 	 1.602121e-06 	 1.110119e-07 	 -1000.0000 	 -1000.0000 	 -1000.0000 	 -1000.0000 
	 28.4360 	 1.865586e-01 	 155.3366 	  0.8452 	 8.705780e+21 	 5.326583e+19 	 1.593996e-06 	 1.113228e-07 	 -1000.0000 	 -1000.0000 	 -1000.0000 	 -1000.0000 
	 28.6670 	 1.812644e-01 	 155.1180 	  0.8540 	 8.470127e+21 	 5.225032e+19 	 1.584389e-06 	 1.115714e-07 	 -1000.0000 	 -1000.0000 	 -1000.0000 	 -1000.0000 
	 28.8970 	 1.761344e-01 	 154.9442 	  0.8631 	 8.239407e+21 	 5.124938e+19 	 1.573786e-06 	 1.117285e-07 	 -1000.0000 	 -1000.0000 	 -1000.0000 	 -1000.0000 
	 29.3600 	 1.662475e-01 	 154.8116 	  0.8815 	 7.784414e+21 	 4.920457e+19 	 1.450745e-06 	 1.792813e-07 	 -1000.0000 	 -1000.0000 	 -1000.0000 	 -1000.0000 
	 29.5900 	 1.615608e-01 	 154.8946 	  0.8905 	 7.561941e+21 	 4.814457e+19 	 1.439516e-06 	 1.763146e-07 	 -1000.0000 	 -1000.0000 	 -1000.0000 	 -1000.0000 
	 29.8200 	 1.570221e-01 	 155.0781 	  0.8992 	 7.341881e+21 	 4.705290e+19 	 1.429263e-06 	 1.726560e-07 	 -1000.0000 	 -1000.0000 	 -1000.0000 	 -1000.0000 
	 30.0500 	 1.526244e-01 	 155.3328 	  0.9081 	 7.125274e+21 	 4.594871e+19 	 1.419598e-06 	 1.686545e-07 	 -1000.0000 	 -1000.0000 	 -1000.0000 	 -1000.0000 
	 30.2800 	 1.483606e-01 	 155.6283 	  0.9174 	 6.913196e+21 	 4.485188e+19 	 1.410116e-06 	 1.646702e-07 	 -1000.0000 	 -1000.0000 	 -1000.0000 	 -1000.0000 
	 30.7400 	 1.402057e-01 	 156.2194 	  0.9385 	 6.506927e+21 	 4.275984e+19 	 1.390079e-06 	 1.581943e-07 	 -1000.0000 	 -1000.0000 	 -1000.0000 	 -1000.0000 
	 30.9700 	 1.363004e-01 	 156.4549 	  0.9507 	 6.314854e+21 	 4.180370e+19 	 1.378723e-06 	 1.564112e-07 	 -1000.0000 	 -1000.0000 	 -1000.0000 	 -1000.0000 
	 31.2000 	 1.325024e-01 	 156.6279 	  0.9642 	 6.130821e+21 	 4.091719e+19 	 1.366212e-06 	 1.557904e-07 	 -1000.0000 	 -1000.0000 	 -1000.0000 	 -1000.0000 
	 31.4300 	 1.288093e-01 	 156.7429 	  0.9784 	 5.954423e+21 	 4.008770e+19 	 1.352672e-06 	 1.561361e-07 	 -1000.0000 	 -1000.0000 	 -1000.0000 	 -1000.0000 
	 31.6600 	 1.252182e-01 	 156.8054 	  0.9929 	 5.785219e+21 	 3.930197e+19 	 1.338242e-06 	 1.572404e-07 	 -1000.0000 	 -1000.0000 	 -1000.0000 	 -1000.0000 
	 33.6810 	 9.765173e-02 	 155.9222 	  1.0582 	 4.540047e+21 	 3.222647e+19 	 1.194636e-06 	 1.674475e-07 	 -1000.0000 	 -1000.0000 	 -1000.0000 	 -1000.0000 
	 33.9090 	 9.494593e-02 	 155.7547 	  1.0504 	 4.419174e+21 	 3.117877e+19 	 1.178958e-06 	 1.650504e-07 	 -1000.0000 	 -1000.0000 	 -1000.0000 	 -1000.0000 
	 34.1380 	 9.230214e-02 	 155.6002 	  1.0389 	 4.300243e+21 	 3.005422e+19 	 1.163849e-06 	 1.614769e-07 	 -1000.0000 	 -1000.0000 	 -1000.0000 	 -1000.0000 
	 34.3670 	 8.973106e-02 	 155.4814 	  1.0254 	 4.183410e+21 	 2.889323e+19 	 1.149593e-06 	 1.570934e-07 	 -1000.0000 	 -1000.0000 	 -1000.0000 	 -1000.0000 
	 34.5950 	 8.724219e-02 	 155.4203 	  1.0116 	 4.068798e+21 	 2.773792e+19 	 1.136455e-06 	 1.522923e-07 	 -1000.0000 	 -1000.0000 	 -1000.0000 	 -1000.0000 
	 35.0510 	 8.247179e-02 	 155.5570 	  0.9899 	 3.843204e+21 	 2.557560e+19 	 1.114188e-06 	 1.428482e-07 	 -1000.0000 	 -1000.0000 	 -1000.0000 	 -1000.0000 
	 35.2790 	 8.018773e-02 	 155.7972 	  0.9852 	 3.731499e+21 	 2.464078e+19 	 1.105470e-06 	 1.389291e-07 	 -1000.0000 	 -1000.0000 	 -1000.0000 	 -1000.0000 
	 35.5080 	 7.795963e-02 	 156.1542 	  0.9858 	 3.620087e+21 	 2.382449e+19 	 1.098375e-06 	 1.358185e-07 	 -1000.0000 	 -1000.0000 	 -1000.0000 	 -1000.0000 
	 35.7370 	 7.579605e-02 	 156.5929 	  0.9911 	 3.510149e+21 	 2.312020e+19 	 1.092694e-06 	 1.335097e-07 	 -1000.0000 	 -1000.0000 	 -1000.0000 	 -1000.0000 
	 35.9650 	 7.370441e-02 	 157.0760 	  1.0003 	 3.402864e+21 	 2.251844e+19 	 1.088182e-06 	 1.319731e-07 	 -1000.0000 	 -1000.0000 	 -1000.0000 	 -1000.0000 
	 36.4260 	 6.965920e-02 	 158.0503 	  1.0290 	 3.195448e+21 	 2.155664e+19 	 1.081480e-06 	 1.310506e-07 	 -1000.0000 	 -1000.0000 	 -1000.0000 	 -1000.0000 
	 36.6540 	 6.774626e-02 	 158.4612 	  1.0467 	 3.098974e+21 	 2.118322e+19 	 1.078842e-06 	 1.316037e-07 	 -1000.0000 	 -1000.0000 	 -1000.0000 	 -1000.0000 
	 36.8820 	 6.588921e-02 	 158.7977 	  1.0661 	 3.007010e+21 	 2.086209e+19 	 1.076414e-06 	 1.327292e-07 	 -1000.0000 	 -1000.0000 	 -1000.0000 	 -1000.0000 
	 37.1100 	 6.408635e-02 	 159.0621 	  1.0864 	 2.919339e+21 	 2.058220e+19 	 1.074151e-06 	 1.342962e-07 	 -1000.0000 	 -1000.0000 	 -1000.0000 	 -1000.0000 
	 37.3380 	 6.233603e-02 	 159.2577 	  1.1069 	 2.835726e+21 	 2.033254e+19 	 1.072011e-06 	 1.361718e-07 	 -1000.0000 	 -1000.0000 	 -1000.0000 	 -1000.0000 
	 39.1110 	 5.033081e-02 	 158.7874 	  1.2007 	 2.297720e+21 	 1.819717e+19 	 1.054931e-06 	 1.465150e-07 	 -1000.0000 	 -1000.0000 	 -1000.0000 	 -1000.0000 
	 39.3390 	 4.896951e-02 	 158.5170 	  1.1949 	 2.239587e+21 	 1.774075e+19 	 1.052084e-06 	 1.454079e-07 	 -1000.0000 	 -1000.0000 	 -1000.0000 	 -1000.0000 
	 39.5660 	 4.764998e-02 	 158.2159 	  1.1841 	 2.183452e+21 	 1.722716e+19 	 1.048981e-06 	 1.435307e-07 	 -1000.0000 	 -1000.0000 	 -1000.0000 	 -1000.0000 
	 39.7930 	 4.636432e-02 	 157.8961 	  1.1703 	 2.128832e+21 	 1.667704e+19 	 1.045595e-06 	 1.411402e-07 	 -1000.0000 	 -1000.0000 	 -1000.0000 	 -1000.0000 
	 40.0210 	 4.510524e-02 	 157.5694 	  1.1550 	 2.075274e+21 	 1.611109e+19 	 1.041893e-06 	 1.384925e-07 	 -1000.0000 	 -1000.0000 	 -1000.0000 	 -1000.0000 
	 40.4870 	 4.262454e-02 	 156.9413 	  1.1275 	 1.968918e+21 	 1.501104e+19 	 1.033330e-06 	 1.334490e-07 	 -1000.0000 	 -1000.0000 	 -1000.0000 	 -1000.0000 
	 40.7130 	 4.146257e-02 	 156.6828 	  1.1195 	 1.918393e+21 	 1.455172e+19 	 1.028653e-06 	 1.317213e-07 	 -1000.0000 	 -1000.0000 	 -1000.0000 	 -1000.0000 
	 40.9400 	 4.032162e-02 	 156.4643 	  1.1160 	 1.868204e+21 	 1.415166e+19 	 1.023341e-06 	 1.305967e-07 	 -1000.0000 	 -1000.0000 	 -1000.0000 	 -1000.0000 
	 41.1670 	 3.920821e-02 	 156.2868 	  1.1161 	 1.818680e+21 	 1.379999e+19 	 1.016916e-06 	 1.299215e-07 	 -1000.0000 	 -1000.0000 	 -1000.0000 	 -1000.0000 
	 41.3930 	 3.812842e-02 	 156.1501 	  1.1186 	 1.770143e+21 	 1.348421e+19 	 1.008908e-06 	 1.295253e-07 	 -1000.0000 	 -1000.0000 	 -1000.0000 	 -1000.0000 
	 41.8370 	 3.609569e-02 	 155.9956 	  1.1264 	 1.677437e+21 	 1.291101e+19 	 9.865593e-07 	 1.288949e-07 	 -1000.0000 	 -1000.0000 	 -1000.0000 	 -1000.0000 
	 42.0630 	 3.510871e-02 	 155.9738 	  1.1298 	 1.631805e+21 	 1.261691e+19 	 9.708577e-07 	 1.283218e-07 	 -1000.0000 	 -1000.0000 	 -1000.0000 	 -1000.0000 
	 42.2900 	 3.414967e-02 	 155.9887 	  1.1321 	 1.587087e+21 	 1.231117e+19 	 9.521235e-07 	 1.274660e-07 	 -1000.0000 	 -1000.0000 	 -1000.0000 	 -1000.0000 
	 42.5170 	 3.322073e-02 	 156.0379 	  1.1338 	 1.543433e+21 	 1.199952e+19 	 9.311576e-07 	 1.263846e-07 	 -1000.0000 	 -1000.0000 	 -1000.0000 	 -1000.0000 
	 42.7430 	 3.232344e-02 	 156.1183 	  1.1353 	 1.500969e+21 	 1.168818e+19 	 9.088265e-07 	 1.251434e-07 	 -1000.0000 	 -1000.0000 	 -1000.0000 	 -1000.0000 
	 43.2120 	 3.053903e-02 	 156.3743 	  1.1396 	 1.415772e+21 	 1.105942e+19 	 8.611221e-07 	 1.223009e-07 	 -1000.0000 	 -1000.0000 	 -1000.0000 	 -1000.0000 
	 43.4380 	 2.971179e-02 	 156.5352 	  1.1431 	 1.376008e+21 	 1.077465e+19 	 8.390384e-07 	 1.209253e-07 	 -1000.0000 	 -1000.0000 	 -1000.0000 	 -1000.0000 
	 43.6640 	 2.890411e-02 	 156.7155 	  1.1479 	 1.337073e+21 	 1.050484e+19 	 8.181440e-07 	 1.195982e-07 	 -1000.0000 	 -1000.0000 	 -1000.0000 	 -1000.0000 
	 43.8900 	 2.811658e-02 	 156.9102 	  1.1536 	 1.299037e+21 	 1.024831e+19 	 7.983741e-07 	 1.183249e-07 	 -1000.0000 	 -1000.0000 	 -1000.0000 	 -1000.0000 
	 44.1160 	 2.734984e-02 	 157.1138 	  1.1600 	 1.261974e+21 	 1.000321e+19 	 7.796466e-07 	 1.171090e-07 	 -1000.0000 	 -1000.0000 	 -1000.0000 	 -1000.0000 
	 44.5620 	 2.590027e-02 	 157.5213 	  1.1737 	 1.191978e+21 	 9.545887e+18 	 7.454275e-07 	 1.148936e-07 	 -1000.0000 	 -1000.0000 	 -1000.0000 	 -1000.0000 
	 44.7880 	 2.519916e-02 	 157.7203 	  1.1807 	 1.158247e+21 	 9.323913e+18 	 7.293153e-07 	 1.138720e-07 	 -1000.0000 	 -1000.0000 	 -1000.0000 	 -1000.0000 
	 45.0140 	 2.452031e-02 	 157.9075 	  1.1875 	 1.125716e+21 	 9.106589e+18 	 7.139579e-07 	 1.129253e-07 	 -1000.0000 	 -1000.0000 	 -1000.0000 	 -1000.0000 
	 45.2400 	 2.386229e-02 	 158.0780 	  1.1938 	 1.094335e+21 	 8.893081e+18 	 6.993460e-07 	 1.120608e-07 	 -1000.0000 	 -1000.0000 	 -1000.0000 	 -1000.0000 
	 45.4660 	 2.322363e-02 	 158.2270 	  1.1993 	 1.064049e+21 	 8.682578e+18 	 6.854722e-07 	 1.112859e-07 	 -1000.0000 	 -1000.0000 	 -1000.0000 	 -1000.0000 
	 45.9270 	 2.197469e-02 	 158.4442 	  1.2076 	 1.005434e+21 	 8.259114e+18 	 6.594291e-07 	 1.100139e-07 	 -1000.0000 	 -1000.0000 	 -1000.0000 	 -1000.0000 
	 46.1530 	 2.138580e-02 	 158.4985 	  1.2097 	 9.781390e+20 	 8.052791e+18 	 6.477503e-07 	 1.095561e-07 	 -1000.0000 	 -1000.0000 	 -1000.0000 	 -1000.0000 
	 46.3780 	 2.081364e-02 	 158.5181 	  1.2105 	 9.518356e+20 	 7.847916e+18 	 6.367648e-07 	 1.092003e-07 	 -1000.0000 	 -1000.0000 	 -1000.0000 	 -1000.0000 
	 46.6030 	 2.025562e-02 	 158.5103 	  1.2102 	 9.263544e+20 	 7.644283e+18 	 6.262972e-07 	 1.089167e-07 	 -1000.0000 	 -1000.0000 	 -1000.0000 	 -1000.0000 
	 46.8290 	 1.970949e-02 	 158.4822 	  1.2090 	 9.015403e+20 	 7.441742e+18 	 6.161784e-07 	 1.086759e-07 	 -1000.0000 	 -1000.0000 	 -1000.0000 	 -1000.0000 
	 47.2870 	 1.864731e-02 	 158.3932 	  1.2049 	 8.534555e+20 	 7.040508e+18 	 5.963682e-07 	 1.082050e-07 	 -1000.0000 	 -1000.0000 	 -1000.0000 	 -1000.0000 
	 47.5130 	 1.814537e-02 	 158.3482 	  1.2025 	 8.307180e+20 	 6.848557e+18 	 5.866836e-07 	 1.079237e-07 	 -1000.0000 	 -1000.0000 	 -1000.0000 	 -1000.0000 
	 47.7380 	 1.766002e-02 	 158.3129 	  1.2000 	 8.086658e+20 	 6.661511e+18 	 5.770313e-07 	 1.075969e-07 	 -1000.0000 	 -1000.0000 	 -1000.0000 	 -1000.0000 
	 47.9630 	 1.718841e-02 	 158.2948 	  1.1971 	 7.871467e+20 	 6.477505e+18 	 5.674330e-07 	 1.072406e-07 	 -1000.0000 	 -1000.0000 	 -1000.0000 	 -1000.0000 
	 48.1890 	 1.672792e-02 	 158.3018 	  1.1939 	 7.660179e+20 	 6.294691e+18 	 5.579156e-07 	 1.068713e-07 	 -1000.0000 	 -1000.0000 	 -1000.0000 	 -1000.0000 
	 48.6330 	 1.585950e-02 	 158.4198 	  1.1857 	 7.257305e+20 	 5.937338e+18 	 5.398445e-07 	 1.061827e-07 	 -1000.0000 	 -1000.0000 	 -1000.0000 	 -1000.0000 
	 48.8570 	 1.543843e-02 	 158.5467 	  1.1804 	 7.059239e+20 	 5.755973e+18 	 5.311746e-07 	 1.058889e-07 	 -1000.0000 	 -1000.0000 	 -1000.0000 	 -1000.0000 
	 49.0820 	 1.502648e-02 	 158.7198 	  1.1743 	 6.863644e+20 	 5.573021e+18 	 5.228021e-07 	 1.056406e-07 	 -1000.0000 	 -1000.0000 	 -1000.0000 	 -1000.0000 
	 49.3070 	 1.462546e-02 	 158.9268 	  1.1675 	 6.671915e+20 	 5.390817e+18 	 5.147262e-07 	 1.054321e-07 	 -1000.0000 	 -1000.0000 	 -1000.0000 	 -1000.0000 
	 49.5310 	 1.423700e-02 	 159.1545 	  1.1603 	 6.485401e+20 	 5.211737e+18 	 5.069387e-07 	 1.052563e-07 	 -1000.0000 	 -1000.0000 	 -1000.0000 	 -1000.0000 
	 49.9880 	 1.347754e-02 	 159.6357 	  1.1447 	 6.120542e+20 	 4.860085e+18 	 4.916560e-07 	 1.049637e-07 	 -1000.0000 	 -1000.0000 	 -1000.0000 	 -1000.0000 
	 50.2120 	 1.312133e-02 	 159.8551 	  1.1369 	 5.950431e+20 	 4.697605e+18 	 4.843768e-07 	 1.048370e-07 	 -1000.0000 	 -1000.0000 	 -1000.0000 	 -1000.0000 
	 50.4360 	 1.277543e-02 	 160.0506 	  1.1294 	 5.786432e+20 	 4.542951e+18 	 4.772049e-07 	 1.047157e-07 	 -1000.0000 	 -1000.0000 	 -1000.0000 	 -1000.0000 
	 50.6600 	 1.243943e-02 	 160.2163 	  1.1221 	 5.628434e+20 	 4.396172e+18 	 4.701459e-07 	 1.046010e-07 	 -1000.0000 	 -1000.0000 	 -1000.0000 	 -1000.0000 
	 50.8840 	 1.211296e-02 	 160.3463 	  1.1152 	 5.476312e+20 	 4.257289e+18 	 4.632064e-07 	 1.044946e-07 	 -1000.0000 	 -1000.0000 	 -1000.0000 	 -1000.0000 
	 51.3280 	 1.149247e-02 	 160.4755 	  1.1032 	 5.191660e+20 	 4.005409e+18 	 4.498307e-07 	 1.043142e-07 	 -1000.0000 	 -1000.0000 	 -1000.0000 	 -1000.0000 
	 51.5520 	 1.119209e-02 	 160.4646 	  1.0982 	 5.056317e+20 	 3.890158e+18 	 4.432863e-07 	 1.042415e-07 	 -1000.0000 	 -1000.0000 	 -1000.0000 	 -1000.0000 
	 51.7760 	 1.089969e-02 	 160.3979 	  1.0939 	 4.926267e+20 	 3.782300e+18 	 4.368707e-07 	 1.041791e-07 	 -1000.0000 	 -1000.0000 	 -1000.0000 	 -1000.0000 
	 52.0000 	 1.061493e-02 	 160.2756 	  1.0899 	 4.801228e+20 	 3.680767e+18 	 4.305586e-07 	 1.041212e-07 	 -1000.0000 	 -1000.0000 	 -1000.0000 	 -1000.0000 
	 52.2240 	 1.033742e-02 	 160.0979 	  1.0860 	 4.680912e+20 	 3.584470e+18 	 4.243237e-07 	 1.040614e-07 	 -1000.0000 	 -1000.0000 	 -1000.0000 	 -1000.0000 
	 52.6830 	 9.789960e-03 	 159.5617 	  1.0768 	 4.447917e+20 	 3.398910e+18 	 4.116793e-07 	 1.039073e-07 	 -1000.0000 	 -1000.0000 	 -1000.0000 	 -1000.0000 
	 52.9070 	 9.532383e-03 	 159.2167 	  1.0713 	 4.340230e+20 	 3.311882e+18 	 4.055195e-07 	 1.038041e-07 	 -1000.0000 	 -1000.0000 	 -1000.0000 	 -1000.0000 
	 53.1300 	 9.281857e-03 	 158.8223 	  1.0648 	 4.236589e+20 	 3.226803e+18 	 3.993732e-07 	 1.036786e-07 	 -1000.0000 	 -1000.0000 	 -1000.0000 	 -1000.0000 
	 53.3530 	 9.037123e-03 	 158.3828 	  1.0577 	 4.136273e+20 	 3.143598e+18 	 3.932136e-07 	 1.035314e-07 	 -1000.0000 	 -1000.0000 	 -1000.0000 	 -1000.0000 
	 53.5770 	 8.797029e-03 	 157.9022 	  1.0503 	 4.038622e+20 	 3.062254e+18 	 3.870144e-07 	 1.033631e-07 	 -1000.0000 	 -1000.0000 	 -1000.0000 	 -1000.0000 
	 54.0330 	 8.325649e-03 	 156.8280 	  1.0348 	 3.848509e+20 	 2.905029e+18 	 3.743629e-07 	 1.029624e-07 	 -1000.0000 	 -1000.0000 	 -1000.0000 	 -1000.0000 
	 54.2570 	 8.102440e-03 	 156.2654 	  1.0277 	 3.758911e+20 	 2.832627e+18 	 3.681352e-07 	 1.027395e-07 	 -1000.0000 	 -1000.0000 	 -1000.0000 	 -1000.0000 
	 54.4800 	 7.885507e-03 	 155.6839 	  1.0213 	 3.672020e+20 	 2.764358e+18 	 3.619259e-07 	 1.025005e-07 	 -1000.0000 	 -1000.0000 	 -1000.0000 	 -1000.0000 
	 54.7030 	 7.673638e-03 	 155.0740 	  1.0160 	 3.587463e+20 	 2.700584e+18 	 3.557034e-07 	 1.022422e-07 	 -1000.0000 	 -1000.0000 	 -1000.0000 	 -1000.0000 
	 54.9270 	 7.465710e-03 	 154.4256 	  1.0122 	 3.504915e+20 	 2.641757e+18 	 3.494356e-07 	 1.019610e-07 	 -1000.0000 	 -1000.0000 	 -1000.0000 	 -1000.0000 
	 55.3690 	 7.068991e-03 	 153.0121 	  1.0110 	 3.349201e+20 	 2.543820e+18 	 3.370014e-07 	 1.013335e-07 	 -1000.0000 	 -1000.0000 	 -1000.0000 	 -1000.0000 
	 55.5910 	 6.876127e-03 	 152.2212 	  1.0143 	 3.274653e+20 	 2.505036e+18 	 3.307158e-07 	 1.009777e-07 	 -1000.0000 	 -1000.0000 	 -1000.0000 	 -1000.0000 
	 55.8140 	 6.686513e-03 	 151.3727 	  1.0202 	 3.202117e+20 	 2.472618e+18 	 3.243905e-07 	 1.005965e-07 	 -1000.0000 	 -1000.0000 	 -1000.0000 	 -1000.0000 
	 56.0370 	 6.500993e-03 	 150.4822 	  1.0277 	 3.131655e+20 	 2.444757e+18 	 3.180906e-07 	 1.002021e-07 	 -1000.0000 	 -1000.0000 	 -1000.0000 	 -1000.0000 
	 56.2590 	 6.320340e-03 	 149.5666 	  1.0359 	 3.063281e+20 	 2.419507e+18 	 3.118815e-07 	 9.980702e-08 	 -1000.0000 	 -1000.0000 	 -1000.0000 	 -1000.0000 
	 56.7140 	 5.962536e-03 	 147.6516 	  1.0511 	 2.927466e+20 	 2.366934e+18 	 2.995078e-07 	 9.903482e-08 	 -1000.0000 	 -1000.0000 	 -1000.0000 	 -1000.0000 
	 56.9360 	 5.793973e-03 	 146.7241 	  1.0559 	 2.862728e+20 	 2.336764e+18 	 2.937182e-07 	 9.869824e-08 	 -1000.0000 	 -1000.0000 	 -1000.0000 	 -1000.0000 
	 57.1580 	 5.629328e-03 	 145.8144 	  1.0584 	 2.798728e+20 	 2.302343e+18 	 2.881270e-07 	 9.839959e-08 	 -1000.0000 	 -1000.0000 	 -1000.0000 	 -1000.0000 
	 57.3800 	 5.468598e-03 	 144.9284 	  1.0591 	 2.735420e+20 	 2.264449e+18 	 2.827437e-07 	 9.814408e-08 	 -1000.0000 	 -1000.0000 	 -1000.0000 	 -1000.0000 
	 57.6020 	 5.311784e-03 	 144.0720 	  1.0585 	 2.672758e+20 	 2.223918e+18 	 2.775774e-07 	 9.793681e-08 	 -1000.0000 	 -1000.0000 	 -1000.0000 	 -1000.0000 
	 58.0440 	 5.011225e-03 	 142.4772 	  1.0552 	 2.549754e+20 	 2.138687e+18 	 2.679729e-07 	 9.768790e-08 	 -1000.0000 	 -1000.0000 	 -1000.0000 	 -1000.0000 
	 58.2660 	 4.866114e-03 	 141.7429 	  1.0534 	 2.488771e+20 	 2.095256e+18 	 2.635087e-07 	 9.765512e-08 	 -1000.0000 	 -1000.0000 	 -1000.0000 	 -1000.0000 
	 58.4880 	 4.724821e-03 	 141.0558 	  1.0521 	 2.428301e+20 	 2.052310e+18 	 2.592851e-07 	 9.768707e-08 	 -1000.0000 	 -1000.0000 	 -1000.0000 	 -1000.0000 
	 58.7100 	 4.587166e-03 	 140.4120 	  1.0516 	 2.368377e+20 	 2.010273e+18 	 2.552881e-07 	 9.778165e-08 	 -1000.0000 	 -1000.0000 	 -1000.0000 	 -1000.0000 
	 58.9320 	 4.452965e-03 	 139.8072 	  1.0523 	 2.309030e+20 	 1.969564e+18 	 2.515033e-07 	 9.793659e-08 	 -1000.0000 	 -1000.0000 	 -1000.0000 	 -1000.0000 
	 59.3890 	 4.186798e-03 	 138.6676 	  1.0586 	 2.188823e+20 	 1.891713e+18 	 2.443181e-07 	 9.843604e-08 	 -1000.0000 	 -1000.0000 	 -1000.0000 	 -1000.0000 
	 59.6110 	 4.062029e-03 	 138.1565 	  1.0647 	 2.131453e+20 	 1.857636e+18 	 2.410923e-07 	 9.876173e-08 	 -1000.0000 	 -1000.0000 	 -1000.0000 	 -1000.0000 
	 59.8320 	 3.940652e-03 	 137.6684 	  1.0729 	 2.075112e+20 	 1.826390e+18 	 2.380386e-07 	 9.913835e-08 	 -1000.0000 	 -1000.0000 	 -1000.0000 	 -1000.0000 
	 60.0530 	 3.822175e-03 	 137.1945 	  1.0830 	 2.019693e+20 	 1.797628e+18 	 2.351376e-07 	 9.956785e-08 	 -1000.0000 	 -1000.0000 	 -1000.0000 	 -1000.0000 
	 60.2750 	 3.706165e-03 	 136.7260 	  1.0950 	 1.965107e+20 	 1.771033e+18 	 2.323728e-07 	 1.000532e-07 	 -1000.0000 	 -1000.0000 	 -1000.0000 	 -1000.0000 
	 60.7290 	 3.478642e-03 	 135.7633 	  1.1240 	 1.857513e+20 	 1.722964e+18 	 2.271666e-07 	 1.012167e-07 	 -1000.0000 	 -1000.0000 	 -1000.0000 	 -1000.0000 
	 60.9510 	 3.372306e-03 	 135.2768 	  1.1399 	 1.807191e+20 	 1.702126e+18 	 2.248310e-07 	 1.018706e-07 	 -1000.0000 	 -1000.0000 	 -1000.0000 	 -1000.0000 
	 61.1720 	 3.269643e-03 	 134.7777 	  1.1566 	 1.758659e+20 	 1.682711e+18 	 2.226371e-07 	 1.025781e-07 	 -1000.0000 	 -1000.0000 	 -1000.0000 	 -1000.0000 
	 61.3930 	 3.170000e-03 	 134.2659 	  1.1737 	 1.711568e+20 	 1.664155e+18 	 2.205701e-07 	 1.033432e-07 	 -1000.0000 	 -1000.0000 	 -1000.0000 	 -1000.0000 
	 61.6150 	 3.072776e-03 	 133.7413 	  1.1910 	 1.665591e+20 	 1.645905e+18 	 2.186172e-07 	 1.041708e-07 	 -1000.0000 	 -1000.0000 	 -1000.0000 	 -1000.0000 
	 62.0550 	 2.887902e-03 	 132.6794 	  1.2244 	 1.577913e+20 	 1.609013e+18 	 2.150958e-07 	 1.059903e-07 	 -1000.0000 	 -1000.0000 	 -1000.0000 	 -1000.0000 
	 62.2750 	 2.799031e-03 	 132.1421 	  1.2398 	 1.535549e+20 	 1.589286e+18 	 2.135008e-07 	 1.069915e-07 	 -1000.0000 	 -1000.0000 	 -1000.0000 	 -1000.0000 
	 62.4960 	 2.712014e-03 	 131.6055 	  1.2544 	 1.493842e+20 	 1.568247e+18 	 2.120009e-07 	 1.080574e-07 	 -1000.0000 	 -1000.0000 	 -1000.0000 	 -1000.0000 
	 62.7170 	 2.627265e-03 	 131.0829 	  1.2681 	 1.452905e+20 	 1.546026e+18 	 2.105925e-07 	 1.091797e-07 	 -1000.0000 	 -1000.0000 	 -1000.0000 	 -1000.0000 
	 62.9370 	 2.545161e-03 	 130.5874 	  1.2811 	 1.412839e+20 	 1.522782e+18 	 2.092706e-07 	 1.103486e-07 	 -1000.0000 	 -1000.0000 	 -1000.0000 	 -1000.0000 
	 63.3900 	 2.383243e-03 	 129.6912 	  1.3065 	 1.332154e+20 	 1.471610e+18 	 2.067537e-07 	 1.129009e-07 	 -1000.0000 	 -1000.0000 	 -1000.0000 	 -1000.0000 
	 63.6100 	 2.308092e-03 	 129.3385 	  1.3186 	 1.293688e+20 	 1.445253e+18 	 2.056089e-07 	 1.142026e-07 	 -1000.0000 	 -1000.0000 	 -1000.0000 	 -1000.0000 
	 63.8300 	 2.235202e-03 	 129.0514 	  1.3305 	 1.255627e+20 	 1.417912e+18 	 2.045089e-07 	 1.155448e-07 	 -1000.0000 	 -1000.0000 	 -1000.0000 	 -1000.0000 
	 64.0500 	 2.164526e-03 	 128.8343 	  1.3424 	 1.217973e+20 	 1.389501e+18 	 2.034598e-07 	 1.169334e-07 	 -1000.0000 	 -1000.0000 	 -1000.0000 	 -1000.0000 
	 64.2700 	 2.096019e-03 	 128.6918 	  1.3541 	 1.180727e+20 	 1.359934e+18 	 2.024681e-07 	 1.183745e-07 	 -1000.0000 	 -1000.0000 	 -1000.0000 	 -1000.0000 
	 64.7100 	 1.965317e-03 	 128.6483 	  1.3769 	 1.107473e+20 	 1.296978e+18 	 2.006832e-07 	 1.214392e-07 	 -1000.0000 	 -1000.0000 	 -1000.0000 	 -1000.0000 
	 64.9300 	 1.903029e-03 	 128.7562 	  1.3879 	 1.071473e+20 	 1.263414e+18 	 1.999025e-07 	 1.230749e-07 	 -1000.0000 	 -1000.0000 	 -1000.0000 	 -1000.0000 
	 65.1500 	 1.842733e-03 	 128.9546 	  1.3980 	 1.035922e+20 	 1.228285e+18 	 1.991962e-07 	 1.247809e-07 	 -1000.0000 	 -1000.0000 	 -1000.0000 	 -1000.0000 
	 65.3700 	 1.784410e-03 	 129.2444 	  1.4064 	 1.000876e+20 	 1.191400e+18 	 1.985531e-07 	 1.265503e-07 	 -1000.0000 	 -1000.0000 	 -1000.0000 	 -1000.0000 
	 65.5900 	 1.728039e-03 	 129.6262 	  1.4119 	 9.663939e+19 	 1.152562e+18 	 1.979622e-07 	 1.283758e-07 	 -1000.0000 	 -1000.0000 	 -1000.0000 	 -1000.0000 
	 66.0400 	 1.618734e-03 	 130.6966 	  1.4102 	 8.978581e+19 	 1.066215e+18 	 1.968684e-07 	 1.322540e-07 	 -1000.0000 	 -1000.0000 	 -1000.0000 	 -1000.0000 
	 66.2600 	 1.568188e-03 	 131.3627 	  1.4010 	 8.654460e+19 	 1.020251e+18 	 1.963672e-07 	 1.342060e-07 	 -1000.0000 	 -1000.0000 	 -1000.0000 	 -1000.0000 
	 66.4800 	 1.519497e-03 	 132.1164 	  1.3863 	 8.338361e+19 	 9.722499e+17 	 1.958847e-07 	 1.361956e-07 	 -1000.0000 	 -1000.0000 	 -1000.0000 	 -1000.0000 
	 66.7000 	 1.472604e-03 	 132.9447 	  1.3678 	 8.030969e+19 	 9.233487e+17 	 1.954328e-07 	 1.382359e-07 	 -1000.0000 	 -1000.0000 	 -1000.0000 	 -1000.0000 
	 66.9200 	 1.427453e-03 	 133.8342 	  1.3471 	 7.732973e+19 	 8.747125e+17 	 1.950236e-07 	 1.403403e-07 	 -1000.0000 	 -1000.0000 	 -1000.0000 	 -1000.0000 
	 67.3650 	 1.341221e-03 	 135.7660 	  1.3056 	 7.161760e+19 	 7.819217e+17 	 1.943766e-07 	 1.448490e-07 	 -1000.0000 	 -1000.0000 	 -1000.0000 	 -1000.0000 
	 67.5850 	 1.300994e-03 	 136.7596 	  1.2887 	 6.896339e+19 	 7.411367e+17 	 1.941703e-07 	 1.472294e-07 	 -1000.0000 	 -1000.0000 	 -1000.0000 	 -1000.0000 
	 67.8040 	 1.262449e-03 	 137.7554 	  1.2754 	 6.643783e+19 	 7.046117e+17 	 1.940413e-07 	 1.497024e-07 	 -1000.0000 	 -1000.0000 	 -1000.0000 	 -1000.0000 
	 68.0230 	 1.225333e-03 	 138.7434 	  1.2650 	 6.402743e+19 	 6.717238e+17 	 1.939728e-07 	 1.522646e-07 	 -1000.0000 	 -1000.0000 	 -1000.0000 	 -1000.0000 
	 68.2430 	 1.189419e-03 	 139.7130 	  1.2571 	 6.172061e+19 	 6.418828e+17 	 1.939482e-07 	 1.549140e-07 	 -1000.0000 	 -1000.0000 	 -1000.0000 	 -1000.0000 
	 68.6810 	 1.121739e-03 	 141.5162 	  1.2467 	 5.746451e+19 	 5.901626e+17 	 1.939658e-07 	 1.603560e-07 	 -1000.0000 	 -1000.0000 	 -1000.0000 	 -1000.0000 
	 68.8990 	 1.089817e-03 	 142.3218 	  1.2432 	 5.551039e+19 	 5.673260e+17 	 1.939753e-07 	 1.631192e-07 	 -1000.0000 	 -1000.0000 	 -1000.0000 	 -1000.0000 
	 69.1180 	 1.058847e-03 	 143.0596 	  1.2401 	 5.365223e+19 	 5.458639e+17 	 1.939728e-07 	 1.659211e-07 	 -1000.0000 	 -1000.0000 	 -1000.0000 	 -1000.0000 
	 69.3370 	 1.028928e-03 	 143.7300 	  1.2371 	 5.189171e+19 	 5.257101e+17 	 1.939597e-07 	 1.687506e-07 	 -1000.0000 	 -1000.0000 	 -1000.0000 	 -1000.0000 
	 69.5550 	 1.000139e-03 	 144.3350 	  1.2340 	 5.022857e+19 	 5.067803e+17 	 1.939380e-07 	 1.715968e-07 	 -1000.0000 	 -1000.0000 	 -1000.0000 	 -1000.0000 
	 70.0060 	 9.435070e-04 	 145.4082 	  1.2254 	 4.703827e+19 	 4.704865e+17 	 1.938732e-07 	 1.775881e-07 	 -1000.0000 	 -1000.0000 	 -1000.0000 	 -1000.0000 
	 70.2240 	 9.174441e-04 	 145.8502 	  1.2194 	 4.560154e+19 	 4.539880e+17 	 1.938362e-07 	 1.805381e-07 	 -1000.0000 	 -1000.0000 	 -1000.0000 	 -1000.0000 
	 70.4420 	 8.921750e-04 	 146.2474 	  1.2124 	 4.422520e+19 	 4.380561e+17 	 1.937968e-07 	 1.835248e-07 	 -1000.0000 	 -1000.0000 	 -1000.0000 	 -1000.0000 
	 70.6600 	 8.676638e-04 	 146.6029 	  1.2046 	 4.290549e+19 	 4.227393e+17 	 1.937549e-07 	 1.865470e-07 	 -1000.0000 	 -1000.0000 	 -1000.0000 	 -1000.0000 
	 70.8780 	 8.438748e-04 	 146.9198 	  1.1965 	 4.163874e+19 	 4.080904e+17 	 1.937104e-07 	 1.896040e-07 	 -1000.0000 	 -1000.0000 	 -1000.0000 	 -1000.0000 
	 71.3160 	 7.981176e-04 	 147.4520 	  1.1817 	 3.923888e+19 	 3.808914e+17 	 1.936124e-07 	 1.958470e-07 	 -1000.0000 	 -1000.0000 	 -1000.0000 	 -1000.0000 
	 71.5340 	 7.762870e-04 	 147.6709 	  1.1760 	 3.810940e+19 	 3.685695e+17 	 1.935590e-07 	 1.990029e-07 	 -1000.0000 	 -1000.0000 	 -1000.0000 	 -1000.0000 
	 71.7520 	 7.550464e-04 	 147.8602 	  1.1717 	 3.701957e+19 	 3.570647e+17 	 1.935060e-07 	 2.021967e-07 	 -1000.0000 	 -1000.0000 	 -1000.0000 	 -1000.0000 
	 71.9700 	 7.343804e-04 	 148.0174 	  1.1685 	 3.596840e+19 	 3.463111e+17 	 1.934603e-07 	 2.054406e-07 	 -1000.0000 	 -1000.0000 	 -1000.0000 	 -1000.0000 
	 72.1880 	 7.142744e-04 	 148.1395 	  1.1665 	 3.495493e+19 	 3.362403e+17 	 1.934288e-07 	 2.087473e-07 	 -1000.0000 	 -1000.0000 	 -1000.0000 	 -1000.0000 
	 72.6360 	 6.746500e-04 	 148.2685 	  1.1649 	 3.298656e+19 	 3.173980e+17 	 1.934390e-07 	 2.157930e-07 	 -1000.0000 	 -1000.0000 	 -1000.0000 	 -1000.0000 
	 72.8540 	 6.561625e-04 	 148.2664 	  1.1650 	 3.208241e+19 	 3.089908e+17 	 1.934947e-07 	 2.193691e-07 	 -1000.0000 	 -1000.0000 	 -1000.0000 	 -1000.0000 
	 73.0720 	 6.381801e-04 	 148.2227 	  1.1656 	 3.121161e+19 	 3.010098e+17 	 1.935891e-07 	 2.230538e-07 	 -1000.0000 	 -1000.0000 	 -1000.0000 	 -1000.0000 
	 73.2900 	 6.206982e-04 	 148.1440 	  1.1667 	 3.037227e+19 	 2.934259e+17 	 1.937220e-07 	 2.268504e-07 	 -1000.0000 	 -1000.0000 	 -1000.0000 	 -1000.0000 
	 73.5080 	 6.037122e-04 	 148.0368 	  1.1682 	 2.956245e+19 	 2.862103e+17 	 1.938926e-07 	 2.307618e-07 	 -1000.0000 	 -1000.0000 	 -1000.0000 	 -1000.0000 
	 73.9510 	 5.707045e-04 	 147.7588 	  1.1730 	 2.799978e+19 	 2.725640e+17 	 1.943529e-07 	 2.390757e-07 	 -1000.0000 	 -1000.0000 	 -1000.0000 	 -1000.0000 
	 74.1690 	 5.551947e-04 	 147.6058 	  1.1761 	 2.726770e+19 	 2.662910e+17 	 1.946339e-07 	 2.433527e-07 	 -1000.0000 	 -1000.0000 	 -1000.0000 	 -1000.0000 
	 74.3860 	 5.402148e-04 	 147.4478 	  1.1797 	 2.656077e+19 	 2.603037e+17 	 1.949451e-07 	 2.477290e-07 	 -1000.0000 	 -1000.0000 	 -1000.0000 	 -1000.0000 
	 74.6030 	 5.256578e-04 	 147.2834 	  1.1839 	 2.587403e+19 	 2.545543e+17 	 1.952805e-07 	 2.522142e-07 	 -1000.0000 	 -1000.0000 	 -1000.0000 	 -1000.0000 
	 74.8210 	 5.114242e-04 	 147.1108 	  1.1887 	 2.520288e+19 	 2.490000e+17 	 1.956343e-07 	 2.568198e-07 	 -1000.0000 	 -1000.0000 	 -1000.0000 	 -1000.0000 
	 75.2570 	 4.839881e-04 	 146.7392 	  1.1998 	 2.391076e+19 	 2.384846e+17 	 1.963634e-07 	 2.662901e-07 	 -1000.0000 	 -1000.0000 	 -1000.0000 	 -1000.0000 
	 75.4730 	 4.708358e-04 	 146.5402 	  1.2062 	 2.329236e+19 	 2.335324e+17 	 1.967206e-07 	 2.710902e-07 	 -1000.0000 	 -1000.0000 	 -1000.0000 	 -1000.0000 
	 75.6900 	 4.578963e-04 	 146.3300 	  1.2130 	 2.268466e+19 	 2.287090e+17 	 1.970717e-07 	 2.759791e-07 	 -1000.0000 	 -1000.0000 	 -1000.0000 	 -1000.0000 
	 75.9070 	 4.452483e-04 	 146.1107 	  1.2203 	 2.209116e+19 	 2.240278e+17 	 1.974168e-07 	 2.809391e-07 	 -1000.0000 	 -1000.0000 	 -1000.0000 	 -1000.0000 
	 76.1230 	 4.329661e-04 	 145.8844 	  1.2278 	 2.151517e+19 	 2.194997e+17 	 1.977562e-07 	 2.859520e-07 	 -1000.0000 	 -1000.0000 	 -1000.0000 	 -1000.0000 
	 76.5670 	 4.087601e-04 	 145.3993 	  1.2434 	 2.038028e+19 	 2.105627e+17 	 1.984490e-07 	 2.965137e-07 	 -1000.0000 	 -1000.0000 	 -1000.0000 	 -1000.0000 
	 76.7830 	 3.975268e-04 	 145.1559 	  1.2509 	 1.985334e+19 	 2.063753e+17 	 1.987876e-07 	 3.017870e-07 	 -1000.0000 	 -1000.0000 	 -1000.0000 	 -1000.0000 
	 77.0000 	 3.866007e-04 	 144.9106 	  1.2582 	 1.934013e+19 	 2.022570e+17 	 1.991302e-07 	 3.071782e-07 	 -1000.0000 	 -1000.0000 	 -1000.0000 	 -1000.0000 
	 77.2170 	 3.760080e-04 	 144.6706 	  1.2655 	 1.884124e+19 	 1.982099e+17 	 1.994754e-07 	 3.126641e-07 	 -1000.0000 	 -1000.0000 	 -1000.0000 	 -1000.0000 
	 77.4330 	 3.657682e-04 	 144.4432 	  1.2726 	 1.835693e+19 	 1.942348e+17 	 1.998214e-07 	 3.182193e-07 	 -1000.0000 	 -1000.0000 	 -1000.0000 	 -1000.0000 
	 77.8720 	 3.457790e-04 	 144.0417 	  1.2871 	 1.740243e+19 	 1.862472e+17 	 2.005318e-07 	 3.298040e-07 	 -1000.0000 	 -1000.0000 	 -1000.0000 	 -1000.0000 
	 78.0880 	 3.362938e-04 	 143.8864 	  1.2943 	 1.694359e+19 	 1.823272e+17 	 2.008849e-07 	 3.356510e-07 	 -1000.0000 	 -1000.0000 	 -1000.0000 	 -1000.0000 
	 78.3040 	 3.270196e-04 	 143.7631 	  1.3016 	 1.649067e+19 	 1.784019e+17 	 2.012455e-07 	 3.416144e-07 	 -1000.0000 	 -1000.0000 	 -1000.0000 	 -1000.0000 
	 78.5200 	 3.179613e-04 	 143.6703 	  1.3089 	 1.604434e+19 	 1.744765e+17 	 2.016237e-07 	 3.477306e-07 	 -1000.0000 	 -1000.0000 	 -1000.0000 	 -1000.0000 
	 78.7360 	 3.091244e-04 	 143.6061 	  1.3161 	 1.560538e+19 	 1.705564e+17 	 2.020297e-07 	 3.540369e-07 	 -1000.0000 	 -1000.0000 	 -1000.0000 	 -1000.0000 
	 79.1770 	 2.917927e-04 	 143.5567 	  1.3303 	 1.473521e+19 	 1.625923e+17 	 2.029881e-07 	 3.676582e-07 	 -1000.0000 	 -1000.0000 	 -1000.0000 	 -1000.0000 
	 79.3930 	 2.836627e-04 	 143.5689 	  1.3369 	 1.432328e+19 	 1.587217e+17 	 2.035414e-07 	 3.747698e-07 	 -1000.0000 	 -1000.0000 	 -1000.0000 	 -1000.0000 
	 79.6080 	 2.758070e-04 	 143.6040 	  1.3431 	 1.392313e+19 	 1.548913e+17 	 2.041471e-07 	 3.821470e-07 	 -1000.0000 	 -1000.0000 	 -1000.0000 	 -1000.0000 
	 79.8230 	 2.681828e-04 	 143.6631 	  1.3488 	 1.353265e+19 	 1.510793e+17 	 2.047919e-07 	 3.897844e-07 	 -1000.0000 	 -1000.0000 	 -1000.0000 	 -1000.0000 
	 80.0390 	 2.607516e-04 	 143.7481 	  1.3540 	 1.314990e+19 	 1.472638e+17 	 2.054625e-07 	 3.976800e-07 	 -1000.0000 	 -1000.0000 	 -1000.0000 	 -1000.0000 
	 80.4670 	 2.466839e-04 	 143.9972 	  1.3621 	 1.241907e+19 	 1.397296e+17 	 2.067936e-07 	 4.138295e-07 	 -1000.0000 	 -1000.0000 	 -1000.0000 	 -1000.0000 
	 80.6830 	 2.399065e-04 	 144.1662 	  1.3649 	 1.206377e+19 	 1.359328e+17 	 2.074340e-07 	 4.221569e-07 	 -1000.0000 	 -1000.0000 	 -1000.0000 	 -1000.0000 
	 80.8980 	 2.333665e-04 	 144.3628 	  1.3667 	 1.171895e+19 	 1.321617e+17 	 2.080376e-07 	 4.305325e-07 	 -1000.0000 	 -1000.0000 	 -1000.0000 	 -1000.0000 
	 81.1130 	 2.270232e-04 	 144.5849 	  1.3678 	 1.138286e+19 	 1.284140e+17 	 2.086078e-07 	 4.389959e-07 	 -1000.0000 	 -1000.0000 	 -1000.0000 	 -1000.0000 
	 81.3290 	 2.208393e-04 	 144.8305 	  1.3684 	 1.105394e+19 	 1.246883e+17 	 2.091479e-07 	 4.475889e-07 	 -1000.0000 	 -1000.0000 	 -1000.0000 	 -1000.0000 
	 81.7770 	 2.085778e-04 	 145.3993 	  1.3681 	 1.039930e+19 	 1.171555e+17 	 2.101670e-07 	 4.657088e-07 	 -1000.0000 	 -1000.0000 	 -1000.0000 	 -1000.0000 
	 81.9930 	 2.029191e-04 	 145.6956 	  1.3677 	 1.009683e+19 	 1.136504e+17 	 2.106116e-07 	 4.745930e-07 	 -1000.0000 	 -1000.0000 	 -1000.0000 	 -1000.0000 
	 82.2080 	 1.974415e-04 	 145.9970 	  1.3672 	 9.804374e+18 	 1.102621e+17 	 2.110272e-07 	 4.835413e-07 	 -1000.0000 	 -1000.0000 	 -1000.0000 	 -1000.0000 
	 82.4230 	 1.921165e-04 	 146.2948 	  1.3667 	 9.520854e+18 	 1.069842e+17 	 2.114207e-07 	 4.926100e-07 	 -1000.0000 	 -1000.0000 	 -1000.0000 	 -1000.0000 
	 82.6390 	 1.869187e-04 	 146.5800 	  1.3664 	 9.245365e+18 	 1.038125e+17 	 2.117989e-07 	 5.018581e-07 	 -1000.0000 	 -1000.0000 	 -1000.0000 	 -1000.0000 
	 83.0780 	 1.768161e-04 	 147.0731 	  1.3663 	 8.715793e+18 	 9.778385e+16 	 2.125353e-07 	 5.211436e-07 	 -1000.0000 	 -1000.0000 	 -1000.0000 	 -1000.0000 
	 83.2920 	 1.721119e-04 	 147.2510 	  1.3666 	 8.473061e+18 	 9.506785e+16 	 2.128881e-07 	 5.308129e-07 	 -1000.0000 	 -1000.0000 	 -1000.0000 	 -1000.0000 
	 83.5060 	 1.675472e-04 	 147.3870 	  1.3674 	 8.240134e+18 	 9.249590e+16 	 2.132273e-07 	 5.406356e-07 	 -1000.0000 	 -1000.0000 	 -1000.0000 	 -1000.0000 
	 83.7200 	 1.631149e-04 	 147.4952 	  1.3685 	 8.015881e+18 	 9.004817e+16 	 2.135265e-07 	 5.505433e-07 	 -1000.0000 	 -1000.0000 	 -1000.0000 	 -1000.0000 
	 83.9340 	 1.588081e-04 	 147.5903 	  1.3700 	 7.799137e+18 	 8.770419e+16 	 2.137585e-07 	 5.604661e-07 	 -1000.0000 	 -1000.0000 	 -1000.0000 	 -1000.0000 
	 84.3680 	 1.504295e-04 	 147.8041 	  1.3741 	 7.377835e+18 	 8.318467e+16 	 2.139117e-07 	 5.803476e-07 	 -1000.0000 	 -1000.0000 	 -1000.0000 	 -1000.0000 
	 84.5820 	 1.464593e-04 	 147.9490 	  1.3768 	 7.176774e+18 	 8.103062e+16 	 2.137768e-07 	 5.898920e-07 	 -1000.0000 	 -1000.0000 	 -1000.0000 	 -1000.0000 
	 84.7960 	 1.425891e-04 	 148.1239 	  1.3797 	 6.979485e+18 	 7.891319e+16 	 2.134952e-07 	 5.992428e-07 	 -1000.0000 	 -1000.0000 	 -1000.0000 	 -1000.0000 
	 85.0100 	 1.388178e-04 	 148.3128 	  1.3829 	 6.786587e+18 	 7.684070e+16 	 2.130949e-07 	 6.084681e-07 	 -1000.0000 	 -1000.0000 	 -1000.0000 	 -1000.0000 
	 85.2240 	 1.351445e-04 	 148.4990 	  1.3861 	 6.598739e+18 	 7.482209e+16 	 2.126050e-07 	 6.176388e-07 	 -1000.0000 	 -1000.0000 	 -1000.0000 	 -1000.0000 
	 85.6630 	 1.279116e-04 	 148.8026 	  1.3923 	 6.231971e+18 	 7.088749e+16 	 2.114431e-07 	 6.365807e-07 	 -1000.0000 	 -1000.0000 	 -1000.0000 	 -1000.0000 
	 85.8770 	 1.245313e-04 	 148.8786 	  1.3949 	 6.063567e+18 	 6.908831e+16 	 2.108594e-07 	 6.460201e-07 	 -1000.0000 	 -1000.0000 	 -1000.0000 	 -1000.0000 
	 86.0900 	 1.212594e-04 	 148.9000 	  1.3973 	 5.902908e+18 	 6.738206e+16 	 2.102806e-07 	 6.555646e-07 	 -1000.0000 	 -1000.0000 	 -1000.0000 	 -1000.0000 
	 86.3030 	 1.180773e-04 	 148.8795 	  1.4000 	 5.748524e+18 	 6.575973e+16 	 2.096841e-07 	 6.651742e-07 	 -1000.0000 	 -1000.0000 	 -1000.0000 	 -1000.0000 
	 86.5170 	 1.149683e-04 	 148.8296 	  1.4033 	 5.599034e+18 	 6.421369e+16 	 2.090455e-07 	 6.748068e-07 	 -1000.0000 	 -1000.0000 	 -1000.0000 	 -1000.0000 
	 86.9430 	 1.090317e-04 	 148.6942 	  1.4136 	 5.315436e+18 	 6.138401e+16 	 2.075720e-07 	 6.935678e-07 	 -1000.0000 	 -1000.0000 	 -1000.0000 	 -1000.0000 
	 87.1570 	 1.061712e-04 	 148.6335 	  1.4215 	 5.178613e+18 	 6.008573e+16 	 2.066884e-07 	 7.026130e-07 	 -1000.0000 	 -1000.0000 	 -1000.0000 	 -1000.0000 
	 87.3700 	 1.034017e-04 	 148.5872 	  1.4313 	 5.045590e+18 	 5.887091e+16 	 2.057088e-07 	 7.113441e-07 	 -1000.0000 	 -1000.0000 	 -1000.0000 	 -1000.0000 
	 87.5830 	 1.007074e-04 	 148.5526 	  1.4428 	 4.915690e+18 	 5.772571e+16 	 2.046529e-07 	 7.199021e-07 	 -1000.0000 	 -1000.0000 	 -1000.0000 	 -1000.0000 
	 87.7970 	 9.807393e-05 	 148.5272 	  1.4558 	 4.788306e+18 	 5.663748e+16 	 2.035400e-07 	 7.284289e-07 	 -1000.0000 	 -1000.0000 	 -1000.0000 	 -1000.0000 
	 89.5090 	 7.938671e-05 	 148.3385 	  1.5780 	 3.879845e+18 	 4.924195e+16 	 1.957519e-07 	 8.064831e-07 	 -1000.0000 	 -1000.0000 	 -1000.0000 	 -1000.0000 
	 89.7210 	 7.733364e-05 	 148.2776 	  1.5912 	 3.780759e+18 	 4.837230e+16 	 1.952944e-07 	 8.188971e-07 	 -1000.0000 	 -1000.0000 	 -1000.0000 	 -1000.0000 
	 89.9340 	 7.532194e-05 	 148.2010 	  1.6031 	 3.684082e+18 	 4.748690e+16 	 1.950047e-07 	 8.322269e-07 	 -1000.0000 	 -1000.0000 	 -1000.0000 	 -1000.0000 
	 90.1470 	 7.336023e-05 	 148.1094 	  1.6136 	 3.590192e+18 	 4.658943e+16 	 1.948629e-07 	 8.463403e-07 	 -1000.0000 	 -1000.0000 	 -1000.0000 	 -1000.0000 
	 90.3590 	 7.145624e-05 	 148.0038 	  1.6225 	 3.499415e+18 	 4.568396e+16 	 1.948452e-07 	 8.610870e-07 	 -1000.0000 	 -1000.0000 	 -1000.0000 	 -1000.0000 
	 92.0340 	 5.798319e-05 	 146.7259 	  1.6258 	 2.864822e+18 	 3.807516e+16 	 1.963534e-07 	 9.930511e-07 	 -1000.0000 	 -1000.0000 	 -1000.0000 	 -1000.0000 
	 92.2460 	 5.646008e-05 	 146.5159 	  1.6160 	 2.793559e+18 	 3.705150e+16 	 1.964135e-07 	 1.010560e-06 	 -1000.0000 	 -1000.0000 	 -1000.0000 	 -1000.0000 
	 92.4580 	 5.497472e-05 	 146.3018 	  1.6041 	 2.723994e+18 	 3.601949e+16 	 1.963809e-07 	 1.028012e-06 	 -1000.0000 	 -1000.0000 	 -1000.0000 	 -1000.0000 
	 92.6700 	 5.352703e-05 	 146.0934 	  1.5911 	 2.655990e+18 	 3.499036e+16 	 1.962568e-07 	 1.045365e-06 	 -1000.0000 	 -1000.0000 	 -1000.0000 	 -1000.0000 
	 92.8820 	 5.211695e-05 	 145.9009 	  1.5780 	 2.589412e+18 	 3.397556e+16 	 1.960431e-07 	 1.062578e-06 	 -1000.0000 	 -1000.0000 	 -1000.0000 	 -1000.0000 
	 93.3040 	 4.942187e-05 	 145.6048 	  1.5552 	 2.460585e+18 	 3.204357e+16 	 1.953587e-07 	 1.096268e-06 	 -1000.0000 	 -1000.0000 	 -1000.0000 	 -1000.0000 
	 93.5160 	 4.812394e-05 	 145.5196 	  1.5474 	 2.397457e+18 	 3.113962e+16 	 1.948898e-07 	 1.112834e-06 	 -1000.0000 	 -1000.0000 	 -1000.0000 	 -1000.0000 
	 93.7280 	 4.686266e-05 	 145.4806 	  1.5424 	 2.335330e+18 	 3.028597e+16 	 1.943715e-07 	 1.129354e-06 	 -1000.0000 	 -1000.0000 	 -1000.0000 	 -1000.0000 
	 93.9400 	 4.563651e-05 	 145.4792 	  1.5397 	 2.274296e+18 	 2.947570e+16 	 1.938668e-07 	 1.146269e-06 	 -1000.0000 	 -1000.0000 	 -1000.0000 	 -1000.0000 
