	 height_(km) 	 press_(mbar) 	 temp_(K) 	 temperr_(K) 	 numdens_(m-3) 	 numdenserr_(m-3) 	 H2Ovmr_() 	 H2Ovmrerr_() 	 D/H_(VSMOW) 	 D/Herr_(VSMOW) 	 18O/16O_(VSMOW) 	 18O/16Oerr_(VSMOW) 
	  3.7180 	 2.000966e+00 	 129.3069 	  2.3688 	 1.128473e+23 	 2.142265e+21 	 3.379856e-10 	 3.765439e-10 	 -1000.0000 	 -1000.0000 	 -1000.0000 	 -1000.0000 
	  3.8550 	 1.960083e+00 	 129.3411 	  2.2612 	 1.103487e+23 	 2.023070e+21 	 3.392364e-10 	 3.712020e-10 	 -1000.0000 	 -1000.0000 	 -1000.0000 	 -1000.0000 
	  3.9910 	 1.920347e+00 	 129.4150 	  2.1601 	 1.079155e+23 	 1.911084e+21 	 3.367119e-10 	 3.619852e-10 	 -1000.0000 	 -1000.0000 	 -1000.0000 	 -1000.0000 
	  4.1280 	 1.881158e+00 	 129.5269 	  2.0638 	 1.055119e+23 	 1.804462e+21 	 3.307105e-10 	 3.493304e-10 	 -1000.0000 	 -1000.0000 	 -1000.0000 	 -1000.0000 
	  4.2640 	 1.843077e+00 	 129.6725 	  1.9735 	 1.031728e+23 	 1.704563e+21 	 3.217332e-10 	 3.340370e-10 	 -1000.0000 	 -1000.0000 	 -1000.0000 	 -1000.0000 
	  5.2910 	 1.580531e+00 	 131.5946 	  1.4460 	 8.700148e+22 	 1.121273e+21 	 2.041774e-10 	 1.880326e-10 	 -1000.0000 	 -1000.0000 	 -1000.0000 	 -1000.0000 
	  5.4270 	 1.548894e+00 	 131.9205 	  1.3943 	 8.505543e+22 	 1.064022e+21 	 1.874404e-10 	 1.702083e-10 	 -1000.0000 	 -1000.0000 	 -1000.0000 	 -1000.0000 
	  5.5630 	 1.517947e+00 	 132.2543 	  1.3463 	 8.315457e+22 	 1.010822e+21 	 1.713215e-10 	 1.534798e-10 	 -1000.0000 	 -1000.0000 	 -1000.0000 	 -1000.0000 
	  5.7000 	 1.487455e+00 	 132.5957 	  1.3015 	 8.128524e+22 	 9.611302e+20 	 1.558633e-10 	 1.378174e-10 	 -1000.0000 	 -1000.0000 	 -1000.0000 	 -1000.0000 
	  5.8360 	 1.457851e+00 	 132.9370 	  1.2605 	 7.947459e+22 	 9.154734e+20 	 1.414029e-10 	 1.234894e-10 	 -1000.0000 	 -1000.0000 	 -1000.0000 	 -1000.0000 
	  6.8540 	 1.255941e+00 	 135.2885 	  1.0435 	 6.732925e+22 	 6.702451e+20 	 6.467837e-11 	 5.222389e-11 	 -1000.0000 	 -1000.0000 	 -1000.0000 	 -1000.0000 
	  6.9900 	 1.231416e+00 	 135.5384 	  1.0243 	 6.589259e+22 	 6.477520e+20 	 5.845593e-11 	 4.670600e-11 	 -1000.0000 	 -1000.0000 	 -1000.0000 	 -1000.0000 
	  7.1260 	 1.207426e+00 	 135.7644 	  1.0070 	 6.449922e+22 	 6.270599e+20 	 5.305615e-11 	 4.190113e-11 	 -1000.0000 	 -1000.0000 	 -1000.0000 	 -1000.0000 
	  7.2610 	 1.184128e+00 	 135.9625 	  0.9913 	 6.315876e+22 	 6.081079e+20 	 4.846186e-11 	 3.776365e-11 	 -1000.0000 	 -1000.0000 	 -1000.0000 	 -1000.0000 
	  7.3970 	 1.161163e+00 	 136.1327 	  0.9770 	 6.185119e+22 	 5.904206e+20 	 4.456129e-11 	 3.416005e-11 	 -1000.0000 	 -1000.0000 	 -1000.0000 	 -1000.0000 
	  8.4240 	 1.002741e+00 	 136.3680 	  0.9014 	 5.328000e+22 	 4.859022e+20 	 3.706666e-11 	 1.886445e-11 	 -1000.0000 	 -1000.0000 	 -1000.0000 	 -1000.0000 
	  8.5600 	 9.835533e-01 	 136.2987 	  0.8947 	 5.228709e+22 	 4.747545e+20 	 3.723586e-11 	 1.720039e-11 	 -1000.0000 	 -1000.0000 	 -1000.0000 	 -1000.0000 
	  8.6960 	 9.647380e-01 	 136.2204 	  0.8886 	 5.131832e+22 	 4.640737e+20 	 3.635182e-11 	 1.521857e-11 	 -1000.0000 	 -1000.0000 	 -1000.0000 	 -1000.0000 
	  8.8310 	 9.464153e-01 	 136.1382 	  0.8832 	 5.037769e+22 	 4.538853e+20 	 3.375566e-11 	 1.285480e-11 	 -1000.0000 	 -1000.0000 	 -1000.0000 	 -1000.0000 
	  8.9670 	 9.282993e-01 	 136.0556 	  0.8782 	 4.944835e+22 	 4.439902e+20 	 2.868532e-11 	 1.001308e-11 	 -1000.0000 	 -1000.0000 	 -1000.0000 	 -1000.0000 
	  9.9940 	 8.014069e-01 	 135.7387 	  0.8538 	 4.281680e+22 	 3.774190e+20 	 7.074386e-11 	 4.648650e-11 	 -1000.0000 	 -1000.0000 	 -1000.0000 	 -1000.0000 
	 10.1300 	 7.858468e-01 	 135.7259 	  0.8519 	 4.198898e+22 	 3.695130e+20 	 7.953036e-11 	 5.149725e-11 	 -1000.0000 	 -1000.0000 	 -1000.0000 	 -1000.0000 
	 10.2660 	 7.705704e-01 	 135.7118 	  0.8502 	 4.117549e+22 	 3.618146e+20 	 8.953230e-11 	 5.712262e-11 	 -1000.0000 	 -1000.0000 	 -1000.0000 	 -1000.0000 
	 10.4010 	 7.556852e-01 	 135.6941 	  0.8486 	 4.038301e+22 	 3.543774e+20 	 1.007459e-10 	 6.333493e-11 	 -1000.0000 	 -1000.0000 	 -1000.0000 	 -1000.0000 
	 10.5370 	 7.409686e-01 	 135.6698 	  0.8473 	 3.960067e+22 	 3.470905e+20 	 1.134230e-10 	 7.024548e-11 	 -1000.0000 	 -1000.0000 	 -1000.0000 	 -1000.0000 
	 11.5600 	 6.389649e-01 	 135.0887 	  0.8401 	 3.428317e+22 	 2.987138e+20 	 3.313176e-10 	 6.377811e-11 	 -1000.0000 	 -1000.0000 	 -1000.0000 	 -1000.0000 
	 11.6950 	 6.265924e-01 	 134.9562 	  0.8397 	 3.365274e+22 	 2.931280e+20 	 3.659317e-10 	 7.013677e-11 	 -1000.0000 	 -1000.0000 	 -1000.0000 	 -1000.0000 
	 11.8300 	 6.144579e-01 	 134.8122 	  0.8395 	 3.303704e+22 	 2.877138e+20 	 3.798399e-10 	 7.253954e-11 	 -1000.0000 	 -1000.0000 	 -1000.0000 	 -1000.0000 
	 11.9650 	 6.025564e-01 	 134.6573 	  0.8395 	 3.243545e+22 	 2.824665e+20 	 3.670467e-10 	 6.989035e-11 	 -1000.0000 	 -1000.0000 	 -1000.0000 	 -1000.0000 
	 12.1000 	 5.908829e-01 	 134.4920 	  0.8397 	 3.184735e+22 	 2.773814e+20 	 3.202300e-10 	 6.085568e-11 	 -1000.0000 	 -1000.0000 	 -1000.0000 	 -1000.0000 
	 13.1200 	 5.095283e-01 	 132.9683 	  0.8485 	 2.778064e+22 	 2.435241e+20 	 1.040337e-09 	 5.664498e-10 	 -1000.0000 	 -1000.0000 	 -1000.0000 	 -1000.0000 
	 13.2550 	 4.995952e-01 	 132.7403 	  0.8501 	 2.728574e+22 	 2.394996e+20 	 1.172076e-09 	 6.426053e-10 	 -1000.0000 	 -1000.0000 	 -1000.0000 	 -1000.0000 
	 13.3900 	 4.898403e-01 	 132.5088 	  0.8517 	 2.679957e+22 	 2.355415e+20 	 1.321054e-09 	 7.291374e-10 	 -1000.0000 	 -1000.0000 	 -1000.0000 	 -1000.0000 
	 13.5250 	 4.802583e-01 	 132.2745 	  0.8531 	 2.632170e+22 	 2.316370e+20 	 1.489479e-09 	 8.273945e-10 	 -1000.0000 	 -1000.0000 	 -1000.0000 	 -1000.0000 
	 13.6600 	 4.708436e-01 	 132.0382 	  0.8543 	 2.585172e+22 	 2.277732e+20 	 1.679775e-09 	 9.388884e-10 	 -1000.0000 	 -1000.0000 	 -1000.0000 	 -1000.0000 
	 14.6930 	 4.039183e-01 	 130.2596 	  0.8541 	 2.247835e+22 	 1.986626e+20 	 4.654905e-09 	 8.881436e-10 	 -1000.0000 	 -1000.0000 	 -1000.0000 	 -1000.0000 
	 14.8280 	 3.958240e-01 	 130.0457 	  0.8532 	 2.206414e+22 	 1.949370e+20 	 5.150517e-09 	 9.837101e-10 	 -1000.0000 	 -1000.0000 	 -1000.0000 	 -1000.0000 
	 14.9620 	 3.879393e-01 	 129.8413 	  0.8522 	 2.165878e+22 	 1.912757e+20 	 5.343606e-09 	 1.021806e-09 	 -1000.0000 	 -1000.0000 	 -1000.0000 	 -1000.0000 
	 15.0970 	 3.801466e-01 	 129.6445 	  0.8513 	 2.125612e+22 	 1.876304e+20 	 5.145231e-09 	 9.852581e-10 	 -1000.0000 	 -1000.0000 	 -1000.0000 	 -1000.0000 
	 15.2320 	 3.725057e-01 	 129.4580 	  0.8505 	 2.085912e+22 	 1.840349e+20 	 4.445626e-09 	 8.526864e-10 	 -1000.0000 	 -1000.0000 	 -1000.0000 	 -1000.0000 
	 16.2530 	 3.195634e-01 	 128.4814 	  0.8506 	 1.803048e+22 	 1.588781e+20 	 1.557809e-08 	 1.108062e-08 	 -1000.0000 	 -1000.0000 	 -1000.0000 	 -1000.0000 
	 16.3880 	 3.131674e-01 	 128.4182 	  0.8516 	 1.767814e+22 	 1.558117e+20 	 1.786367e-08 	 1.281267e-08 	 -1000.0000 	 -1000.0000 	 -1000.0000 	 -1000.0000 
	 16.5220 	 3.069471e-01 	 128.3722 	  0.8528 	 1.733311e+22 	 1.528193e+20 	 2.061847e-08 	 1.483409e-08 	 -1000.0000 	 -1000.0000 	 -1000.0000 	 -1000.0000 
	 16.6570 	 3.008059e-01 	 128.3432 	  0.8541 	 1.699013e+22 	 1.498531e+20 	 2.401016e-08 	 1.721485e-08 	 -1000.0000 	 -1000.0000 	 -1000.0000 	 -1000.0000 
	 16.7920 	 2.947872e-01 	 128.3319 	  0.8556 	 1.665171e+22 	 1.469328e+20 	 2.817505e-08 	 1.998030e-08 	 -1000.0000 	 -1000.0000 	 -1000.0000 	 -1000.0000 
	 17.8260 	 2.524118e-01 	 128.8212 	  0.8727 	 1.420704e+22 	 1.259307e+20 	 8.558795e-08 	 1.611369e-08 	 -1000.0000 	 -1000.0000 	 -1000.0000 	 -1000.0000 
	 17.9610 	 2.473364e-01 	 128.9395 	  0.8759 	 1.390864e+22 	 1.233946e+20 	 1.047294e-07 	 1.960724e-08 	 -1000.0000 	 -1000.0000 	 -1000.0000 	 -1000.0000 
	 18.0950 	 2.423980e-01 	 129.0628 	  0.8793 	 1.361777e+22 	 1.209358e+20 	 1.236792e-07 	 2.303411e-08 	 -1000.0000 	 -1000.0000 	 -1000.0000 	 -1000.0000 
	 18.2290 	 2.375571e-01 	 129.1897 	  0.8830 	 1.333236e+22 	 1.185389e+20 	 1.421149e-07 	 2.634131e-08 	 -1000.0000 	 -1000.0000 	 -1000.0000 	 -1000.0000 
	 18.3630 	 2.328124e-01 	 129.3180 	  0.8870 	 1.305259e+22 	 1.162076e+20 	 1.595424e-07 	 2.944211e-08 	 -1000.0000 	 -1000.0000 	 -1000.0000 	 -1000.0000 
	 19.3860 	 1.996067e-01 	 130.1896 	  0.9292 	 1.111361e+22 	 1.007189e+20 	 2.250414e-07 	 3.950203e-08 	 -1000.0000 	 -1000.0000 	 -1000.0000 	 -1000.0000 
	 19.5210 	 1.956060e-01 	 130.2881 	  0.9357 	 1.088272e+22 	 9.893053e+19 	 2.259645e-07 	 3.924412e-08 	 -1000.0000 	 -1000.0000 	 -1000.0000 	 -1000.0000 
	 19.6550 	 1.917190e-01 	 130.3836 	  0.9421 	 1.065883e+22 	 9.719577e+19 	 2.260861e-07 	 3.882852e-08 	 -1000.0000 	 -1000.0000 	 -1000.0000 	 -1000.0000 
	 19.7890 	 1.879148e-01 	 130.4773 	  0.9484 	 1.044004e+22 	 9.549525e+19 	 2.257677e-07 	 3.833297e-08 	 -1000.0000 	 -1000.0000 	 -1000.0000 	 -1000.0000 
	 19.9230 	 1.841921e-01 	 130.5697 	  0.9545 	 1.022621e+22 	 9.382303e+19 	 2.253564e-07 	 3.783607e-08 	 -1000.0000 	 -1000.0000 	 -1000.0000 	 -1000.0000 
	 20.9490 	 1.582465e-01 	 131.3035 	  0.9926 	 8.736415e+21 	 8.150028e+19 	 2.438867e-07 	 3.971810e-08 	 -1000.0000 	 -1000.0000 	 -1000.0000 	 -1000.0000 
	 21.0830 	 1.551668e-01 	 131.4162 	  0.9965 	 8.558945e+21 	 7.994540e+19 	 2.494161e-07 	 4.075413e-08 	 -1000.0000 	 -1000.0000 	 -1000.0000 	 -1000.0000 
	 21.2170 	 1.521518e-01 	 131.5365 	  1.0002 	 8.384928e+21 	 7.840667e+19 	 2.554291e-07 	 4.190863e-08 	 -1000.0000 	 -1000.0000 	 -1000.0000 	 -1000.0000 
	 21.3510 	 1.491996e-01 	 131.6655 	  1.0039 	 8.214210e+21 	 7.688532e+19 	 2.618374e-07 	 4.315611e-08 	 -1000.0000 	 -1000.0000 	 -1000.0000 	 -1000.0000 
	 21.4850 	 1.463082e-01 	 131.8042 	  1.0076 	 8.046637e+21 	 7.538262e+19 	 2.685488e-07 	 4.447113e-08 	 -1000.0000 	 -1000.0000 	 -1000.0000 	 -1000.0000 
	 22.5190 	 1.258531e-01 	 133.2613 	  1.0370 	 6.847427e+21 	 6.454168e+19 	 3.197209e-07 	 5.435155e-08 	 -1000.0000 	 -1000.0000 	 -1000.0000 	 -1000.0000 
	 22.6530 	 1.234291e-01 	 133.4892 	  1.0413 	 6.704095e+21 	 6.324859e+19 	 3.248312e-07 	 5.535547e-08 	 -1000.0000 	 -1000.0000 	 -1000.0000 	 -1000.0000 
	 22.7870 	 1.210552e-01 	 133.7213 	  1.0457 	 6.563671e+21 	 6.198411e+19 	 3.292585e-07 	 5.625451e-08 	 -1000.0000 	 -1000.0000 	 -1000.0000 	 -1000.0000 
	 22.9210 	 1.187307e-01 	 133.9564 	  1.0503 	 6.426202e+21 	 6.074915e+19 	 3.329097e-07 	 5.704082e-08 	 -1000.0000 	 -1000.0000 	 -1000.0000 	 -1000.0000 
	 23.0550 	 1.164551e-01 	 134.1929 	  1.0550 	 6.291736e+21 	 5.954461e+19 	 3.357004e-07 	 5.770655e-08 	 -1000.0000 	 -1000.0000 	 -1000.0000 	 -1000.0000 
	 24.0750 	 1.006560e-01 	 135.9236 	  1.0963 	 5.367956e+21 	 5.139783e+19 	 3.303850e-07 	 5.919133e-08 	 -1000.0000 	 -1000.0000 	 -1000.0000 	 -1000.0000 
	 24.2080 	 9.877912e-02 	 136.1364 	  1.1020 	 5.259657e+21 	 5.045180e+19 	 3.288747e-07 	 5.926346e-08 	 -1000.0000 	 -1000.0000 	 -1000.0000 	 -1000.0000 
	 24.3420 	 9.692687e-02 	 136.3480 	  1.1077 	 5.153072e+21 	 4.951968e+19 	 3.280235e-07 	 5.941586e-08 	 -1000.0000 	 -1000.0000 	 -1000.0000 	 -1000.0000 
	 24.4750 	 9.512559e-02 	 136.5556 	  1.1133 	 5.049695e+21 	 4.861343e+19 	 3.281080e-07 	 5.967812e-08 	 -1000.0000 	 -1000.0000 	 -1000.0000 	 -1000.0000 
	 24.6080 	 9.336005e-02 	 136.7607 	  1.1187 	 4.948625e+21 	 4.772408e+19 	 3.293748e-07 	 6.008278e-08 	 -1000.0000 	 -1000.0000 	 -1000.0000 	 -1000.0000 
	 25.6450 	 8.070171e-02 	 138.2994 	  1.1558 	 4.230313e+21 	 4.124158e+19 	 3.969773e-07 	 7.023202e-08 	 -1000.0000 	 -1000.0000 	 -1000.0000 	 -1000.0000 
	 25.7780 	 7.921181e-02 	 138.4942 	  1.1607 	 4.146368e+21 	 4.047769e+19 	 4.125343e-07 	 7.234231e-08 	 -1000.0000 	 -1000.0000 	 -1000.0000 	 -1000.0000 
	 25.9120 	 7.774022e-02 	 138.6914 	  1.1660 	 4.063547e+21 	 3.972868e+19 	 4.293936e-07 	 7.459450e-08 	 -1000.0000 	 -1000.0000 	 -1000.0000 	 -1000.0000 
	 26.0450 	 7.630856e-02 	 138.8884 	  1.1716 	 3.983049e+21 	 3.900735e+19 	 4.471707e-07 	 7.693250e-08 	 -1000.0000 	 -1000.0000 	 -1000.0000 	 -1000.0000 
	 26.1780 	 7.490539e-02 	 139.0872 	  1.1778 	 3.904212e+21 	 3.830968e+19 	 4.658536e-07 	 7.935001e-08 	 -1000.0000 	 -1000.0000 	 -1000.0000 	 -1000.0000 
	 27.1980 	 6.505052e-02 	 140.7303 	  1.2479 	 3.350767e+21 	 3.380935e+19 	 6.292954e-07 	 9.894207e-08 	 -1000.0000 	 -1000.0000 	 -1000.0000 	 -1000.0000 
	 27.3310 	 6.387712e-02 	 140.9706 	  1.2594 	 3.284710e+21 	 3.330990e+19 	 6.530944e-07 	 1.016630e-07 	 -1000.0000 	 -1000.0000 	 -1000.0000 	 -1000.0000 
	 27.4640 	 6.272782e-02 	 141.2197 	  1.2712 	 3.219928e+21 	 3.282176e+19 	 6.775647e-07 	 1.044663e-07 	 -1000.0000 	 -1000.0000 	 -1000.0000 	 -1000.0000 
	 27.5960 	 6.161048e-02 	 141.4765 	  1.2830 	 3.156854e+21 	 3.234570e+19 	 7.025731e-07 	 1.073519e-07 	 -1000.0000 	 -1000.0000 	 -1000.0000 	 -1000.0000 
	 27.7290 	 6.050766e-02 	 141.7457 	  1.2949 	 3.094490e+21 	 3.187166e+19 	 7.285656e-07 	 1.103826e-07 	 -1000.0000 	 -1000.0000 	 -1000.0000 	 -1000.0000 
	 28.7610 	 5.267842e-02 	 144.2530 	  1.3811 	 2.647383e+21 	 2.814994e+19 	 9.835092e-07 	 1.405573e-07 	 -1000.0000 	 -1000.0000 	 -1000.0000 	 -1000.0000 
	 28.8940 	 5.175627e-02 	 144.6274 	  1.3905 	 2.594283e+21 	 2.765729e+19 	 1.031487e-06 	 1.457005e-07 	 -1000.0000 	 -1000.0000 	 -1000.0000 	 -1000.0000 
	 29.0260 	 5.085912e-02 	 145.0088 	  1.3993 	 2.542582e+21 	 2.716624e+19 	 1.084911e-06 	 1.511635e-07 	 -1000.0000 	 -1000.0000 	 -1000.0000 	 -1000.0000 
	 29.1580 	 4.997949e-02 	 145.3994 	  1.4075 	 2.491870e+21 	 2.667343e+19 	 1.166242e-06 	 1.767286e-07 	 -1000.0000 	 -1000.0000 	 -1000.0000 	 -1000.0000 
	 29.2910 	 4.911046e-02 	 145.8018 	  1.4152 	 2.441770e+21 	 2.617545e+19 	 1.236480e-06 	 1.839071e-07 	 -1000.0000 	 -1000.0000 	 -1000.0000 	 -1000.0000 
	 30.3210 	 4.292029e-02 	 149.0887 	  1.4523 	 2.087395e+21 	 2.234346e+19 	 2.065078e-06 	 2.547255e-07 	 -1000.0000 	 -1000.0000 	 -1000.0000 	 -1000.0000 
	 30.4540 	 4.218660e-02 	 149.5005 	  1.4552 	 2.046085e+21 	 2.187228e+19 	 2.193024e-06 	 2.652004e-07 	 -1000.0000 	 -1000.0000 	 -1000.0000 	 -1000.0000 
	 30.5860 	 4.147255e-02 	 149.8963 	  1.4580 	 2.006131e+21 	 2.141580e+19 	 2.319117e-06 	 2.756782e-07 	 -1000.0000 	 -1000.0000 	 -1000.0000 	 -1000.0000 
	 30.7180 	 4.077236e-02 	 150.2764 	  1.4608 	 1.967230e+21 	 2.097224e+19 	 2.442542e-06 	 2.861683e-07 	 -1000.0000 	 -1000.0000 	 -1000.0000 	 -1000.0000 
	 30.8510 	 4.008066e-02 	 150.6403 	  1.4637 	 1.929113e+21 	 2.054022e+19 	 2.562405e-06 	 2.966804e-07 	 -1000.0000 	 -1000.0000 	 -1000.0000 	 -1000.0000 
	 31.8810 	 3.516478e-02 	 152.5999 	  1.4983 	 1.670166e+21 	 1.781413e+19 	 3.254674e-06 	 3.722533e-07 	 -1000.0000 	 -1000.0000 	 -1000.0000 	 -1000.0000 
	 32.0140 	 3.458218e-02 	 152.7550 	  1.5040 	 1.640839e+21 	 1.753020e+19 	 3.337318e-06 	 3.819024e-07 	 -1000.0000 	 -1000.0000 	 -1000.0000 	 -1000.0000 
	 32.1460 	 3.401456e-02 	 152.8942 	  1.5096 	 1.612477e+21 	 1.725821e+19 	 3.426929e-06 	 3.917246e-07 	 -1000.0000 	 -1000.0000 	 -1000.0000 	 -1000.0000 
	 32.2780 	 3.345711e-02 	 153.0210 	  1.5152 	 1.584797e+21 	 1.699420e+19 	 3.526989e-06 	 4.018777e-07 	 -1000.0000 	 -1000.0000 	 -1000.0000 	 -1000.0000 
	 32.4110 	 3.290536e-02 	 153.1386 	  1.5208 	 1.557539e+21 	 1.673445e+19 	 3.641300e-06 	 4.125293e-07 	 -1000.0000 	 -1000.0000 	 -1000.0000 	 -1000.0000 
	 33.4340 	 2.896051e-02 	 153.9501 	  1.5546 	 1.363713e+21 	 1.479988e+19 	 5.170214e-06 	 5.125440e-07 	 -1000.0000 	 -1000.0000 	 -1000.0000 	 -1000.0000 
	 33.5660 	 2.848772e-02 	 154.0720 	  1.5581 	 1.340371e+21 	 1.455426e+19 	 5.441046e-06 	 5.266604e-07 	 -1000.0000 	 -1000.0000 	 -1000.0000 	 -1000.0000 
	 33.6980 	 2.802291e-02 	 154.2041 	  1.5615 	 1.317360e+21 	 1.431021e+19 	 5.722485e-06 	 5.406207e-07 	 -1000.0000 	 -1000.0000 	 -1000.0000 	 -1000.0000 
	 33.8300 	 2.756597e-02 	 154.3484 	  1.5649 	 1.294663e+21 	 1.406797e+19 	 6.012514e-06 	 5.542865e-07 	 -1000.0000 	 -1000.0000 	 -1000.0000 	 -1000.0000 
	 33.9620 	 2.711684e-02 	 154.5068 	  1.5683 	 1.272268e+21 	 1.382780e+19 	 6.309113e-06 	 5.675196e-07 	 -1000.0000 	 -1000.0000 	 -1000.0000 	 -1000.0000 
	 34.9970 	 2.385552e-02 	 156.3823 	  1.5997 	 1.105975e+21 	 1.203364e+19 	 8.585796e-06 	 6.438414e-07 	 -1000.0000 	 -1000.0000 	 -1000.0000 	 -1000.0000 
	 35.1290 	 2.347158e-02 	 156.6982 	  1.6040 	 1.085981e+21 	 1.181530e+19 	 8.820491e-06 	 6.494719e-07 	 -1000.0000 	 -1000.0000 	 -1000.0000 	 -1000.0000 
	 35.2610 	 2.309461e-02 	 157.0281 	  1.6082 	 1.066287e+21 	 1.159878e+19 	 9.029822e-06 	 6.541480e-07 	 -1000.0000 	 -1000.0000 	 -1000.0000 	 -1000.0000 
	 35.3920 	 2.272730e-02 	 157.3681 	  1.6121 	 1.047047e+21 	 1.138553e+19 	 9.208607e-06 	 6.578403e-07 	 -1000.0000 	 -1000.0000 	 -1000.0000 	 -1000.0000 
	 35.5240 	 2.236398e-02 	 157.7223 	  1.6160 	 1.027975e+21 	 1.117212e+19 	 9.355660e-06 	 6.606007e-07 	 -1000.0000 	 -1000.0000 	 -1000.0000 	 -1000.0000 
	 36.5470 	 1.976873e-02 	 160.7500 	  1.6333 	 8.914940e+20 	 9.554832e+18 	 9.166439e-06 	 6.510894e-07 	 -1000.0000 	 -1000.0000 	 -1000.0000 	 -1000.0000 
	 36.6790 	 1.946056e-02 	 161.1656 	  1.6330 	 8.753344e+20 	 9.351111e+18 	 9.012772e-06 	 6.467811e-07 	 -1000.0000 	 -1000.0000 	 -1000.0000 	 -1000.0000 
	 36.8110 	 1.915806e-02 	 161.5847 	  1.6320 	 8.594943e+20 	 9.148787e+18 	 8.846713e-06 	 6.420501e-07 	 -1000.0000 	 -1000.0000 	 -1000.0000 	 -1000.0000 
	 36.9420 	 1.886331e-02 	 162.0034 	  1.6302 	 8.440859e+20 	 8.949463e+18 	 8.675077e-06 	 6.370245e-07 	 -1000.0000 	 -1000.0000 	 -1000.0000 	 -1000.0000 
	 37.0740 	 1.857168e-02 	 162.4273 	  1.6275 	 8.288700e+20 	 8.750180e+18 	 8.500700e-06 	 6.317159e-07 	 -1000.0000 	 -1000.0000 	 -1000.0000 	 -1000.0000 
	 38.1030 	 1.646879e-02 	 165.7100 	  1.5739 	 7.205258e+20 	 7.270591e+18 	 7.525960e-06 	 5.897550e-07 	 -1000.0000 	 -1000.0000 	 -1000.0000 	 -1000.0000 
	 38.2340 	 1.622139e-02 	 166.1084 	  1.5646 	 7.080025e+20 	 7.097297e+18 	 7.451947e-06 	 5.847132e-07 	 -1000.0000 	 -1000.0000 	 -1000.0000 	 -1000.0000 
	 38.3650 	 1.597830e-02 	 166.4981 	  1.5554 	 6.957595e+20 	 6.929034e+18 	 7.383444e-06 	 5.797535e-07 	 -1000.0000 	 -1000.0000 	 -1000.0000 	 -1000.0000 
	 38.4960 	 1.573946e-02 	 166.8778 	  1.5464 	 6.837947e+20 	 6.766310e+18 	 7.318505e-06 	 5.748783e-07 	 -1000.0000 	 -1000.0000 	 -1000.0000 	 -1000.0000 
	 38.6270 	 1.550477e-02 	 167.2461 	  1.5378 	 6.721063e+20 	 6.609630e+18 	 7.255183e-06 	 5.700896e-07 	 -1000.0000 	 -1000.0000 	 -1000.0000 	 -1000.0000 
	 39.6530 	 1.380128e-02 	 169.6523 	  1.4990 	 5.896728e+20 	 5.623312e+18 	 6.680523e-06 	 5.362498e-07 	 -1000.0000 	 -1000.0000 	 -1000.0000 	 -1000.0000 
	 39.7840 	 1.359970e-02 	 169.9073 	  1.4977 	 5.801874e+20 	 5.524552e+18 	 6.605508e-06 	 5.326044e-07 	 -1000.0000 	 -1000.0000 	 -1000.0000 	 -1000.0000 
	 39.9150 	 1.340142e-02 	 170.1546 	  1.4969 	 5.709020e+20 	 5.430287e+18 	 6.534878e-06 	 5.291725e-07 	 -1000.0000 	 -1000.0000 	 -1000.0000 	 -1000.0000 
	 40.0460 	 1.320635e-02 	 170.3956 	  1.4967 	 5.618057e+20 	 5.339983e+18 	 6.470170e-06 	 5.259728e-07 	 -1000.0000 	 -1000.0000 	 -1000.0000 	 -1000.0000 
	 40.1770 	 1.301442e-02 	 170.6317 	  1.4969 	 5.528873e+20 	 5.253111e+18 	 6.412920e-06 	 5.230244e-07 	 -1000.0000 	 -1000.0000 	 -1000.0000 	 -1000.0000 
	 41.2130 	 1.159748e-02 	 172.4372 	  1.5058 	 4.875982e+20 	 4.635382e+18 	 6.327647e-06 	 5.095809e-07 	 -1000.0000 	 -1000.0000 	 -1000.0000 	 -1000.0000 
	 41.3440 	 1.143036e-02 	 172.6593 	  1.5068 	 4.799515e+20 	 4.562607e+18 	 6.354276e-06 	 5.089055e-07 	 -1000.0000 	 -1000.0000 	 -1000.0000 	 -1000.0000 
	 41.4750 	 1.126582e-02 	 172.8789 	  1.5076 	 4.724382e+20 	 4.490611e+18 	 6.384736e-06 	 5.083697e-07 	 -1000.0000 	 -1000.0000 	 -1000.0000 	 -1000.0000 
	 41.6060 	 1.110383e-02 	 173.0956 	  1.5081 	 4.650574e+20 	 4.419279e+18 	 6.417568e-06 	 5.079447e-07 	 -1000.0000 	 -1000.0000 	 -1000.0000 	 -1000.0000 
	 41.7370 	 1.094437e-02 	 173.3090 	  1.5082 	 4.578086e+20 	 4.348495e+18 	 6.451310e-06 	 5.076021e-07 	 -1000.0000 	 -1000.0000 	 -1000.0000 	 -1000.0000 
	 42.7660 	 9.775376e-03 	 174.8341 	  1.4917 	 4.053231e+20 	 3.804525e+18 	 6.615428e-06 	 5.052764e-07 	 -1000.0000 	 -1000.0000 	 -1000.0000 	 -1000.0000 
	 42.8970 	 9.636596e-03 	 175.0057 	  1.4879 	 3.991781e+20 	 3.737773e+18 	 6.616905e-06 	 5.049416e-07 	 -1000.0000 	 -1000.0000 	 -1000.0000 	 -1000.0000 
	 43.0270 	 9.500975e-03 	 175.1705 	  1.4839 	 3.931915e+20 	 3.672514e+18 	 6.613723e-06 	 5.046078e-07 	 -1000.0000 	 -1000.0000 	 -1000.0000 	 -1000.0000 
	 43.1580 	 9.366382e-03 	 175.3308 	  1.4799 	 3.872688e+20 	 3.607878e+18 	 6.605770e-06 	 5.042727e-07 	 -1000.0000 	 -1000.0000 	 -1000.0000 	 -1000.0000 
	 43.2880 	 9.234830e-03 	 175.4840 	  1.4758 	 3.814977e+20 	 3.544989e+18 	 6.593108e-06 	 5.039443e-07 	 -1000.0000 	 -1000.0000 	 -1000.0000 	 -1000.0000 
	 44.3190 	 8.257950e-03 	 176.4863 	  1.4490 	 3.391997e+20 	 3.101196e+18 	 6.338962e-06 	 5.017868e-07 	 -1000.0000 	 -1000.0000 	 -1000.0000 	 -1000.0000 
	 44.4490 	 8.142731e-03 	 176.5888 	  1.4466 	 3.342722e+20 	 3.052037e+18 	 6.295875e-06 	 5.015979e-07 	 -1000.0000 	 -1000.0000 	 -1000.0000 	 -1000.0000 
	 44.5800 	 8.028352e-03 	 176.6879 	  1.4443 	 3.293919e+20 	 3.003839e+18 	 6.252596e-06 	 5.014311e-07 	 -1000.0000 	 -1000.0000 	 -1000.0000 	 -1000.0000 
	 44.7100 	 7.916535e-03 	 176.7822 	  1.4422 	 3.246315e+20 	 2.957273e+18 	 6.210601e-06 	 5.012903e-07 	 -1000.0000 	 -1000.0000 	 -1000.0000 	 -1000.0000 
	 44.8400 	 7.806379e-03 	 176.8730 	  1.4404 	 3.199512e+20 	 2.911901e+18 	 6.170368e-06 	 5.011757e-07 	 -1000.0000 	 -1000.0000 	 -1000.0000 	 -1000.0000 
	 45.8620 	 6.995413e-03 	 177.4775 	  1.4314 	 2.857517e+20 	 2.590880e+18 	 5.981125e-06 	 5.016140e-07 	 -1000.0000 	 -1000.0000 	 -1000.0000 	 -1000.0000 
	 45.9920 	 6.898826e-03 	 177.5350 	  1.4310 	 2.817153e+20 	 2.554307e+18 	 5.973422e-06 	 5.019763e-07 	 -1000.0000 	 -1000.0000 	 -1000.0000 	 -1000.0000 
	 46.1220 	 6.803617e-03 	 177.5860 	  1.4309 	 2.777472e+20 	 2.518688e+18 	 5.968543e-06 	 5.024478e-07 	 -1000.0000 	 -1000.0000 	 -1000.0000 	 -1000.0000 
	 46.2520 	 6.709753e-03 	 177.6299 	  1.4309 	 2.738465e+20 	 2.484020e+18 	 5.966195e-06 	 5.030408e-07 	 -1000.0000 	 -1000.0000 	 -1000.0000 	 -1000.0000 
	 46.3810 	 6.617909e-03 	 177.6659 	  1.4312 	 2.700417e+20 	 2.450558e+18 	 5.966080e-06 	 5.037617e-07 	 -1000.0000 	 -1000.0000 	 -1000.0000 	 -1000.0000 
	 47.4220 	 5.920595e-03 	 177.6316 	  1.4418 	 2.416189e+20 	 2.213299e+18 	 6.011305e-06 	 5.150362e-07 	 -1000.0000 	 -1000.0000 	 -1000.0000 	 -1000.0000 
	 47.5520 	 5.838685e-03 	 177.5917 	  1.4440 	 2.383300e+20 	 2.187173e+18 	 6.018571e-06 	 5.169405e-07 	 -1000.0000 	 -1000.0000 	 -1000.0000 	 -1000.0000 
	 47.6820 	 5.757870e-03 	 177.5462 	  1.4463 	 2.350923e+20 	 2.161646e+18 	 6.025296e-06 	 5.188828e-07 	 -1000.0000 	 -1000.0000 	 -1000.0000 	 -1000.0000 
	 47.8120 	 5.678133e-03 	 177.4957 	  1.4488 	 2.319039e+20 	 2.136662e+18 	 6.031207e-06 	 5.208405e-07 	 -1000.0000 	 -1000.0000 	 -1000.0000 	 -1000.0000 
	 47.9410 	 5.600060e-03 	 177.4416 	  1.4513 	 2.287868e+20 	 2.112352e+18 	 6.036004e-06 	 5.227761e-07 	 -1000.0000 	 -1000.0000 	 -1000.0000 	 -1000.0000 
	 48.9650 	 5.015828e-03 	 176.9504 	  1.4731 	 2.054915e+20 	 1.930731e+18 	 6.020388e-06 	 5.360381e-07 	 -1000.0000 	 -1000.0000 	 -1000.0000 	 -1000.0000 
	 49.0950 	 4.946032e-03 	 176.8911 	  1.4758 	 2.026999e+20 	 1.908593e+18 	 6.014140e-06 	 5.374446e-07 	 -1000.0000 	 -1000.0000 	 -1000.0000 	 -1000.0000 
	 49.2240 	 4.877723e-03 	 176.8353 	  1.4784 	 1.999636e+20 	 1.886737e+18 	 6.008074e-06 	 5.388016e-07 	 -1000.0000 	 -1000.0000 	 -1000.0000 	 -1000.0000 
	 49.3530 	 4.810354e-03 	 176.7833 	  1.4809 	 1.972599e+20 	 1.864964e+18 	 6.002485e-06 	 5.401280e-07 	 -1000.0000 	 -1000.0000 	 -1000.0000 	 -1000.0000 
	 49.4830 	 4.743406e-03 	 176.7355 	  1.4832 	 1.945673e+20 	 1.843078e+18 	 5.997681e-06 	 5.414415e-07 	 -1000.0000 	 -1000.0000 	 -1000.0000 	 -1000.0000 
	 50.5150 	 4.244639e-03 	 176.6040 	  1.4960 	 1.742343e+20 	 1.668750e+18 	 6.005405e-06 	 5.515522e-07 	 -1000.0000 	 -1000.0000 	 -1000.0000 	 -1000.0000 
	 50.6450 	 4.185786e-03 	 176.6287 	  1.4968 	 1.717941e+20 	 1.646611e+18 	 6.006657e-06 	 5.527220e-07 	 -1000.0000 	 -1000.0000 	 -1000.0000 	 -1000.0000 
	 50.7740 	 4.128231e-03 	 176.6644 	  1.4974 	 1.693975e+20 	 1.624606e+18 	 6.005880e-06 	 5.538310e-07 	 -1000.0000 	 -1000.0000 	 -1000.0000 	 -1000.0000 
	 50.9030 	 4.071508e-03 	 176.7120 	  1.4978 	 1.670253e+20 	 1.602566e+18 	 6.002444e-06 	 5.548793e-07 	 -1000.0000 	 -1000.0000 	 -1000.0000 	 -1000.0000 
	 51.0330 	 4.015176e-03 	 176.7725 	  1.4980 	 1.646586e+20 	 1.580319e+18 	 5.995632e-06 	 5.558651e-07 	 -1000.0000 	 -1000.0000 	 -1000.0000 	 -1000.0000 
	 52.0580 	 3.599041e-03 	 177.7351 	  1.4932 	 1.468024e+20 	 1.404110e+18 	 5.783969e-06 	 5.609125e-07 	 -1000.0000 	 -1000.0000 	 -1000.0000 	 -1000.0000 
	 52.1870 	 3.550057e-03 	 177.9127 	  1.4916 	 1.446598e+20 	 1.381955e+18 	 5.743390e-06 	 5.614245e-07 	 -1000.0000 	 -1000.0000 	 -1000.0000 	 -1000.0000 
	 52.3160 	 3.501803e-03 	 178.1007 	  1.4897 	 1.425423e+20 	 1.359841e+18 	 5.702273e-06 	 5.619868e-07 	 -1000.0000 	 -1000.0000 	 -1000.0000 	 -1000.0000 
	 52.4450 	 3.454268e-03 	 178.2985 	  1.4874 	 1.404505e+20 	 1.337779e+18 	 5.661437e-06 	 5.626235e-07 	 -1000.0000 	 -1000.0000 	 -1000.0000 	 -1000.0000 
	 52.5740 	 3.407445e-03 	 178.5055 	  1.4849 	 1.383850e+20 	 1.315781e+18 	 5.621698e-06 	 5.633590e-07 	 -1000.0000 	 -1000.0000 	 -1000.0000 	 -1000.0000 
	 53.6080 	 3.056641e-03 	 180.4087 	  1.4526 	 1.228252e+20 	 1.144044e+18 	 5.411530e-06 	 5.747582e-07 	 -1000.0000 	 -1000.0000 	 -1000.0000 	 -1000.0000 
	 53.7370 	 3.015731e-03 	 180.6658 	  1.4481 	 1.210089e+20 	 1.123783e+18 	 5.398280e-06 	 5.768021e-07 	 -1000.0000 	 -1000.0000 	 -1000.0000 	 -1000.0000 
	 53.8660 	 2.975403e-03 	 180.9249 	  1.4438 	 1.192197e+20 	 1.103946e+18 	 5.386724e-06 	 5.789340e-07 	 -1000.0000 	 -1000.0000 	 -1000.0000 	 -1000.0000 
	 53.9950 	 2.935642e-03 	 181.1852 	  1.4397 	 1.174576e+20 	 1.084584e+18 	 5.376474e-06 	 5.811377e-07 	 -1000.0000 	 -1000.0000 	 -1000.0000 	 -1000.0000 
	 54.1240 	 2.896433e-03 	 181.4460 	  1.4361 	 1.157223e+20 	 1.065749e+18 	 5.367141e-06 	 5.833971e-07 	 -1000.0000 	 -1000.0000 	 -1000.0000 	 -1000.0000 
	 55.1510 	 2.602550e-03 	 183.4566 	  1.4284 	 1.028479e+20 	 9.381635e+17 	 5.289545e-06 	 6.019188e-07 	 -1000.0000 	 -1000.0000 	 -1000.0000 	 -1000.0000 
	 55.2800 	 2.567879e-03 	 183.6922 	  1.4297 	 1.013484e+20 	 9.246557e+17 	 5.277897e-06 	 6.042683e-07 	 -1000.0000 	 -1000.0000 	 -1000.0000 	 -1000.0000 
	 55.4090 	 2.533713e-03 	 183.9222 	  1.4314 	 9.987515e+19 	 9.115587e+17 	 5.265844e-06 	 6.066291e-07 	 -1000.0000 	 -1000.0000 	 -1000.0000 	 -1000.0000 
	 55.5370 	 2.500310e-03 	 184.1443 	  1.4332 	 9.843935e+19 	 8.989218e+17 	 5.253502e-06 	 6.089851e-07 	 -1000.0000 	 -1000.0000 	 -1000.0000 	 -1000.0000 
	 55.6660 	 2.467152e-03 	 184.3616 	  1.4352 	 9.701857e+19 	 8.864996e+17 	 5.240694e-06 	 6.113756e-07 	 -1000.0000 	 -1000.0000 	 -1000.0000 	 -1000.0000 
	 56.6940 	 2.220860e-03 	 185.8948 	  1.4470 	 8.659234e+19 	 7.931600e+17 	 5.135085e-06 	 6.315523e-07 	 -1000.0000 	 -1000.0000 	 -1000.0000 	 -1000.0000 
	 56.8230 	 2.192085e-03 	 186.0987 	  1.4467 	 8.537615e+19 	 7.814940e+17 	 5.124976e-06 	 6.343787e-07 	 -1000.0000 	 -1000.0000 	 -1000.0000 	 -1000.0000 
	 56.9510 	 2.163965e-03 	 186.3153 	  1.4457 	 8.418354e+19 	 7.697874e+17 	 5.116701e-06 	 6.372915e-07 	 -1000.0000 	 -1000.0000 	 -1000.0000 	 -1000.0000 
	 57.0790 	 2.136263e-03 	 186.5497 	  1.4438 	 8.300315e+19 	 7.579083e+17 	 5.110503e-06 	 6.403255e-07 	 -1000.0000 	 -1000.0000 	 -1000.0000 	 -1000.0000 
	 57.2070 	 2.108967e-03 	 186.8054 	  1.4411 	 8.183308e+19 	 7.458148e+17 	 5.106706e-06 	 6.434937e-07 	 -1000.0000 	 -1000.0000 	 -1000.0000 	 -1000.0000 
	 58.2340 	 1.903486e-03 	 189.9267 	  1.3826 	 7.266543e+19 	 6.388163e+17 	 5.178191e-06 	 6.745080e-07 	 -1000.0000 	 -1000.0000 	 -1000.0000 	 -1000.0000 
	 58.3630 	 1.879301e-03 	 190.4484 	  1.3720 	 7.154515e+19 	 6.247290e+17 	 5.194384e-06 	 6.789315e-07 	 -1000.0000 	 -1000.0000 	 -1000.0000 	 -1000.0000 
	 58.4910 	 1.855655e-03 	 190.9887 	  1.3613 	 7.044388e+19 	 6.108435e+17 	 5.209943e-06 	 6.833677e-07 	 -1000.0000 	 -1000.0000 	 -1000.0000 	 -1000.0000 
	 58.6190 	 1.832356e-03 	 191.5497 	  1.3507 	 6.935399e+19 	 5.971238e+17 	 5.224341e-06 	 6.878290e-07 	 -1000.0000 	 -1000.0000 	 -1000.0000 	 -1000.0000 
	 58.7470 	 1.809403e-03 	 192.1293 	  1.3402 	 6.827659e+19 	 5.836431e+17 	 5.236925e-06 	 6.922936e-07 	 -1000.0000 	 -1000.0000 	 -1000.0000 	 -1000.0000 
	 59.7770 	 1.636946e-03 	 197.1985 	  1.2769 	 6.018179e+19 	 4.905192e+17 	 5.215406e-06 	 7.261141e-07 	 -1000.0000 	 -1000.0000 	 -1000.0000 	 -1000.0000 
	 59.9050 	 1.616976e-03 	 197.8316 	  1.2718 	 5.925787e+19 	 4.809767e+17 	 5.197444e-06 	 7.299056e-07 	 -1000.0000 	 -1000.0000 	 -1000.0000 	 -1000.0000 
	 60.0330 	 1.597314e-03 	 198.4534 	  1.2673 	 5.835391e+19 	 4.718273e+17 	 5.176922e-06 	 7.335879e-07 	 -1000.0000 	 -1000.0000 	 -1000.0000 	 -1000.0000 
	 60.1610 	 1.577956e-03 	 199.0604 	  1.2631 	 5.747045e+19 	 4.630515e+17 	 5.154112e-06 	 7.371562e-07 	 -1000.0000 	 -1000.0000 	 -1000.0000 	 -1000.0000 
	 60.2890 	 1.558895e-03 	 199.6490 	  1.2594 	 5.660801e+19 	 4.546301e+17 	 5.129283e-06 	 7.406055e-07 	 -1000.0000 	 -1000.0000 	 -1000.0000 	 -1000.0000 
	 61.3100 	 1.416870e-03 	 203.3167 	  1.2374 	 5.051716e+19 	 3.980929e+17 	 4.891586e-06 	 7.636755e-07 	 -1000.0000 	 -1000.0000 	 -1000.0000 	 -1000.0000 
	 61.4380 	 1.400207e-03 	 203.6219 	  1.2352 	 4.984853e+19 	 3.921585e+17 	 4.860986e-06 	 7.661124e-07 	 -1000.0000 	 -1000.0000 	 -1000.0000 	 -1000.0000 
	 61.5650 	 1.383898e-03 	 203.8873 	  1.2332 	 4.920421e+19 	 3.864938e+17 	 4.831376e-06 	 7.684668e-07 	 -1000.0000 	 -1000.0000 	 -1000.0000 	 -1000.0000 
	 61.6930 	 1.367677e-03 	 204.1162 	  1.2312 	 4.857347e+19 	 3.810006e+17 	 4.802571e-06 	 7.707872e-07 	 -1000.0000 	 -1000.0000 	 -1000.0000 	 -1000.0000 
	 61.8200 	 1.351789e-03 	 204.3039 	  1.2292 	 4.796560e+19 	 3.757557e+17 	 4.775300e-06 	 7.730490e-07 	 -1000.0000 	 -1000.0000 	 -1000.0000 	 -1000.0000 
	 62.8530 	 1.229251e-03 	 204.3449 	  1.2128 	 4.360700e+19 	 3.394752e+17 	 4.626183e-06 	 7.910365e-07 	 -1000.0000 	 -1000.0000 	 -1000.0000 	 -1000.0000 
	 62.9810 	 1.214821e-03 	 204.1890 	  1.2104 	 4.312793e+19 	 3.355850e+17 	 4.616475e-06 	 7.932447e-07 	 -1000.0000 	 -1000.0000 	 -1000.0000 	 -1000.0000 
	 63.1080 	 1.200657e-03 	 204.0075 	  1.2078 	 4.266314e+19 	 3.318125e+17 	 4.608314e-06 	 7.954251e-07 	 -1000.0000 	 -1000.0000 	 -1000.0000 	 -1000.0000 
	 63.2350 	 1.186642e-03 	 203.8019 	  1.2050 	 4.220801e+19 	 3.281137e+17 	 4.601475e-06 	 7.975929e-07 	 -1000.0000 	 -1000.0000 	 -1000.0000 	 -1000.0000 
	 63.3620 	 1.172772e-03 	 203.5747 	  1.2020 	 4.176172e+19 	 3.244752e+17 	 4.595815e-06 	 7.997459e-07 	 -1000.0000 	 -1000.0000 	 -1000.0000 	 -1000.0000 
	 64.3960 	 1.064954e-03 	 201.2104 	  1.1678 	 3.836912e+19 	 2.958216e+17 	 4.578091e-06 	 8.164414e-07 	 -1000.0000 	 -1000.0000 	 -1000.0000 	 -1000.0000 
	 64.5230 	 1.052330e-03 	 200.8823 	  1.1626 	 3.797607e+19 	 2.923875e+17 	 4.578235e-06 	 8.183514e-07 	 -1000.0000 	 -1000.0000 	 -1000.0000 	 -1000.0000 
	 64.6500 	 1.039843e-03 	 200.5503 	  1.1573 	 3.758747e+19 	 2.889795e+17 	 4.578723e-06 	 8.202218e-07 	 -1000.0000 	 -1000.0000 	 -1000.0000 	 -1000.0000 
	 64.7770 	 1.027494e-03 	 200.2156 	  1.1518 	 3.720313e+19 	 2.856003e+17 	 4.579510e-06 	 8.220500e-07 	 -1000.0000 	 -1000.0000 	 -1000.0000 	 -1000.0000 
	 64.9030 	 1.015380e-03 	 199.8823 	  1.1464 	 3.682583e+19 	 2.822788e+17 	 4.580540e-06 	 8.238196e-07 	 -1000.0000 	 -1000.0000 	 -1000.0000 	 -1000.0000 
	 65.9260 	 9.220435e-04 	 197.2241 	  1.1041 	 3.389259e+19 	 2.569125e+17 	 4.592259e-06 	 8.373490e-07 	 -1000.0000 	 -1000.0000 	 -1000.0000 	 -1000.0000 
	 66.0530 	 9.110436e-04 	 196.8960 	  1.1001 	 3.354405e+19 	 2.540579e+17 	 4.593309e-06 	 8.393672e-07 	 -1000.0000 	 -1000.0000 	 -1000.0000 	 -1000.0000 
	 66.1800 	 9.001614e-04 	 196.5655 	  1.0965 	 3.319904e+19 	 2.512941e+17 	 4.594076e-06 	 8.415987e-07 	 -1000.0000 	 -1000.0000 	 -1000.0000 	 -1000.0000 
	 66.3070 	 8.893931e-04 	 196.2317 	  1.0935 	 3.285758e+19 	 2.486290e+17 	 4.594503e-06 	 8.440861e-07 	 -1000.0000 	 -1000.0000 	 -1000.0000 	 -1000.0000 
	 66.4330 	 8.788184e-04 	 195.8962 	  1.0912 	 3.252235e+19 	 2.460900e+17 	 4.594533e-06 	 8.468488e-07 	 -1000.0000 	 -1000.0000 	 -1000.0000 	 -1000.0000 
	 67.4690 	 7.955900e-04 	 192.8800 	  1.1019 	 2.990261e+19 	 2.297195e+17 	 4.573918e-06 	 8.837781e-07 	 -1000.0000 	 -1000.0000 	 -1000.0000 	 -1000.0000 
	 67.5960 	 7.858206e-04 	 192.4715 	  1.1061 	 2.959829e+19 	 2.281874e+17 	 4.568506e-06 	 8.896965e-07 	 -1000.0000 	 -1000.0000 	 -1000.0000 	 -1000.0000 
	 67.7220 	 7.762197e-04 	 192.0569 	  1.1106 	 2.929997e+19 	 2.267356e+17 	 4.562493e-06 	 8.957046e-07 	 -1000.0000 	 -1000.0000 	 -1000.0000 	 -1000.0000 
	 67.8480 	 7.667096e-04 	 191.6328 	  1.1154 	 2.900523e+19 	 2.253412e+17 	 4.555835e-06 	 9.017977e-07 	 -1000.0000 	 -1000.0000 	 -1000.0000 	 -1000.0000 
	 67.9750 	 7.572154e-04 	 191.1956 	  1.1202 	 2.871178e+19 	 2.239832e+17 	 4.548467e-06 	 9.079734e-07 	 -1000.0000 	 -1000.0000 	 -1000.0000 	 -1000.0000 
	 70.5920 	 5.811979e-04 	 179.6505 	  1.0893 	 2.345061e+19 	 1.891941e+17 	 4.243934e-06 	 9.589188e-07 	 -1000.0000 	 -1000.0000 	 -1000.0000 	 -1000.0000 
	 70.7180 	 5.736244e-04 	 179.0055 	  1.0782 	 2.322829e+19 	 1.867434e+17 	 4.222525e-06 	 9.554199e-07 	 -1000.0000 	 -1000.0000 	 -1000.0000 	 -1000.0000 
	 70.8440 	 5.661285e-04 	 178.3685 	  1.0669 	 2.300666e+19 	 1.842839e+17 	 4.200789e-06 	 9.516345e-07 	 -1000.0000 	 -1000.0000 	 -1000.0000 	 -1000.0000 
	 70.9700 	 5.587092e-04 	 177.7427 	  1.0559 	 2.278530e+19 	 1.818345e+17 	 4.178785e-06 	 9.476448e-07 	 -1000.0000 	 -1000.0000 	 -1000.0000 	 -1000.0000 
	 71.0960 	 5.513659e-04 	 177.1318 	  1.0452 	 2.256377e+19 	 1.794140e+17 	 4.156578e-06 	 9.435331e-07 	 -1000.0000 	 -1000.0000 	 -1000.0000 	 -1000.0000 
	 72.1250 	 4.941485e-04 	 172.9599 	  0.9937 	 2.071440e+19 	 1.624900e+17 	 3.974197e-06 	 9.135739e-07 	 -1000.0000 	 -1000.0000 	 -1000.0000 	 -1000.0000 
	 72.2510 	 4.874738e-04 	 172.5279 	  0.9917 	 2.048581e+19 	 1.607845e+17 	 3.952137e-06 	 9.106454e-07 	 -1000.0000 	 -1000.0000 	 -1000.0000 	 -1000.0000 
	 72.3770 	 4.808709e-04 	 172.1019 	  0.9902 	 2.025819e+19 	 1.591392e+17 	 3.930174e-06 	 9.078573e-07 	 -1000.0000 	 -1000.0000 	 -1000.0000 	 -1000.0000 
	 72.5020 	 4.743910e-04 	 171.6817 	  0.9892 	 2.003379e+19 	 1.575598e+17 	 3.908489e-06 	 9.052211e-07 	 -1000.0000 	 -1000.0000 	 -1000.0000 	 -1000.0000 
	 72.6280 	 4.679304e-04 	 171.2572 	  0.9885 	 1.980947e+19 	 1.560144e+17 	 3.886745e-06 	 9.026855e-07 	 -1000.0000 	 -1000.0000 	 -1000.0000 	 -1000.0000 
	 73.6480 	 4.182199e-04 	 167.4560 	  0.9855 	 1.810397e+19 	 1.445576e+17 	 3.714291e-06 	 8.856022e-07 	 -1000.0000 	 -1000.0000 	 -1000.0000 	 -1000.0000 
	 73.7740 	 4.123880e-04 	 166.9355 	  0.9851 	 1.790723e+19 	 1.432380e+17 	 3.692785e-06 	 8.838091e-07 	 -1000.0000 	 -1000.0000 	 -1000.0000 	 -1000.0000 
	 73.8990 	 4.066663e-04 	 166.4109 	  0.9847 	 1.771457e+19 	 1.419481e+17 	 3.671198e-06 	 8.820785e-07 	 -1000.0000 	 -1000.0000 	 -1000.0000 	 -1000.0000 
	 74.0240 	 4.010073e-04 	 165.8790 	  0.9842 	 1.752427e+19 	 1.406769e+17 	 3.649298e-06 	 8.803897e-07 	 -1000.0000 	 -1000.0000 	 -1000.0000 	 -1000.0000 
	 74.1490 	 3.954101e-04 	 165.3408 	  0.9839 	 1.733615e+19 	 1.394241e+17 	 3.627022e-06 	 8.787369e-07 	 -1000.0000 	 -1000.0000 	 -1000.0000 	 -1000.0000 
	 75.1780 	 3.515809e-04 	 160.7868 	  0.9835 	 1.585202e+19 	 1.297736e+17 	 3.424296e-06 	 8.660281e-07 	 -1000.0000 	 -1000.0000 	 -1000.0000 	 -1000.0000 
	 75.3040 	 3.464837e-04 	 160.2251 	  0.9839 	 1.567695e+19 	 1.286690e+17 	 3.397468e-06 	 8.646241e-07 	 -1000.0000 	 -1000.0000 	 -1000.0000 	 -1000.0000 
	 75.4290 	 3.414848e-04 	 159.6689 	  0.9844 	 1.550455e+19 	 1.275889e+17 	 3.370619e-06 	 8.632852e-07 	 -1000.0000 	 -1000.0000 	 -1000.0000 	 -1000.0000 
	 75.5540 	 3.365433e-04 	 159.1145 	  0.9851 	 1.533339e+19 	 1.265244e+17 	 3.343601e-06 	 8.620066e-07 	 -1000.0000 	 -1000.0000 	 -1000.0000 	 -1000.0000 
	 75.6790 	 3.316591e-04 	 158.5624 	  0.9860 	 1.516343e+19 	 1.254750e+17 	 3.316474e-06 	 8.607948e-07 	 -1000.0000 	 -1000.0000 	 -1000.0000 	 -1000.0000 
	 76.7020 	 2.938174e-04 	 154.2369 	  0.9987 	 1.380973e+19 	 1.173664e+17 	 3.097486e-06 	 8.542490e-07 	 -1000.0000 	 -1000.0000 	 -1000.0000 	 -1000.0000 
	 76.8260 	 2.894810e-04 	 153.7593 	  1.0010 	 1.364825e+19 	 1.164105e+17 	 3.071912e-06 	 8.539738e-07 	 -1000.0000 	 -1000.0000 	 -1000.0000 	 -1000.0000 
	 76.9510 	 2.851623e-04 	 153.2945 	  1.0036 	 1.348550e+19 	 1.154436e+17 	 3.046445e-06 	 8.538346e-07 	 -1000.0000 	 -1000.0000 	 -1000.0000 	 -1000.0000 
	 77.0760 	 2.808959e-04 	 152.8482 	  1.0063 	 1.332262e+19 	 1.144706e+17 	 3.021322e-06 	 8.538416e-07 	 -1000.0000 	 -1000.0000 	 -1000.0000 	 -1000.0000 
	 77.2010 	 2.766809e-04 	 152.4224 	  1.0091 	 1.315947e+19 	 1.134887e+17 	 2.996571e-06 	 8.540021e-07 	 -1000.0000 	 -1000.0000 	 -1000.0000 	 -1000.0000 
	 78.2350 	 2.437409e-04 	 149.9311 	  1.0383 	 1.178337e+19 	 1.046514e+17 	 2.808718e-06 	 8.617412e-07 	 -1000.0000 	 -1000.0000 	 -1000.0000 	 -1000.0000 
	 78.3590 	 2.400266e-04 	 149.7825 	  1.0416 	 1.161509e+19 	 1.034590e+17 	 2.788142e-06 	 8.633601e-07 	 -1000.0000 	 -1000.0000 	 -1000.0000 	 -1000.0000 
	 78.4830 	 2.363654e-04 	 149.6716 	  1.0447 	 1.144630e+19 	 1.022280e+17 	 2.767923e-06 	 8.650930e-07 	 -1000.0000 	 -1000.0000 	 -1000.0000 	 -1000.0000 
	 78.6080 	 2.327291e-04 	 149.5993 	  1.0474 	 1.127572e+19 	 1.009449e+17 	 2.747881e-06 	 8.669447e-07 	 -1000.0000 	 -1000.0000 	 -1000.0000 	 -1000.0000 
	 78.7320 	 2.291768e-04 	 149.5685 	  1.0497 	 1.110614e+19 	 9.962710e+16 	 2.728317e-06 	 8.688751e-07 	 -1000.0000 	 -1000.0000 	 -1000.0000 	 -1000.0000 
	 79.7550 	 2.020127e-04 	 150.9186 	  1.0475 	 9.707403e+18 	 8.698387e+16 	 2.577296e-06 	 8.873539e-07 	 -1000.0000 	 -1000.0000 	 -1000.0000 	 -1000.0000 
	 79.8790 	 1.989736e-04 	 151.2356 	  1.0455 	 9.541449e+18 	 8.532974e+16 	 2.560312e-06 	 8.898950e-07 	 -1000.0000 	 -1000.0000 	 -1000.0000 	 -1000.0000 
	 80.0030 	 1.959865e-04 	 151.5711 	  1.0434 	 9.377256e+18 	 8.368169e+16 	 2.543660e-06 	 8.925132e-07 	 -1000.0000 	 -1000.0000 	 -1000.0000 	 -1000.0000 
	 80.1280 	 1.930268e-04 	 151.9234 	  1.0413 	 9.213823e+18 	 8.203655e+16 	 2.527225e-06 	 8.952345e-07 	 -1000.0000 	 -1000.0000 	 -1000.0000 	 -1000.0000 
	 80.2520 	 1.901411e-04 	 152.2826 	  1.0395 	 9.054062e+18 	 8.043059e+16 	 2.511285e-06 	 8.980192e-07 	 -1000.0000 	 -1000.0000 	 -1000.0000 	 -1000.0000 
	 81.2780 	 1.680652e-04 	 155.1423 	  1.0398 	 7.851698e+18 	 6.908379e+16 	 2.394761e-06 	 9.247213e-07 	 -1000.0000 	 -1000.0000 	 -1000.0000 	 -1000.0000 
	 81.4020 	 1.656010e-04 	 155.4514 	  1.0415 	 7.721266e+18 	 6.794951e+16 	 2.382579e-06 	 9.284026e-07 	 -1000.0000 	 -1000.0000 	 -1000.0000 	 -1000.0000 
	 81.5260 	 1.631779e-04 	 155.7520 	  1.0434 	 7.593760e+18 	 6.685317e+16 	 2.370801e-06 	 9.321797e-07 	 -1000.0000 	 -1000.0000 	 -1000.0000 	 -1000.0000 
	 81.6500 	 1.607950e-04 	 156.0439 	  1.0454 	 7.469084e+18 	 6.579046e+16 	 2.359422e-06 	 9.360520e-07 	 -1000.0000 	 -1000.0000 	 -1000.0000 	 -1000.0000 
	 81.7740 	 1.584514e-04 	 156.3271 	  1.0474 	 7.347143e+18 	 6.475705e+16 	 2.348441e-06 	 9.400187e-07 	 -1000.0000 	 -1000.0000 	 -1000.0000 	 -1000.0000 
	 82.7980 	 1.404950e-04 	 158.3219 	  1.0587 	 6.433494e+18 	 5.692005e+16 	 2.273268e-06 	 9.766298e-07 	 -1000.0000 	 -1000.0000 	 -1000.0000 	 -1000.0000 
	 82.9220 	 1.384781e-04 	 158.5185 	  1.0598 	 6.333240e+18 	 5.604887e+16 	 2.266295e-06 	 9.816668e-07 	 -1000.0000 	 -1000.0000 	 -1000.0000 	 -1000.0000 
	 83.0460 	 1.364929e-04 	 158.7045 	  1.0611 	 6.235084e+18 	 5.519854e+16 	 2.259862e-06 	 9.868770e-07 	 -1000.0000 	 -1000.0000 	 -1000.0000 	 -1000.0000 
	 83.1700 	 1.345386e-04 	 158.8797 	  1.0625 	 6.138982e+18 	 5.437043e+16 	 2.253994e-06 	 9.922732e-07 	 -1000.0000 	 -1000.0000 	 -1000.0000 	 -1000.0000 
	 83.2940 	 1.326147e-04 	 159.0437 	  1.0642 	 6.044896e+18 	 5.356591e+16 	 2.248715e-06 	 9.978684e-07 	 -1000.0000 	 -1000.0000 	 -1000.0000 	 -1000.0000 
	 84.3210 	 1.177597e-04 	 159.9375 	  1.0911 	 5.337702e+18 	 4.787092e+16 	 2.230466e-06 	 1.053698e-06 	 -1000.0000 	 -1000.0000 	 -1000.0000 	 -1000.0000 
	 84.4440 	 1.161008e-04 	 159.9848 	  1.0946 	 5.260986e+18 	 4.727463e+16 	 2.231546e-06 	 1.061782e-06 	 -1000.0000 	 -1000.0000 	 -1000.0000 	 -1000.0000 
	 84.5680 	 1.144527e-04 	 160.0186 	  1.0976 	 5.185235e+18 	 4.668089e+16 	 2.233375e-06 	 1.070296e-06 	 -1000.0000 	 -1000.0000 	 -1000.0000 	 -1000.0000 
	 84.6920 	 1.128284e-04 	 160.0383 	  1.1001 	 5.111040e+18 	 4.609114e+16 	 2.235956e-06 	 1.079195e-06 	 -1000.0000 	 -1000.0000 	 -1000.0000 	 -1000.0000 
	 84.8150 	 1.112403e-04 	 160.0435 	  1.1018 	 5.038941e+18 	 4.550671e+16 	 2.239267e-06 	 1.088419e-06 	 -1000.0000 	 -1000.0000 	 -1000.0000 	 -1000.0000 
	 85.8340 	 9.890803e-05 	 159.5611 	  1.0784 	 4.493165e+18 	 4.040861e+16 	 2.295660e-06 	 1.181727e-06 	 -1000.0000 	 -1000.0000 	 -1000.0000 	 -1000.0000 
	 85.9570 	 9.751369e-05 	 159.4589 	  1.0728 	 4.432618e+18 	 3.978090e+16 	 2.305686e-06 	 1.195002e-06 	 -1000.0000 	 -1000.0000 	 -1000.0000 	 -1000.0000 
	 86.0800 	 9.613875e-05 	 159.3535 	  1.0672 	 4.373005e+18 	 3.916090e+16 	 2.316309e-06 	 1.208677e-06 	 -1000.0000 	 -1000.0000 	 -1000.0000 	 -1000.0000 
	 86.2030 	 9.478297e-05 	 159.2467 	  1.0620 	 4.314263e+18 	 3.855185e+16 	 2.327499e-06 	 1.222743e-06 	 -1000.0000 	 -1000.0000 	 -1000.0000 	 -1000.0000 
	 86.3270 	 9.343531e-05 	 159.1397 	  1.0574 	 4.255861e+18 	 3.795224e+16 	 2.339325e-06 	 1.237306e-06 	 -1000.0000 	 -1000.0000 	 -1000.0000 	 -1000.0000 
	 87.3540 	 8.297960e-05 	 158.4824 	  1.0637 	 3.796739e+18 	 3.386388e+16 	 2.455333e-06 	 1.371986e-06 	 -1000.0000 	 -1000.0000 	 -1000.0000 	 -1000.0000 
	 87.4770 	 8.180841e-05 	 158.4395 	  1.0700 	 3.744358e+18 	 3.348141e+16 	 2.471359e-06 	 1.389925e-06 	 -1000.0000 	 -1000.0000 	 -1000.0000 	 -1000.0000 
	 87.6000 	 8.065387e-05 	 158.4042 	  1.0772 	 3.692525e+18 	 3.311780e+16 	 2.487874e-06 	 1.408306e-06 	 -1000.0000 	 -1000.0000 	 -1000.0000 	 -1000.0000 
	 87.7230 	 7.951579e-05 	 158.3762 	  1.0852 	 3.641240e+18 	 3.277171e+16 	 2.504891e-06 	 1.427145e-06 	 -1000.0000 	 -1000.0000 	 -1000.0000 	 -1000.0000 
	 87.8470 	 7.838493e-05 	 158.3552 	  1.0940 	 3.590090e+18 	 3.243919e+16 	 2.522565e-06 	 1.446616e-06 	 -1000.0000 	 -1000.0000 	 -1000.0000 	 -1000.0000 
	 91.8730 	 4.940779e-05 	 160.8364 	  1.1936 	 2.227326e+18 	 2.215919e+16 	 3.451292e-06 	 2.447715e-06 	 -1000.0000 	 -1000.0000 	 -1000.0000 	 -1000.0000 
	 91.9950 	 4.872736e-05 	 160.9630 	  1.1790 	 2.194981e+18 	 2.168527e+16 	 3.492620e-06 	 2.493063e-06 	 -1000.0000 	 -1000.0000 	 -1000.0000 	 -1000.0000 
	 92.1170 	 4.805668e-05 	 161.0843 	  1.1644 	 2.163172e+18 	 2.121470e+16 	 3.534944e-06 	 2.539703e-06 	 -1000.0000 	 -1000.0000 	 -1000.0000 	 -1000.0000 
	 92.2390 	 4.739560e-05 	 161.1988 	  1.1501 	 2.131902e+18 	 2.075141e+16 	 3.578292e-06 	 2.587690e-06 	 -1000.0000 	 -1000.0000 	 -1000.0000 	 -1000.0000 
	 92.3610 	 4.674402e-05 	 161.3051 	  1.1363 	 2.101173e+18 	 2.029934e+16 	 3.622692e-06 	 2.637082e-06 	 -1000.0000 	 -1000.0000 	 -1000.0000 	 -1000.0000 
	 93.3830 	 4.164246e-05 	 161.8670 	  1.0691 	 1.863955e+18 	 1.731529e+16 	 4.039806e-06 	 3.114055e-06 	 -1000.0000 	 -1000.0000 	 -1000.0000 	 -1000.0000 
	 93.5050 	 4.107474e-05 	 161.9535 	  1.0658 	 1.837476e+18 	 1.704278e+16 	 4.095447e-06 	 3.179597e-06 	 -1000.0000 	 -1000.0000 	 -1000.0000 	 -1000.0000 
	 93.6270 	 4.051561e-05 	 162.0641 	  1.0629 	 1.811212e+18 	 1.677860e+16 	 4.152433e-06 	 3.247212e-06 	 -1000.0000 	 -1000.0000 	 -1000.0000 	 -1000.0000 
	 93.7490 	 3.996501e-05 	 162.2048 	  1.0601 	 1.785108e+18 	 1.651978e+16 	 4.210792e-06 	 3.316969e-06 	 -1000.0000 	 -1000.0000 	 -1000.0000 	 -1000.0000 
	 93.8710 	 3.942288e-05 	 162.3816 	  1.0571 	 1.759112e+18 	 1.626330e+16 	 4.270552e-06 	 3.388936e-06 	 -1000.0000 	 -1000.0000 	 -1000.0000 	 -1000.0000 
