	 height_(km) 	 press_(mbar) 	 temp_(K) 	 temperr_(K) 	 numdens_(m-3) 	 numdenserr_(m-3) 	 H2Ovmr_() 	 H2Ovmrerr_() 	 D/H_(VSMOW) 	 D/Herr_(VSMOW) 	 18O/16O_(VSMOW) 	 18O/16Oerr_(VSMOW) 
	 14.9000 	 8.397906e-01 	 163.8828 	  2.9829 	 3.725135e+22 	 7.400100e+20 	 8.130625e-06 	 9.821056e-07 	  2.4926 	  0.9500 	  1.3618 	  0.7019 
	 15.0280 	 8.271443e-01 	 163.9165 	  2.8250 	 3.668982e+22 	 6.958150e+20 	 8.020452e-06 	 9.826837e-07 	  2.4747 	  0.9377 	  1.3618 	  0.7034 
	 15.1550 	 8.147711e-01 	 163.9222 	  2.6770 	 3.614326e+22 	 6.544500e+20 	 7.906673e-06 	 9.816995e-07 	  2.4588 	  0.9264 	  1.3618 	  0.7042 
	 15.2830 	 8.024746e-01 	 163.9018 	  2.5362 	 3.560278e+22 	 6.151853e+20 	 7.787960e-06 	 9.791730e-07 	  2.4444 	  0.9158 	  1.3618 	  0.7045 
	 15.4100 	 7.904453e-01 	 163.8577 	  2.4047 	 3.507656e+22 	 5.785575e+20 	 7.666690e-06 	 9.751899e-07 	  2.4318 	  0.9059 	  1.3618 	  0.7041 
	 17.4330 	 6.205805e-01 	 161.4889 	  1.1973 	 2.781899e+22 	 2.462210e+20 	 5.710606e-06 	 7.747996e-07 	  2.3762 	  0.7848 	  1.3496 	  0.6164 
	 17.5600 	 6.112046e-01 	 161.3327 	  1.1645 	 2.742004e+22 	 2.372430e+20 	 5.610355e-06 	 7.581175e-07 	  2.3778 	  0.7773 	  1.3476 	  0.6065 
	 17.6870 	 6.019718e-01 	 161.1871 	  1.1351 	 2.702614e+22 	 2.292108e+20 	 5.515001e-06 	 7.414933e-07 	  2.3796 	  0.7697 	  1.3454 	  0.5962 
	 17.8150 	 5.928093e-01 	 161.0530 	  1.1089 	 2.663397e+22 	 2.219946e+20 	 5.424145e-06 	 7.248843e-07 	  2.3816 	  0.7619 	  1.3430 	  0.5854 
	 17.9420 	 5.838589e-01 	 160.9344 	  1.0860 	 2.624938e+22 	 2.156300e+20 	 5.339486e-06 	 7.086356e-07 	  2.3835 	  0.7542 	  1.3405 	  0.5744 
	 19.9460 	 4.599322e-01 	 162.3714 	  0.9344 	 2.057182e+22 	 1.618026e+20 	 4.961451e-06 	 5.415305e-07 	  2.3776 	  0.6275 	  1.2755 	  0.3873 
	 20.0730 	 4.530930e-01 	 162.7032 	  0.9291 	 2.023027e+22 	 1.586634e+20 	 5.017414e-06 	 5.395262e-07 	  2.3723 	  0.6217 	  1.2694 	  0.3762 
	 20.2000 	 4.463636e-01 	 163.0531 	  0.9241 	 1.989170e+22 	 1.554880e+20 	 5.086330e-06 	 5.388115e-07 	  2.3660 	  0.6170 	  1.2630 	  0.3653 
	 20.3260 	 4.397937e-01 	 163.4152 	  0.9193 	 1.955903e+22 	 1.523128e+20 	 5.168283e-06 	 5.393879e-07 	  2.3586 	  0.6124 	  1.2564 	  0.3547 
	 20.4530 	 4.332769e-01 	 163.7920 	  0.9147 	 1.922725e+22 	 1.490986e+20 	 5.265742e-06 	 5.410551e-07 	  2.3502 	  0.6075 	  1.2494 	  0.3441 
	 22.4620 	 3.426972e-01 	 168.9929 	  0.8949 	 1.466376e+22 	 1.049770e+20 	 9.017497e-06 	 6.438191e-07 	  2.1491 	  0.5232 	  1.1280 	  0.1879 
	 22.5880 	 3.377131e-01 	 169.1646 	  0.8975 	 1.442898e+22 	 1.029993e+20 	 9.384537e-06 	 6.534369e-07 	  2.1366 	  0.5194 	  1.1216 	  0.1803 
	 22.7140 	 3.328037e-01 	 169.3157 	  0.9003 	 1.420007e+22 	 1.011160e+20 	 9.762528e-06 	 6.633284e-07 	  2.1247 	  0.5160 	  1.1154 	  0.1731 
	 22.8400 	 3.279678e-01 	 169.4467 	  0.9036 	 1.397687e+22 	 9.932368e+19 	 1.015027e-05 	 6.733862e-07 	  2.1135 	  0.5129 	  1.1097 	  0.1662 
	 22.9660 	 3.232045e-01 	 169.5581 	  0.9071 	 1.375924e+22 	 9.761859e+19 	 1.054602e-05 	 6.836958e-07 	  2.1029 	  0.5101 	  1.1043 	  0.1610 
	 27.4480 	 1.926089e-01 	 165.1341 	  1.0146 	 8.460550e+21 	 6.433118e+19 	 2.053383e-05 	 9.107366e-07 	  2.2579 	  0.5740 	  1.1783 	  0.1393 
	 27.5740 	 1.898038e-01 	 164.9093 	  1.0120 	 8.348716e+21 	 6.342113e+19 	 2.038529e-05 	 9.115789e-07 	  2.2786 	  0.5821 	  1.1884 	  0.1410 
	 27.6990 	 1.870586e-01 	 164.6923 	  1.0093 	 8.238616e+21 	 6.250620e+19 	 2.020830e-05 	 9.115311e-07 	  2.3002 	  0.5906 	  1.1988 	  0.1428 
	 27.8240 	 1.843507e-01 	 164.4829 	  1.0064 	 8.129335e+21 	 6.158162e+19 	 2.000337e-05 	 9.106052e-07 	  2.3230 	  0.5997 	  1.2097 	  0.1447 
	 27.9490 	 1.816797e-01 	 164.2825 	  1.0034 	 8.020852e+21 	 6.064973e+19 	 1.977286e-05 	 9.088361e-07 	  2.3469 	  0.6093 	  1.2212 	  0.1468 
	 29.9420 	 1.438202e-01 	 163.4078 	  0.9773 	 6.383176e+21 	 4.665569e+19 	 1.538959e-05 	 8.409551e-07 	  2.8285 	  0.8089 	 -1000.0000 	 -1000.0000 
	 30.0660 	 1.417422e-01 	 163.5264 	  0.9785 	 6.286967e+21 	 4.591989e+19 	 1.520554e-05 	 8.385898e-07 	  2.8597 	  0.8226 	 -1000.0000 	 -1000.0000 
	 30.1910 	 1.396785e-01 	 163.6598 	  0.9800 	 6.190890e+21 	 4.519529e+19 	 1.504123e-05 	 8.368178e-07 	  2.8906 	  0.8363 	 -1000.0000 	 -1000.0000 
	 30.3160 	 1.376454e-01 	 163.8051 	  0.9817 	 6.095785e+21 	 4.448732e+19 	 1.489906e-05 	 8.356869e-07 	  2.9206 	  0.8499 	 -1000.0000 	 -1000.0000 
	 30.4410 	 1.356427e-01 	 163.9604 	  0.9837 	 6.001711e+21 	 4.379539e+19 	 1.477928e-05 	 8.351864e-07 	  2.9499 	  0.8635 	 -1000.0000 	 -1000.0000 
	 32.4150 	 1.077743e-01 	 166.1996 	  1.0155 	 4.698467e+21 	 3.454506e+19 	 1.516926e-05 	 8.478173e-07 	 -1000.0000 	 -1000.0000 	 -1000.0000 	 -1000.0000 
	 32.5390 	 1.062414e-01 	 166.2614 	  1.0166 	 4.629620e+21 	 3.404690e+19 	 1.529683e-05 	 8.458874e-07 	 -1000.0000 	 -1000.0000 	 -1000.0000 	 -1000.0000 
	 32.6630 	 1.047318e-01 	 166.3138 	  1.0178 	 4.562179e+21 	 3.355735e+19 	 1.543212e-05 	 8.433319e-07 	 -1000.0000 	 -1000.0000 	 -1000.0000 	 -1000.0000 
	 32.7880 	 1.032330e-01 	 166.3577 	  1.0189 	 4.495566e+21 	 3.307251e+19 	 1.557516e-05 	 8.401193e-07 	 -1000.0000 	 -1000.0000 	 -1000.0000 	 -1000.0000 
	 32.9120 	 1.017686e-01 	 166.3931 	  1.0201 	 4.430795e+21 	 3.260005e+19 	 1.572217e-05 	 8.363219e-07 	 -1000.0000 	 -1000.0000 	 -1000.0000 	 -1000.0000 
	 34.8980 	 8.099929e-02 	 166.3848 	  1.0602 	 3.530304e+21 	 2.613070e+19 	 1.715713e-05 	 7.892297e-07 	 -1000.0000 	 -1000.0000 	 -1000.0000 	 -1000.0000 
	 35.0220 	 7.985082e-02 	 166.3756 	  1.0648 	 3.480589e+21 	 2.579013e+19 	 1.712661e-05 	 7.849345e-07 	 -1000.0000 	 -1000.0000 	 -1000.0000 	 -1000.0000 
	 35.1460 	 7.871832e-02 	 166.3670 	  1.0696 	 3.431525e+21 	 2.545603e+19 	 1.708020e-05 	 7.796107e-07 	 -1000.0000 	 -1000.0000 	 -1000.0000 	 -1000.0000 
	 35.2700 	 7.760162e-02 	 166.3592 	  1.0746 	 3.383107e+21 	 2.512817e+19 	 1.701834e-05 	 7.731452e-07 	 -1000.0000 	 -1000.0000 	 -1000.0000 	 -1000.0000 
	 35.3940 	 7.650055e-02 	 166.3523 	  1.0797 	 3.335326e+21 	 2.480637e+19 	 1.693971e-05 	 7.658329e-07 	 -1000.0000 	 -1000.0000 	 -1000.0000 	 -1000.0000 
	 39.7640 	 4.633886e-02 	 167.8194 	  1.2287 	 2.001362e+21 	 1.574888e+19 	 8.842465e-06 	 7.270465e-07 	 -1000.0000 	 -1000.0000 	 -1000.0000 	 -1000.0000 
	 39.8870 	 4.569604e-02 	 167.9445 	  1.2286 	 1.972071e+21 	 1.551840e+19 	 8.722799e-06 	 7.191041e-07 	 -1000.0000 	 -1000.0000 	 -1000.0000 	 -1000.0000 
	 40.0100 	 4.506271e-02 	 168.0775 	  1.2282 	 1.943150e+21 	 1.528860e+19 	 8.614104e-06 	 7.108925e-07 	 -1000.0000 	 -1000.0000 	 -1000.0000 	 -1000.0000 
	 40.1340 	 4.443369e-02 	 168.2200 	  1.2276 	 1.914362e+21 	 1.505778e+19 	 8.515504e-06 	 7.024065e-07 	 -1000.0000 	 -1000.0000 	 -1000.0000 	 -1000.0000 
	 40.2570 	 4.381903e-02 	 168.3702 	  1.2268 	 1.886168e+21 	 1.482979e+19 	 8.428227e-06 	 6.938440e-07 	 -1000.0000 	 -1000.0000 	 -1000.0000 	 -1000.0000 
	 42.2070 	 3.521705e-02 	 172.2366 	  1.2081 	 1.482763e+21 	 1.145900e+19 	 7.966958e-06 	 5.861199e-07 	 -1000.0000 	 -1000.0000 	 -1000.0000 	 -1000.0000 
	 42.3300 	 3.474081e-02 	 172.5730 	  1.2074 	 1.459926e+21 	 1.126819e+19 	 7.968543e-06 	 5.832586e-07 	 -1000.0000 	 -1000.0000 	 -1000.0000 	 -1000.0000 
	 42.4530 	 3.427179e-02 	 172.9152 	  1.2068 	 1.437414e+21 	 1.108055e+19 	 7.970300e-06 	 5.808444e-07 	 -1000.0000 	 -1000.0000 	 -1000.0000 	 -1000.0000 
	 42.5750 	 3.381361e-02 	 173.2590 	  1.2062 	 1.415414e+21 	 1.089767e+19 	 7.971643e-06 	 5.788528e-07 	 -1000.0000 	 -1000.0000 	 -1000.0000 	 -1000.0000 
	 42.6980 	 3.335865e-02 	 173.6085 	  1.2058 	 1.393569e+21 	 1.071661e+19 	 7.972119e-06 	 5.772079e-07 	 -1000.0000 	 -1000.0000 	 -1000.0000 	 -1000.0000 
	 44.6530 	 2.698094e-02 	 178.4856 	  1.2090 	 1.096023e+21 	 8.350286e+18 	 7.651198e-06 	 5.607818e-07 	 -1000.0000 	 -1000.0000 	 -1000.0000 	 -1000.0000 
	 44.7750 	 2.663063e-02 	 178.6793 	  1.2097 	 1.080685e+21 	 8.236297e+18 	 7.602852e-06 	 5.584693e-07 	 -1000.0000 	 -1000.0000 	 -1000.0000 	 -1000.0000 
	 44.8970 	 2.628524e-02 	 178.8519 	  1.2104 	 1.065707e+21 	 8.125945e+18 	 7.551433e-06 	 5.559651e-07 	 -1000.0000 	 -1000.0000 	 -1000.0000 	 -1000.0000 
	 45.0190 	 2.594464e-02 	 179.0019 	  1.2111 	 1.051083e+21 	 8.019128e+18 	 7.497138e-06 	 5.532891e-07 	 -1000.0000 	 -1000.0000 	 -1000.0000 	 -1000.0000 
	 45.1410 	 2.560871e-02 	 179.1281 	  1.2119 	 1.036807e+21 	 7.915744e+18 	 7.440205e-06 	 5.504671e-07 	 -1000.0000 	 -1000.0000 	 -1000.0000 	 -1000.0000 
	 47.0960 	 2.076906e-02 	 176.9156 	  1.2200 	 8.499423e+20 	 6.639943e+18 	 6.394549e-06 	 5.128550e-07 	 -1000.0000 	 -1000.0000 	 -1000.0000 	 -1000.0000 
	 47.2180 	 2.049649e-02 	 176.5330 	  1.2197 	 8.403943e+20 	 6.576471e+18 	 6.333858e-06 	 5.120412e-07 	 -1000.0000 	 -1000.0000 	 -1000.0000 	 -1000.0000 
	 47.3390 	 2.022939e-02 	 176.1473 	  1.2192 	 8.310725e+20 	 6.513971e+18 	 6.275283e-06 	 5.113425e-07 	 -1000.0000 	 -1000.0000 	 -1000.0000 	 -1000.0000 
	 47.4610 	 1.996335e-02 	 175.7577 	  1.2184 	 8.218030e+20 	 6.451124e+18 	 6.217958e-06 	 5.107132e-07 	 -1000.0000 	 -1000.0000 	 -1000.0000 	 -1000.0000 
	 47.5830 	 1.970061e-02 	 175.3730 	  1.2175 	 8.126433e+20 	 6.388157e+18 	 6.162457e-06 	 5.101225e-07 	 -1000.0000 	 -1000.0000 	 -1000.0000 	 -1000.0000 
	 49.5190 	 1.597307e-02 	 174.1355 	  1.1507 	 6.668082e+20 	 5.156010e+18 	 5.521316e-06 	 4.689577e-07 	 -1000.0000 	 -1000.0000 	 -1000.0000 	 -1000.0000 
	 49.6400 	 1.576701e-02 	 174.5051 	  1.1432 	 6.571207e+20 	 5.058068e+18 	 5.497176e-06 	 4.630757e-07 	 -1000.0000 	 -1000.0000 	 -1000.0000 	 -1000.0000 
	 49.7620 	 1.556217e-02 	 174.9175 	  1.1354 	 6.473223e+20 	 4.957868e+18 	 5.475547e-06 	 4.569332e-07 	 -1000.0000 	 -1000.0000 	 -1000.0000 	 -1000.0000 
	 49.8830 	 1.536185e-02 	 175.3611 	  1.1276 	 6.375890e+20 	 4.857388e+18 	 5.456916e-06 	 4.506936e-07 	 -1000.0000 	 -1000.0000 	 -1000.0000 	 -1000.0000 
	 50.0050 	 1.516267e-02 	 175.8382 	  1.1196 	 6.277757e+20 	 4.755308e+18 	 5.441036e-06 	 4.443143e-07 	 -1000.0000 	 -1000.0000 	 -1000.0000 	 -1000.0000 
	 51.9420 	 1.232575e-02 	 183.5030 	  1.0266 	 4.841706e+20 	 3.295615e+18 	 5.401417e-06 	 3.750008e-07 	 -1000.0000 	 -1000.0000 	 -1000.0000 	 -1000.0000 
	 52.0630 	 1.216621e-02 	 183.8047 	  1.0248 	 4.765135e+20 	 3.226448e+18 	 5.417673e-06 	 3.746633e-07 	 -1000.0000 	 -1000.0000 	 -1000.0000 	 -1000.0000 
	 52.1840 	 1.200858e-02 	 184.0796 	  1.0235 	 4.690240e+20 	 3.160138e+18 	 5.435126e-06 	 3.748124e-07 	 -1000.0000 	 -1000.0000 	 -1000.0000 	 -1000.0000 
	 52.3050 	 1.185284e-02 	 184.3281 	  1.0227 	 4.616996e+20 	 3.096625e+18 	 5.453660e-06 	 3.754319e-07 	 -1000.0000 	 -1000.0000 	 -1000.0000 	 -1000.0000 
	 52.4260 	 1.169897e-02 	 184.5507 	  1.0223 	 4.545377e+20 	 3.035850e+18 	 5.473075e-06 	 3.765052e-07 	 -1000.0000 	 -1000.0000 	 -1000.0000 	 -1000.0000 
	 61.5240 	 4.236432e-03 	 157.8781 	  1.1623 	 1.948404e+20 	 1.919311e+18 	 4.565225e-06 	 6.056119e-07 	 -1000.0000 	 -1000.0000 	 -1000.0000 	 -1000.0000 
	 61.6440 	 4.176014e-03 	 157.3839 	  1.1526 	 1.926758e+20 	 1.894678e+18 	 4.508518e-06 	 5.973393e-07 	 -1000.0000 	 -1000.0000 	 -1000.0000 	 -1000.0000 
	 61.7630 	 4.116773e-03 	 156.9088 	  1.1427 	 1.905166e+20 	 1.869431e+18 	 4.452065e-06 	 5.889262e-07 	 -1000.0000 	 -1000.0000 	 -1000.0000 	 -1000.0000 
	 61.8830 	 4.057716e-03 	 156.4466 	  1.1325 	 1.883272e+20 	 1.843250e+18 	 4.395052e-06 	 5.802955e-07 	 -1000.0000 	 -1000.0000 	 -1000.0000 	 -1000.0000 
	 62.0020 	 3.999833e-03 	 156.0069 	  1.1223 	 1.861449e+20 	 1.816678e+18 	 4.338553e-06 	 5.716545e-07 	 -1000.0000 	 -1000.0000 	 -1000.0000 	 -1000.0000 
	 63.9070 	 3.168964e-03 	 152.8590 	  0.9993 	 1.503638e+20 	 1.391166e+18 	 3.523968e-06 	 4.717983e-07 	 -1000.0000 	 -1000.0000 	 -1000.0000 	 -1000.0000 
	 64.0260 	 3.123088e-03 	 152.9313 	  0.9961 	 1.481373e+20 	 1.368396e+18 	 3.481568e-06 	 4.698106e-07 	 -1000.0000 	 -1000.0000 	 -1000.0000 	 -1000.0000 
	 64.1450 	 3.077885e-03 	 153.0234 	  0.9934 	 1.459242e+20 	 1.346190e+18 	 3.439995e-06 	 4.682225e-07 	 -1000.0000 	 -1000.0000 	 -1000.0000 	 -1000.0000 
	 64.2650 	 3.032973e-03 	 153.1330 	  0.9911 	 1.437084e+20 	 1.324357e+18 	 3.398844e-06 	 4.669789e-07 	 -1000.0000 	 -1000.0000 	 -1000.0000 	 -1000.0000 
	 64.3840 	 2.989092e-03 	 153.2548 	  0.9892 	 1.415295e+20 	 1.303250e+18 	 3.358740e-06 	 4.660545e-07 	 -1000.0000 	 -1000.0000 	 -1000.0000 	 -1000.0000 
	 66.2730 	 2.372241e-03 	 154.3896 	  0.9829 	 1.112967e+20 	 1.031701e+18 	 2.777178e-06 	 4.575666e-07 	 -1000.0000 	 -1000.0000 	 -1000.0000 	 -1000.0000 
	 66.3920 	 2.337935e-03 	 154.3035 	  0.9826 	 1.097372e+20 	 1.017981e+18 	 2.743067e-06 	 4.559791e-07 	 -1000.0000 	 -1000.0000 	 -1000.0000 	 -1000.0000 
	 66.5100 	 2.304399e-03 	 154.2004 	  0.9823 	 1.082273e+20 	 1.004689e+18 	 2.709749e-06 	 4.543024e-07 	 -1000.0000 	 -1000.0000 	 -1000.0000 	 -1000.0000 
	 66.6280 	 2.271336e-03 	 154.0810 	  0.9819 	 1.067520e+20 	 9.916931e+17 	 2.676997e-06 	 4.525445e-07 	 -1000.0000 	 -1000.0000 	 -1000.0000 	 -1000.0000 
	 66.7470 	 2.238463e-03 	 153.9455 	  0.9815 	 1.052974e+20 	 9.788730e+17 	 2.644601e-06 	 4.507105e-07 	 -1000.0000 	 -1000.0000 	 -1000.0000 	 -1000.0000 
	 68.6460 	 1.771317e-03 	 150.8015 	  0.9724 	 8.518583e+19 	 8.010707e+17 	 2.259836e-06 	 4.297758e-07 	 -1000.0000 	 -1000.0000 	 -1000.0000 	 -1000.0000 
	 68.7640 	 1.745494e-03 	 150.5955 	  0.9717 	 8.406137e+19 	 7.911012e+17 	 2.245569e-06 	 4.296994e-07 	 -1000.0000 	 -1000.0000 	 -1000.0000 	 -1000.0000 
	 68.8820 	 1.720012e-03 	 150.3900 	  0.9710 	 8.294883e+19 	 7.812303e+17 	 2.232270e-06 	 4.297686e-07 	 -1000.0000 	 -1000.0000 	 -1000.0000 	 -1000.0000 
	 69.0000 	 1.694869e-03 	 150.1850 	  0.9702 	 8.184825e+19 	 7.714569e+17 	 2.219881e-06 	 4.299763e-07 	 -1000.0000 	 -1000.0000 	 -1000.0000 	 -1000.0000 
	 69.1180 	 1.670060e-03 	 149.9802 	  0.9695 	 8.075964e+19 	 7.617803e+17 	 2.208341e-06 	 4.303144e-07 	 -1000.0000 	 -1000.0000 	 -1000.0000 	 -1000.0000 
	 71.0000 	 1.315933e-03 	 146.6886 	  0.9508 	 6.503108e+19 	 6.198775e+17 	 2.089152e-06 	 4.467017e-07 	 -1000.0000 	 -1000.0000 	 -1000.0000 	 -1000.0000 
	 71.1170 	 1.296302e-03 	 146.4767 	  0.9493 	 6.415426e+19 	 6.118146e+17 	 2.083273e-06 	 4.480853e-07 	 -1000.0000 	 -1000.0000 	 -1000.0000 	 -1000.0000 
	 71.2350 	 1.276767e-03 	 146.2612 	  0.9477 	 6.328149e+19 	 6.037780e+17 	 2.077370e-06 	 4.495096e-07 	 -1000.0000 	 -1000.0000 	 -1000.0000 	 -1000.0000 
	 71.3520 	 1.257658e-03 	 146.0456 	  0.9461 	 6.242745e+19 	 5.959052e+17 	 2.071533e-06 	 4.509504e-07 	 -1000.0000 	 -1000.0000 	 -1000.0000 	 -1000.0000 
	 71.4700 	 1.238645e-03 	 145.8259 	  0.9445 	 6.157744e+19 	 5.880632e+17 	 2.065651e-06 	 4.524325e-07 	 -1000.0000 	 -1000.0000 	 -1000.0000 	 -1000.0000 
	 73.3530 	 9.684483e-04 	 141.9058 	  0.9243 	 4.945947e+19 	 4.772815e+17 	 1.965469e-06 	 4.804438e-07 	 -1000.0000 	 -1000.0000 	 -1000.0000 	 -1000.0000 
	 73.4700 	 9.535954e-04 	 141.6449 	  0.9236 	 4.878775e+19 	 4.712678e+17 	 1.958460e-06 	 4.824569e-07 	 -1000.0000 	 -1000.0000 	 -1000.0000 	 -1000.0000 
	 73.5870 	 9.389546e-04 	 141.3869 	  0.9230 	 4.812382e+19 	 4.653318e+17 	 1.951324e-06 	 4.844954e-07 	 -1000.0000 	 -1000.0000 	 -1000.0000 	 -1000.0000 
	 73.7040 	 9.245234e-04 	 141.1330 	  0.9224 	 4.746734e+19 	 4.594675e+17 	 1.944055e-06 	 4.865578e-07 	 -1000.0000 	 -1000.0000 	 -1000.0000 	 -1000.0000 
	 73.8210 	 9.102996e-04 	 140.8843 	  0.9219 	 4.681794e+19 	 4.536689e+17 	 1.936648e-06 	 4.886421e-07 	 -1000.0000 	 -1000.0000 	 -1000.0000 	 -1000.0000 
	 75.6860 	 7.096586e-04 	 138.5301 	  0.9175 	 3.715667e+19 	 3.655353e+17 	 1.795697e-06 	 5.232930e-07 	 -1000.0000 	 -1000.0000 	 -1000.0000 	 -1000.0000 
	 75.8020 	 6.986883e-04 	 138.5142 	  0.9173 	 3.658929e+19 	 3.601590e+17 	 1.785303e-06 	 5.254051e-07 	 -1000.0000 	 -1000.0000 	 -1000.0000 	 -1000.0000 
	 75.9190 	 6.877904e-04 	 138.5109 	  0.9171 	 3.602172e+19 	 3.547606e+17 	 1.774616e-06 	 5.275057e-07 	 -1000.0000 	 -1000.0000 	 -1000.0000 	 -1000.0000 
	 76.0360 	 6.770584e-04 	 138.5193 	  0.9170 	 3.545915e+19 	 3.493913e+17 	 1.763724e-06 	 5.295716e-07 	 -1000.0000 	 -1000.0000 	 -1000.0000 	 -1000.0000 
	 76.1530 	 6.664902e-04 	 138.5382 	  0.9169 	 3.490186e+19 	 3.440559e+17 	 1.752628e-06 	 5.315981e-07 	 -1000.0000 	 -1000.0000 	 -1000.0000 	 -1000.0000 
	 78.0290 	 5.178653e-04 	 139.4436 	  0.9186 	 2.691448e+19 	 2.669329e+17 	 1.548586e-06 	 5.552927e-07 	 -1000.0000 	 -1000.0000 	 -1000.0000 	 -1000.0000 
	 78.1450 	 5.098646e-04 	 139.4952 	  0.9189 	 2.648820e+19 	 2.628443e+17 	 1.534702e-06 	 5.561332e-07 	 -1000.0000 	 -1000.0000 	 -1000.0000 	 -1000.0000 
	 78.2620 	 5.019235e-04 	 139.5446 	  0.9193 	 2.606603e+19 	 2.588005e+17 	 1.520647e-06 	 5.569296e-07 	 -1000.0000 	 -1000.0000 	 -1000.0000 	 -1000.0000 
	 78.3780 	 4.941756e-04 	 139.5908 	  0.9198 	 2.565503e+19 	 2.548689e+17 	 1.506683e-06 	 5.576751e-07 	 -1000.0000 	 -1000.0000 	 -1000.0000 	 -1000.0000 
	 78.4940 	 4.865505e-04 	 139.6343 	  0.9202 	 2.525142e+19 	 2.510128e+17 	 1.492712e-06 	 5.583833e-07 	 -1000.0000 	 -1000.0000 	 -1000.0000 	 -1000.0000 
	 80.3450 	 3.799232e-04 	 139.8709 	  0.9304 	 1.969325e+19 	 1.983077e+17 	 1.285574e-06 	 5.699644e-07 	 -1000.0000 	 -1000.0000 	 -1000.0000 	 -1000.0000 
	 80.4600 	 3.741392e-04 	 139.8527 	  0.9313 	 1.939611e+19 	 1.955082e+17 	 1.274461e-06 	 5.709630e-07 	 -1000.0000 	 -1000.0000 	 -1000.0000 	 -1000.0000 
	 80.5760 	 3.683947e-04 	 139.8301 	  0.9321 	 1.910148e+19 	 1.927352e+17 	 1.263489e-06 	 5.720186e-07 	 -1000.0000 	 -1000.0000 	 -1000.0000 	 -1000.0000 
	 80.6920 	 3.627386e-04 	 139.8030 	  0.9330 	 1.881187e+19 	 1.900128e+17 	 1.252754e-06 	 5.731235e-07 	 -1000.0000 	 -1000.0000 	 -1000.0000 	 -1000.0000 
	 80.8070 	 3.572171e-04 	 139.7717 	  0.9340 	 1.852964e+19 	 1.873631e+17 	 1.242344e-06 	 5.742683e-07 	 -1000.0000 	 -1000.0000 	 -1000.0000 	 -1000.0000 
	 82.6680 	 2.784737e-04 	 138.5971 	  0.9593 	 1.456519e+19 	 1.508150e+17 	 1.103825e-06 	 5.998897e-07 	 -1000.0000 	 -1000.0000 	 -1000.0000 	 -1000.0000 
	 82.7830 	 2.741930e-04 	 138.4821 	  0.9615 	 1.435320e+19 	 1.489102e+17 	 1.096945e-06 	 6.019219e-07 	 -1000.0000 	 -1000.0000 	 -1000.0000 	 -1000.0000 
	 82.8980 	 2.699742e-04 	 138.3624 	  0.9639 	 1.414461e+19 	 1.470407e+17 	 1.090232e-06 	 6.040068e-07 	 -1000.0000 	 -1000.0000 	 -1000.0000 	 -1000.0000 
	 83.0140 	 2.657806e-04 	 138.2372 	  0.9663 	 1.393756e+19 	 1.451894e+17 	 1.083625e-06 	 6.061631e-07 	 -1000.0000 	 -1000.0000 	 -1000.0000 	 -1000.0000 
	 83.1290 	 2.616838e-04 	 138.1087 	  0.9687 	 1.373557e+19 	 1.433871e+17 	 1.077234e-06 	 6.083538e-07 	 -1000.0000 	 -1000.0000 	 -1000.0000 	 -1000.0000 
	 84.9710 	 2.036113e-04 	 135.5574 	  1.0122 	 1.088703e+19 	 1.180811e+17 	 9.921368e-07 	 6.506992e-07 	 -1000.0000 	 -1000.0000 	 -1000.0000 	 -1000.0000 
	 85.0860 	 2.004180e-04 	 135.3800 	  1.0150 	 1.072996e+19 	 1.166708e+17 	 9.877011e-07 	 6.538059e-07 	 -1000.0000 	 -1000.0000 	 -1000.0000 	 -1000.0000 
	 85.2010 	 1.972718e-04 	 135.2034 	  1.0177 	 1.057497e+19 	 1.152755e+17 	 9.833576e-07 	 6.569691e-07 	 -1000.0000 	 -1000.0000 	 -1000.0000 	 -1000.0000 
	 85.3160 	 1.941720e-04 	 135.0284 	  1.0205 	 1.042200e+19 	 1.138944e+17 	 9.791058e-07 	 6.601892e-07 	 -1000.0000 	 -1000.0000 	 -1000.0000 	 -1000.0000 
	 85.4300 	 1.911445e-04 	 134.8572 	  1.0233 	 1.027230e+19 	 1.125386e+17 	 9.749812e-07 	 6.634379e-07 	 -1000.0000 	 -1000.0000 	 -1000.0000 	 -1000.0000 
	 87.2810 	 1.478280e-04 	 132.8957 	  1.0678 	 8.066686e+18 	 9.181682e+16 	 9.202850e-07 	 7.245845e-07 	 -1000.0000 	 -1000.0000 	 -1000.0000 	 -1000.0000 
	 87.3960 	 1.454724e-04 	 132.8419 	  1.0706 	 7.941765e+18 	 9.058902e+16 	 9.176446e-07 	 7.289493e-07 	 -1000.0000 	 -1000.0000 	 -1000.0000 	 -1000.0000 
	 87.5110 	 1.431531e-04 	 132.7944 	  1.0733 	 7.818276e+18 	 8.936944e+16 	 9.150950e-07 	 7.333884e-07 	 -1000.0000 	 -1000.0000 	 -1000.0000 	 -1000.0000 
	 87.6260 	 1.408697e-04 	 132.7525 	  1.0760 	 7.696244e+18 	 8.815864e+16 	 9.126372e-07 	 7.379039e-07 	 -1000.0000 	 -1000.0000 	 -1000.0000 	 -1000.0000 
	 87.7400 	 1.386413e-04 	 132.7159 	  1.0787 	 7.576735e+18 	 8.696756e+16 	 9.102919e-07 	 7.424571e-07 	 -1000.0000 	 -1000.0000 	 -1000.0000 	 -1000.0000 
	 89.5670 	 1.073305e-04 	 132.3294 	  1.1201 	 5.878099e+18 	 6.953992e+16 	 8.860309e-07 	 8.277004e-07 	 -1000.0000 	 -1000.0000 	 -1000.0000 	 -1000.0000 
	 89.6810 	 1.056297e-04 	 132.3001 	  1.1224 	 5.786023e+18 	 6.856949e+16 	 8.854734e-07 	 8.340174e-07 	 -1000.0000 	 -1000.0000 	 -1000.0000 	 -1000.0000 
	 89.7950 	 1.039562e-04 	 132.2711 	  1.1246 	 5.695445e+18 	 6.761129e+16 	 8.850590e-07 	 8.405080e-07 	 -1000.0000 	 -1000.0000 	 -1000.0000 	 -1000.0000 
	 89.9090 	 1.023096e-04 	 132.2428 	  1.1268 	 5.606327e+18 	 6.666480e+16 	 8.847943e-07 	 8.471842e-07 	 -1000.0000 	 -1000.0000 	 -1000.0000 	 -1000.0000 
	 90.0240 	 1.006752e-04 	 132.2154 	  1.1289 	 5.517866e+18 	 6.572132e+16 	 8.846858e-07 	 8.541194e-07 	 -1000.0000 	 -1000.0000 	 -1000.0000 	 -1000.0000 
	 91.8600 	 7.789071e-05 	 132.2777 	  1.1417 	 4.269433e+18 	 5.178183e+16 	 9.095917e-07 	 1.001740e-06 	 -1000.0000 	 -1000.0000 	 -1000.0000 	 -1000.0000 
	 91.9740 	 7.666198e-05 	 132.3282 	  1.1415 	 4.200526e+18 	 5.097463e+16 	 9.130359e-07 	 1.013714e-06 	 -1000.0000 	 -1000.0000 	 -1000.0000 	 -1000.0000 
	 92.0880 	 7.545309e-05 	 132.3845 	  1.1413 	 4.132549e+18 	 5.017655e+16 	 9.167135e-07 	 1.026058e-06 	 -1000.0000 	 -1000.0000 	 -1000.0000 	 -1000.0000 
	 92.2010 	 7.427412e-05 	 132.4460 	  1.1412 	 4.066083e+18 	 4.939516e+16 	 9.205888e-07 	 1.038662e-06 	 -1000.0000 	 -1000.0000 	 -1000.0000 	 -1000.0000 
	 92.3150 	 7.310391e-05 	 132.5138 	  1.1412 	 3.999948e+18 	 4.861735e+16 	 9.247297e-07 	 1.051755e-06 	 -1000.0000 	 -1000.0000 	 -1000.0000 	 -1000.0000 
