	 height_(km) 	 press_(mbar) 	 temp_(K) 	 temperr_(K) 	 numdens_(m-3) 	 numdenserr_(m-3) 	 H2Ovmr_() 	 H2Ovmrerr_() 	 D/H_(VSMOW) 	 D/Herr_(VSMOW) 	 18O/16O_(VSMOW) 	 18O/16Oerr_(VSMOW) 
	  9.4900 	 1.311127e+00 	 155.9624 	  3.6445 	 6.094141e+22 	 1.447044e+21 	 2.618028e-06 	 5.175695e-07 	  2.4181 	  0.8630 	  0.7881 	  0.2705 
	  9.6400 	 1.287386e+00 	 156.1168 	  3.4819 	 5.978014e+22 	 1.350145e+21 	 2.784347e-06 	 5.320540e-07 	  2.4048 	  0.8330 	  0.7868 	  0.2604 
	  9.7900 	 1.264003e+00 	 156.2937 	  3.3173 	 5.862875e+22 	 1.257092e+21 	 2.980734e-06 	 5.518114e-07 	  2.3903 	  0.8063 	  0.7854 	  0.2528 
	  9.9400 	 1.240983e+00 	 156.4942 	  3.1519 	 5.748765e+22 	 1.167959e+21 	 3.207725e-06 	 5.764197e-07 	  2.3749 	  0.7823 	  0.7838 	  0.2461 
	 10.4100 	 1.171263e+00 	 157.2896 	  2.6405 	 5.398342e+22 	 9.148423e+20 	 4.133400e-06 	 6.820007e-07 	  2.3241 	  0.7181 	  0.7782 	  0.2333 
	 10.5600 	 1.149798e+00 	 157.6010 	  2.4833 	 5.288921e+22 	 8.426663e+20 	 4.503042e-06 	 7.239982e-07 	  2.3081 	  0.7001 	  0.7763 	  0.2318 
	 10.7100 	 1.128724e+00 	 157.9423 	  2.3309 	 5.180740e+22 	 7.747771e+20 	 4.910750e-06 	 7.695466e-07 	  2.2927 	  0.6831 	  0.7743 	  0.2307 
	 10.8600 	 1.108044e+00 	 158.3148 	  2.1844 	 5.073839e+22 	 7.112466e+20 	 5.357135e-06 	 8.182603e-07 	  2.2783 	  0.6689 	  0.7724 	  0.2297 
	 11.0100 	 1.087763e+00 	 158.7196 	  2.0450 	 4.968260e+22 	 6.521465e+20 	 5.842334e-06 	 8.696568e-07 	  2.2651 	  0.6640 	  0.7705 	  0.2289 
	 11.4830 	 1.026488e+00 	 160.2215 	  1.6634 	 4.644447e+22 	 4.956032e+20 	 7.620873e-06 	 1.042147e-06 	  2.2350 	  0.6536 	  0.7646 	  0.2251 
	 11.6330 	 1.007922e+00 	 160.7736 	  1.5648 	 4.544793e+22 	 4.556718e+20 	 8.260209e-06 	 1.097395e-06 	  2.2301 	  0.6507 	  0.7628 	  0.2232 
	 11.7830 	 9.897828e-01 	 161.3643 	  1.4788 	 4.446672e+22 	 4.205405e+20 	 8.934034e-06 	 1.151396e-06 	  2.2280 	  0.6472 	  0.7612 	  0.2207 
	 11.9320 	 9.721911e-01 	 161.9905 	  1.4070 	 4.350763e+22 	 3.904666e+20 	 9.638196e-06 	 1.202901e-06 	  2.2285 	  0.6426 	  0.7597 	  0.2176 
	 12.0820 	 9.549132e-01 	 162.6615 	  1.3492 	 4.255811e+22 	 3.650236e+20 	 1.038492e-05 	 1.252278e-06 	  2.2317 	  0.6364 	  0.7585 	  0.2140 
	 12.5430 	 9.043622e-01 	 164.9762 	  1.2452 	 3.973925e+22 	 3.110894e+20 	 1.310895e-05 	 1.418076e-06 	  2.2578 	  0.6052 	  0.7584 	  0.1999 
	 12.6930 	 8.886808e-01 	 165.8099 	  1.2287 	 3.885372e+22 	 2.991299e+20 	 1.422030e-05 	 1.488578e-06 	  2.2716 	  0.5906 	  0.7600 	  0.1944 
	 12.8420 	 8.734462e-01 	 166.6764 	  1.2174 	 3.798918e+22 	 2.888485e+20 	 1.547435e-05 	 1.571987e-06 	  2.2881 	  0.5743 	  0.7629 	  0.1886 
	 12.9920 	 8.584357e-01 	 167.5868 	  1.2093 	 3.713382e+22 	 2.794419e+20 	 1.690308e-05 	 1.671635e-06 	  2.3081 	  0.5573 	  0.7673 	  0.1828 
	 13.1420 	 8.437363e-01 	 168.5346 	  1.2025 	 3.629343e+22 	 2.703683e+20 	 1.850500e-05 	 1.787293e-06 	  2.3322 	  0.5404 	  0.7734 	  0.1768 
	 13.6170 	 7.992124e-01 	 171.7192 	  1.1781 	 3.374203e+22 	 2.419463e+20 	 2.422953e-05 	 2.178748e-06 	  2.4469 	  0.4944 	  0.8044 	  0.1585 
	 13.7660 	 7.858821e-01 	 172.7527 	  1.1664 	 3.298032e+22 	 2.328784e+20 	 2.600397e-05 	 2.284134e-06 	  2.4985 	  0.4843 	  0.8177 	  0.1534 
	 13.9150 	 7.728567e-01 	 173.7919 	  1.1513 	 3.223908e+22 	 2.236188e+20 	 2.768656e-05 	 2.370966e-06 	  2.5593 	  0.4756 	  0.8325 	  0.1485 
	 14.0640 	 7.601367e-01 	 174.8303 	  1.1319 	 3.151947e+22 	 2.140990e+20 	 2.926298e-05 	 2.432751e-06 	  2.6294 	  0.4668 	  0.8484 	  0.1435 
	 14.2130 	 7.477214e-01 	 175.8620 	  1.1075 	 3.082248e+22 	 2.042759e+20 	 3.071532e-05 	 2.465464e-06 	  2.7087 	  0.4572 	  0.8653 	  0.1386 
	 14.6870 	 7.101086e-01 	 179.0535 	  1.0106 	 2.875088e+22 	 1.728996e+20 	 3.451206e-05 	 2.413407e-06 	  3.0135 	  0.4205 	  0.9212 	  0.1238 
	 14.8360 	 6.988233e-01 	 180.0156 	  0.9796 	 2.814292e+22 	 1.637447e+20 	 3.546090e-05 	 2.371372e-06 	  3.1216 	  0.4081 	  0.9377 	  0.1198 
	 14.9850 	 6.877699e-01 	 180.9518 	  0.9510 	 2.755440e+22 	 1.552864e+20 	 3.631294e-05 	 2.331043e-06 	  3.2329 	  0.3964 	  0.9530 	  0.1163 
	 15.1340 	 6.769334e-01 	 181.8587 	  0.9264 	 2.698464e+22 	 1.477321e+20 	 3.709417e-05 	 2.299654e-06 	  3.3457 	  0.3863 	  0.9666 	  0.1134 
	 15.2830 	 6.663005e-01 	 182.7337 	  0.9070 	 2.643288e+22 	 1.412521e+20 	 3.783999e-05 	 2.279790e-06 	  3.4582 	  0.3776 	  0.9784 	  0.1109 
	 15.7500 	 6.342678e-01 	 185.3096 	  0.8765 	 2.481058e+22 	 1.268797e+20 	 4.016139e-05 	 2.274056e-06 	  3.7860 	  0.3536 	  1.0035 	  0.1055 
	 15.8990 	 6.244592e-01 	 186.0957 	  0.8741 	 2.432392e+22 	 1.236846e+20 	 4.091849e-05 	 2.280122e-06 	  3.8756 	  0.3452 	  1.0088 	  0.1042 
	 16.0480 	 6.148494e-01 	 186.8728 	  0.8741 	 2.385068e+22 	 1.209181e+20 	 4.166933e-05 	 2.295598e-06 	  3.9546 	  0.3428 	  1.0134 	  0.1037 
	 16.1960 	 6.055006e-01 	 187.6406 	  0.8758 	 2.339301e+22 	 1.184538e+20 	 4.239311e-05 	 2.326023e-06 	  4.0218 	  0.3460 	  1.0176 	  0.1040 
	 16.3450 	 5.962853e-01 	 188.4125 	  0.8786 	 2.294399e+22 	 1.161286e+20 	 4.308131e-05 	 2.371807e-06 	  4.0781 	  0.3509 	  1.0219 	  0.1049 
	 16.8200 	 5.681237e-01 	 190.7133 	  0.8916 	 2.159899e+22 	 1.094524e+20 	 4.473977e-05 	 2.571507e-06 	  4.1944 	  0.3762 	  1.0378 	  0.1109 
	 16.9690 	 5.596333e-01 	 191.3242 	  0.8961 	 2.120772e+22 	 1.075731e+20 	 4.500095e-05 	 2.624021e-06 	  4.2170 	  0.3918 	  1.0436 	  0.1129 
	 17.1180 	 5.512888e-01 	 191.8532 	  0.9004 	 2.083279e+22 	 1.057889e+20 	 4.509554e-05 	 2.652702e-06 	  4.2361 	  0.4037 	  1.0499 	  0.1144 
	 17.2660 	 5.431344e-01 	 192.2812 	  0.9041 	 2.047749e+22 	 1.041067e+20 	 4.501240e-05 	 2.653451e-06 	  4.2530 	  0.4104 	  1.0563 	  0.1153 
	 17.4150 	 5.350506e-01 	 192.6018 	  0.9074 	 2.013757e+22 	 1.024985e+20 	 4.475829e-05 	 2.631992e-06 	  4.2682 	  0.4127 	  1.0627 	  0.1161 
	 17.8730 	 5.109649e-01 	 193.0728 	  0.9145 	 1.918242e+22 	 9.799395e+19 	 4.333125e-05 	 2.498101e-06 	  4.3060 	  0.4013 	  1.0792 	  0.1187 
	 18.0220 	 5.033724e-01 	 193.1331 	  0.9165 	 1.889216e+22 	 9.663681e+19 	 4.281308e-05 	 2.454417e-06 	  4.3151 	  0.3937 	  1.0823 	  0.1197 
	 18.1700 	 4.959466e-01 	 193.1842 	  0.9186 	 1.860958e+22 	 9.532468e+19 	 4.234182e-05 	 2.419674e-06 	  4.3224 	  0.3853 	  1.0838 	  0.1205 
	 18.3180 	 4.886350e-01 	 193.2476 	  0.9209 	 1.833022e+22 	 9.403853e+19 	 4.194535e-05 	 2.392409e-06 	  4.3282 	  0.3760 	  1.0836 	  0.1209 
	 18.4670 	 4.813879e-01 	 193.3440 	  0.9237 	 1.804993e+22 	 9.275969e+19 	 4.164536e-05 	 2.367143e-06 	  4.3329 	  0.3752 	  1.0819 	  0.1207 
	 18.9430 	 4.590070e-01 	 193.9530 	  0.9338 	 1.715630e+22 	 8.863083e+19 	 4.141265e-05 	 2.289897e-06 	  4.3429 	  0.3678 	  1.0681 	  0.1165 
	 19.0920 	 4.522453e-01 	 194.2528 	  0.9366 	 1.687726e+22 	 8.727517e+19 	 4.156597e-05 	 2.273028e-06 	  4.3445 	  0.3648 	  1.0624 	  0.1147 
	 19.2400 	 4.456454e-01 	 194.6090 	  0.9390 	 1.660046e+22 	 8.587538e+19 	 4.182276e-05 	 2.264854e-06 	  4.3452 	  0.3622 	  1.0566 	  0.1128 
	 19.3880 	 4.391623e-01 	 195.0276 	  0.9407 	 1.632408e+22 	 8.440911e+19 	 4.218190e-05 	 2.270157e-06 	  4.3444 	  0.3603 	  1.0507 	  0.1109 
	 19.5370 	 4.327537e-01 	 195.5143 	  0.9415 	 1.604636e+22 	 8.285643e+19 	 4.264400e-05 	 2.293518e-06 	  4.3415 	  0.3597 	  1.0447 	  0.1091 
	 20.0070 	 4.132794e-01 	 197.3448 	  0.9416 	 1.518339e+22 	 7.773541e+19 	 4.472363e-05 	 2.512816e-06 	  4.3165 	  0.3684 	  1.0247 	  0.1043 
	 20.1550 	 4.073657e-01 	 197.9612 	  0.9419 	 1.491930e+22 	 7.616602e+19 	 4.555390e-05 	 2.623091e-06 	  4.3042 	  0.3742 	  1.0179 	  0.1031 
	 20.3020 	 4.015888e-01 	 198.5676 	  0.9430 	 1.466229e+22 	 7.468135e+19 	 4.644845e-05 	 2.743416e-06 	  4.2905 	  0.3807 	  1.0110 	  0.1019 
	 20.4500 	 3.958663e-01 	 199.1574 	  0.9450 	 1.440985e+22 	 7.329248e+19 	 4.740630e-05 	 2.864472e-06 	  4.2761 	  0.3867 	  1.0041 	  0.1007 
	 20.5980 	 3.902340e-01 	 199.7141 	  0.9482 	 1.416457e+22 	 7.203532e+19 	 4.840560e-05 	 2.975027e-06 	  4.2624 	  0.3910 	  0.9975 	  0.0993 
	 21.0670 	 3.729705e-01 	 201.2998 	  0.9635 	 1.343058e+22 	 6.868352e+19 	 5.160910e-05 	 3.204884e-06 	  4.2317 	  0.3901 	  0.9827 	  0.0935 
	 21.2150 	 3.677055e-01 	 201.7684 	  0.9685 	 1.321048e+22 	 6.771614e+19 	 5.255321e-05 	 3.230944e-06 	  4.2270 	  0.3853 	  0.9808 	  0.0915 
	 21.3620 	 3.625619e-01 	 202.2304 	  0.9729 	 1.299633e+22 	 6.674643e+19 	 5.341629e-05 	 3.232628e-06 	  4.2256 	  0.3788 	  0.9806 	  0.0896 
	 21.5100 	 3.574693e-01 	 202.6990 	  0.9764 	 1.278462e+22 	 6.573097e+19 	 5.418540e-05 	 3.214794e-06 	  4.2279 	  0.3716 	  0.9821 	  0.0882 
	 21.6580 	 3.524622e-01 	 203.1768 	  0.9785 	 1.257630e+22 	 6.465056e+19 	 5.483501e-05 	 3.184493e-06 	  4.2337 	  0.3646 	  0.9854 	  0.0873 
	 22.1270 	 3.371385e-01 	 204.7197 	  0.9784 	 1.193919e+22 	 6.092209e+19 	 5.600664e-05 	 3.048197e-06 	  4.2750 	  0.3485 	  1.0058 	  0.0893 
	 22.2750 	 3.324663e-01 	 205.1996 	  0.9770 	 1.174605e+22 	 5.971538e+19 	 5.607995e-05 	 2.998787e-06 	  4.2958 	  0.3457 	  1.0149 	  0.0912 
	 22.4230 	 3.278687e-01 	 205.6682 	  0.9755 	 1.155699e+22 	 5.852592e+19 	 5.601916e-05 	 2.946688e-06 	  4.3198 	  0.3437 	  1.0249 	  0.0936 
	 22.5700 	 3.233737e-01 	 206.1182 	  0.9740 	 1.137344e+22 	 5.737973e+19 	 5.584804e-05 	 2.901607e-06 	  4.3454 	  0.3430 	  1.0354 	  0.0966 
	 22.7180 	 3.189182e-01 	 206.5516 	  0.9728 	 1.119303e+22 	 5.627704e+19 	 5.559450e-05 	 2.874285e-06 	  4.3717 	  0.3444 	  1.0459 	  0.1002 
	 23.1800 	 3.054542e-01 	 207.7709 	  0.9707 	 1.065750e+22 	 5.315026e+19 	 5.469206e-05 	 2.939817e-06 	  4.4432 	  0.3618 	  1.0742 	  0.1139 
	 23.3280 	 3.012816e-01 	 208.1186 	  0.9704 	 1.049441e+22 	 5.223314e+19 	 5.449239e-05 	 3.005609e-06 	  4.4592 	  0.3707 	  1.0800 	  0.1182 
	 23.4750 	 2.972039e-01 	 208.4433 	  0.9701 	 1.033631e+22 	 5.135491e+19 	 5.438445e-05 	 3.088334e-06 	  4.4699 	  0.3807 	  1.0835 	  0.1221 
	 23.6220 	 2.931922e-01 	 208.7474 	  0.9699 	 1.018198e+22 	 5.050466e+19 	 5.437729e-05 	 3.179557e-06 	  4.4752 	  0.3909 	  1.0847 	  0.1254 
	 23.7700 	 2.892191e-01 	 209.0329 	  0.9697 	 1.003029e+22 	 4.967276e+19 	 5.447260e-05 	 3.269345e-06 	  4.4754 	  0.4002 	  1.0838 	  0.1280 
	 24.2400 	 2.770118e-01 	 209.8110 	  0.9695 	 9.571210e+21 	 4.719479e+19 	 5.537315e-05 	 3.502102e-06 	  4.4476 	  0.4186 	  1.0714 	  0.1326 
	 24.3880 	 2.732864e-01 	 210.0190 	  0.9698 	 9.433141e+21 	 4.647056e+19 	 5.581263e-05 	 3.552780e-06 	  4.4321 	  0.4200 	  1.0663 	  0.1334 
	 24.5350 	 2.696374e-01 	 210.2097 	  0.9703 	 9.298778e+21 	 4.577993e+19 	 5.630836e-05 	 3.598833e-06 	  4.4157 	  0.4204 	  1.0614 	  0.1343 
	 24.6820 	 2.660367e-01 	 210.3855 	  0.9712 	 9.167004e+21 	 4.511912e+19 	 5.684918e-05 	 3.646097e-06 	  4.4006 	  0.4207 	  1.0573 	  0.1351 
	 24.8300 	 2.624575e-01 	 210.5479 	  0.9725 	 9.036800e+21 	 4.448518e+19 	 5.742233e-05 	 3.698543e-06 	  4.3882 	  0.4216 	  1.0539 	  0.1360 
	 25.3030 	 2.513268e-01 	 210.9183 	  0.9794 	 8.638559e+21 	 4.268427e+19 	 5.917541e-05 	 3.882816e-06 	  4.3821 	  0.4299 	  1.0491 	  0.1386 
	 25.4500 	 2.479645e-01 	 210.9677 	  0.9825 	 8.520958e+21 	 4.219883e+19 	 5.960355e-05 	 3.924735e-06 	  4.3943 	  0.4329 	  1.0495 	  0.1391 
	 25.5980 	 2.446264e-01 	 210.9768 	  0.9860 	 8.405806e+21 	 4.174776e+19 	 5.994532e-05 	 3.946115e-06 	  4.4137 	  0.4347 	  1.0506 	  0.1393 
	 25.7450 	 2.413580e-01 	 210.9399 	  0.9900 	 8.294828e+21 	 4.133836e+19 	 6.019755e-05 	 3.949699e-06 	  4.4381 	  0.4356 	  1.0523 	  0.1396 
	 25.8920 	 2.381369e-01 	 210.8536 	  0.9944 	 8.187334e+21 	 4.096782e+19 	 6.037617e-05 	 3.943628e-06 	  4.4657 	  0.4362 	  1.0544 	  0.1402 
	 26.3530 	 2.283278e-01 	 210.3559 	  1.0107 	 7.868514e+21 	 3.999802e+19 	 6.080065e-05 	 3.882589e-06 	  4.5509 	  0.4338 	  1.0607 	  0.1437 
	 26.5000 	 2.252882e-01 	 210.1625 	  1.0165 	 7.770985e+21 	 3.972715e+19 	 6.101908e-05 	 3.850988e-06 	  4.5710 	  0.4306 	  1.0615 	  0.1450 
	 26.6480 	 2.222683e-01 	 209.9692 	  1.0226 	 7.673980e+21 	 3.946196e+19 	 6.133824e-05 	 3.814314e-06 	  4.5852 	  0.4256 	  1.0613 	  0.1462 
	 26.7950 	 2.193077e-01 	 209.7893 	  1.0288 	 7.578329e+21 	 3.919953e+19 	 6.177928e-05 	 3.768596e-06 	  4.5926 	  0.4186 	  1.0599 	  0.1469 
	 26.9420 	 2.163843e-01 	 209.6318 	  1.0351 	 7.482918e+21 	 3.893151e+19 	 6.235954e-05 	 3.705544e-06 	  4.5937 	  0.4088 	  1.0572 	  0.1470 
	 27.4130 	 2.072649e-01 	 209.3710 	  1.0542 	 7.176275e+21 	 3.795348e+19 	 6.506188e-05 	 3.485546e-06 	  4.5697 	  0.3739 	  1.0427 	  0.1455 
	 27.5600 	 2.044954e-01 	 209.3924 	  1.0590 	 7.079666e+21 	 3.758517e+19 	 6.607226e-05 	 3.446955e-06 	  4.5604 	  0.3660 	  1.0381 	  0.1454 
	 27.7080 	 2.017436e-01 	 209.4762 	  1.0631 	 6.981671e+21 	 3.717160e+19 	 6.710270e-05 	 3.426658e-06 	  4.5540 	  0.3600 	  1.0340 	  0.1455 
	 27.8550 	 1.990468e-01 	 209.6287 	  1.0660 	 6.883446e+21 	 3.671122e+19 	 6.809131e-05 	 3.417303e-06 	  4.5532 	  0.3557 	  1.0310 	  0.1455 
	 28.0020 	 1.963859e-01 	 209.8560 	  1.0677 	 6.784213e+21 	 3.619627e+19 	 6.900114e-05 	 3.411382e-06 	  4.5593 	  0.3527 	  1.0289 	  0.1454 
	 28.4670 	 1.882117e-01 	 210.9984 	  1.0680 	 6.466815e+21 	 3.432331e+19 	 7.102680e-05 	 3.347063e-06 	  4.6187 	  0.3468 	  1.0260 	  0.1418 
	 28.6130 	 1.857231e-01 	 211.4593 	  1.0676 	 6.367331e+21 	 3.370603e+19 	 7.132418e-05 	 3.328322e-06 	  4.6439 	  0.3469 	  1.0245 	  0.1391 
	 28.7600 	 1.832561e-01 	 211.9580 	  1.0677 	 6.267861e+21 	 3.309325e+19 	 7.143565e-05 	 3.316973e-06 	  4.6687 	  0.3480 	  1.0221 	  0.1357 
	 28.9070 	 1.808283e-01 	 212.4828 	  1.0684 	 6.169446e+21 	 3.250252e+19 	 7.135483e-05 	 3.317365e-06 	  4.6898 	  0.3504 	  1.0186 	  0.1319 
	 29.0530 	 1.784563e-01 	 213.0217 	  1.0701 	 6.073072e+21 	 3.194901e+19 	 7.108536e-05 	 3.332239e-06 	  4.7052 	  0.3541 	  1.0142 	  0.1282 
	 29.5200 	 1.711191e-01 	 214.8030 	  1.0795 	 5.775166e+21 	 3.035457e+19 	 6.914088e-05 	 3.409149e-06 	  4.7130 	  0.3698 	  0.9956 	  0.1171 
	 29.6660 	 1.688984e-01 	 215.3608 	  1.0825 	 5.685463e+21 	 2.988475e+19 	 6.826356e-05 	 3.414670e-06 	  4.7050 	  0.3741 	  0.9891 	  0.1140 
	 29.8120 	 1.667101e-01 	 215.9111 	  1.0852 	 5.597488e+21 	 2.941602e+19 	 6.729730e-05 	 3.399417e-06 	  4.6941 	  0.3804 	  0.9826 	  0.1111 
	 29.9590 	 1.645381e-01 	 216.4528 	  1.0871 	 5.510710e+21 	 2.893781e+19 	 6.626148e-05 	 3.359757e-06 	  4.6815 	  0.3875 	  0.9761 	  0.1083 
	 30.1050 	 1.624108e-01 	 216.9742 	  1.0879 	 5.426357e+21 	 2.845025e+19 	 6.519688e-05 	 3.298149e-06 	  4.6683 	  0.3937 	  0.9700 	  0.1058 
	 30.5800 	 1.556982e-01 	 218.5602 	  1.0850 	 5.164286e+21 	 2.681470e+19 	 6.168956e-05 	 3.029313e-06 	  4.6260 	  0.4148 	  0.9526 	  0.1006 
	 30.7260 	 1.537010e-01 	 219.0187 	  1.0833 	 5.087385e+21 	 2.631692e+19 	 6.065556e-05 	 2.944537e-06 	  4.6137 	  0.4233 	  0.9483 	  0.1003 
	 30.8720 	 1.517360e-01 	 219.4661 	  1.0816 	 5.012131e+21 	 2.583092e+19 	 5.966670e-05 	 2.863649e-06 	  4.6019 	  0.4333 	  0.9445 	  0.1008 
	 31.0190 	 1.497905e-01 	 219.9066 	  1.0801 	 4.937984e+21 	 2.535898e+19 	 5.872863e-05 	 2.784958e-06 	  4.5908 	  0.4449 	  0.9414 	  0.1019 
	 31.1650 	 1.478913e-01 	 220.3353 	  1.0790 	 4.865914e+21 	 2.491205e+19 	 5.786372e-05 	 2.706891e-06 	  4.5809 	  0.4576 	  0.9388 	  0.1036 
	 31.6200 	 1.421716e-01 	 221.6005 	  1.0780 	 4.651034e+21 	 2.364501e+19 	 5.562802e-05 	 2.469687e-06 	  4.5568 	  0.5022 	  0.9343 	  0.1111 
	 31.7660 	 1.403952e-01 	 221.9777 	  1.0781 	 4.585100e+21 	 2.327089e+19 	 5.504099e-05 	 2.411929e-06 	  4.5519 	  0.5181 	  0.9342 	  0.1141 
	 31.9120 	 1.386451e-01 	 222.3381 	  1.0783 	 4.520583e+21 	 2.290868e+19 	 5.450863e-05 	 2.369222e-06 	  4.5484 	  0.5346 	  0.9348 	  0.1173 
	 32.0590 	 1.369080e-01 	 222.6820 	  1.0785 	 4.457026e+21 	 2.255372e+19 	 5.402551e-05 	 2.342044e-06 	  4.5463 	  0.5514 	  0.9360 	  0.1206 
	 32.2050 	 1.352063e-01 	 223.0034 	  1.0785 	 4.395264e+21 	 2.220882e+19 	 5.359650e-05 	 2.327336e-06 	  4.5455 	  0.5680 	  0.9377 	  0.1240 
	 32.6730 	 1.299017e-01 	 223.8965 	  1.0784 	 4.205953e+21 	 2.115647e+19 	 5.249331e-05 	 2.324811e-06 	  4.5549 	  0.6163 	  0.9454 	  0.1335 
	 32.8190 	 1.282915e-01 	 224.1333 	  1.0785 	 4.149440e+21 	 2.084716e+19 	 5.222622e-05 	 2.315910e-06 	  4.5622 	  0.6283 	  0.9483 	  0.1358 
	 32.9650 	 1.267016e-01 	 224.3507 	  1.0787 	 4.094062e+21 	 2.054803e+19 	 5.199556e-05 	 2.289998e-06 	  4.5719 	  0.6380 	  0.9513 	  0.1377 
	 33.1110 	 1.251313e-01 	 224.5489 	  1.0790 	 4.039777e+21 	 2.025972e+19 	 5.179866e-05 	 2.240929e-06 	  4.5841 	  0.6451 	  0.9545 	  0.1390 
	 33.2570 	 1.235803e-01 	 224.7280 	  1.0797 	 3.986543e+21 	 1.998277e+19 	 5.163122e-05 	 2.167779e-06 	  4.5986 	  0.6494 	  0.9579 	  0.1400 
	 33.7230 	 1.187576e-01 	 225.1623 	  1.0829 	 3.823622e+21 	 1.916838e+19 	 5.129462e-05 	 1.855229e-06 	  4.6444 	  0.6442 	  0.9681 	  0.1417 
	 33.8690 	 1.172871e-01 	 225.2514 	  1.0841 	 3.774779e+21 	 1.893214e+19 	 5.125427e-05 	 1.795104e-06 	  4.6513 	  0.6372 	  0.9700 	  0.1424 
	 34.0150 	 1.158359e-01 	 225.3161 	  1.0854 	 3.726993e+21 	 1.870354e+19 	 5.124561e-05 	 1.783788e-06 	  4.6516 	  0.6281 	  0.9710 	  0.1432 
	 34.1610 	 1.144043e-01 	 225.3553 	  1.0867 	 3.680265e+21 	 1.848180e+19 	 5.127443e-05 	 1.818043e-06 	  4.6443 	  0.6170 	  0.9708 	  0.1442 
	 34.3070 	 1.129921e-01 	 225.3685 	  1.0880 	 3.634593e+21 	 1.826613e+19 	 5.135265e-05 	 1.873915e-06 	  4.6293 	  0.6041 	  0.9695 	  0.1452 
	 34.7730 	 1.086109e-01 	 225.2719 	  1.0916 	 3.495085e+21 	 1.761148e+19 	 5.190209e-05 	 1.991323e-06 	  4.5468 	  0.5547 	  0.9612 	  0.1473 
	 34.9190 	 1.072759e-01 	 225.2125 	  1.0927 	 3.453043e+21 	 1.741490e+19 	 5.211126e-05 	 1.988582e-06 	  4.5178 	  0.5389 	  0.9589 	  0.1477 
	 35.0650 	 1.059580e-01 	 225.1460 	  1.0937 	 3.411653e+21 	 1.722141e+19 	 5.230501e-05 	 1.970386e-06 	  4.4901 	  0.5242 	  0.9570 	  0.1482 
	 35.2110 	 1.046568e-01 	 225.0763 	  1.0947 	 3.370833e+21 	 1.703046e+19 	 5.245957e-05 	 1.945712e-06 	  4.4647 	  0.5115 	  0.9556 	  0.1487 
	 35.3570 	 1.033716e-01 	 225.0068 	  1.0956 	 3.330509e+21 	 1.684164e+19 	 5.254955e-05 	 1.926003e-06 	  4.4419 	  0.5008 	  0.9547 	  0.1493 
	 35.8270 	 9.933575e-02 	 224.7602 	  1.0995 	 3.204065e+21 	 1.626167e+19 	 5.227865e-05 	 1.942741e-06 	  4.3779 	  0.4762 	  0.9510 	  0.1505 
	 35.9720 	 9.811923e-02 	 224.6650 	  1.1014 	 3.166158e+21 	 1.609678e+19 	 5.202136e-05 	 1.968502e-06 	  4.3573 	  0.4701 	  0.9485 	  0.1503 
	 36.1170 	 9.691496e-02 	 224.5551 	  1.1038 	 3.128801e+21 	 1.594108e+19 	 5.169147e-05 	 1.999418e-06 	  4.3346 	  0.4636 	  0.9448 	  0.1495 
	 36.2630 	 9.571404e-02 	 224.4262 	  1.1068 	 3.091760e+21 	 1.579507e+19 	 5.129783e-05 	 2.032576e-06 	  4.3088 	  0.4562 	  0.9400 	  0.1486 
	 36.4080 	 9.453239e-02 	 224.2783 	  1.1105 	 3.055549e+21 	 1.566167e+19 	 5.086105e-05 	 2.064051e-06 	  4.2797 	  0.4485 	  0.9340 	  0.1475 
	 36.8670 	 9.087151e-02 	 223.7716 	  1.1242 	 2.943777e+21 	 1.527738e+19 	 4.945005e-05 	 2.083255e-06 	  4.1705 	  0.4274 	  0.9100 	  0.1435 
	 37.0120 	 8.974328e-02 	 223.6358 	  1.1282 	 2.909016e+21 	 1.515293e+19 	 4.908344e-05 	 2.042311e-06 	  4.1333 	  0.4217 	  0.9013 	  0.1418 
	 37.1580 	 8.862249e-02 	 223.5285 	  1.1317 	 2.874109e+21 	 1.501882e+19 	 4.877910e-05 	 1.973252e-06 	  4.0962 	  0.4165 	  0.8924 	  0.1399 
	 37.3030 	 8.752535e-02 	 223.4613 	  1.1342 	 2.839435e+21 	 1.487268e+19 	 4.854559e-05 	 1.878536e-06 	  4.0609 	  0.4121 	  0.8838 	  0.1378 
	 37.4480 	 8.644484e-02 	 223.4423 	  1.1356 	 2.804671e+21 	 1.470997e+19 	 4.838118e-05 	 1.759952e-06 	  4.0279 	  0.4087 	  0.8756 	  0.1354 
	 37.9100 	 8.310669e-02 	 223.6674 	  1.1329 	 2.693695e+21 	 1.409362e+19 	 4.806800e-05 	 1.437559e-06 	  3.9464 	  0.4091 	  0.8545 	  0.1286 
	 38.0550 	 8.208885e-02 	 223.8077 	  1.1302 	 2.659016e+21 	 1.387698e+19 	 4.796232e-05 	 1.436803e-06 	  3.9305 	  0.4153 	  0.8503 	  0.1273 
	 38.2000 	 8.108383e-02 	 223.9718 	  1.1268 	 2.624511e+21 	 1.365287e+19 	 4.789943e-05 	 1.436707e-06 	  3.9196 	  0.4227 	  0.8475 	  0.1262 
	 38.3450 	 8.009083e-02 	 224.1541 	  1.1227 	 2.590241e+21 	 1.342336e+19 	 4.787669e-05 	 1.437434e-06 	  3.9139 	  0.4314 	  0.8460 	  0.1253 
	 38.4900 	 7.910912e-02 	 224.3491 	  1.1181 	 2.556265e+21 	 1.319060e+19 	 4.789112e-05 	 1.439195e-06 	  3.9133 	  0.4409 	  0.8456 	  0.1244 
	 38.9500 	 7.606960e-02 	 224.9829 	  1.1020 	 2.451154e+21 	 1.245893e+19 	 4.820303e-05 	 1.453587e-06 	  3.9334 	  0.4724 	  0.8493 	  0.1215 
	 39.0950 	 7.513573e-02 	 225.1656 	  1.0972 	 2.419096e+21 	 1.223962e+19 	 4.839733e-05 	 1.461306e-06 	  3.9426 	  0.4818 	  0.8509 	  0.1205 
	 39.2400 	 7.421377e-02 	 225.3296 	  1.0929 	 2.387663e+21 	 1.203013e+19 	 4.863830e-05 	 1.470465e-06 	  3.9516 	  0.4906 	  0.8524 	  0.1195 
	 39.3850 	 7.330390e-02 	 225.4688 	  1.0892 	 2.356920e+21 	 1.183303e+19 	 4.892340e-05 	 1.480783e-06 	  3.9600 	  0.4987 	  0.8538 	  0.1184 
	 39.5300 	 7.240624e-02 	 225.5776 	  1.0863 	 2.326925e+21 	 1.165058e+19 	 4.924820e-05 	 1.491864e-06 	  3.9674 	  0.5062 	  0.8549 	  0.1174 
	 40.0000 	 6.957645e-02 	 225.7071 	  1.0821 	 2.234698e+21 	 1.115019e+19 	 5.048609e-05 	 1.528514e-06 	  3.9888 	  0.5260 	  0.8594 	  0.1150 
	 40.1450 	 6.872638e-02 	 225.6780 	  1.0819 	 2.207685e+21 	 1.101823e+19 	 5.089728e-05 	 1.538866e-06 	  3.9958 	  0.5305 	  0.8614 	  0.1146 
	 40.2900 	 6.788634e-02 	 225.6162 	  1.0821 	 2.181302e+21 	 1.089415e+19 	 5.131687e-05 	 1.548545e-06 	  4.0028 	  0.5341 	  0.8639 	  0.1144 
	 40.4350 	 6.705587e-02 	 225.5216 	  1.0824 	 2.155520e+21 	 1.077643e+19 	 5.174737e-05 	 1.557721e-06 	  4.0093 	  0.5365 	  0.8667 	  0.1144 
	 40.5800 	 6.623459e-02 	 225.3946 	  1.0829 	 2.130313e+21 	 1.066365e+19 	 5.219202e-05 	 1.566628e-06 	  4.0149 	  0.5377 	  0.8696 	  0.1146 
	 41.0330 	 6.372935e-02 	 224.8228 	  1.0852 	 2.054927e+21 	 1.033815e+19 	 5.368403e-05 	 1.595302e-06 	  4.0212 	  0.5335 	  0.8787 	  0.1166 
	 41.1780 	 6.294762e-02 	 224.5966 	  1.0861 	 2.031768e+21 	 1.024154e+19 	 5.419019e-05 	 1.605466e-06 	  4.0188 	  0.5302 	  0.8813 	  0.1177 
	 41.3220 	 6.218133e-02 	 224.3574 	  1.0871 	 2.009182e+21 	 1.014876e+19 	 5.469766e-05 	 1.616072e-06 	  4.0148 	  0.5265 	  0.8835 	  0.1192 
	 41.4670 	 6.142007e-02 	 224.1055 	  1.0882 	 1.986827e+21 	 1.005823e+19 	 5.509568e-05 	 1.731970e-06 	  4.0100 	  0.5250 	  0.8857 	  0.1214 
	 41.6120 	 6.066934e-02 	 223.8457 	  1.0895 	 1.964831e+21 	 9.970348e+18 	 5.544871e-05 	 1.858710e-06 	  4.0054 	  0.5244 	  0.8880 	  0.1239 
	 42.0770 	 5.832639e-02 	 222.9499 	  1.0943 	 1.896556e+21 	 9.706485e+18 	 5.629724e-05 	 2.226203e-06 	  4.0031 	  0.5290 	  0.8965 	  0.1336 
	 42.2210 	 5.761821e-02 	 222.6466 	  1.0960 	 1.876076e+21 	 9.630565e+18 	 5.652202e-05 	 2.281827e-06 	  4.0090 	  0.5308 	  0.8999 	  0.1365 
	 42.3650 	 5.691704e-02 	 222.3282 	  1.0980 	 1.855892e+21 	 9.557498e+18 	 5.675236e-05 	 2.291996e-06 	  4.0195 	  0.5320 	  0.9036 	  0.1391 
	 42.5090 	 5.622216e-02 	 221.9928 	  1.1001 	 1.835994e+21 	 9.487350e+18 	 5.698276e-05 	 2.263076e-06 	  4.0344 	  0.5328 	  0.9078 	  0.1415 
	 42.6530 	 5.553295e-02 	 221.6390 	  1.1024 	 1.816373e+21 	 9.420138e+18 	 5.719997e-05 	 2.204893e-06 	  4.0536 	  0.5334 	  0.9122 	  0.1437 
	 43.1270 	 5.330550e-02 	 220.3624 	  1.1105 	 1.753605e+21 	 9.212501e+18 	 5.770728e-05 	 1.897944e-06 	  4.1401 	  0.5366 	  0.9269 	  0.1504 
	 43.2710 	 5.264243e-02 	 219.9490 	  1.1129 	 1.735051e+21 	 9.150802e+18 	 5.778788e-05 	 1.785384e-06 	  4.1707 	  0.5380 	  0.9310 	  0.1523 
	 43.4150 	 5.198622e-02 	 219.5277 	  1.1150 	 1.716718e+21 	 9.088464e+18 	 5.779067e-05 	 1.728973e-06 	  4.2014 	  0.5406 	  0.9345 	  0.1544 
	 43.5590 	 5.133717e-02 	 219.1006 	  1.1168 	 1.698596e+21 	 9.024758e+18 	 5.773460e-05 	 1.731074e-06 	  4.2307 	  0.5439 	  0.9372 	  0.1566 
	 43.7030 	 5.069551e-02 	 218.6699 	  1.1183 	 1.680675e+21 	 8.959067e+18 	 5.768702e-05 	 1.732802e-06 	  4.2575 	  0.5463 	  0.9388 	  0.1585 
	 44.1570 	 4.871947e-02 	 217.2925 	  1.1209 	 1.625407e+21 	 8.740920e+18 	 5.763606e-05 	 1.738465e-06 	  4.3199 	  0.5461 	  0.9362 	  0.1620 
	 44.3010 	 4.810688e-02 	 216.8499 	  1.1212 	 1.608244e+21 	 8.669395e+18 	 5.765116e-05 	 1.741003e-06 	  4.3326 	  0.5434 	  0.9332 	  0.1621 
	 44.4450 	 4.750077e-02 	 216.4048 	  1.1214 	 1.591246e+21 	 8.597309e+18 	 5.767241e-05 	 1.744089e-06 	  4.3425 	  0.5392 	  0.9293 	  0.1618 
	 44.5890 	 4.690094e-02 	 215.9573 	  1.1214 	 1.574406e+21 	 8.524988e+18 	 5.768723e-05 	 1.747691e-06 	  4.3503 	  0.5337 	  0.9249 	  0.1611 
	 44.7330 	 4.630721e-02 	 215.5074 	  1.1213 	 1.557718e+21 	 8.452767e+18 	 5.768235e-05 	 1.751650e-06 	  4.3573 	  0.5268 	  0.9205 	  0.1601 
	 45.2000 	 4.442426e-02 	 214.0380 	  1.1213 	 1.504634e+21 	 8.223896e+18 	 5.747914e-05 	 1.765089e-06 	  4.3795 	  0.4983 	  0.9075 	  0.1565 
	 45.3440 	 4.385715e-02 	 213.5835 	  1.1217 	 1.488588e+21 	 8.156461e+18 	 5.735244e-05 	 1.768854e-06 	  4.3877 	  0.4884 	  0.9044 	  0.1556 
	 45.4880 	 4.329660e-02 	 213.1291 	  1.1223 	 1.472696e+21 	 8.091206e+18 	 5.719304e-05 	 1.772123e-06 	  4.3974 	  0.4783 	  0.9019 	  0.1549 
	 45.6310 	 4.274653e-02 	 212.6785 	  1.1232 	 1.457068e+21 	 8.028960e+18 	 5.700435e-05 	 1.774683e-06 	  4.4086 	  0.4685 	  0.9000 	  0.1543 
	 45.7750 	 4.219931e-02 	 212.2259 	  1.1245 	 1.441484e+21 	 7.969120e+18 	 5.678821e-05 	 1.776473e-06 	  4.4217 	  0.4589 	  0.8985 	  0.1538 
	 46.2300 	 4.051209e-02 	 210.8040 	  1.1300 	 1.393186e+21 	 7.790539e+18 	 5.597251e-05 	 1.776087e-06 	  4.4734 	  0.4333 	  0.8959 	  0.1533 
	 46.3740 	 3.999040e-02 	 210.3567 	  1.1316 	 1.378170e+21 	 7.734003e+18 	 5.568280e-05 	 1.773839e-06 	  4.4929 	  0.4372 	  0.8954 	  0.1534 
	 46.5180 	 3.947416e-02 	 209.9107 	  1.1329 	 1.363270e+21 	 7.675851e+18 	 5.538575e-05 	 1.770642e-06 	  4.5136 	  0.4412 	  0.8948 	  0.1536 
	 46.6610 	 3.896665e-02 	 209.4692 	  1.1337 	 1.348579e+21 	 7.615583e+18 	 5.508810e-05 	 1.766745e-06 	  4.5353 	  0.4453 	  0.8941 	  0.1540 
	 46.8050 	 3.846051e-02 	 209.0259 	  1.1340 	 1.333886e+21 	 7.551567e+18 	 5.478954e-05 	 1.762311e-06 	  4.5583 	  0.4496 	  0.8931 	  0.1543 
	 47.2730 	 3.684982e-02 	 207.5867 	  1.1324 	 1.286888e+21 	 7.330384e+18 	 5.383841e-05 	 1.748188e-06 	  4.6433 	  0.4645 	  0.8889 	  0.1551 
	 47.4170 	 3.636502e-02 	 207.1414 	  1.1320 	 1.272687e+21 	 7.262866e+18 	 5.355419e-05 	 1.745207e-06 	  4.6734 	  0.4696 	  0.8874 	  0.1550 
	 47.5600 	 3.588875e-02 	 206.6967 	  1.1318 	 1.258720e+21 	 7.198202e+18 	 5.327496e-05 	 1.743271e-06 	  4.7053 	  0.4748 	  0.8860 	  0.1548 
	 47.7030 	 3.541769e-02 	 206.2488 	  1.1322 	 1.244894e+21 	 7.137124e+18 	 5.299871e-05 	 1.742327e-06 	  4.7393 	  0.4803 	  0.8847 	  0.1545 
	 47.8470 	 3.494866e-02 	 205.7938 	  1.1333 	 1.231121e+21 	 7.080245e+18 	 5.272283e-05 	 1.742288e-06 	  4.7754 	  0.4861 	  0.8835 	  0.1541 
	 48.3070 	 3.348620e-02 	 204.3261 	  1.1394 	 1.188072e+21 	 6.916796e+18 	 5.188086e-05 	 1.744849e-06 	  4.8986 	  0.5055 	  0.8805 	  0.1531 
	 48.4500 	 3.304264e-02 	 203.8705 	  1.1410 	 1.174955e+21 	 6.865914e+18 	 5.163976e-05 	 1.745194e-06 	  4.9374 	  0.5115 	  0.8797 	  0.1530 
	 48.5930 	 3.260431e-02 	 203.4178 	  1.1421 	 1.161951e+21 	 6.812279e+18 	 5.141419e-05 	 1.744977e-06 	  4.9756 	  0.5173 	  0.8789 	  0.1530 
	 48.7350 	 3.217421e-02 	 202.9724 	  1.1424 	 1.149143e+21 	 6.754752e+18 	 5.120869e-05 	 1.744249e-06 	  5.0125 	  0.5230 	  0.8780 	  0.1532 
	 48.8780 	 3.174626e-02 	 202.5292 	  1.1416 	 1.136344e+21 	 6.691188e+18 	 5.102499e-05 	 1.743095e-06 	  5.0482 	  0.5285 	  0.8770 	  0.1535 
	 49.3370 	 3.040698e-02 	 201.1284 	  1.1330 	 1.095990e+21 	 6.456676e+18 	 5.063727e-05 	 1.764818e-06 	  5.1486 	  0.5453 	  0.8732 	  0.1551 
	 49.4800 	 3.000015e-02 	 200.6923 	  1.1291 	 1.083672e+21 	 6.378141e+18 	 5.059272e-05 	 1.790158e-06 	  5.1742 	  0.5508 	  0.8718 	  0.1558 
	 49.6230 	 2.959813e-02 	 200.2534 	  1.1249 	 1.071489e+21 	 6.298920e+18 	 5.061577e-05 	 1.807720e-06 	  5.1968 	  0.5555 	  0.8702 	  0.1565 
	 49.7650 	 2.920362e-02 	 199.8131 	  1.1205 	 1.059532e+21 	 6.220662e+18 	 5.070893e-05 	 1.818175e-06 	  5.2160 	  0.5593 	  0.8683 	  0.1571 
	 49.9080 	 2.881096e-02 	 199.3636 	  1.1161 	 1.047638e+21 	 6.143309e+18 	 5.087628e-05 	 1.819072e-06 	  5.2324 	  0.5624 	  0.8662 	  0.1576 
	 50.3770 	 2.755374e-02 	 197.8693 	  1.1036 	 1.009484e+21 	 5.905303e+18 	 5.172584e-05 	 1.789766e-06 	  5.2722 	  0.5694 	  0.8579 	  0.1595 
	 50.5200 	 2.717902e-02 	 197.4176 	  1.1007 	 9.980379e+20 	 5.838585e+18 	 5.196940e-05 	 1.800569e-06 	  5.2834 	  0.5725 	  0.8555 	  0.1603 
	 50.6620 	 2.681058e-02 	 196.9754 	  1.0985 	 9.867229e+20 	 5.775532e+18 	 5.218133e-05 	 1.810790e-06 	  5.2956 	  0.5758 	  0.8533 	  0.1611 
	 50.8050 	 2.644302e-02 	 196.5391 	  1.0972 	 9.753606e+20 	 5.715537e+18 	 5.234498e-05 	 1.820134e-06 	  5.3098 	  0.5794 	  0.8515 	  0.1621 
	 50.9480 	 2.607882e-02 	 196.1143 	  1.0966 	 9.640142e+20 	 5.659250e+18 	 5.244542e-05 	 1.828158e-06 	  5.3263 	  0.5833 	  0.8501 	  0.1630 
	 51.4000 	 2.495168e-02 	 194.8396 	  1.0994 	 9.283847e+20 	 5.500040e+18 	 5.236644e-05 	 1.845629e-06 	  5.3898 	  0.5979 	  0.8475 	  0.1658 
	 51.5420 	 2.460600e-02 	 194.4562 	  1.1011 	 9.173260e+20 	 5.453594e+18 	 5.224193e-05 	 1.849675e-06 	  5.4114 	  0.6030 	  0.8466 	  0.1666 
	 51.6850 	 2.426237e-02 	 194.0763 	  1.1029 	 9.062839e+20 	 5.407437e+18 	 5.208421e-05 	 1.853414e-06 	  5.4333 	  0.6082 	  0.8455 	  0.1674 
	 51.8280 	 2.392349e-02 	 193.7013 	  1.1046 	 8.953538e+20 	 5.361254e+18 	 5.190740e-05 	 1.857007e-06 	  5.4546 	  0.6135 	  0.8440 	  0.1681 
	 51.9700 	 2.359189e-02 	 193.3328 	  1.1061 	 8.846265e+20 	 5.314800e+18 	 5.172582e-05 	 1.860649e-06 	  5.4747 	  0.6187 	  0.8420 	  0.1688 
	 52.4300 	 2.254985e-02 	 192.1534 	  1.1100 	 8.507455e+20 	 5.161952e+18 	 5.121815e-05 	 1.874115e-06 	  5.5286 	  0.6345 	  0.8326 	  0.1705 
	 52.5720 	 2.223736e-02 	 191.7905 	  1.1112 	 8.405436e+20 	 5.115165e+18 	 5.111811e-05 	 1.878780e-06 	  5.5413 	  0.6389 	  0.8288 	  0.1709 
	 52.7150 	 2.192669e-02 	 191.4241 	  1.1124 	 8.303871e+20 	 5.068776e+18 	 5.105769e-05 	 1.883829e-06 	  5.5514 	  0.6429 	  0.8245 	  0.1712 
	 52.8580 	 2.161987e-02 	 191.0557 	  1.1139 	 8.203451e+20 	 5.023427e+18 	 5.104303e-05 	 1.889324e-06 	  5.5587 	  0.6477 	  0.8196 	  0.1714 
	 53.0000 	 2.131880e-02 	 190.6872 	  1.1155 	 8.104834e+20 	 4.979682e+18 	 5.107490e-05 	 1.895180e-06 	  5.5629 	  0.6592 	  0.8143 	  0.1716 
	 53.4700 	 2.034683e-02 	 189.4515 	  1.1213 	 7.785749e+20 	 4.839505e+18 	 5.142911e-05 	 1.915704e-06 	  5.5589 	  0.7006 	  0.7934 	  0.1719 
	 53.6120 	 2.006035e-02 	 189.0754 	  1.1227 	 7.691397e+20 	 4.796546e+18 	 5.157619e-05 	 1.921857e-06 	  5.5537 	  0.7137 	  0.7865 	  0.1719 
	 53.7550 	 1.977510e-02 	 188.6963 	  1.1237 	 7.597266e+20 	 4.752059e+18 	 5.172617e-05 	 1.927858e-06 	  5.5477 	  0.7267 	  0.7794 	  0.1719 
	 53.8980 	 1.949306e-02 	 188.3175 	  1.1242 	 7.503982e+20 	 4.705805e+18 	 5.186846e-05 	 1.933595e-06 	  5.5414 	  0.7389 	  0.7724 	  0.1719 
	 54.0400 	 1.921610e-02 	 187.9419 	  1.1240 	 7.412152e+20 	 4.657695e+18 	 5.199584e-05 	 1.939161e-06 	  5.5357 	  0.7497 	  0.7656 	  0.1717 
	 54.4930 	 1.835396e-02 	 186.7483 	  1.1201 	 7.124859e+20 	 4.494251e+18 	 5.231105e-05 	 1.958501e-06 	  5.5288 	  0.7743 	  0.7467 	  0.1708 
	 54.6350 	 1.809068e-02 	 186.3749 	  1.1184 	 7.036720e+20 	 4.441957e+18 	 5.239429e-05 	 1.965714e-06 	  5.5327 	  0.7809 	  0.7418 	  0.1705 
	 54.7780 	 1.782902e-02 	 185.9991 	  1.1167 	 6.948956e+20 	 4.389783e+18 	 5.247468e-05 	 1.973702e-06 	  5.5414 	  0.7879 	  0.7376 	  0.1701 
	 54.9200 	 1.757273e-02 	 185.6260 	  1.1151 	 6.862835e+20 	 4.339031e+18 	 5.255153e-05 	 1.982268e-06 	  5.5560 	  0.7956 	  0.7341 	  0.1699 
	 55.0620 	 1.732002e-02 	 185.2528 	  1.1138 	 6.777770e+20 	 4.289865e+18 	 5.262618e-05 	 1.991191e-06 	  5.5776 	  0.8047 	  0.7316 	  0.1700 
	 55.5230 	 1.652310e-02 	 184.0511 	  1.1120 	 6.508147e+20 	 4.142380e+18 	 5.288609e-05 	 2.019109e-06 	  5.6962 	  0.8429 	  0.7291 	  0.1715 
	 55.6650 	 1.628436e-02 	 183.6879 	  1.1125 	 6.426797e+20 	 4.100678e+18 	 5.297818e-05 	 2.026365e-06 	  5.7465 	  0.8551 	  0.7301 	  0.1724 
	 55.8080 	 1.604690e-02 	 183.3273 	  1.1134 	 6.345535e+20 	 4.060450e+18 	 5.308154e-05 	 2.032716e-06 	  5.8022 	  0.8669 	  0.7318 	  0.1734 
	 55.9500 	 1.581390e-02 	 182.9754 	  1.1149 	 6.265412e+20 	 4.022256e+18 	 5.319833e-05 	 2.038141e-06 	  5.8611 	  0.8778 	  0.7338 	  0.1744 
	 56.0920 	 1.558358e-02 	 182.6310 	  1.1169 	 6.185775e+20 	 3.985749e+18 	 5.333051e-05 	 2.042883e-06 	  5.9220 	  0.8880 	  0.7360 	  0.1754 
	 56.5470 	 1.486371e-02 	 181.6166 	  1.1257 	 5.932927e+20 	 3.873443e+18 	 5.382455e-05 	 2.055929e-06 	  6.1152 	  0.9156 	  0.7415 	  0.1783 
	 56.6880 	 1.464640e-02 	 181.3435 	  1.1285 	 5.855004e+20 	 3.837602e+18 	 5.398133e-05 	 2.060126e-06 	  6.1705 	  0.9226 	  0.7420 	  0.1789 
	 56.8300 	 1.443038e-02 	 181.0947 	  1.1309 	 5.776599e+20 	 3.799822e+18 	 5.413037e-05 	 2.064686e-06 	  6.2222 	  0.9288 	  0.7416 	  0.1792 
	 56.9720 	 1.421725e-02 	 180.8761 	  1.1329 	 5.698183e+20 	 3.759666e+18 	 5.426340e-05 	 2.069498e-06 	  6.2691 	  0.9341 	  0.7404 	  0.1794 
	 57.1130 	 1.400853e-02 	 180.6923 	  1.1342 	 5.620242e+20 	 3.716830e+18 	 5.437200e-05 	 2.074358e-06 	  6.3106 	  0.9385 	  0.7383 	  0.1792 
	 57.5700 	 1.335234e-02 	 180.3346 	  1.1336 	 5.367548e+20 	 3.558650e+18 	 5.446939e-05 	 2.088838e-06 	  6.4085 	  0.9479 	  0.7246 	  0.1765 
	 57.7110 	 1.315629e-02 	 180.2983 	  1.1321 	 5.289792e+20 	 3.504770e+18 	 5.440043e-05 	 2.092322e-06 	  6.4269 	  0.9511 	  0.7182 	  0.1750 
	 57.8520 	 1.296333e-02 	 180.2974 	  1.1301 	 5.212244e+20 	 3.448917e+18 	 5.427489e-05 	 2.095144e-06 	  6.4405 	  0.9549 	  0.7107 	  0.1733 
	 57.9940 	 1.277215e-02 	 180.3322 	  1.1274 	 5.134420e+20 	 3.390918e+18 	 5.408772e-05 	 2.097371e-06 	  6.4499 	  0.9596 	  0.7024 	  0.1714 
	 58.1350 	 1.258548e-02 	 180.4022 	  1.1242 	 5.057484e+20 	 3.331849e+18 	 5.384308e-05 	 2.099051e-06 	  6.4560 	  0.9653 	  0.6934 	  0.1693 
	 58.6000 	 1.199071e-02 	 180.8124 	  1.1113 	 4.807699e+20 	 3.132336e+18 	 5.276392e-05 	 2.100921e-06 	  6.4734 	  0.9883 	  0.6625 	  0.1614 
	 58.7410 	 1.181611e-02 	 180.9646 	  1.1071 	 4.733678e+20 	 3.072349e+18 	 5.240630e-05 	 2.100468e-06 	  6.4856 	  0.9970 	  0.6537 	  0.1589 
	 58.8820 	 1.164392e-02 	 181.1173 	  1.1029 	 4.660700e+20 	 3.013503e+18 	 5.205907e-05 	 2.099574e-06 	  6.5044 	  1.0067 	  0.6455 	  0.1564 
	 59.0240 	 1.147278e-02 	 181.2645 	  1.0989 	 4.588400e+20 	 2.955909e+18 	 5.169860e-05 	 2.119009e-06 	  6.5318 	  1.0187 	  0.6380 	  0.1541 
	 59.1650 	 1.130497e-02 	 181.3974 	  1.0952 	 4.517928e+20 	 2.900850e+18 	 5.133021e-05 	 2.158009e-06 	 -1000.0000 	 -1000.0000 	  0.6313 	  0.1521 
	 59.6200 	 1.077853e-02 	 181.7075 	  1.0855 	 4.300178e+20 	 2.738339e+18 	 5.049790e-05 	 2.167745e-06 	 -1000.0000 	 -1000.0000 	  0.6144 	  0.1468 
	 59.7610 	 1.062040e-02 	 181.7611 	  1.0831 	 4.235851e+20 	 2.692544e+18 	 5.032638e-05 	 2.147221e-06 	 -1000.0000 	 -1000.0000 	  0.6107 	  0.1455 
	 59.9030 	 1.046370e-02 	 181.7921 	  1.0811 	 4.172650e+20 	 2.648544e+18 	 5.017721e-05 	 2.121288e-06 	 -1000.0000 	 -1000.0000 	  0.6074 	  0.1443 
	 60.0440 	 1.031074e-02 	 181.7985 	  1.0793 	 4.111508e+20 	 2.606921e+18 	 5.003998e-05 	 2.093210e-06 	 -1000.0000 	 -1000.0000 	  0.6047 	  0.1431 
	 60.1850 	 1.016047e-02 	 181.7792 	  1.0779 	 4.052005e+20 	 2.567313e+18 	 4.986630e-05 	 2.079476e-06 	 -1000.0000 	 -1000.0000 	  0.6022 	  0.1420 
	 60.6430 	 9.689560e-03 	 181.5571 	  1.0750 	 3.868903e+20 	 2.450658e+18 	 4.913330e-05 	 2.075045e-06 	 -1000.0000 	 -1000.0000 	  0.5942 	  0.1385 
	 60.7840 	 9.549256e-03 	 181.4472 	  1.0745 	 3.815201e+20 	 2.417755e+18 	 4.887884e-05 	 2.072598e-06 	 -1000.0000 	 -1000.0000 	  0.5909 	  0.1373 
	 60.9250 	 9.410860e-03 	 181.3212 	  1.0741 	 3.762536e+20 	 2.385947e+18 	 4.860705e-05 	 2.068988e-06 	 -1000.0000 	 -1000.0000 	  0.5872 	  0.1360 
	 61.0660 	 9.274204e-03 	 181.1813 	  1.0738 	 3.710783e+20 	 2.355049e+18 	 4.831843e-05 	 2.063898e-06 	 -1000.0000 	 -1000.0000 	  0.5829 	  0.1347 
	 61.2070 	 9.139142e-03 	 181.0293 	  1.0736 	 3.659828e+20 	 2.324906e+18 	 4.801550e-05 	 2.057200e-06 	 -1000.0000 	 -1000.0000 	  0.5782 	  0.1332 
	 61.6570 	 8.718979e-03 	 180.4656 	  1.0743 	 3.502495e+20 	 2.234950e+18 	 4.670190e-05 	 2.134946e-06 	 -1000.0000 	 -1000.0000 	  0.5616 	  0.1290 
	 61.7970 	 8.591847e-03 	 180.2652 	  1.0753 	 3.455258e+20 	 2.209480e+18 	 4.620126e-05 	 2.186539e-06 	 -1000.0000 	 -1000.0000 	  0.5566 	  0.1280 
	 61.9380 	 8.465625e-03 	 180.0510 	  1.0769 	 3.408537e+20 	 2.185312e+18 	 4.568243e-05 	 2.241187e-06 	 -1000.0000 	 -1000.0000 	  0.5517 	  0.1287 
	 62.0780 	 8.342161e-03 	 179.8260 	  1.0791 	 3.363015e+20 	 2.162948e+18 	 4.515519e-05 	 2.296652e-06 	 -1000.0000 	 -1000.0000 	  0.5471 	  0.1298 
	 62.2180 	 8.220598e-03 	 179.5886 	  1.0820 	 3.318369e+20 	 2.142347e+18 	 4.461645e-05 	 2.351869e-06 	 -1000.0000 	 -1000.0000 	  0.5427 	  0.1311 
	 62.6830 	 7.829582e-03 	 178.7477 	  1.0967 	 3.175362e+20 	 2.084801e+18 	 4.281939e-05 	 2.499138e-06 	 -1000.0000 	 -1000.0000 	  0.5299 	  0.1360 
	 62.8240 	 7.714487e-03 	 178.4905 	  1.1024 	 3.133203e+20 	 2.069831e+18 	 4.230690e-05 	 2.522044e-06 	 -1000.0000 	 -1000.0000 	  0.5265 	  0.1376 
	 62.9650 	 7.600822e-03 	 178.2387 	  1.1086 	 3.091417e+20 	 2.055629e+18 	 4.183025e-05 	 2.529659e-06 	 -1000.0000 	 -1000.0000 	  0.5234 	  0.1392 
	 63.1060 	 7.488481e-03 	 177.9960 	  1.1153 	 3.049900e+20 	 2.041978e+18 	 4.140372e-05 	 2.519067e-06 	 -1000.0000 	 -1000.0000 	  0.5205 	  0.1408 
	 63.2470 	 7.377370e-03 	 177.7657 	  1.1223 	 3.008556e+20 	 2.028676e+18 	 4.104241e-05 	 2.488045e-06 	 -1000.0000 	 -1000.0000 	  0.5178 	  0.1423 
	 63.7070 	 7.023735e-03 	 177.0980 	  1.1482 	 2.875141e+20 	 1.987693e+18 	 4.030294e-05 	 2.286800e-06 	 -1000.0000 	 -1000.0000 	  0.5105 	  0.1475 
	 63.8470 	 6.919008e-03 	 176.9160 	  1.1572 	 2.835177e+20 	 1.976142e+18 	 4.017738e-05 	 2.213183e-06 	 -1000.0000 	 -1000.0000 	  0.5085 	  0.1491 
	 63.9880 	 6.815002e-03 	 176.7407 	  1.1670 	 2.795322e+20 	 1.965031e+18 	 4.007013e-05 	 2.142214e-06 	 -1000.0000 	 -1000.0000 	  0.5065 	  0.1507 
	 64.1280 	 6.713246e-03 	 176.5735 	  1.1774 	 2.756191e+20 	 1.954568e+18 	 3.996076e-05 	 2.080248e-06 	 -1000.0000 	 -1000.0000 	  0.5046 	  0.1523 
	 64.2680 	 6.613047e-03 	 176.4122 	  1.1886 	 2.717549e+20 	 1.944701e+18 	 3.982541e-05 	 2.031612e-06 	 -1000.0000 	 -1000.0000 	  0.5026 	  0.1540 
	 64.7170 	 6.302027e-03 	 175.9278 	  1.2274 	 2.596962e+20 	 1.915182e+18 	 3.913151e-05 	 1.966533e-06 	 -1000.0000 	 -1000.0000 	  0.4969 	  0.1596 
	 64.8570 	 6.208170e-03 	 175.7857 	  1.2396 	 2.560388e+20 	 1.905903e+18 	 3.882917e-05 	 1.970459e-06 	 -1000.0000 	 -1000.0000 	  0.4955 	  0.1616 
	 64.9980 	 6.115091e-03 	 175.6462 	  1.2515 	 2.524038e+20 	 1.896167e+18 	 3.848432e-05 	 1.983686e-06 	 -1000.0000 	 -1000.0000 	  0.4944 	  0.1636 
	 65.1380 	 6.024083e-03 	 175.5108 	  1.2629 	 2.488423e+20 	 1.885908e+18 	 3.810361e-05 	 2.004514e-06 	 -1000.0000 	 -1000.0000 	  0.4936 	  0.1658 
	 65.2780 	 5.934454e-03 	 175.3782 	  1.2735 	 2.453278e+20 	 1.874857e+18 	 3.768711e-05 	 2.031464e-06 	 -1000.0000 	 -1000.0000 	  0.4932 	  0.1681 
	 67.7530 	 4.547323e-03 	 173.0603 	  1.1108 	 1.904852e+20 	 1.346501e+18 	 2.813823e-05 	 2.022893e-06 	 -1000.0000 	 -1000.0000 	  0.5190 	  0.2259 
	 67.8930 	 4.478508e-03 	 172.8996 	  1.0818 	 1.877773e+20 	 1.299487e+18 	 2.770046e-05 	 1.954491e-06 	 -1000.0000 	 -1000.0000 	  0.5212 	  0.2299 
	 68.0320 	 4.411114e-03 	 172.7311 	  1.0554 	 1.851319e+20 	 1.255888e+18 	 2.730429e-05 	 1.890716e-06 	 -1000.0000 	 -1000.0000 	  0.5234 	  0.2339 
	 68.1720 	 4.344164e-03 	 172.5514 	  1.0325 	 1.825118e+20 	 1.216450e+18 	 2.694878e-05 	 1.834936e-06 	 -1000.0000 	 -1000.0000 	  0.5256 	  0.2379 
	 68.3120 	 4.278143e-03 	 172.3605 	  1.0146 	 1.799365e+20 	 1.182750e+18 	 2.664086e-05 	 1.791697e-06 	 -1000.0000 	 -1000.0000 	  0.5278 	  0.2421 
	 68.7730 	 4.067387e-03 	 171.6631 	  0.9854 	 1.717658e+20 	 1.106753e+18 	 2.589517e-05 	 1.726766e-06 	 -1000.0000 	 -1000.0000 	  0.5354 	  0.2565 
	 68.9130 	 4.005437e-03 	 171.4354 	  0.9826 	 1.693746e+20 	 1.090834e+18 	 2.571965e-05 	 1.721506e-06 	 -1000.0000 	 -1000.0000 	  0.5379 	  0.2612 
	 69.0520 	 3.944892e-03 	 171.2042 	  0.9812 	 1.670402e+20 	 1.076731e+18 	 2.555511e-05 	 1.718644e-06 	 -1000.0000 	 -1000.0000 	 -1000.0000 	 -1000.0000 
	 69.1920 	 3.884892e-03 	 170.9677 	  0.9804 	 1.647280e+20 	 1.063328e+18 	 2.539167e-05 	 1.715666e-06 	 -1000.0000 	 -1000.0000 	 -1000.0000 	 -1000.0000 
	 69.3320 	 3.825879e-03 	 170.7285 	  0.9794 	 1.624539e+20 	 1.049887e+18 	 2.522373e-05 	 1.710295e-06 	 -1000.0000 	 -1000.0000 	 -1000.0000 	 -1000.0000 
	 69.7870 	 3.640373e-03 	 169.9199 	  0.9753 	 1.553140e+20 	 1.005583e+18 	 2.465108e-05 	 1.677373e-06 	 -1000.0000 	 -1000.0000 	 -1000.0000 	 -1000.0000 
	 69.9260 	 3.585407e-03 	 169.6574 	  0.9743 	 1.532052e+20 	 9.925191e+17 	 2.447557e-05 	 1.665214e-06 	 -1000.0000 	 -1000.0000 	 -1000.0000 	 -1000.0000 
	 70.0650 	 3.531140e-03 	 169.3849 	  0.9738 	 1.511286e+20 	 9.799853e+17 	 2.430317e-05 	 1.653308e-06 	 -1000.0000 	 -1000.0000 	 -1000.0000 	 -1000.0000 
	 70.2040 	 3.477516e-03 	 169.1007 	  0.9739 	 1.490829e+20 	 9.681582e+17 	 2.413568e-05 	 1.642368e-06 	 -1000.0000 	 -1000.0000 	 -1000.0000 	 -1000.0000 
	 70.3430 	 3.424483e-03 	 168.8035 	  0.9747 	 1.470672e+20 	 9.571948e+17 	 2.397482e-05 	 1.633048e-06 	 -1000.0000 	 -1000.0000 	 -1000.0000 	 -1000.0000 
	 70.7970 	 3.255413e-03 	 167.7498 	  0.9822 	 1.406842e+20 	 9.266889e+17 	 2.350203e-05 	 1.612839e-06 	 -1000.0000 	 -1000.0000 	 -1000.0000 	 -1000.0000 
	 70.9360 	 3.204976e-03 	 167.4062 	  0.9856 	 1.387891e+20 	 9.185548e+17 	 2.337459e-05 	 1.608791e-06 	 -1000.0000 	 -1000.0000 	 -1000.0000 	 -1000.0000 
	 71.0750 	 3.155189e-03 	 167.0548 	  0.9893 	 1.369208e+20 	 9.107897e+17 	 2.325586e-05 	 1.605270e-06 	 -1000.0000 	 -1000.0000 	 -1000.0000 	 -1000.0000 
	 71.2140 	 3.106067e-03 	 166.6967 	  0.9932 	 1.350785e+20 	 9.032818e+17 	 2.314618e-05 	 1.601997e-06 	 -1000.0000 	 -1000.0000 	 -1000.0000 	 -1000.0000 
	 71.3530 	 3.057624e-03 	 166.3333 	  0.9972 	 1.332616e+20 	 8.959232e+17 	 2.304586e-05 	 1.598719e-06 	 -1000.0000 	 -1000.0000 	 -1000.0000 	 -1000.0000 
	 71.8100 	 2.903179e-03 	 165.1432 	  1.0107 	 1.274400e+20 	 8.720607e+17 	 2.278037e-05 	 1.588765e-06 	 -1000.0000 	 -1000.0000 	 -1000.0000 	 -1000.0000 
	 71.9490 	 2.857670e-03 	 164.7974 	  1.0148 	 1.257057e+20 	 8.647342e+17 	 2.271813e-05 	 1.586564e-06 	 -1000.0000 	 -1000.0000 	 -1000.0000 	 -1000.0000 
	 72.0880 	 2.812843e-03 	 164.4662 	  1.0189 	 1.239839e+20 	 8.572970e+17 	 2.266409e-05 	 1.585025e-06 	 -1000.0000 	 -1000.0000 	 -1000.0000 	 -1000.0000 
	 72.2260 	 2.769014e-03 	 164.1556 	  1.0228 	 1.222842e+20 	 8.497595e+17 	 2.261833e-05 	 1.584312e-06 	 -1000.0000 	 -1000.0000 	 -1000.0000 	 -1000.0000 
	 72.3650 	 2.725545e-03 	 163.8645 	  1.0267 	 1.205797e+20 	 8.419741e+17 	 2.257992e-05 	 1.584532e-06 	 -1000.0000 	 -1000.0000 	 -1000.0000 	 -1000.0000 
	 72.8100 	 2.590689e-03 	 163.0655 	  1.0386 	 1.151775e+20 	 8.159058e+17 	 2.250275e-05 	 1.588776e-06 	 -1000.0000 	 -1000.0000 	 -1000.0000 	 -1000.0000 
	 72.9490 	 2.549813e-03 	 162.8493 	  1.0422 	 1.135104e+20 	 8.074990e+17 	 2.249083e-05 	 1.590038e-06 	 -1000.0000 	 -1000.0000 	 -1000.0000 	 -1000.0000 
	 73.0880 	 2.509484e-03 	 162.6451 	  1.0457 	 1.118546e+20 	 7.990110e+17 	 2.248368e-05 	 1.590710e-06 	 -1000.0000 	 -1000.0000 	 -1000.0000 	 -1000.0000 
	 73.2260 	 2.469958e-03 	 162.4519 	  1.0492 	 1.102227e+20 	 7.905289e+17 	 2.248074e-05 	 1.590472e-06 	 -1000.0000 	 -1000.0000 	 -1000.0000 	 -1000.0000 
	 73.3650 	 2.430640e-03 	 162.2650 	  1.0526 	 1.085919e+20 	 7.819561e+17 	 2.248113e-05 	 1.589031e-06 	 -1000.0000 	 -1000.0000 	 -1000.0000 	 -1000.0000 
	 73.8230 	 2.304661e-03 	 161.6994 	  1.0644 	 1.033217e+20 	 7.539680e+17 	 2.245031e-05 	 1.577619e-06 	 -1000.0000 	 -1000.0000 	 -1000.0000 	 -1000.0000 
	 73.9620 	 2.267567e-03 	 161.5439 	  1.0685 	 1.017567e+20 	 7.457060e+17 	 2.241026e-05 	 1.573160e-06 	 -1000.0000 	 -1000.0000 	 -1000.0000 	 -1000.0000 
	 74.1000 	 2.231291e-03 	 161.3972 	  1.0728 	 1.002203e+20 	 7.376812e+17 	 2.234666e-05 	 1.568750e-06 	 -1000.0000 	 -1000.0000 	 -1000.0000 	 -1000.0000 
	 74.2380 	 2.195579e-03 	 161.2586 	  1.0775 	 9.870213e+19 	 7.298733e+17 	 2.225387e-05 	 1.564625e-06 	 -1000.0000 	 -1000.0000 	 -1000.0000 	 -1000.0000 
	 74.3770 	 2.160190e-03 	 161.1268 	  1.0828 	 9.719226e+19 	 7.222620e+17 	 2.212631e-05 	 1.561011e-06 	 -1000.0000 	 -1000.0000 	 -1000.0000 	 -1000.0000 
	 74.8330 	 2.048186e-03 	 160.6899 	  1.1010 	 9.240706e+19 	 6.985125e+17 	 2.156245e-05 	 1.553104e-06 	 -1000.0000 	 -1000.0000 	 -1000.0000 	 -1000.0000 
	 74.9720 	 2.015273e-03 	 160.5320 	  1.1060 	 9.101101e+19 	 6.913908e+17 	 2.138779e-05 	 1.551691e-06 	 -1000.0000 	 -1000.0000 	 -1000.0000 	 -1000.0000 
	 75.1100 	 1.983156e-03 	 160.3530 	  1.1104 	 8.965918e+19 	 6.842573e+17 	 2.123231e-05 	 1.550653e-06 	 -1000.0000 	 -1000.0000 	 -1000.0000 	 -1000.0000 
	 75.2480 	 1.951591e-03 	 160.1457 	  1.1139 	 8.834438e+19 	 6.769946e+17 	 2.110550e-05 	 1.549925e-06 	 -1000.0000 	 -1000.0000 	 -1000.0000 	 -1000.0000 
	 75.3870 	 1.920348e-03 	 159.9033 	  1.1163 	 8.705983e+19 	 6.694903e+17 	 2.101629e-05 	 1.549447e-06 	 -1000.0000 	 -1000.0000 	 -1000.0000 	 -1000.0000 
	 75.8330 	 1.823436e-03 	 158.9441 	  1.1182 	 8.316229e+19 	 6.444334e+17 	 2.094080e-05 	 1.548602e-06 	 -1000.0000 	 -1000.0000 	 -1000.0000 	 -1000.0000 
	 75.9720 	 1.794126e-03 	 158.6115 	  1.1176 	 8.199790e+19 	 6.364856e+17 	 2.095547e-05 	 1.548208e-06 	 -1000.0000 	 -1000.0000 	 -1000.0000 	 -1000.0000 
	 76.1100 	 1.765379e-03 	 158.2761 	  1.1169 	 8.085636e+19 	 6.286080e+17 	 2.097508e-05 	 1.547594e-06 	 -1000.0000 	 -1000.0000 	 -1000.0000 	 -1000.0000 
	 76.2480 	 1.736943e-03 	 157.9416 	  1.1162 	 7.972400e+19 	 6.207882e+17 	 2.099230e-05 	 1.546665e-06 	 -1000.0000 	 -1000.0000 	 -1000.0000 	 -1000.0000 
	 76.3870 	 1.708580e-03 	 157.6115 	  1.1157 	 7.858780e+19 	 6.130181e+17 	 2.100007e-05 	 1.545318e-06 	 -1000.0000 	 -1000.0000 	 -1000.0000 	 -1000.0000 
	 76.8470 	 1.616965e-03 	 156.5648 	  1.1183 	 7.487245e+19 	 5.892437e+17 	 2.092390e-05 	 1.536853e-06 	 -1000.0000 	 -1000.0000 	 -1000.0000 	 -1000.0000 
	 76.9850 	 1.590293e-03 	 156.2572 	  1.1212 	 7.378191e+19 	 5.830940e+17 	 2.086556e-05 	 1.532793e-06 	 -1000.0000 	 -1000.0000 	 -1000.0000 	 -1000.0000 
	 77.1220 	 1.564248e-03 	 155.9514 	  1.1255 	 7.271512e+19 	 5.776206e+17 	 2.078920e-05 	 1.527922e-06 	 -1000.0000 	 -1000.0000 	 -1000.0000 	 -1000.0000 
	 77.2600 	 1.538485e-03 	 155.6410 	  1.1314 	 7.165927e+19 	 5.728472e+17 	 2.069245e-05 	 1.522085e-06 	 -1000.0000 	 -1000.0000 	 -1000.0000 	 -1000.0000 
	 77.3980 	 1.513227e-03 	 155.3268 	  1.1391 	 7.062450e+19 	 5.688968e+17 	 2.057450e-05 	 1.515240e-06 	 -1000.0000 	 -1000.0000 	 -1000.0000 	 -1000.0000 
	 77.8400 	 1.435395e-03 	 154.3292 	  1.1728 	 6.742406e+19 	 5.601186e+17 	 2.003607e-05 	 1.487001e-06 	 -1000.0000 	 -1000.0000 	 -1000.0000 	 -1000.0000 
	 77.9780 	 1.411903e-03 	 154.0348 	  1.1848 	 6.644775e+19 	 5.578830e+17 	 1.981197e-05 	 1.476445e-06 	 -1000.0000 	 -1000.0000 	 -1000.0000 	 -1000.0000 
	 78.1150 	 1.388892e-03 	 153.7574 	  1.1968 	 6.548339e+19 	 5.555699e+17 	 1.956040e-05 	 1.465257e-06 	 -1000.0000 	 -1000.0000 	 -1000.0000 	 -1000.0000 
	 78.2520 	 1.366151e-03 	 153.4986 	  1.2085 	 6.452046e+19 	 5.529737e+17 	 1.927826e-05 	 1.453426e-06 	 -1000.0000 	 -1000.0000 	 -1000.0000 	 -1000.0000 
	 78.3900 	 1.343479e-03 	 153.2604 	  1.2197 	 6.354879e+19 	 5.498923e+17 	 1.896209e-05 	 1.440930e-06 	 -1000.0000 	 -1000.0000 	 -1000.0000 	 -1000.0000 
	 78.8500 	 1.269778e-03 	 152.6356 	  1.2522 	 6.030848e+19 	 5.363196e+17 	 1.776580e-05 	 1.397301e-06 	 -1000.0000 	 -1000.0000 	 -1000.0000 	 -1000.0000 
	 78.9880 	 1.248339e-03 	 152.4969 	  1.2609 	 5.934392e+19 	 5.314944e+17 	 1.740026e-05 	 1.384414e-06 	 -1000.0000 	 -1000.0000 	 -1000.0000 	 -1000.0000 
	 79.1250 	 1.227413e-03 	 152.3806 	  1.2692 	 5.839342e+19 	 5.264691e+17 	 1.705080e-05 	 1.372074e-06 	 -1000.0000 	 -1000.0000 	 -1000.0000 	 -1000.0000 
	 79.2620 	 1.206871e-03 	 152.2850 	  1.2773 	 5.745200e+19 	 5.212704e+17 	 1.672389e-05 	 1.360389e-06 	 -1000.0000 	 -1000.0000 	 -1000.0000 	 -1000.0000 
	 79.4000 	 1.186591e-03 	 152.2092 	  1.2853 	 5.651472e+19 	 5.159120e+17 	 1.642576e-05 	 1.349481e-06 	 -1000.0000 	 -1000.0000 	 -1000.0000 	 -1000.0000 
	 79.8400 	 1.124531e-03 	 152.1020 	  1.3087 	 5.359726e+19 	 4.978255e+17 	 1.568864e-05 	 1.322280e-06 	 -1000.0000 	 -1000.0000 	 -1000.0000 	 -1000.0000 
	 79.9780 	 1.105802e-03 	 152.1098 	  1.3150 	 5.270196e+19 	 4.917247e+17 	 1.551941e-05 	 1.316643e-06 	 -1000.0000 	 -1000.0000 	 -1000.0000 	 -1000.0000 
	 80.1150 	 1.087519e-03 	 152.1368 	  1.3205 	 5.182126e+19 	 4.854120e+17 	 1.537831e-05 	 1.312657e-06 	 -1000.0000 	 -1000.0000 	 -1000.0000 	 -1000.0000 
	 80.2520 	 1.069522e-03 	 152.1827 	  1.3251 	 5.094798e+19 	 4.788131e+17 	 1.526266e-05 	 1.310414e-06 	 -1000.0000 	 -1000.0000 	 -1000.0000 	 -1000.0000 
	 80.3900 	 1.051664e-03 	 152.2482 	  1.3289 	 5.007513e+19 	 4.718498e+17 	 1.517025e-05 	 1.310031e-06 	 -1000.0000 	 -1000.0000 	 -1000.0000 	 -1000.0000 
	 80.8430 	 9.949869e-04 	 152.6458 	  1.3363 	 4.725181e+19 	 4.471589e+17 	 1.497079e-05 	 1.319440e-06 	 -1000.0000 	 -1000.0000 	 -1000.0000 	 -1000.0000 
	 80.9800 	 9.784706e-04 	 152.8392 	  1.3378 	 4.640897e+19 	 4.393192e+17 	 1.491817e-05 	 1.324400e-06 	 -1000.0000 	 -1000.0000 	 -1000.0000 	 -1000.0000 
	 81.1180 	 9.621446e-04 	 153.0768 	  1.3394 	 4.556438e+19 	 4.313326e+17 	 1.485767e-05 	 1.329868e-06 	 -1000.0000 	 -1000.0000 	 -1000.0000 	 -1000.0000 
	 81.2550 	 9.462551e-04 	 153.3599 	  1.3412 	 4.472984e+19 	 4.233627e+17 	 1.478394e-05 	 1.335475e-06 	 -1000.0000 	 -1000.0000 	 -1000.0000 	 -1000.0000 
	 81.3920 	 9.306918e-04 	 153.6947 	  1.3435 	 4.389882e+19 	 4.153934e+17 	 1.469100e-05 	 1.340992e-06 	 -1000.0000 	 -1000.0000 	 -1000.0000 	 -1000.0000 
	 81.8470 	 8.812652e-04 	 155.1968 	  1.3503 	 4.116524e+19 	 3.883294e+17 	 1.428533e-05 	 1.359195e-06 	 -1000.0000 	 -1000.0000 	 -1000.0000 	 -1000.0000 
	 81.9830 	 8.671271e-04 	 155.7650 	  1.3506 	 4.035690e+19 	 3.797868e+17 	 1.415684e-05 	 1.365105e-06 	 -1000.0000 	 -1000.0000 	 -1000.0000 	 -1000.0000 
	 82.1200 	 8.531626e-04 	 156.3942 	  1.3494 	 3.954708e+19 	 3.708422e+17 	 1.403415e-05 	 1.371514e-06 	 -1000.0000 	 -1000.0000 	 -1000.0000 	 -1000.0000 
	 82.2570 	 8.394661e-04 	 157.0811 	  1.3463 	 3.874195e+19 	 3.614845e+17 	 1.392393e-05 	 1.378516e-06 	 -1000.0000 	 -1000.0000 	 -1000.0000 	 -1000.0000 
	 82.3930 	 8.261253e-04 	 157.8207 	  1.3409 	 3.794765e+19 	 3.517261e+17 	 1.383197e-05 	 1.386172e-06 	 -1000.0000 	 -1000.0000 	 -1000.0000 	 -1000.0000 
	 82.8430 	 7.838113e-04 	 160.6626 	  1.3089 	 3.536700e+19 	 3.170465e+17 	 1.364239e-05 	 1.415601e-06 	 -1000.0000 	 -1000.0000 	 -1000.0000 	 -1000.0000 
	 82.9800 	 7.715003e-04 	 161.6421 	  1.2960 	 3.460038e+19 	 3.061797e+17 	 1.361104e-05 	 1.425341e-06 	 -1000.0000 	 -1000.0000 	 -1000.0000 	 -1000.0000 
	 83.1180 	 7.593757e-04 	 162.6798 	  1.2819 	 3.383928e+19 	 2.952870e+17 	 1.358782e-05 	 1.435296e-06 	 -1000.0000 	 -1000.0000 	 -1000.0000 	 -1000.0000 
	 83.2550 	 7.476167e-04 	 163.7589 	  1.2674 	 3.309595e+19 	 2.846387e+17 	 1.357077e-05 	 1.445192e-06 	 -1000.0000 	 -1000.0000 	 -1000.0000 	 -1000.0000 
	 83.3920 	 7.361373e-04 	 164.8848 	  1.2524 	 3.236603e+19 	 2.742621e+17 	 1.355729e-05 	 1.454963e-06 	 -1000.0000 	 -1000.0000 	 -1000.0000 	 -1000.0000 
	 83.8400 	 7.004422e-04 	 168.7886 	  1.2031 	 3.008624e+19 	 2.427303e+17 	 1.349264e-05 	 1.483039e-06 	 -1000.0000 	 -1000.0000 	 -1000.0000 	 -1000.0000 
	 83.9760 	 6.901204e-04 	 170.0034 	  1.1885 	 2.943060e+19 	 2.339736e+17 	 1.345168e-05 	 1.489363e-06 	 -1000.0000 	 -1000.0000 	 -1000.0000 	 -1000.0000 
	 84.1120 	 6.800174e-04 	 171.2145 	  1.1744 	 2.879379e+19 	 2.256373e+17 	 1.339377e-05 	 1.494189e-06 	 -1000.0000 	 -1000.0000 	 -1000.0000 	 -1000.0000 
	 84.2490 	 6.700495e-04 	 172.4206 	  1.1608 	 2.817240e+19 	 2.176882e+17 	 1.331433e-05 	 1.497264e-06 	 -1000.0000 	 -1000.0000 	 -1000.0000 	 -1000.0000 
	 84.3850 	 6.603509e-04 	 173.5944 	  1.1480 	 2.757649e+19 	 2.102622e+17 	 1.321107e-05 	 1.498319e-06 	 -1000.0000 	 -1000.0000 	 -1000.0000 	 -1000.0000 
	 84.8300 	 6.299082e-04 	 177.1729 	  1.1103 	 2.577447e+19 	 1.889825e+17 	 1.273473e-05 	 1.491855e-06 	 -1000.0000 	 -1000.0000 	 -1000.0000 	 -1000.0000 
	 84.9660 	 6.209805e-04 	 178.1580 	  1.0997 	 2.526877e+19 	 1.832986e+17 	 1.256201e-05 	 1.488569e-06 	 -1000.0000 	 -1000.0000 	 -1000.0000 	 -1000.0000 
	 85.1030 	 6.121564e-04 	 179.0856 	  1.0891 	 2.478060e+19 	 1.779122e+17 	 1.238234e-05 	 1.485447e-06 	 -1000.0000 	 -1000.0000 	 -1000.0000 	 -1000.0000 
	 85.3750 	 5.951207e-04 	 180.7046 	  1.0684 	 2.387438e+19 	 1.681178e+17 	 1.202487e-05 	 1.481601e-06 	 -1000.0000 	 -1000.0000 	 -1000.0000 	 -1000.0000 
	 85.8300 	 5.679754e-04 	 182.7141 	  1.0346 	 2.253389e+19 	 1.541361e+17 	 1.148011e-05 	 1.484099e-06 	 -1000.0000 	 -1000.0000 	 -1000.0000 	 -1000.0000 
	 85.9660 	 5.601709e-04 	 183.1552 	  1.0255 	 2.217097e+19 	 1.505192e+17 	 1.133993e-05 	 1.486318e-06 	 -1000.0000 	 -1000.0000 	 -1000.0000 	 -1000.0000 
	 86.1030 	 5.524454e-04 	 183.5299 	  1.0169 	 2.182096e+19 	 1.471303e+17 	 1.121290e-05 	 1.488943e-06 	 -1000.0000 	 -1000.0000 	 -1000.0000 	 -1000.0000 
	 86.2390 	 5.449075e-04 	 183.8355 	  1.0093 	 2.148787e+19 	 1.440151e+17 	 1.110291e-05 	 1.491776e-06 	 -1000.0000 	 -1000.0000 	 -1000.0000 	 -1000.0000 
	 86.3750 	 5.374959e-04 	 184.0774 	  1.0027 	 2.116802e+19 	 1.411428e+17 	 1.101068e-05 	 1.494693e-06 	 -1000.0000 	 -1000.0000 	 -1000.0000 	 -1000.0000 
	 86.8230 	 5.138809e-04 	 184.4494 	  0.9867 	 2.019726e+19 	 1.331454e+17 	 1.080727e-05 	 1.504486e-06 	 -1000.0000 	 -1000.0000 	 -1000.0000 	 -1000.0000 
	 86.9590 	 5.069233e-04 	 184.4408 	  0.9831 	 1.992471e+19 	 1.310693e+17 	 1.076464e-05 	 1.507503e-06 	 -1000.0000 	 -1000.0000 	 -1000.0000 	 -1000.0000 
	 87.0950 	 5.000493e-04 	 184.3789 	  0.9798 	 1.966109e+19 	 1.291137e+17 	 1.072564e-05 	 1.510529e-06 	 -1000.0000 	 -1000.0000 	 -1000.0000 	 -1000.0000 
	 87.2310 	 4.932506e-04 	 184.2657 	  0.9766 	 1.940558e+19 	 1.272540e+17 	 1.068728e-05 	 1.513553e-06 	 -1000.0000 	 -1000.0000 	 -1000.0000 	 -1000.0000 
	 87.3670 	 4.865197e-04 	 184.1034 	  0.9734 	 1.915742e+19 	 1.254671e+17 	 1.064682e-05 	 1.516564e-06 	 -1000.0000 	 -1000.0000 	 -1000.0000 	 -1000.0000 
	 87.8130 	 4.649463e-04 	 183.3087 	  0.9631 	 1.838671e+19 	 1.200190e+17 	 1.049962e-05 	 1.525924e-06 	 -1000.0000 	 -1000.0000 	 -1000.0000 	 -1000.0000 
	 87.9490 	 4.585372e-04 	 183.0154 	  0.9602 	 1.816242e+19 	 1.184687e+17 	 1.045304e-05 	 1.528467e-06 	 -1000.0000 	 -1000.0000 	 -1000.0000 	 -1000.0000 
	 88.0850 	 4.522152e-04 	 182.7120 	  0.9574 	 1.794199e+19 	 1.169635e+17 	 1.040697e-05 	 1.530791e-06 	 -1000.0000 	 -1000.0000 	 -1000.0000 	 -1000.0000 
	 88.2210 	 4.459848e-04 	 182.4062 	  0.9549 	 1.772479e+19 	 1.154995e+17 	 1.036213e-05 	 1.532857e-06 	 -1000.0000 	 -1000.0000 	 -1000.0000 	 -1000.0000 
	 88.3570 	 4.398498e-04 	 182.1050 	  0.9526 	 1.751021e+19 	 1.140732e+17 	 1.031930e-05 	 1.534632e-06 	 -1000.0000 	 -1000.0000 	 -1000.0000 	 -1000.0000 
	 88.8070 	 4.201820e-04 	 181.1113 	  0.9473 	 1.681941e+19 	 1.096487e+17 	 1.021027e-05 	 1.540134e-06 	 -1000.0000 	 -1000.0000 	 -1000.0000 	 -1000.0000 
	 88.9420 	 4.144475e-04 	 180.7949 	  0.9464 	 1.661878e+19 	 1.084233e+17 	 1.019348e-05 	 1.542348e-06 	 -1000.0000 	 -1000.0000 	 -1000.0000 	 -1000.0000 
	 89.0780 	 4.087372e-04 	 180.4586 	  0.9459 	 1.642015e+19 	 1.072428e+17 	 1.018685e-05 	 1.545155e-06 	 -1000.0000 	 -1000.0000 	 -1000.0000 	 -1000.0000 
	 89.2130 	 4.031288e-04 	 180.1022 	  0.9458 	 1.622666e+19 	 1.061281e+17 	 1.019206e-05 	 1.548695e-06 	 -1000.0000 	 -1000.0000 	 -1000.0000 	 -1000.0000 
	 89.3480 	 3.975746e-04 	 179.7190 	  0.9461 	 1.603704e+19 	 1.050726e+17 	 1.021039e-05 	 1.553153e-06 	 -1000.0000 	 -1000.0000 	 -1000.0000 	 -1000.0000 
	 89.7930 	 3.796583e-04 	 178.2740 	  0.9475 	 1.543836e+19 	 1.018506e+17 	 1.035214e-05 	 1.574998e-06 	 -1000.0000 	 -1000.0000 	 -1000.0000 	 -1000.0000 
	 89.9290 	 3.743111e-04 	 177.7848 	  0.9472 	 1.526289e+19 	 1.008802e+17 	 1.041460e-05 	 1.583966e-06 	 -1000.0000 	 -1000.0000 	 -1000.0000 	 -1000.0000 
	 90.0650 	 3.690280e-04 	 177.2770 	  0.9462 	 1.509065e+19 	 9.988625e+16 	 1.048331e-05 	 1.594051e-06 	 -1000.0000 	 -1000.0000 	 -1000.0000 	 -1000.0000 
	 90.2010 	 3.638111e-04 	 176.7528 	  0.9443 	 1.492149e+19 	 9.885147e+16 	 1.055670e-05 	 1.605271e-06 	 -1000.0000 	 -1000.0000 	 -1000.0000 	 -1000.0000 
	 90.3370 	 3.586625e-04 	 176.2144 	  0.9412 	 1.475525e+19 	 9.775983e+16 	 1.063322e-05 	 1.617627e-06 	 -1000.0000 	 -1000.0000 	 -1000.0000 	 -1000.0000 
	 90.7870 	 3.420891e-04 	 174.3862 	  0.9232 	 1.422070e+19 	 9.374652e+16 	 1.089231e-05 	 1.663281e-06 	 -1000.0000 	 -1000.0000 	 -1000.0000 	 -1000.0000 
	 90.9220 	 3.372443e-04 	 173.8421 	  0.9159 	 1.406318e+19 	 9.244109e+16 	 1.096714e-05 	 1.677124e-06 	 -1000.0000 	 -1000.0000 	 -1000.0000 	 -1000.0000 
	 91.0580 	 3.324178e-04 	 173.3046 	  0.9078 	 1.390497e+19 	 9.108744e+16 	 1.103905e-05 	 1.690548e-06 	 -1000.0000 	 -1000.0000 	 -1000.0000 	 -1000.0000 
	 91.1930 	 3.276775e-04 	 172.7864 	  0.8992 	 1.374793e+19 	 8.971041e+16 	 1.110583e-05 	 1.703030e-06 	 -1000.0000 	 -1000.0000 	 -1000.0000 	 -1000.0000 
	 91.3280 	 3.229850e-04 	 172.2877 	  0.8902 	 1.359047e+19 	 8.830601e+16 	 1.116701e-05 	 1.714380e-06 	 -1000.0000 	 -1000.0000 	 -1000.0000 	 -1000.0000 
	 91.7770 	 3.077239e-04 	 170.7326 	  0.8604 	 1.306671e+19 	 8.367549e+16 	 1.134117e-05 	 1.745799e-06 	 -1000.0000 	 -1000.0000 	 -1000.0000 	 -1000.0000 
	 91.9120 	 3.032427e-04 	 170.2775 	  0.8528 	 1.291080e+19 	 8.238019e+16 	 1.138985e-05 	 1.754319e-06 	 -1000.0000 	 -1000.0000 	 -1000.0000 	 -1000.0000 
	 92.0480 	 2.987802e-04 	 169.8160 	  0.8465 	 1.275521e+19 	 8.116038e+16 	 1.143956e-05 	 1.762922e-06 	 -1000.0000 	 -1000.0000 	 -1000.0000 	 -1000.0000 
	 92.1830 	 2.944028e-04 	 169.3501 	  0.8417 	 1.260264e+19 	 8.005622e+16 	 1.149091e-05 	 1.771738e-06 	 -1000.0000 	 -1000.0000 	 -1000.0000 	 -1000.0000 
	 92.3180 	 2.900784e-04 	 168.8724 	  0.8389 	 1.245230e+19 	 7.907658e+16 	 1.155289e-05 	 1.783448e-06 	 -1000.0000 	 -1000.0000 	 -1000.0000 	 -1000.0000 
	 92.7530 	 2.765090e-04 	 167.3153 	  0.8384 	 1.197947e+19 	 7.651160e+16 	 1.177826e-05 	 1.826894e-06 	 -1000.0000 	 -1000.0000 	 -1000.0000 	 -1000.0000 
	 92.8880 	 2.724119e-04 	 166.8540 	  0.8392 	 1.183466e+19 	 7.578525e+16 	 1.184810e-05 	 1.840095e-06 	 -1000.0000 	 -1000.0000 	 -1000.0000 	 -1000.0000 
	 93.0220 	 2.683989e-04 	 166.4193 	  0.8397 	 1.169104e+19 	 7.504356e+16 	 1.191522e-05 	 1.852634e-06 	 -1000.0000 	 -1000.0000 	 -1000.0000 	 -1000.0000 
	 93.1570 	 2.644104e-04 	 166.0120 	  0.8394 	 1.154603e+19 	 7.424463e+16 	 1.197933e-05 	 1.864440e-06 	 -1000.0000 	 -1000.0000 	 -1000.0000 	 -1000.0000 
	 93.2920 	 2.604767e-04 	 165.6421 	  0.8378 	 1.140028e+19 	 7.336560e+16 	 1.203865e-05 	 1.875182e-06 	 -1000.0000 	 -1000.0000 	 -1000.0000 	 -1000.0000 
	 93.7430 	 2.477179e-04 	 164.5804 	  0.8272 	 1.091339e+19 	 7.006970e+16 	 1.220431e-05 	 1.907756e-06 	 -1000.0000 	 -1000.0000 	 -1000.0000 	 -1000.0000 
	 93.8780 	 2.440073e-04 	 164.2689 	  0.8244 	 1.077019e+19 	 6.909480e+16 	 1.224667e-05 	 1.918552e-06 	 -1000.0000 	 -1000.0000 	 -1000.0000 	 -1000.0000 
	 94.0120 	 2.403710e-04 	 163.9417 	  0.8225 	 1.063036e+19 	 6.818690e+16 	 1.228680e-05 	 1.930719e-06 	 -1000.0000 	 -1000.0000 	 -1000.0000 	 -1000.0000 
