	 height_(km) 	 press_(mbar) 	 temp_(K) 	 temperr_(K) 	 numdens_(m-3) 	 numdenserr_(m-3) 	 H2Ovmr_() 	 H2Ovmrerr_() 	 D/H_(VSMOW) 	 D/Herr_(VSMOW) 	 18O/16O_(VSMOW) 	 18O/16Oerr_(VSMOW) 
	  9.6750 	 1.156732e+00 	 162.4085 	  1.5874 	 5.168168e+22 	 5.450376e+20 	 8.528119e-06 	 1.369152e-06 	  2.7245 	  0.6352 	  0.7957 	  0.1823 
	  9.8380 	 1.134379e+00 	 163.7974 	  1.4870 	 5.025250e+22 	 4.962627e+20 	 9.267744e-06 	 1.425402e-06 	  2.6923 	  0.6043 	  0.7878 	  0.1736 
	 10.0010 	 1.112618e+00 	 165.1168 	  1.3988 	 4.888918e+22 	 4.531550e+20 	 1.006287e-05 	 1.480794e-06 	  2.6671 	  0.5757 	  0.7817 	  0.1655 
	 10.1640 	 1.091428e+00 	 166.3694 	  1.3218 	 4.758869e+22 	 4.153143e+20 	 1.091621e-05 	 1.535017e-06 	  2.6484 	  0.5491 	  0.7773 	  0.1579 
	 10.3270 	 1.070790e+00 	 167.5579 	  1.2553 	 4.634803e+22 	 3.823402e+20 	 1.183030e-05 	 1.587759e-06 	  2.6357 	  0.5243 	  0.7745 	  0.1508 
	 11.1550 	 9.737772e-01 	 172.7051 	  1.0493 	 4.085985e+22 	 2.754079e+20 	 1.748487e-05 	 1.823167e-06 	  2.6539 	  0.4212 	  0.7823 	  0.1210 
	 11.3180 	 9.560804e-01 	 173.5627 	  1.0288 	 3.991809e+22 	 2.634096e+20 	 1.880584e-05 	 1.862002e-06 	  2.6720 	  0.4048 	  0.7879 	  0.1163 
	 11.4810 	 9.387989e-01 	 174.3756 	  1.0129 	 3.901482e+22 	 2.534447e+20 	 2.019566e-05 	 1.898450e-06 	  2.6945 	  0.3894 	  0.7947 	  0.1118 
	 11.6440 	 9.219134e-01 	 175.1464 	  1.0008 	 3.814704e+22 	 2.451132e+20 	 2.165339e-05 	 1.932834e-06 	  2.7212 	  0.3751 	  0.8027 	  0.1077 
	 11.8070 	 9.054046e-01 	 175.8779 	  0.9917 	 3.731173e+22 	 2.380147e+20 	 2.317746e-05 	 1.965668e-06 	  2.7520 	  0.3619 	  0.8119 	  0.1038 
	 12.6180 	 8.282560e-01 	 179.0151 	  0.9656 	 3.354510e+22 	 2.090461e+20 	 3.165117e-05 	 2.139912e-06 	  2.9622 	  0.3127 	  0.8743 	  0.0898 
	 12.7810 	 8.136760e-01 	 179.5517 	  0.9615 	 3.285595e+22 	 2.035200e+20 	 3.350490e-05 	 2.187145e-06 	  3.0148 	  0.3065 	  0.8900 	  0.0881 
	 12.9440 	 7.993902e-01 	 180.0571 	  0.9574 	 3.218794e+22 	 1.980892e+20 	 3.539011e-05 	 2.241411e-06 	  3.0703 	  0.3015 	  0.9067 	  0.0868 
	 13.1060 	 7.854776e-01 	 180.5284 	  0.9531 	 3.154441e+22 	 1.927998e+20 	 3.727641e-05 	 2.301991e-06 	  3.1279 	  0.2978 	  0.9241 	  0.0859 
	 13.2690 	 7.717601e-01 	 180.9715 	  0.9485 	 3.091683e+22 	 1.876005e+20 	 3.916543e-05 	 2.368496e-06 	  3.1879 	  0.2952 	  0.9423 	  0.0853 
	 14.0920 	 7.065771e-01 	 182.7294 	  0.9173 	 2.803181e+22 	 1.636738e+20 	 4.758995e-05 	 2.827835e-06 	  3.5150 	  0.3004 	  1.0392 	  0.0876 
	 14.2540 	 6.944999e-01 	 182.9802 	  0.9099 	 2.751518e+22 	 1.594700e+20 	 4.881301e-05 	 2.929905e-06 	  3.5836 	  0.3045 	  1.0583 	  0.0888 
	 14.4160 	 6.826536e-01 	 183.1992 	  0.9025 	 2.701386e+22 	 1.554396e+20 	 4.983143e-05 	 3.009662e-06 	  3.6532 	  0.3083 	  1.0772 	  0.0899 
	 14.5790 	 6.709601e-01 	 183.3871 	  0.8951 	 2.652421e+22 	 1.515618e+20 	 5.064405e-05 	 3.057254e-06 	  3.7234 	  0.3113 	  1.0956 	  0.0907 
	 14.7410 	 6.595557e-01 	 183.5415 	  0.8880 	 2.605157e+22 	 1.478866e+20 	 5.124921e-05 	 3.073495e-06 	  3.7926 	  0.3134 	  1.1131 	  0.0911 
	 15.5650 	 6.046555e-01 	 183.8611 	  0.8612 	 2.383710e+22 	 1.319679e+20 	 5.214449e-05 	 2.984381e-06 	  4.0790 	  0.3195 	  1.1827 	  0.0920 
	 15.7270 	 5.944375e-01 	 183.8728 	  0.8581 	 2.343193e+22 	 1.293266e+20 	 5.209868e-05 	 2.984473e-06 	  4.1117 	  0.3216 	  1.1915 	  0.0925 
	 15.8890 	 5.844000e-01 	 183.8888 	  0.8558 	 2.303392e+22 	 1.268130e+20 	 5.204324e-05 	 2.999812e-06 	  4.1342 	  0.3243 	  1.1984 	  0.0937 
	 16.0510 	 5.745396e-01 	 183.9185 	  0.8542 	 2.264190e+22 	 1.244124e+20 	 5.199868e-05 	 3.024006e-06 	  4.1467 	  0.3270 	  1.2035 	  0.0953 
	 16.2130 	 5.648526e-01 	 183.9713 	  0.8534 	 2.225467e+22 	 1.221104e+20 	 5.197919e-05 	 3.046777e-06 	  4.1504 	  0.3292 	  1.2071 	  0.0965 
	 17.0250 	 5.187880e-01 	 184.8228 	  0.8596 	 2.035390e+22 	 1.116069e+20 	 5.246482e-05 	 3.094536e-06 	  4.1025 	  0.3304 	  1.2081 	  0.0960 
	 17.1870 	 5.100688e-01 	 185.0887 	  0.8625 	 1.998385e+22 	 1.096795e+20 	 5.271620e-05 	 3.107422e-06 	  4.0913 	  0.3299 	  1.2060 	  0.0961 
	 17.3490 	 5.014973e-01 	 185.3638 	  0.8658 	 1.961897e+22 	 1.078070e+20 	 5.302547e-05 	 3.132592e-06 	  4.0830 	  0.3299 	  1.2034 	  0.0965 
	 17.5110 	 4.930700e-01 	 185.6373 	  0.8694 	 1.926024e+22 	 1.059895e+20 	 5.338205e-05 	 3.165023e-06 	  4.0785 	  0.3303 	  1.2005 	  0.0973 
	 17.6730 	 4.847830e-01 	 185.8987 	  0.8731 	 1.890866e+22 	 1.042271e+20 	 5.377014e-05 	 3.196624e-06 	  4.0786 	  0.3306 	  1.1975 	  0.0983 
	 18.4950 	 4.447817e-01 	 186.7392 	  0.8919 	 1.726292e+22 	 9.610326e+19 	 5.556598e-05 	 3.099659e-06 	  4.1543 	  0.3237 	  1.1911 	  0.1016 
	 18.6570 	 4.372971e-01 	 186.8149 	  0.8953 	 1.696514e+22 	 9.463008e+19 	 5.575161e-05 	 2.991463e-06 	  4.1850 	  0.3194 	  1.1932 	  0.1013 
	 18.8190 	 4.299463e-01 	 186.8783 	  0.8984 	 1.667445e+22 	 9.318157e+19 	 5.584959e-05 	 2.845812e-06 	  4.2203 	  0.3144 	  1.1967 	  0.1007 
	 18.9810 	 4.227309e-01 	 186.9373 	  0.9014 	 1.639004e+22 	 9.175001e+19 	 5.586964e-05 	 2.796456e-06 	  4.2588 	  0.3215 	  1.2015 	  0.1014 
	 19.1430 	 4.156520e-01 	 187.0000 	  0.9041 	 1.611116e+22 	 9.032770e+19 	 5.583013e-05 	 2.796076e-06 	  4.2984 	  0.3311 	  1.2072 	  0.1027 
	 19.9390 	 3.828628e-01 	 187.5756 	  0.9139 	 1.479906e+22 	 8.327513e+19 	 5.549479e-05 	 2.799412e-06 	  4.4501 	  0.3604 	  1.2341 	  0.1063 
	 20.1000 	 3.766095e-01 	 187.7462 	  0.9153 	 1.454426e+22 	 8.184156e+19 	 5.553877e-05 	 2.801712e-06 	  4.4603 	  0.3583 	  1.2370 	  0.1058 
	 20.2620 	 3.704319e-01 	 187.9267 	  0.9166 	 1.429180e+22 	 8.040896e+19 	 5.565918e-05 	 2.804690e-06 	  4.4604 	  0.3524 	  1.2384 	  0.1048 
	 20.4230 	 3.643998e-01 	 188.1103 	  0.9177 	 1.404498e+22 	 7.900075e+19 	 5.585399e-05 	 2.808158e-06 	  4.4512 	  0.3433 	  1.2386 	  0.1034 
	 20.5850 	 3.584320e-01 	 188.2947 	  0.9189 	 1.380091e+22 	 7.760526e+19 	 5.611848e-05 	 2.811996e-06 	  4.4342 	  0.3318 	  1.2377 	  0.1016 
	 21.4090 	 3.294553e-01 	 189.0680 	  0.9257 	 1.263187e+22 	 7.103366e+19 	 5.815483e-05 	 2.835180e-06 	  4.2941 	  0.3183 	  1.2228 	  0.0915 
	 21.5700 	 3.240483e-01 	 189.1637 	  0.9274 	 1.241835e+22 	 6.987472e+19 	 5.861081e-05 	 2.840257e-06 	  4.2683 	  0.3158 	  1.2189 	  0.0894 
	 21.7320 	 3.186930e-01 	 189.2360 	  0.9294 	 1.220857e+22 	 6.875356e+19 	 5.905893e-05 	 2.850082e-06 	  4.2468 	  0.3139 	  1.2149 	  0.0873 
	 21.8930 	 3.134564e-01 	 189.2815 	  0.9316 	 1.200519e+22 	 6.768540e+19 	 5.948108e-05 	 3.173997e-06 	  4.2309 	  0.3274 	  1.2112 	  0.0906 
	 22.0550 	 3.082742e-01 	 189.2986 	  0.9340 	 1.180574e+22 	 6.665834e+19 	 5.987378e-05 	 3.510410e-06 	  4.2208 	  0.3425 	  1.2079 	  0.0950 
	 22.8660 	 2.836541e-01 	 188.8941 	  0.9508 	 1.088567e+22 	 6.223713e+19 	 6.110903e-05 	 4.649389e-06 	  4.2645 	  0.4035 	  1.2054 	  0.1114 
	 23.0270 	 2.790166e-01 	 188.7277 	  0.9544 	 1.071704e+22 	 6.146460e+19 	 6.115695e-05 	 4.637180e-06 	  4.2936 	  0.4055 	  1.2092 	  0.1115 
	 23.1870 	 2.744826e-01 	 188.5427 	  0.9579 	 1.055322e+22 	 6.071034e+19 	 6.114057e-05 	 4.522164e-06 	  4.3285 	  0.4024 	  1.2147 	  0.1102 
	 23.3480 	 2.699921e-01 	 188.3408 	  0.9610 	 1.039176e+22 	 5.995546e+19 	 6.108311e-05 	 4.319064e-06 	  4.3671 	  0.3949 	  1.2210 	  0.1076 
	 23.5080 	 2.655977e-01 	 188.1283 	  0.9635 	 1.023429e+22 	 5.919998e+19 	 6.100605e-05 	 4.057422e-06 	  4.4066 	  0.3843 	  1.2275 	  0.1041 
	 24.3130 	 2.444219e-01 	 187.0042 	  0.9654 	 9.475562e+21 	 5.506359e+19 	 6.074295e-05 	 3.075495e-06 	  4.5450 	  0.3461 	  1.2452 	  0.0912 
	 24.4740 	 2.403692e-01 	 186.7807 	  0.9639 	 9.329639e+21 	 5.417708e+19 	 6.076917e-05 	 3.082485e-06 	  4.5463 	  0.3472 	  1.2424 	  0.0923 
	 24.6350 	 2.363791e-01 	 186.5588 	  0.9621 	 9.185688e+21 	 5.328689e+19 	 6.081650e-05 	 3.148799e-06 	  4.5362 	  0.3503 	  1.2370 	  0.0966 
	 24.7950 	 2.324769e-01 	 186.3404 	  0.9602 	 9.044612e+21 	 5.240602e+19 	 6.085591e-05 	 3.250331e-06 	  4.5166 	  0.3547 	  1.2296 	  0.1009 
	 24.9560 	 2.286146e-01 	 186.1232 	  0.9584 	 8.904677e+21 	 5.153096e+19 	 6.085856e-05 	 3.370364e-06 	  4.4896 	  0.3597 	  1.2208 	  0.1051 
	 25.7660 	 2.101834e-01 	 185.0954 	  0.9542 	 8.231549e+21 	 4.751532e+19 	 5.945406e-05 	 3.844092e-06 	  4.3469 	  0.4105 	  1.1799 	  0.1193 
	 25.9270 	 2.067111e-01 	 184.9183 	  0.9545 	 8.103215e+21 	 4.679541e+19 	 5.873566e-05 	 3.832560e-06 	  4.3379 	  0.4224 	  1.1775 	  0.1199 
	 26.0870 	 2.033182e-01 	 184.7579 	  0.9551 	 7.977089e+21 	 4.609666e+19 	 5.785287e-05 	 3.744704e-06 	  4.3406 	  0.4299 	  1.1784 	  0.1193 
	 26.2480 	 1.999599e-01 	 184.6153 	  0.9558 	 7.851421e+21 	 4.540599e+19 	 5.683033e-05 	 3.588916e-06 	  4.3549 	  0.4331 	  1.1825 	  0.1176 
	 26.4080 	 1.966757e-01 	 184.4953 	  0.9567 	 7.727599e+21 	 4.472765e+19 	 5.573507e-05 	 3.388541e-06 	  4.3786 	  0.4326 	  1.1893 	  0.1151 
	 27.2100 	 1.809419e-01 	 184.2856 	  0.9606 	 7.118650e+21 	 4.133898e+19 	 5.107447e-05 	 2.308531e-06 	  4.5245 	  0.3916 	  1.2381 	  0.1010 
	 27.3700 	 1.779420e-01 	 184.3070 	  0.9618 	 6.999945e+21 	 4.067568e+19 	 5.066295e-05 	 2.274359e-06 	  4.5333 	  0.3855 	  1.2444 	  0.1017 
	 27.5300 	 1.749881e-01 	 184.3379 	  0.9634 	 6.882612e+21 	 4.002747e+19 	 5.051004e-05 	 2.238625e-06 	  4.5279 	  0.3782 	  1.2477 	  0.1028 
	 27.6900 	 1.720801e-01 	 184.3730 	  0.9656 	 6.766857e+21 	 3.939935e+19 	 5.061091e-05 	 2.201353e-06 	  4.5077 	  0.3698 	  1.2475 	  0.1042 
	 27.8500 	 1.692179e-01 	 184.4071 	  0.9685 	 6.652885e+21 	 3.879630e+19 	 5.093564e-05 	 2.162720e-06 	  4.4747 	  0.3604 	  1.2444 	  0.1057 
	 28.6600 	 1.554263e-01 	 184.4019 	  0.9983 	 6.109476e+21 	 3.626563e+19 	 5.433739e-05 	 1.973800e-06 	  4.2201 	  0.3142 	  1.2088 	  0.1128 
	 28.8200 	 1.528367e-01 	 184.3540 	  1.0067 	 6.009041e+21 	 3.586246e+19 	 5.500615e-05 	 1.947013e-06 	  4.1723 	  0.3099 	  1.2026 	  0.1139 
	 28.9800 	 1.502899e-01 	 184.2916 	  1.0155 	 5.910753e+21 	 3.548128e+19 	 5.556090e-05 	 1.927275e-06 	  4.1306 	  0.3070 	  1.1981 	  0.1149 
	 29.1400 	 1.477852e-01 	 184.2153 	  1.0246 	 5.814546e+21 	 3.511750e+19 	 5.597295e-05 	 1.915343e-06 	  4.0961 	  0.3055 	  1.1956 	  0.1160 
	 29.3000 	 1.453218e-01 	 184.1256 	  1.0338 	 5.720354e+21 	 3.476652e+19 	 5.623181e-05 	 1.911210e-06 	  4.0689 	  0.3055 	  1.1951 	  0.1173 
	 31.5370 	 1.148181e-01 	 181.8451 	  1.0685 	 4.577138e+21 	 2.870049e+19 	 4.934629e-05 	 2.048819e-06 	  4.1353 	  0.4442 	  1.3094 	  0.1271 
	 31.6960 	 1.129031e-01 	 181.6568 	  1.0608 	 4.505397e+21 	 2.808504e+19 	 4.859646e-05 	 2.028060e-06 	  4.1486 	  0.4582 	  1.3183 	  0.1244 
	 31.8550 	 1.110188e-01 	 181.4813 	  1.0528 	 4.434456e+21 	 2.746775e+19 	 4.786688e-05 	 1.999603e-06 	  4.1600 	  0.4715 	  1.3261 	  0.1210 
	 32.0150 	 1.091534e-01 	 181.3221 	  1.0450 	 4.363777e+21 	 2.685482e+19 	 4.715704e-05 	 1.963988e-06 	  4.1695 	  0.4841 	  1.3329 	  0.1167 
	 32.1740 	 1.073297e-01 	 181.1860 	  1.0380 	 4.294142e+21 	 2.626399e+19 	 4.647640e-05 	 1.923053e-06 	  4.1767 	  0.4958 	  1.3384 	  0.1118 
	 32.9710 	 9.862650e-02 	 180.9523 	  1.0276 	 3.951612e+21 	 2.385676e+19 	 4.339860e-05 	 1.695154e-06 	  4.1748 	  0.5467 	  1.3498 	  0.1086 
	 33.1300 	 9.697565e-02 	 180.9836 	  1.0302 	 3.884848e+21 	 2.348682e+19 	 4.284618e-05 	 1.655914e-06 	  4.1651 	  0.5566 	  1.3487 	  0.1084 
	 33.2880 	 9.536281e-02 	 181.0286 	  1.0337 	 3.819284e+21 	 2.314271e+19 	 4.231741e-05 	 1.621491e-06 	  4.1514 	  0.5665 	  1.3463 	  0.1084 
	 33.4470 	 9.376733e-02 	 181.0824 	  1.0378 	 3.754215e+21 	 2.281391e+19 	 4.180195e-05 	 1.591565e-06 	  4.1333 	  0.5769 	  1.3426 	  0.1083 
	 33.6050 	 9.220907e-02 	 181.1389 	  1.0422 	 3.690578e+21 	 2.249847e+19 	 4.129985e-05 	 1.566112e-06 	  4.1110 	  0.5874 	  1.3376 	  0.1083 
	 34.4110 	 8.467159e-02 	 181.3025 	  1.0582 	 3.385483e+21 	 2.087658e+19 	 3.852442e-05 	 1.473751e-06 	  3.9607 	  0.6392 	  1.3021 	  0.1097 
	 34.5700 	 8.326225e-02 	 181.2969 	  1.0596 	 3.329248e+21 	 2.054513e+19 	 3.786300e-05 	 1.457390e-06 	  3.9307 	  0.6477 	  1.2955 	  0.1103 
	 34.7280 	 8.188549e-02 	 181.2794 	  1.0607 	 3.274543e+21 	 2.021556e+19 	 3.715129e-05 	 1.440291e-06 	  3.9034 	  0.6557 	  1.2900 	  0.1111 
	 34.8870 	 8.052319e-02 	 181.2502 	  1.0615 	 3.220619e+21 	 1.988554e+19 	 3.638236e-05 	 1.422055e-06 	  3.8797 	  0.6642 	  1.2858 	  0.1120 
	 35.0450 	 7.919178e-02 	 181.2102 	  1.0622 	 3.168100e+21 	 1.956106e+19 	 3.557393e-05 	 1.402996e-06 	  3.8605 	  0.6736 	  1.2832 	  0.1131 
	 35.8410 	 7.279987e-02 	 180.8712 	  1.0653 	 2.917689e+21 	 1.802954e+19 	 3.132479e-05 	 1.302676e-06 	  3.8340 	  0.7451 	  1.2921 	  0.1210 
	 36.0000 	 7.158318e-02 	 180.7941 	  1.0660 	 2.870101e+21 	 1.774355e+19 	 3.052653e-05 	 1.283741e-06 	  3.8428 	  0.7652 	  1.2978 	  0.1230 
	 36.1580 	 7.039330e-02 	 180.7230 	  1.0668 	 2.823478e+21 	 1.746324e+19 	 2.976864e-05 	 1.265758e-06 	  3.8562 	  0.7869 	  1.3046 	  0.1250 
	 36.3170 	 6.921490e-02 	 180.6609 	  1.0675 	 2.777172e+21 	 1.718376e+19 	 2.904386e-05 	 1.248530e-06 	  3.8738 	  0.8095 	  1.3124 	  0.1281 
	 36.4750 	 6.806256e-02 	 180.6123 	  1.0682 	 2.731708e+21 	 1.690737e+19 	 2.836064e-05 	 1.232237e-06 	  3.8952 	  0.8326 	  1.3210 	  0.1336 
	 37.2750 	 6.250458e-02 	 180.6572 	  1.0699 	 2.508508e+21 	 1.549631e+19 	 2.532253e-05 	 1.160138e-06 	  4.0547 	  0.9558 	  1.3788 	  0.1573 
	 37.4330 	 6.146069e-02 	 180.7033 	  1.0699 	 2.466037e+21 	 1.521982e+19 	 2.477987e-05 	 1.147531e-06 	  4.0950 	  0.9811 	  1.3930 	  0.1615 
	 37.5910 	 6.043447e-02 	 180.7463 	  1.0699 	 2.424292e+21 	 1.494803e+19 	 2.425283e-05 	 1.135456e-06 	  4.1374 	  1.0067 	  1.4080 	  0.1656 
	 37.7490 	 5.942589e-02 	 180.7794 	  1.0698 	 2.383359e+21 	 1.468275e+19 	 2.374333e-05 	 1.124008e-06 	  4.1814 	  1.0330 	  1.4238 	  0.1696 
	 37.9070 	 5.843493e-02 	 180.7956 	  1.0697 	 2.343327e+21 	 1.442577e+19 	 2.325491e-05 	 1.113286e-06 	  4.2263 	  1.0599 	  1.4399 	  0.1733 
	 38.7080 	 5.367768e-02 	 180.4171 	  1.0699 	 2.156597e+21 	 1.330294e+19 	 2.125087e-05 	 1.072433e-06 	  4.4443 	  1.2019 	  1.5181 	  0.1862 
	 38.8660 	 5.278830e-02 	 180.2524 	  1.0702 	 2.122777e+21 	 1.311659e+19 	 2.097368e-05 	 1.067525e-06 	  4.4802 	  1.2300 	  1.5309 	  0.1873 
	 39.0240 	 5.191325e-02 	 180.0678 	  1.0707 	 2.089738e+21 	 1.293922e+19 	 2.073863e-05 	 1.063701e-06 	  4.5128 	  1.2576 	  1.5422 	  0.1879 
	 39.1810 	 5.105714e-02 	 179.8692 	  1.0713 	 2.057584e+21 	 1.277065e+19 	 2.054225e-05 	 1.060827e-06 	 -1000.0000 	 -1000.0000 	 -1000.0000 	 -1000.0000 
	 39.3390 	 5.020827e-02 	 179.6585 	  1.0723 	 2.025808e+21 	 1.260753e+19 	 2.037435e-05 	 1.058662e-06 	 -1000.0000 	 -1000.0000 	 -1000.0000 	 -1000.0000 
	 40.1280 	 4.613732e-02 	 178.5832 	  1.0810 	 1.873009e+21 	 1.185189e+19 	 1.969445e-05 	 1.052125e-06 	 -1000.0000 	 -1000.0000 	 -1000.0000 	 -1000.0000 
	 40.2860 	 4.535543e-02 	 178.3746 	  1.0834 	 1.843430e+21 	 1.170756e+19 	 1.953574e-05 	 1.050324e-06 	 -1000.0000 	 -1000.0000 	 -1000.0000 	 -1000.0000 
	 40.4440 	 4.458552e-02 	 178.1682 	  1.0858 	 1.814234e+21 	 1.156465e+19 	 1.935562e-05 	 1.048007e-06 	 -1000.0000 	 -1000.0000 	 -1000.0000 	 -1000.0000 
	 40.6010 	 4.383275e-02 	 177.9651 	  1.0882 	 1.785625e+21 	 1.142368e+19 	 1.915601e-05 	 1.045253e-06 	 -1000.0000 	 -1000.0000 	 -1000.0000 	 -1000.0000 
	 40.7590 	 4.308795e-02 	 177.7625 	  1.0906 	 1.757261e+21 	 1.128250e+19 	 1.893833e-05 	 1.042165e-06 	 -1000.0000 	 -1000.0000 	 -1000.0000 	 -1000.0000 
	 41.5520 	 3.955322e-02 	 176.7815 	  1.0993 	 1.621895e+21 	 1.057250e+19 	 1.777324e-05 	 1.026720e-06 	 -1000.0000 	 -1000.0000 	 -1000.0000 	 -1000.0000 
	 41.7090 	 3.889221e-02 	 176.6066 	  1.1004 	 1.596354e+21 	 1.043004e+19 	 1.756177e-05 	 1.024651e-06 	 -1000.0000 	 -1000.0000 	 -1000.0000 	 -1000.0000 
	 41.8660 	 3.824278e-02 	 176.4445 	  1.1012 	 1.571135e+21 	 1.028661e+19 	 1.736586e-05 	 1.023192e-06 	 -1000.0000 	 -1000.0000 	 -1000.0000 	 -1000.0000 
	 42.0240 	 3.760030e-02 	 176.2973 	  1.1018 	 1.546040e+21 	 1.014113e+19 	 1.718616e-05 	 1.022350e-06 	 -1000.0000 	 -1000.0000 	 -1000.0000 	 -1000.0000 
	 42.1810 	 3.697235e-02 	 176.1697 	  1.1022 	 1.521342e+21 	 9.995297e+18 	 1.702546e-05 	 1.022117e-06 	 -1000.0000 	 -1000.0000 	 -1000.0000 	 -1000.0000 
	 42.9720 	 3.394929e-02 	 175.8817 	  1.1026 	 1.399402e+21 	 9.240338e+18 	 1.646716e-05 	 1.029992e-06 	 -1000.0000 	 -1000.0000 	 -1000.0000 	 -1000.0000 
	 43.1290 	 3.337584e-02 	 175.8840 	  1.1026 	 1.375756e+21 	 9.089556e+18 	 1.640172e-05 	 1.033345e-06 	 -1000.0000 	 -1000.0000 	 -1000.0000 	 -1000.0000 
	 43.2860 	 3.281124e-02 	 175.8966 	  1.1027 	 1.352382e+21 	 8.940230e+18 	 1.634870e-05 	 1.037256e-06 	 -1000.0000 	 -1000.0000 	 -1000.0000 	 -1000.0000 
	 43.4440 	 3.225202e-02 	 175.9155 	  1.1028 	 1.329172e+21 	 8.792220e+18 	 1.630543e-05 	 1.041715e-06 	 -1000.0000 	 -1000.0000 	 -1000.0000 	 -1000.0000 
	 43.6010 	 3.170530e-02 	 175.9361 	  1.1032 	 1.306463e+21 	 8.648193e+18 	 1.626921e-05 	 1.046569e-06 	 -1000.0000 	 -1000.0000 	 -1000.0000 	 -1000.0000 
	 44.3950 	 2.907754e-02 	 175.9166 	  1.1086 	 1.198284e+21 	 7.989650e+18 	 1.606609e-05 	 1.071706e-06 	 -1000.0000 	 -1000.0000 	 -1000.0000 	 -1000.0000 
	 44.5520 	 2.858417e-02 	 175.8601 	  1.1102 	 1.178343e+21 	 7.873852e+18 	 1.599871e-05 	 1.075557e-06 	 -1000.0000 	 -1000.0000 	 -1000.0000 	 -1000.0000 
	 44.7090 	 2.809895e-02 	 175.7773 	  1.1118 	 1.158894e+21 	 7.762086e+18 	 1.591713e-05 	 1.078697e-06 	 -1000.0000 	 -1000.0000 	 -1000.0000 	 -1000.0000 
	 44.8660 	 2.762164e-02 	 175.6644 	  1.1134 	 1.139943e+21 	 7.653993e+18 	 1.582195e-05 	 1.081079e-06 	 -1000.0000 	 -1000.0000 	 -1000.0000 	 -1000.0000 
	 45.0230 	 2.715201e-02 	 175.5177 	  1.1149 	 1.121493e+21 	 7.549218e+18 	 1.571625e-05 	 1.082787e-06 	 -1000.0000 	 -1000.0000 	 -1000.0000 	 -1000.0000 
	 45.8150 	 2.489246e-02 	 174.1697 	  1.1178 	 1.036023e+21 	 7.058384e+18 	 1.520120e-05 	 1.088637e-06 	 -1000.0000 	 -1000.0000 	 -1000.0000 	 -1000.0000 
	 45.9720 	 2.446534e-02 	 173.7972 	  1.1173 	 1.020421e+21 	 6.965943e+18 	 1.513699e-05 	 1.090853e-06 	 -1000.0000 	 -1000.0000 	 -1000.0000 	 -1000.0000 
	 46.1290 	 2.404493e-02 	 173.4027 	  1.1163 	 1.005171e+21 	 6.874228e+18 	 1.509476e-05 	 1.093915e-06 	 -1000.0000 	 -1000.0000 	 -1000.0000 	 -1000.0000 
	 46.2860 	 2.363117e-02 	 172.9920 	  1.1150 	 9.902316e+20 	 6.782861e+18 	 1.507637e-05 	 1.097963e-06 	 -1000.0000 	 -1000.0000 	 -1000.0000 	 -1000.0000 
	 46.4430 	 2.322399e-02 	 172.5709 	  1.1132 	 9.755628e+20 	 6.691467e+18 	 1.508158e-05 	 1.103006e-06 	 -1000.0000 	 -1000.0000 	 -1000.0000 	 -1000.0000 
	 47.2190 	 2.130561e-02 	 170.5178 	  1.0987 	 9.057901e+20 	 6.232441e+18 	 1.537762e-05 	 1.138369e-06 	 -1000.0000 	 -1000.0000 	 -1000.0000 	 -1000.0000 
	 47.3750 	 2.093826e-02 	 170.1325 	  1.0958 	 8.921801e+20 	 6.141825e+18 	 1.547558e-05 	 1.146636e-06 	 -1000.0000 	 -1000.0000 	 -1000.0000 	 -1000.0000 
	 47.5320 	 2.057449e-02 	 169.7581 	  1.0935 	 8.786055e+20 	 6.053271e+18 	 1.558153e-05 	 1.155023e-06 	 -1000.0000 	 -1000.0000 	 -1000.0000 	 -1000.0000 
	 47.6880 	 2.021884e-02 	 169.4010 	  1.0921 	 8.652327e+20 	 5.968848e+18 	 1.569164e-05 	 1.163322e-06 	 -1000.0000 	 -1000.0000 	 -1000.0000 	 -1000.0000 
	 47.8450 	 1.986664e-02 	 169.0583 	  1.0918 	 8.518837e+20 	 5.888418e+18 	 1.580508e-05 	 1.171629e-06 	 -1000.0000 	 -1000.0000 	 -1000.0000 	 -1000.0000 
	 48.6390 	 1.816990e-02 	 167.6275 	  1.1156 	 7.858697e+20 	 5.577183e+18 	 1.634422e-05 	 1.217025e-06 	 -1000.0000 	 -1000.0000 	 -1000.0000 	 -1000.0000 
	 48.7950 	 1.785253e-02 	 167.4051 	  1.1249 	 7.731972e+20 	 5.533288e+18 	 1.642797e-05 	 1.227512e-06 	 -1000.0000 	 -1000.0000 	 -1000.0000 	 -1000.0000 
	 48.9520 	 1.753826e-02 	 167.1982 	  1.1351 	 7.605527e+20 	 5.492794e+18 	 1.650060e-05 	 1.238876e-06 	 -1000.0000 	 -1000.0000 	 -1000.0000 	 -1000.0000 
	 49.1080 	 1.723105e-02 	 167.0083 	  1.1459 	 7.481023e+20 	 5.455283e+18 	 1.657677e-05 	 9.061818e-07 	 -1000.0000 	 -1000.0000 	 -1000.0000 	 -1000.0000 
	 49.2650 	 1.692687e-02 	 166.8317 	  1.1572 	 7.356916e+20 	 5.419331e+18 	 1.660093e-05 	 9.167014e-07 	 -1000.0000 	 -1000.0000 	 -1000.0000 	 -1000.0000 
	 51.4260 	 1.321524e-02 	 165.2547 	  1.2166 	 5.797057e+20 	 4.615154e+18 	 1.647407e-05 	 1.012571e-06 	 -1000.0000 	 -1000.0000 	 -1000.0000 	 -1000.0000 
	 51.5820 	 1.297919e-02 	 165.1591 	  1.2082 	 5.696819e+20 	 4.514562e+18 	 1.648794e-05 	 1.009363e-06 	 -1000.0000 	 -1000.0000 	 -1000.0000 	 -1000.0000 
	 51.7370 	 1.274865e-02 	 165.0618 	  1.1994 	 5.598965e+20 	 4.413507e+18 	 1.650719e-05 	 1.005111e-06 	 -1000.0000 	 -1000.0000 	 -1000.0000 	 -1000.0000 
	 51.8930 	 1.252063e-02 	 164.9609 	  1.1905 	 5.502230e+20 	 4.312717e+18 	 1.653043e-05 	 1.000103e-06 	 -1000.0000 	 -1000.0000 	 -1000.0000 	 -1000.0000 
	 52.0480 	 1.229802e-02 	 164.8569 	  1.1822 	 5.407852e+20 	 4.215498e+18 	 1.655533e-05 	 9.947945e-07 	 -1000.0000 	 -1000.0000 	 -1000.0000 	 -1000.0000 
	 52.8300 	 1.123341e-02 	 164.2559 	  1.1652 	 4.957826e+20 	 3.827728e+18 	 1.663134e-05 	 9.770363e-07 	 -1000.0000 	 -1000.0000 	 -1000.0000 	 -1000.0000 
	 52.9850 	 1.103359e-02 	 164.1209 	  1.1670 	 4.873627e+20 	 3.772263e+18 	 1.662313e-05 	 9.760450e-07 	 -1000.0000 	 -1000.0000 	 -1000.0000 	 -1000.0000 
	 53.1400 	 1.083731e-02 	 163.9812 	  1.1700 	 4.790995e+20 	 3.721797e+18 	 1.660400e-05 	 9.755881e-07 	 -1000.0000 	 -1000.0000 	 -1000.0000 	 -1000.0000 
	 53.2950 	 1.064450e-02 	 163.8371 	  1.1740 	 4.709890e+20 	 3.675326e+18 	 1.657356e-05 	 9.754841e-07 	 -1000.0000 	 -1000.0000 	 -1000.0000 	 -1000.0000 
	 53.4500 	 1.045508e-02 	 163.6888 	  1.1787 	 4.630273e+20 	 3.631844e+18 	 1.653180e-05 	 9.755403e-07 	 -1000.0000 	 -1000.0000 	 -1000.0000 	 -1000.0000 
	 54.2240 	 9.557542e-03 	 162.8879 	  1.2052 	 4.253774e+20 	 3.429844e+18 	 1.616509e-05 	 9.717176e-07 	 -1000.0000 	 -1000.0000 	 -1000.0000 	 -1000.0000 
	 54.3780 	 9.388051e-03 	 162.7104 	  1.2107 	 4.182929e+20 	 3.390954e+18 	 1.606873e-05 	 9.697963e-07 	 -1000.0000 	 -1000.0000 	 -1000.0000 	 -1000.0000 
	 54.5330 	 9.220329e-03 	 162.5221 	  1.2164 	 4.112972e+20 	 3.352634e+18 	 1.596785e-05 	 9.675964e-07 	 -1000.0000 	 -1000.0000 	 -1000.0000 	 -1000.0000 
	 54.6870 	 9.056465e-03 	 162.3239 	  1.2223 	 4.044801e+20 	 3.315589e+18 	 1.586547e-05 	 9.652290e-07 	 -1000.0000 	 -1000.0000 	 -1000.0000 	 -1000.0000 
	 54.8420 	 8.894256e-03 	 162.1116 	  1.2285 	 3.977526e+20 	 3.279549e+18 	 1.576190e-05 	 9.627437e-07 	 -1000.0000 	 -1000.0000 	 -1000.0000 	 -1000.0000 
	 55.6340 	 8.105391e-03 	 160.7930 	  1.2661 	 3.654133e+20 	 3.120540e+18 	 1.527739e-05 	 9.514016e-07 	 -1000.0000 	 -1000.0000 	 -1000.0000 	 -1000.0000 
	 55.7880 	 7.959413e-03 	 160.5038 	  1.2745 	 3.594757e+20 	 3.093840e+18 	 1.520022e-05 	 9.499631e-07 	 -1000.0000 	 -1000.0000 	 -1000.0000 	 -1000.0000 
	 55.9430 	 7.814843e-03 	 160.2109 	  1.2832 	 3.535920e+20 	 3.067717e+18 	 1.513040e-05 	 9.489116e-07 	 -1000.0000 	 -1000.0000 	 -1000.0000 	 -1000.0000 
	 56.0970 	 7.673517e-03 	 159.9218 	  1.2920 	 3.478285e+20 	 3.042223e+18 	 1.506974e-05 	 9.483191e-07 	 -1000.0000 	 -1000.0000 	 -1000.0000 	 -1000.0000 
	 56.2520 	 7.533568e-03 	 159.6367 	  1.3010 	 3.421002e+20 	 3.016735e+18 	 1.501853e-05 	 9.482558e-07 	 -1000.0000 	 -1000.0000 	 -1000.0000 	 -1000.0000 
	 57.0340 	 6.861609e-03 	 158.4165 	  1.3471 	 3.140037e+20 	 2.881419e+18 	 1.496092e-05 	 9.588813e-07 	 -1000.0000 	 -1000.0000 	 -1000.0000 	 -1000.0000 
	 57.1880 	 6.735900e-03 	 158.2337 	  1.3559 	 3.086063e+20 	 2.852403e+18 	 1.500008e-05 	 9.632632e-07 	 -1000.0000 	 -1000.0000 	 -1000.0000 	 -1000.0000 
	 57.3430 	 6.611570e-03 	 158.0711 	  1.3645 	 3.032204e+20 	 2.822251e+18 	 1.505974e-05 	 9.683509e-07 	 -1000.0000 	 -1000.0000 	 -1000.0000 	 -1000.0000 
	 57.4970 	 6.490223e-03 	 157.9317 	  1.3728 	 2.979166e+20 	 2.791294e+18 	 1.513971e-05 	 9.739796e-07 	 -1000.0000 	 -1000.0000 	 -1000.0000 	 -1000.0000 
	 57.6520 	 6.370282e-03 	 157.8145 	  1.3808 	 2.926270e+20 	 2.759072e+18 	 1.524067e-05 	 9.800623e-07 	 -1000.0000 	 -1000.0000 	 -1000.0000 	 -1000.0000 
	 58.4170 	 5.810379e-03 	 157.6014 	  1.4134 	 2.672721e+20 	 2.582744e+18 	 1.596795e-05 	 1.009371e-06 	 -1000.0000 	 -1000.0000 	 -1000.0000 	 -1000.0000 
	 58.5710 	 5.703965e-03 	 157.6328 	  1.4183 	 2.623260e+20 	 2.543720e+18 	 1.612018e-05 	 1.014070e-06 	 -1000.0000 	 -1000.0000 	 -1000.0000 	 -1000.0000 
	 58.7250 	 5.599586e-03 	 157.6887 	  1.4224 	 2.574350e+20 	 2.503559e+18 	 1.625489e-05 	 1.018119e-06 	 -1000.0000 	 -1000.0000 	 -1000.0000 	 -1000.0000 
	 58.8800 	 5.496549e-03 	 157.7692 	  1.4260 	 2.525690e+20 	 2.462013e+18 	 1.636461e-05 	 1.021488e-06 	 -1000.0000 	 -1000.0000 	 -1000.0000 	 -1000.0000 
	 59.0340 	 5.396151e-03 	 157.8731 	  1.4287 	 2.477915e+20 	 2.419640e+18 	 1.644070e-05 	 1.024139e-06 	 -1000.0000 	 -1000.0000 	 -1000.0000 	 -1000.0000 
	 59.8170 	 4.914880e-03 	 158.7654 	  1.4294 	 2.244113e+20 	 2.188461e+18 	 1.617458e-05 	 1.029381e-06 	 -1000.0000 	 -1000.0000 	 -1000.0000 	 -1000.0000 
	 59.9710 	 4.825739e-03 	 159.0163 	  1.4267 	 2.199917e+20 	 2.140361e+18 	 1.603195e-05 	 1.029543e-06 	 -1000.0000 	 -1000.0000 	 -1000.0000 	 -1000.0000 
	 60.1250 	 4.738338e-03 	 159.2944 	  1.4232 	 2.156295e+20 	 2.091602e+18 	 1.588802e-05 	 1.029717e-06 	 -1000.0000 	 -1000.0000 	 -1000.0000 	 -1000.0000 
	 60.2800 	 4.652097e-03 	 159.6027 	  1.4186 	 2.112963e+20 	 2.041955e+18 	 1.575463e-05 	 1.030011e-06 	 -1000.0000 	 -1000.0000 	 -1000.0000 	 -1000.0000 
	 60.4340 	 4.568098e-03 	 159.9384 	  1.4132 	 2.070473e+20 	 1.992151e+18 	 1.564544e-05 	 1.030475e-06 	 -1000.0000 	 -1000.0000 	 -1000.0000 	 -1000.0000 
	 61.1950 	 4.176734e-03 	 162.0425 	  1.3729 	 1.868731e+20 	 1.743000e+18 	 1.572167e-05 	 1.034916e-06 	 -1000.0000 	 -1000.0000 	 -1000.0000 	 -1000.0000 
	 61.3480 	 4.102695e-03 	 162.5429 	  1.3631 	 1.829977e+20 	 1.693738e+18 	 1.583527e-05 	 1.036141e-06 	 -1000.0000 	 -1000.0000 	 -1000.0000 	 -1000.0000 
	 61.5010 	 4.030188e-03 	 163.0617 	  1.3532 	 1.791916e+20 	 1.645383e+18 	 1.595241e-05 	 1.037329e-06 	 -1000.0000 	 -1000.0000 	 -1000.0000 	 -1000.0000 
	 61.6540 	 3.959202e-03 	 163.5956 	  1.3435 	 1.754586e+20 	 1.598212e+18 	 1.605718e-05 	 1.038306e-06 	 -1000.0000 	 -1000.0000 	 -1000.0000 	 -1000.0000 
	 61.8070 	 3.889729e-03 	 164.1412 	  1.3342 	 1.718028e+20 	 1.552503e+18 	 1.613296e-05 	 1.038869e-06 	 -1000.0000 	 -1000.0000 	 -1000.0000 	 -1000.0000 
	 62.5850 	 3.559313e-03 	 166.9821 	  1.2996 	 1.545211e+20 	 1.350724e+18 	 1.556936e-05 	 1.028809e-06 	 -1000.0000 	 -1000.0000 	 -1000.0000 	 -1000.0000 
	 62.7380 	 3.498575e-03 	 167.5380 	  1.2954 	 1.513809e+20 	 1.317030e+18 	 1.526250e-05 	 1.023522e-06 	 -1000.0000 	 -1000.0000 	 -1000.0000 	 -1000.0000 
	 62.8910 	 3.439114e-03 	 168.0892 	  1.2917 	 1.483209e+20 	 1.284915e+18 	 1.491116e-05 	 1.017108e-06 	 -1000.0000 	 -1000.0000 	 -1000.0000 	 -1000.0000 
	 63.0440 	 3.380877e-03 	 168.6343 	  1.2884 	 1.453389e+20 	 1.254193e+18 	 1.452723e-05 	 1.009691e-06 	 -1000.0000 	 -1000.0000 	 -1000.0000 	 -1000.0000 
	 63.1970 	 3.323815e-03 	 169.1719 	  1.2854 	 1.424327e+20 	 1.224683e+18 	 1.412390e-05 	 1.001493e-06 	 -1000.0000 	 -1000.0000 	 -1000.0000 	 -1000.0000 
	 63.9780 	 3.049091e-03 	 171.7504 	  1.2698 	 1.286976e+20 	 1.086827e+18 	 1.227046e-05 	 9.608987e-07 	 -1000.0000 	 -1000.0000 	 -1000.0000 	 -1000.0000 
	 64.1310 	 2.998305e-03 	 172.2203 	  1.2661 	 1.262083e+20 	 1.061693e+18 	 1.204404e-05 	 9.572288e-07 	 -1000.0000 	 -1000.0000 	 -1000.0000 	 -1000.0000 
	 64.2840 	 2.948474e-03 	 172.6792 	  1.2621 	 1.237808e+20 	 1.037097e+18 	 1.189200e-05 	 9.564994e-07 	 -1000.0000 	 -1000.0000 	 -1000.0000 	 -1000.0000 
	 64.4360 	 2.899901e-03 	 173.1245 	  1.2578 	 1.214287e+20 	 1.013170e+18 	 1.182511e-05 	 9.592025e-07 	 -1000.0000 	 -1000.0000 	 -1000.0000 	 -1000.0000 
	 64.5890 	 2.851932e-03 	 173.5623 	  1.2530 	 1.191192e+20 	 9.895709e+17 	 1.185174e-05 	 9.657688e-07 	 -1000.0000 	 -1000.0000 	 -1000.0000 	 -1000.0000 
	 65.3520 	 2.626004e-03 	 175.5960 	  1.2222 	 1.084141e+20 	 8.785786e+17 	 1.361046e-05 	 1.063494e-06 	 -1000.0000 	 -1000.0000 	 -1000.0000 	 -1000.0000 
	 65.5040 	 2.583510e-03 	 175.9685 	  1.2151 	 1.064338e+20 	 8.579025e+17 	 1.426199e-05 	 1.094754e-06 	 -1000.0000 	 -1000.0000 	 -1000.0000 	 -1000.0000 
	 65.6560 	 2.541801e-03 	 176.3284 	  1.2079 	 1.045017e+20 	 8.377875e+17 	 1.498789e-05 	 1.128726e-06 	 -1000.0000 	 -1000.0000 	 -1000.0000 	 -1000.0000 
	 65.8090 	 2.500590e-03 	 176.6771 	  1.2006 	 1.026044e+20 	 8.181458e+17 	 1.577935e-05 	 1.164930e-06 	 -1000.0000 	 -1000.0000 	 -1000.0000 	 -1000.0000 
	 65.9610 	 2.460393e-03 	 177.0092 	  1.1936 	 1.007655e+20 	 7.992728e+17 	 1.661065e-05 	 1.202100e-06 	 -1000.0000 	 -1000.0000 	 -1000.0000 	 -1000.0000 
	 66.7380 	 2.265761e-03 	 178.4518 	  1.1630 	 9.204492e+19 	 7.138725e+17 	 2.094410e-05 	 1.382165e-06 	 -1000.0000 	 -1000.0000 	 -1000.0000 	 -1000.0000 
	 66.8910 	 2.229447e-03 	 178.6781 	  1.1583 	 9.045521e+19 	 6.992054e+17 	 2.168763e-05 	 1.411856e-06 	 -1000.0000 	 -1000.0000 	 -1000.0000 	 -1000.0000 
	 67.0440 	 2.193758e-03 	 178.8828 	  1.1540 	 8.890553e+19 	 6.851753e+17 	 2.235355e-05 	 1.438964e-06 	 -1000.0000 	 -1000.0000 	 -1000.0000 	 -1000.0000 
	 67.1960 	 2.158906e-03 	 179.0634 	  1.1501 	 8.740486e+19 	 6.718355e+17 	 2.292237e-05 	 1.463199e-06 	 -1000.0000 	 -1000.0000 	 -1000.0000 	 -1000.0000 
	 67.3490 	 2.124419e-03 	 179.2213 	  1.1465 	 8.593266e+19 	 6.589779e+17 	 2.338705e-05 	 1.484824e-06 	 -1000.0000 	 -1000.0000 	 -1000.0000 	 -1000.0000 
	 68.1050 	 1.962249e-03 	 179.6260 	  1.1332 	 7.919053e+19 	 6.026977e+17 	 2.382079e-05 	 1.552620e-06 	 -1000.0000 	 -1000.0000 	 -1000.0000 	 -1000.0000 
	 68.2570 	 1.931214e-03 	 179.6414 	  1.1312 	 7.793109e+19 	 5.925836e+17 	 2.360382e-05 	 1.559466e-06 	 -1000.0000 	 -1000.0000 	 -1000.0000 	 -1000.0000 
	 68.4090 	 1.900679e-03 	 179.6411 	  1.1293 	 7.669925e+19 	 5.827807e+17 	 2.333656e-05 	 1.564586e-06 	 -1000.0000 	 -1000.0000 	 -1000.0000 	 -1000.0000 
	 68.5610 	 1.870634e-03 	 179.6278 	  1.1276 	 7.549298e+19 	 5.732496e+17 	 2.304245e-05 	 1.568243e-06 	 -1000.0000 	 -1000.0000 	 -1000.0000 	 -1000.0000 
	 68.7130 	 1.841069e-03 	 179.6045 	  1.1258 	 7.431028e+19 	 5.639509e+17 	 2.274431e-05 	 1.570687e-06 	 -1000.0000 	 -1000.0000 	 -1000.0000 	 -1000.0000 
	 69.4850 	 1.697951e-03 	 179.4347 	  1.1164 	 6.859844e+19 	 5.189904e+17 	 2.183580e-05 	 1.572498e-06 	 -1000.0000 	 -1000.0000 	 -1000.0000 	 -1000.0000 
	 69.6370 	 1.671110e-03 	 179.4116 	  1.1143 	 6.752214e+19 	 5.104161e+17 	 2.180830e-05 	 1.572762e-06 	 -1000.0000 	 -1000.0000 	 -1000.0000 	 -1000.0000 
	 69.7890 	 1.644699e-03 	 179.3987 	  1.1120 	 6.645940e+19 	 5.018995e+17 	 2.181770e-05 	 1.573688e-06 	 -1000.0000 	 -1000.0000 	 -1000.0000 	 -1000.0000 
	 69.9410 	 1.618713e-03 	 179.3987 	  1.1095 	 6.540928e+19 	 4.934270e+17 	 2.185624e-05 	 1.575490e-06 	 -1000.0000 	 -1000.0000 	 -1000.0000 	 -1000.0000 
	 70.0930 	 1.593147e-03 	 179.4146 	  1.1069 	 6.437082e+19 	 4.849855e+17 	 2.191544e-05 	 1.578339e-06 	 -1000.0000 	 -1000.0000 	 -1000.0000 	 -1000.0000 
	 70.8590 	 1.470542e-03 	 179.8124 	  1.0907 	 5.928916e+19 	 4.426030e+17 	 2.224393e-05 	 1.612234e-06 	 -1000.0000 	 -1000.0000 	 -1000.0000 	 -1000.0000 
	 71.0100 	 1.447553e-03 	 179.9486 	  1.0870 	 5.831826e+19 	 4.343434e+17 	 2.228765e-05 	 1.622095e-06 	 -1000.0000 	 -1000.0000 	 -1000.0000 	 -1000.0000 
	 71.1620 	 1.424785e-03 	 180.0988 	  1.0833 	 5.735295e+19 	 4.261114e+17 	 2.232304e-05 	 1.632551e-06 	 -1000.0000 	 -1000.0000 	 -1000.0000 	 -1000.0000 
	 71.3130 	 1.402529e-03 	 180.2581 	  1.0795 	 5.640673e+19 	 4.180382e+17 	 2.234990e-05 	 1.643261e-06 	 -1000.0000 	 -1000.0000 	 -1000.0000 	 -1000.0000 
	 71.4650 	 1.380484e-03 	 180.4258 	  1.0758 	 5.546788e+19 	 4.100398e+17 	 2.236932e-05 	 1.654194e-06 	 -1000.0000 	 -1000.0000 	 -1000.0000 	 -1000.0000 
	 72.2230 	 1.275637e-03 	 181.2688 	  1.0588 	 5.101785e+19 	 3.727764e+17 	 2.240094e-05 	 1.707074e-06 	 -1000.0000 	 -1000.0000 	 -1000.0000 	 -1000.0000 
	 72.3740 	 1.255739e-03 	 181.4149 	  1.0557 	 5.018220e+19 	 3.659349e+17 	 2.241063e-05 	 1.717289e-06 	 -1000.0000 	 -1000.0000 	 -1000.0000 	 -1000.0000 
	 72.5250 	 1.236165e-03 	 181.5454 	  1.0527 	 4.936483e+19 	 3.592882e+17 	 2.242819e-05 	 1.727569e-06 	 -1000.0000 	 -1000.0000 	 -1000.0000 	 -1000.0000 
	 72.6750 	 1.217043e-03 	 181.6562 	  1.0498 	 4.857155e+19 	 3.528781e+17 	 2.245613e-05 	 1.737907e-06 	 -1000.0000 	 -1000.0000 	 -1000.0000 	 -1000.0000 
	 72.8260 	 1.198116e-03 	 181.7451 	  1.0468 	 4.779235e+19 	 3.466189e+17 	 2.249722e-05 	 1.748483e-06 	 -1000.0000 	 -1000.0000 	 -1000.0000 	 -1000.0000 
	 73.5930 	 1.106880e-03 	 181.7515 	  1.0313 	 4.414582e+19 	 3.177888e+17 	 2.294834e-05 	 1.805022e-06 	 -1000.0000 	 -1000.0000 	 -1000.0000 	 -1000.0000 
	 73.7440 	 1.089823e-03 	 181.6731 	  1.0284 	 4.348367e+19 	 3.126679e+17 	 2.306487e-05 	 1.816450e-06 	 -1000.0000 	 -1000.0000 	 -1000.0000 	 -1000.0000 
	 73.8950 	 1.073033e-03 	 181.5773 	  1.0257 	 4.283623e+19 	 3.077152e+17 	 2.317725e-05 	 1.827821e-06 	 -1000.0000 	 -1000.0000 	 -1000.0000 	 -1000.0000 
	 74.0450 	 1.056606e-03 	 181.4689 	  1.0233 	 4.220601e+19 	 3.029555e+17 	 2.327888e-05 	 1.838994e-06 	 -1000.0000 	 -1000.0000 	 -1000.0000 	 -1000.0000 
	 74.1960 	 1.040308e-03 	 181.3506 	  1.0212 	 4.158299e+19 	 2.983191e+17 	 2.336523e-05 	 1.850060e-06 	 -1000.0000 	 -1000.0000 	 -1000.0000 	 -1000.0000 
	 74.9530 	 9.618330e-04 	 180.7221 	  1.0173 	 3.858635e+19 	 2.772165e+17 	 2.340904e-05 	 1.901379e-06 	 -1000.0000 	 -1000.0000 	 -1000.0000 	 -1000.0000 
	 75.1040 	 9.468004e-04 	 180.5798 	  1.0178 	 3.801378e+19 	 2.734087e+17 	 2.335248e-05 	 1.910558e-06 	 -1000.0000 	 -1000.0000 	 -1000.0000 	 -1000.0000 
	 75.2550 	 9.319798e-04 	 180.4216 	  1.0186 	 3.745161e+19 	 2.697295e+17 	 2.328799e-05 	 1.919328e-06 	 -1000.0000 	 -1000.0000 	 -1000.0000 	 -1000.0000 
	 75.4050 	 9.174699e-04 	 180.2441 	  1.0195 	 3.690442e+19 	 2.662000e+17 	 2.322246e-05 	 1.927622e-06 	 -1000.0000 	 -1000.0000 	 -1000.0000 	 -1000.0000 
	 75.5560 	 9.030804e-04 	 180.0401 	  1.0207 	 3.636589e+19 	 2.627712e+17 	 2.316153e-05 	 1.935537e-06 	 -1000.0000 	 -1000.0000 	 -1000.0000 	 -1000.0000 
	 76.3160 	 8.340169e-04 	 178.5126 	  1.0262 	 3.386566e+19 	 2.472188e+17 	 2.311913e-05 	 1.968869e-06 	 -1000.0000 	 -1000.0000 	 -1000.0000 	 -1000.0000 
	 76.4670 	 8.209352e-04 	 178.1267 	  1.0267 	 3.340615e+19 	 2.443384e+17 	 2.316724e-05 	 1.974812e-06 	 -1000.0000 	 -1000.0000 	 -1000.0000 	 -1000.0000 
	 76.6170 	 8.081322e-04 	 177.7310 	  1.0267 	 3.295834e+19 	 2.414823e+17 	 2.322707e-05 	 1.980822e-06 	 -1000.0000 	 -1000.0000 	 -1000.0000 	 -1000.0000 
	 76.7680 	 7.954292e-04 	 177.3273 	  1.0263 	 3.251462e+19 	 2.385842e+17 	 2.329594e-05 	 1.987111e-06 	 -1000.0000 	 -1000.0000 	 -1000.0000 	 -1000.0000 
	 76.9180 	 7.829864e-04 	 176.9275 	  1.0252 	 3.207924e+19 	 2.356545e+17 	 2.336927e-05 	 1.993711e-06 	 -1000.0000 	 -1000.0000 	 -1000.0000 	 -1000.0000 
	 77.6700 	 7.230058e-04 	 175.1279 	  1.0081 	 2.993222e+19 	 2.194750e+17 	 2.367584e-05 	 2.034692e-06 	 -1000.0000 	 -1000.0000 	 -1000.0000 	 -1000.0000 
	 77.8200 	 7.115005e-04 	 174.8059 	  1.0027 	 2.951063e+19 	 2.160019e+17 	 2.369787e-05 	 2.044012e-06 	 -1000.0000 	 -1000.0000 	 -1000.0000 	 -1000.0000 
	 77.9700 	 7.001478e-04 	 174.4856 	  0.9969 	 2.909310e+19 	 2.125094e+17 	 2.369804e-05 	 2.053358e-06 	 -1000.0000 	 -1000.0000 	 -1000.0000 	 -1000.0000 
	 78.1200 	 6.889483e-04 	 174.1621 	  0.9909 	 2.868051e+19 	 2.090261e+17 	 2.367277e-05 	 2.062581e-06 	 -1000.0000 	 -1000.0000 	 -1000.0000 	 -1000.0000 
	 78.2700 	 6.779021e-04 	 173.8304 	  0.9847 	 2.827375e+19 	 2.055809e+17 	 2.361875e-05 	 2.071553e-06 	 -1000.0000 	 -1000.0000 	 -1000.0000 	 -1000.0000 
	 79.0340 	 6.240231e-04 	 171.8791 	  0.9559 	 2.631661e+19 	 1.894892e+17 	 2.284445e-05 	 2.109654e-06 	 -1000.0000 	 -1000.0000 	 -1000.0000 	 -1000.0000 
	 79.1830 	 6.139715e-04 	 171.4585 	  0.9510 	 2.595577e+19 	 1.866536e+17 	 2.263031e-05 	 2.114955e-06 	 -1000.0000 	 -1000.0000 	 -1000.0000 	 -1000.0000 
	 79.3330 	 6.039982e-04 	 171.0343 	  0.9463 	 2.559742e+19 	 1.838699e+17 	 2.241539e-05 	 2.119377e-06 	 -1000.0000 	 -1000.0000 	 -1000.0000 	 -1000.0000 
	 79.4820 	 5.942342e-04 	 170.6177 	  0.9418 	 2.524545e+19 	 1.811612e+17 	 2.221184e-05 	 2.122755e-06 	 -1000.0000 	 -1000.0000 	 -1000.0000 	 -1000.0000 
	 79.6320 	 5.845464e-04 	 170.2089 	  0.9374 	 2.489422e+19 	 1.784771e+17 	 2.202609e-05 	 2.125005e-06 	 -1000.0000 	 -1000.0000 	 -1000.0000 	 -1000.0000 
	 80.3940 	 5.374521e-04 	 168.4511 	  0.9172 	 2.313254e+19 	 1.651404e+17 	 2.163101e-05 	 2.115984e-06 	 -1000.0000 	 -1000.0000 	 -1000.0000 	 -1000.0000 
	 80.5430 	 5.286421e-04 	 168.1593 	  0.9141 	 2.279324e+19 	 1.626345e+17 	 2.165357e-05 	 2.112551e-06 	 -1000.0000 	 -1000.0000 	 -1000.0000 	 -1000.0000 
	 80.6930 	 5.198996e-04 	 167.8696 	  0.9116 	 2.245499e+19 	 1.601871e+17 	 2.169341e-05 	 2.110033e-06 	 -1000.0000 	 -1000.0000 	 -1000.0000 	 -1000.0000 
	 80.8420 	 5.113390e-04 	 167.5799 	  0.9099 	 2.212305e+19 	 1.578496e+17 	 2.174244e-05 	 2.109140e-06 	 -1000.0000 	 -1000.0000 	 -1000.0000 	 -1000.0000 
	 80.9920 	 5.028431e-04 	 167.2804 	  0.9089 	 2.179371e+19 	 1.556095e+17 	 2.179358e-05 	 2.110547e-06 	 -1000.0000 	 -1000.0000 	 -1000.0000 	 -1000.0000 
	 81.7370 	 4.623920e-04 	 165.4977 	  0.9195 	 2.025161e+19 	 1.466573e+17 	 2.184236e-05 	 2.170170e-06 	 -1000.0000 	 -1000.0000 	 -1000.0000 	 -1000.0000 
	 81.8860 	 4.546391e-04 	 165.0701 	  0.9242 	 1.996292e+19 	 1.452731e+17 	 2.179480e-05 	 2.191707e-06 	 -1000.0000 	 -1000.0000 	 -1000.0000 	 -1000.0000 
	 82.0350 	 4.469954e-04 	 164.6202 	  0.9294 	 1.968040e+19 	 1.439861e+17 	 2.172974e-05 	 2.215096e-06 	 -1000.0000 	 -1000.0000 	 -1000.0000 	 -1000.0000 
	 82.1850 	 4.394095e-04 	 164.1455 	  0.9349 	 1.940200e+19 	 1.427708e+17 	 2.164776e-05 	 2.239879e-06 	 -1000.0000 	 -1000.0000 	 -1000.0000 	 -1000.0000 
	 82.3340 	 4.319811e-04 	 163.6531 	  0.9406 	 1.913121e+19 	 1.416256e+17 	 2.155121e-05 	 2.265108e-06 	 -1000.0000 	 -1000.0000 	 -1000.0000 	 -1000.0000 
	 84.3910 	 3.396265e-04 	 155.1928 	  0.9384 	 1.586428e+19 	 1.228234e+17 	 1.940018e-05 	 2.368420e-06 	 -1000.0000 	 -1000.0000 	 -1000.0000 	 -1000.0000 
	 84.5400 	 3.336198e-04 	 154.5163 	  0.9293 	 1.565172e+19 	 1.208484e+17 	 1.923525e-05 	 2.345767e-06 	 -1000.0000 	 -1000.0000 	 -1000.0000 	 -1000.0000 
	 84.6880 	 3.277354e-04 	 153.8543 	  0.9203 	 1.544167e+19 	 1.188826e+17 	 1.907674e-05 	 2.322181e-06 	 -1000.0000 	 -1000.0000 	 -1000.0000 	 -1000.0000 
	 84.8370 	 3.218916e-04 	 153.2034 	  0.9119 	 1.523075e+19 	 1.169349e+17 	 1.892367e-05 	 2.298678e-06 	 -1000.0000 	 -1000.0000 	 -1000.0000 	 -1000.0000 
	 84.9850 	 3.161647e-04 	 152.5776 	  0.9046 	 1.502126e+19 	 1.150671e+17 	 1.877918e-05 	 2.276909e-06 	 -1000.0000 	 -1000.0000 	 -1000.0000 	 -1000.0000 
	 85.7310 	 2.884190e-04 	 149.8799 	  0.8985 	 1.395167e+19 	 1.076618e+17 	 1.818124e-05 	 2.229374e-06 	 -1000.0000 	 -1000.0000 	 -1000.0000 	 -1000.0000 
	 85.8800 	 2.831025e-04 	 149.4260 	  0.9033 	 1.373635e+19 	 1.065818e+17 	 1.807578e-05 	 2.232067e-06 	 -1000.0000 	 -1000.0000 	 -1000.0000 	 -1000.0000 
	 86.0280 	 2.778992e-04 	 148.9933 	  0.9093 	 1.352312e+19 	 1.055938e+17 	 1.796813e-05 	 2.236826e-06 	 -1000.0000 	 -1000.0000 	 -1000.0000 	 -1000.0000 
	 86.1770 	 2.727402e-04 	 148.5711 	  0.9163 	 1.330967e+19 	 1.046622e+17 	 1.785348e-05 	 2.242787e-06 	 -1000.0000 	 -1000.0000 	 -1000.0000 	 -1000.0000 
	 86.3250 	 2.676965e-04 	 148.1605 	  0.9238 	 1.309943e+19 	 1.037772e+17 	 1.773023e-05 	 2.248963e-06 	 -1000.0000 	 -1000.0000 	 -1000.0000 	 -1000.0000 
	 87.0750 	 2.434108e-04 	 146.0954 	  0.9597 	 1.207649e+19 	 9.918813e+16 	 1.688639e-05 	 2.258510e-06 	 -1000.0000 	 -1000.0000 	 -1000.0000 	 -1000.0000 
	 87.2230 	 2.388652e-04 	 145.7059 	  0.9654 	 1.188234e+19 	 9.817861e+16 	 1.668386e-05 	 2.255658e-06 	 -1000.0000 	 -1000.0000 	 -1000.0000 	 -1000.0000 
	 87.3710 	 2.343967e-04 	 145.3361 	  0.9706 	 1.168965e+19 	 9.712100e+16 	 1.647696e-05 	 2.252167e-06 	 -1000.0000 	 -1000.0000 	 -1000.0000 	 -1000.0000 
	 87.5190 	 2.300032e-04 	 144.9922 	  0.9751 	 1.149793e+19 	 9.601009e+16 	 1.626918e-05 	 2.248491e-06 	 -1000.0000 	 -1000.0000 	 -1000.0000 	 -1000.0000 
	 87.6670 	 2.256828e-04 	 144.6804 	  0.9791 	 1.130668e+19 	 9.484071e+16 	 1.606404e-05 	 2.245089e-06 	 -1000.0000 	 -1000.0000 	 -1000.0000 	 -1000.0000 
	 88.4180 	 2.048277e-04 	 143.7644 	  0.9899 	 1.033033e+19 	 8.789782e+16 	 1.517697e-05 	 2.246363e-06 	 -1000.0000 	 -1000.0000 	 -1000.0000 	 -1000.0000 
	 88.5660 	 2.009278e-04 	 143.7038 	  0.9905 	 1.013813e+19 	 8.637283e+16 	 1.504551e-05 	 2.251359e-06 	 -1000.0000 	 -1000.0000 	 -1000.0000 	 -1000.0000 
	 88.7140 	 1.970995e-04 	 143.6686 	  0.9907 	 9.947361e+18 	 8.482489e+16 	 1.493040e-05 	 2.257871e-06 	 -1000.0000 	 -1000.0000 	 -1000.0000 	 -1000.0000 
	 88.8610 	 1.933689e-04 	 143.6522 	  0.9908 	 9.759926e+18 	 8.327745e+16 	 1.483294e-05 	 2.265789e-06 	 -1000.0000 	 -1000.0000 	 -1000.0000 	 -1000.0000 
	 89.0090 	 1.896866e-04 	 143.6480 	  0.9906 	 9.573897e+18 	 8.172228e+16 	 1.475246e-05 	 2.275169e-06 	 -1000.0000 	 -1000.0000 	 -1000.0000 	 -1000.0000 
	 89.7480 	 1.724241e-04 	 143.6121 	  0.9892 	 8.703254e+18 	 7.436096e+16 	 1.466174e-05 	 2.344950e-06 	 -1000.0000 	 -1000.0000 	 -1000.0000 	 -1000.0000 
	 89.8960 	 1.691803e-04 	 143.5858 	  0.9883 	 8.541144e+18 	 7.297237e+16 	 1.473312e-05 	 2.366861e-06 	 -1000.0000 	 -1000.0000 	 -1000.0000 	 -1000.0000 
	 90.0440 	 1.660002e-04 	 143.5531 	  0.9870 	 8.382632e+18 	 7.159846e+16 	 1.484765e-05 	 2.393224e-06 	 -1000.0000 	 -1000.0000 	 -1000.0000 	 -1000.0000 
	 90.1910 	 1.629013e-04 	 143.5145 	  0.9850 	 8.228511e+18 	 7.024173e+16 	 1.500994e-05 	 2.424609e-06 	 -1000.0000 	 -1000.0000 	 -1000.0000 	 -1000.0000 
	 90.3390 	 1.598380e-04 	 143.4696 	  0.9822 	 8.076441e+18 	 6.887705e+16 	 1.522795e-05 	 2.462229e-06 	 -1000.0000 	 -1000.0000 	 -1000.0000 	 -1000.0000 
	 91.0920 	 1.450269e-04 	 143.1661 	  0.9527 	 7.342934e+18 	 6.179530e+16 	 1.732700e-05 	 2.768344e-06 	 -1000.0000 	 -1000.0000 	 -1000.0000 	 -1000.0000 
	 91.2390 	 1.422786e-04 	 143.1020 	  0.9454 	 7.206765e+18 	 6.042294e+16 	 1.790529e-05 	 2.848985e-06 	 -1000.0000 	 -1000.0000 	 -1000.0000 	 -1000.0000 
	 91.3860 	 1.395775e-04 	 143.0411 	  0.9385 	 7.072800e+18 	 5.908198e+16 	 1.851802e-05 	 2.934582e-06 	 -1000.0000 	 -1000.0000 	 -1000.0000 	 -1000.0000 
	 91.5340 	 1.369061e-04 	 142.9851 	  0.9323 	 6.940120e+18 	 5.777641e+16 	 1.915999e-05 	 3.024857e-06 	 -1000.0000 	 -1000.0000 	 -1000.0000 	 -1000.0000 
	 91.6810 	 1.343008e-04 	 142.9369 	  0.9275 	 6.810488e+18 	 5.653659e+16 	 1.981276e-05 	 3.117670e-06 	 -1000.0000 	 -1000.0000 	 -1000.0000 	 -1000.0000 
	 92.4150 	 1.220163e-04 	 142.8549 	  0.9326 	 6.194589e+18 	 5.154139e+16 	 2.298952e-05 	 3.597793e-06 	 -1000.0000 	 -1000.0000 	 -1000.0000 	 -1000.0000 
	 92.5620 	 1.196977e-04 	 142.8608 	  0.9393 	 6.077630e+18 	 5.077641e+16 	 2.357395e-05 	 3.693024e-06 	 -1000.0000 	 -1000.0000 	 -1000.0000 	 -1000.0000 
	 92.7090 	 1.174242e-04 	 142.8668 	  0.9472 	 5.962895e+18 	 5.007192e+16 	 2.413563e-05 	 3.786960e-06 	 -1000.0000 	 -1000.0000 	 -1000.0000 	 -1000.0000 
	 92.8560 	 1.151948e-04 	 142.8693 	  0.9560 	 5.850424e+18 	 4.941936e+16 	 2.467281e-05 	 3.879240e-06 	 -1000.0000 	 -1000.0000 	 -1000.0000 	 -1000.0000 
	 93.0030 	 1.130085e-04 	 142.8650 	  0.9655 	 5.740261e+18 	 4.881014e+16 	 2.518402e-05 	 3.969548e-06 	 -1000.0000 	 -1000.0000 	 -1000.0000 	 -1000.0000 
