	 height_(km) 	 press_(mbar) 	 temp_(K) 	 temperr_(K) 	 numdens_(m-3) 	 numdenserr_(m-3) 	 H2Ovmr_() 	 H2Ovmrerr_() 	 D/H_(VSMOW) 	 D/Herr_(VSMOW) 	 18O/16O_(VSMOW) 	 18O/16Oerr_(VSMOW) 
	  6.7390 	 2.862724e+00 	 194.0123 	  6.2529 	 1.069053e+23 	 3.480927e+21 	 1.148760e-04 	 1.108921e-05 	  3.4654 	  0.6729 	 -1000.0000 	 -1000.0000 
	  6.8710 	 2.825341e+00 	 194.8375 	  6.1578 	 1.051074e+23 	 3.361438e+21 	 1.174924e-04 	 1.057394e-05 	  3.4423 	  0.6384 	 -1000.0000 	 -1000.0000 
	  7.6620 	 2.612758e+00 	 198.4539 	  5.6155 	 9.548288e+22 	 2.741149e+21 	 1.253961e-04 	 7.832116e-06 	  3.4566 	  0.4908 	 -1000.0000 	 -1000.0000 
	  7.7940 	 2.579097e+00 	 198.8745 	  5.5286 	 9.404587e+22 	 2.651767e+21 	 1.255882e-04 	 7.459849e-06 	  3.4795 	  0.4734 	 -1000.0000 	 -1000.0000 
	  7.9270 	 2.545679e+00 	 199.2567 	  5.4418 	 9.264030e+22 	 2.565262e+21 	 1.255149e-04 	 7.112462e-06 	  3.5072 	  0.4576 	 -1000.0000 	 -1000.0000 
	  8.0590 	 2.512997e+00 	 199.5989 	  5.3563 	 9.128487e+22 	 2.482733e+21 	 1.252021e-04 	 6.795004e-06 	  3.5387 	  0.4432 	 -1000.0000 	 -1000.0000 
	  8.1910 	 2.480787e+00 	 199.9082 	  5.2712 	 8.996640e+22 	 2.403320e+21 	 1.246759e-04 	 6.504207e-06 	  3.5737 	  0.4302 	 -1000.0000 	 -1000.0000 
	  8.9750 	 2.298668e+00 	 201.2967 	  4.7707 	 8.276426e+22 	 1.985047e+21 	 1.186386e-04 	 5.268053e-06 	  3.8242 	  0.3737 	 -1000.0000 	 -1000.0000 
	  9.1070 	 2.269460e+00 	 201.4931 	  4.6862 	 8.163511e+22 	 1.921793e+21 	 1.173916e-04 	 5.130330e-06 	  3.8683 	  0.3671 	 -1000.0000 	 -1000.0000 
	  9.2390 	 2.240646e+00 	 201.6899 	  4.6014 	 8.052355e+22 	 1.860080e+21 	 1.161542e-04 	 5.009196e-06 	  3.9114 	  0.3612 	 -1000.0000 	 -1000.0000 
	  9.3710 	 2.212214e+00 	 201.8911 	  4.5160 	 7.942715e+22 	 1.799710e+21 	 1.149555e-04 	 4.903329e-06 	  3.9527 	  0.3560 	 -1000.0000 	 -1000.0000 
	  9.5030 	 2.184156e+00 	 202.1009 	  4.4301 	 7.834347e+22 	 1.740486e+21 	 1.138238e-04 	 4.811449e-06 	  3.9917 	  0.3514 	 -1000.0000 	 -1000.0000 
	 10.2950 	 2.023363e+00 	 203.5268 	  3.9046 	 7.208363e+22 	 1.406030e+21 	 1.091410e-04 	 4.492631e-06 	  4.1603 	  0.3340 	 -1000.0000 	 -1000.0000 
	 10.4270 	 1.997822e+00 	 203.7524 	  3.8171 	 7.109354e+22 	 1.354447e+21 	 1.087328e-04 	 4.470159e-06 	  4.1773 	  0.3325 	 -1000.0000 	 -1000.0000 
	 10.5590 	 1.972641e+00 	 203.9618 	  3.7300 	 7.012295e+22 	 1.304292e+21 	 1.084211e-04 	 4.454048e-06 	  4.1916 	  0.3312 	 -1000.0000 	 -1000.0000 
	 10.6910 	 1.947820e+00 	 204.1502 	  3.6437 	 6.917346e+22 	 1.255653e+21 	 1.081927e-04 	 4.443281e-06 	  4.2035 	  0.3303 	 -1000.0000 	 -1000.0000 
	 10.8230 	 1.923361e+00 	 204.3129 	  3.5583 	 6.824670e+22 	 1.208620e+21 	 1.080277e-04 	 4.436783e-06 	  4.2136 	  0.3296 	 -1000.0000 	 -1000.0000 
	 11.6150 	 1.783856e+00 	 204.7441 	  3.0439 	 6.315097e+22 	 9.543124e+20 	 1.072034e-04 	 4.444629e-06 	  4.2718 	  0.3407 	 -1000.0000 	 -1000.0000 
	 11.7470 	 1.761707e+00 	 204.7650 	  2.9496 	 6.236159e+22 	 9.139601e+20 	 1.069314e-04 	 4.448158e-06 	  4.2862 	  0.3429 	 -1000.0000 	 -1000.0000 
	 11.8790 	 1.739841e+00 	 204.7842 	  2.8502 	 6.158372e+22 	 8.733806e+20 	 1.065857e-04 	 4.451073e-06 	  4.3032 	  0.3454 	 -1000.0000 	 -1000.0000 
	 12.0110 	 1.718245e+00 	 204.8065 	  2.7448 	 6.081528e+22 	 8.322707e+20 	 1.061610e-04 	 4.453178e-06 	  4.3228 	  0.3481 	 -1000.0000 	 -1000.0000 
	 12.1430 	 1.696907e+00 	 204.8367 	  2.6325 	 6.005416e+22 	 7.903274e+20 	 1.056601e-04 	 4.454532e-06 	  4.3451 	  0.3511 	 -1000.0000 	 -1000.0000 
	 12.9280 	 1.575051e+00 	 205.1762 	  1.8562 	 5.565880e+22 	 5.309407e+20 	 1.022782e-04 	 4.466728e-06 	  4.5074 	  0.3755 	 -1000.0000 	 -1000.0000 
	 13.0600 	 1.555414e+00 	 205.2195 	  1.7265 	 5.495244e+22 	 4.904343e+20 	 1.019074e-04 	 4.473961e-06 	  4.5336 	  0.3797 	 -1000.0000 	 -1000.0000 
	 13.1910 	 1.536174e+00 	 205.2457 	  1.6039 	 5.426427e+22 	 4.526050e+20 	 1.016656e-04 	 4.483759e-06 	  4.5576 	  0.3832 	 -1000.0000 	 -1000.0000 
	 13.3230 	 1.517037e+00 	 205.2501 	  1.4888 	 5.358515e+22 	 4.174393e+20 	 1.015709e-04 	 4.496547e-06 	  4.5791 	  0.3854 	 -1000.0000 	 -1000.0000 
	 13.4540 	 1.498295e+00 	 205.2279 	  1.3850 	 5.292670e+22 	 3.860286e+20 	 1.016422e-04 	 4.512313e-06 	  4.5971 	  0.3859 	 -1000.0000 	 -1000.0000 
	 14.2510 	 1.389412e+00 	 204.4777 	  1.0158 	 4.925451e+22 	 2.756230e+20 	 1.053043e-04 	 4.667912e-06 	  4.6106 	  0.3633 	 -1000.0000 	 -1000.0000 
	 14.3820 	 1.372275e+00 	 204.2833 	  0.9897 	 4.869395e+22 	 2.675358e+20 	 1.062496e-04 	 4.700512e-06 	  4.5949 	  0.3616 	 -1000.0000 	 -1000.0000 
	 14.5130 	 1.355326e+00 	 204.0787 	  0.9702 	 4.814173e+22 	 2.612205e+20 	 1.072299e-04 	 4.734279e-06 	  4.5742 	  0.3595 	 -1000.0000 	 -1000.0000 
	 14.6440 	 1.338556e+00 	 203.8678 	  0.9565 	 4.759641e+22 	 2.562802e+20 	 1.082178e-04 	 4.768913e-06 	  4.5491 	  0.3571 	 -1000.0000 	 -1000.0000 
	 14.7760 	 1.321828e+00 	 203.6524 	  0.9472 	 4.705249e+22 	 2.522903e+20 	 1.091907e-04 	 4.804269e-06 	  4.5204 	  0.3545 	 -1000.0000 	 -1000.0000 
	 15.5640 	 1.225420e+00 	 202.4170 	  0.9417 	 4.388850e+22 	 2.358009e+20 	 1.133106e-04 	 4.992389e-06 	  4.3470 	  0.3413 	 -1000.0000 	 -1000.0000 
	 15.6950 	 1.210011e+00 	 202.2224 	  0.9441 	 4.337809e+22 	 2.334695e+20 	 1.135955e-04 	 5.014403e-06 	  4.3289 	  0.3404 	 -1000.0000 	 -1000.0000 
	 15.8260 	 1.194794e+00 	 202.0308 	  0.9462 	 4.287290e+22 	 2.310777e+20 	 1.137482e-04 	 5.032354e-06 	  4.3159 	  0.3399 	 -1000.0000 	 -1000.0000 
	 15.9560 	 1.179888e+00 	 201.8439 	  0.9473 	 4.237701e+22 	 2.285794e+20 	 1.137736e-04 	 5.045784e-06 	  4.3084 	  0.3398 	 -1000.0000 	 -1000.0000 
	 16.0870 	 1.165070e+00 	 201.6587 	  0.9471 	 4.188310e+22 	 2.258704e+20 	 1.136851e-04 	 5.054724e-06 	  4.3061 	  0.3402 	 -1000.0000 	 -1000.0000 
	 16.8840 	 1.079231e+00 	 200.5689 	  0.9106 	 3.900898e+22 	 2.047075e+20 	 1.129647e-04 	 5.628514e-06 	  4.3817 	  0.3826 	 -1000.0000 	 -1000.0000 
	 17.0150 	 1.065753e+00 	 200.3850 	  0.9014 	 3.855719e+22 	 2.008953e+20 	 1.129116e-04 	 5.657159e-06 	  4.4047 	  0.3868 	 -1000.0000 	 -1000.0000 
	 17.1460 	 1.052430e+00 	 200.1966 	  0.8922 	 3.811091e+22 	 1.971330e+20 	 1.129328e-04 	 5.663873e-06 	  4.4298 	  0.3893 	 -1000.0000 	 -1000.0000 
	 17.2760 	 1.039351e+00 	 200.0038 	  0.8833 	 3.767335e+22 	 1.935015e+20 	 1.130463e-04 	 5.652497e-06 	  4.4563 	  0.3903 	 -1000.0000 	 -1000.0000 
	 17.4070 	 1.026308e+00 	 199.8026 	  0.8751 	 3.723767e+22 	 1.899983e+20 	 1.132717e-04 	 5.629503e-06 	  4.4840 	  0.3902 	 -1000.0000 	 -1000.0000 
	 18.2070 	 9.494253e-01 	 198.4678 	  0.8458 	 3.467783e+22 	 1.730042e+20 	 1.159701e-04 	 5.283048e-06 	  4.6351 	  0.3697 	 -1000.0000 	 -1000.0000 
	 18.3370 	 9.374087e-01 	 198.2599 	  0.8437 	 3.427500e+22 	 1.707740e+20 	 1.162621e-04 	 5.199320e-06 	  4.6495 	  0.3644 	 -1000.0000 	 -1000.0000 
	 18.4680 	 9.254444e-01 	 198.0611 	  0.8421 	 3.387183e+22 	 1.686105e+20 	 1.164170e-04 	 5.110178e-06 	  4.6594 	  0.3589 	 -1000.0000 	 -1000.0000 
	 18.5980 	 9.137188e-01 	 197.8775 	  0.8407 	 3.347414e+22 	 1.665226e+20 	 1.164030e-04 	 5.017984e-06 	  4.6646 	  0.3534 	 -1000.0000 	 -1000.0000 
	 18.7290 	 9.020552e-01 	 197.7092 	  0.8396 	 3.307544e+22 	 1.644536e+20 	 1.162046e-04 	 4.925200e-06 	  4.6653 	  0.3482 	 -1000.0000 	 -1000.0000 
	 19.5270 	 8.342999e-01 	 197.1357 	  0.8339 	 3.068104e+22 	 1.518695e+20 	 1.125633e-04 	 4.809518e-06 	  4.6040 	  0.3433 	 -1000.0000 	 -1000.0000 
	 19.6570 	 8.237618e-01 	 197.1153 	  0.8330 	 3.029652e+22 	 1.498149e+20 	 1.116328e-04 	 4.785575e-06 	  4.5892 	  0.3425 	 -1000.0000 	 -1000.0000 
	 19.7880 	 8.132725e-01 	 197.1147 	  0.8322 	 2.991067e+22 	 1.477456e+20 	 1.106837e-04 	 4.760846e-06 	  4.5742 	  0.3416 	 -1000.0000 	 -1000.0000 
	 19.9180 	 8.029877e-01 	 197.1337 	  0.8313 	 2.952941e+22 	 1.456942e+20 	 1.097640e-04 	 4.736098e-06 	  4.5591 	  0.3407 	 -1000.0000 	 -1000.0000 
	 20.0490 	 7.927450e-01 	 197.1722 	  0.8305 	 2.914689e+22 	 1.436300e+20 	 1.088916e-04 	 4.711404e-06 	  4.5439 	  0.3396 	 -1000.0000 	 -1000.0000 
	 20.8500 	 7.326823e-01 	 197.7864 	  0.8253 	 2.685465e+22 	 1.311699e+20 	 1.054713e-04 	 4.579389e-06 	  4.4555 	  0.3307 	 -1000.0000 	 -1000.0000 
	 20.9800 	 7.233676e-01 	 197.9350 	  0.8244 	 2.649326e+22 	 1.291961e+20 	 1.052181e-04 	 4.561659e-06 	  4.4436 	  0.3290 	 -1000.0000 	 -1000.0000 
	 21.1100 	 7.141799e-01 	 198.0937 	  0.8235 	 2.613576e+22 	 1.272423e+20 	 1.050361e-04 	 4.544927e-06 	  4.4331 	  0.3272 	 -1000.0000 	 -1000.0000 
	 21.2400 	 7.051214e-01 	 198.2610 	  0.8226 	 2.578248e+22 	 1.253108e+20 	 1.049154e-04 	 4.529076e-06 	  4.4240 	  0.3255 	 -1000.0000 	 -1000.0000 
	 21.3700 	 6.961945e-01 	 198.4355 	  0.8217 	 2.543377e+22 	 1.234041e+20 	 1.048446e-04 	 4.513965e-06 	  4.4164 	  0.3237 	 -1000.0000 	 -1000.0000 
	 22.1700 	 6.441107e-01 	 199.5138 	  0.8165 	 2.340566e+22 	 1.124147e+20 	 1.047124e-04 	 4.427403e-06 	  4.3848 	  0.3142 	 -1000.0000 	 -1000.0000 
	 22.3000 	 6.360746e-01 	 199.6518 	  0.8160 	 2.309758e+22 	 1.107911e+20 	 1.046108e-04 	 4.412917e-06 	  4.3793 	  0.3129 	 -1000.0000 	 -1000.0000 
	 22.4300 	 6.281468e-01 	 199.7682 	  0.8156 	 2.279614e+22 	 1.092249e+20 	 1.044533e-04 	 4.398009e-06 	  4.3729 	  0.3118 	 -1000.0000 	 -1000.0000 
	 22.5600 	 6.203232e-01 	 199.8591 	  0.8154 	 2.250158e+22 	 1.077203e+20 	 1.042302e-04 	 4.382622e-06 	  4.3656 	  0.3107 	 -1000.0000 	 -1000.0000 
	 22.6900 	 6.125995e-01 	 199.9202 	  0.8153 	 2.221412e+22 	 1.062818e+20 	 1.039332e-04 	 4.366714e-06 	  4.3577 	  0.3099 	 -1000.0000 	 -1000.0000 
	 23.4930 	 5.669194e-01 	 199.5502 	  0.8200 	 2.059419e+22 	 9.888075e+19 	 1.006803e-04 	 4.264836e-06 	  4.3077 	  0.3085 	 -1000.0000 	 -1000.0000 
	 23.6230 	 5.598324e-01 	 199.3812 	  0.8214 	 2.035414e+22 	 9.788484e+19 	 1.000082e-04 	 4.249668e-06 	  4.3006 	  0.3089 	 -1000.0000 	 -1000.0000 
	 23.7520 	 5.528796e-01 	 199.1879 	  0.8230 	 2.012112e+22 	 9.694005e+19 	 9.932623e-05 	 4.235512e-06 	  4.2941 	  0.3094 	 -1000.0000 	 -1000.0000 
	 23.8820 	 5.459515e-01 	 198.9688 	  0.8246 	 1.989116e+22 	 9.602721e+19 	 9.863426e-05 	 4.222365e-06 	  4.2884 	  0.3101 	 -1000.0000 	 -1000.0000 
	 24.0110 	 5.391527e-01 	 198.7291 	  0.8264 	 1.966746e+22 	 9.515589e+19 	 9.795605e-05 	 4.210656e-06 	  4.2833 	  0.3109 	 -1000.0000 	 -1000.0000 
	 24.8230 	 4.980085e-01 	 196.7874 	  0.8393 	 1.834634e+22 	 9.028472e+19 	 9.476531e-05 	 4.522437e-06 	  4.2641 	  0.3351 	 -1000.0000 	 -1000.0000 
	 24.9530 	 4.916769e-01 	 196.4160 	  0.8417 	 1.814730e+22 	 8.959364e+19 	 9.446552e-05 	 4.582885e-06 	  4.2633 	  0.3394 	 -1000.0000 	 -1000.0000 
	 25.0820 	 4.854614e-01 	 196.0330 	  0.8441 	 1.795284e+22 	 8.893035e+19 	 9.423876e-05 	 4.633523e-06 	  4.2631 	  0.3431 	 -1000.0000 	 -1000.0000 
	 25.2120 	 4.792649e-01 	 195.6335 	  0.8467 	 1.775982e+22 	 8.828394e+19 	 9.408865e-05 	 4.673696e-06 	  4.2635 	  0.3460 	 -1000.0000 	 -1000.0000 
	 25.3410 	 4.731818e-01 	 195.2243 	  0.8493 	 1.757107e+22 	 8.766371e+19 	 9.402321e-05 	 4.702275e-06 	  4.2644 	  0.3480 	 -1000.0000 	 -1000.0000 
	 26.1430 	 4.368008e-01 	 192.4921 	  0.8679 	 1.644983e+22 	 8.418520e+19 	 9.557120e-05 	 4.618649e-06 	  4.2901 	  0.3397 	 -1000.0000 	 -1000.0000 
	 26.2730 	 4.311343e-01 	 192.0423 	  0.8711 	 1.627452e+22 	 8.365722e+19 	 9.612723e-05 	 4.562281e-06 	  4.2994 	  0.3356 	 -1000.0000 	 -1000.0000 
	 26.4020 	 4.255746e-01 	 191.6008 	  0.8745 	 1.610176e+22 	 8.313578e+19 	 9.675479e-05 	 4.493428e-06 	  4.3106 	  0.3309 	 -1000.0000 	 -1000.0000 
	 26.5320 	 4.200350e-01 	 191.1634 	  0.8779 	 1.592865e+22 	 8.261005e+19 	 9.745735e-05 	 4.411719e-06 	  4.3236 	  0.3258 	 -1000.0000 	 -1000.0000 
	 26.6610 	 4.146007e-01 	 190.7393 	  0.8813 	 1.575764e+22 	 8.208540e+19 	 9.826894e-05 	 4.441371e-06 	  4.3383 	  0.3261 	 -1000.0000 	 -1000.0000 
	 27.4660 	 3.820769e-01 	 188.4195 	  0.9016 	 1.470035e+22 	 7.854161e+19 	 1.037500e-04 	 4.642417e-06 	  4.4505 	  0.3293 	 -1000.0000 	 -1000.0000 
	 27.5950 	 3.770825e-01 	 188.1077 	  0.9040 	 1.453221e+22 	 7.789190e+19 	 1.044803e-04 	 4.668174e-06 	  4.4674 	  0.3297 	 -1000.0000 	 -1000.0000 
	 27.7240 	 3.721467e-01 	 187.8144 	  0.9061 	 1.436439e+22 	 7.720865e+19 	 1.051069e-04 	 4.690292e-06 	  4.4830 	  0.3301 	 -1000.0000 	 -1000.0000 
	 27.8540 	 3.672315e-01 	 187.5379 	  0.9078 	 1.419558e+22 	 7.648215e+19 	 1.056130e-04 	 4.708306e-06 	  4.4971 	  0.3305 	 -1000.0000 	 -1000.0000 
	 27.9830 	 3.624119e-01 	 187.2832 	  0.9089 	 1.402836e+22 	 7.571957e+19 	 1.059788e-04 	 4.721602e-06 	  4.5092 	  0.3309 	 -1000.0000 	 -1000.0000 
	 28.7890 	 3.335762e-01 	 186.1018 	  0.9046 	 1.299432e+22 	 7.009425e+19 	 1.051443e-04 	 4.710278e-06 	  4.5292 	  0.3320 	 -1000.0000 	 -1000.0000 
	 28.9180 	 3.291623e-01 	 185.9603 	  0.9028 	 1.283208e+22 	 6.912489e+19 	 1.045819e-04 	 4.696837e-06 	  4.5227 	  0.3321 	 -1000.0000 	 -1000.0000 
	 29.0470 	 3.248031e-01 	 185.8264 	  0.9010 	 1.267119e+22 	 6.815803e+19 	 1.039268e-04 	 4.681223e-06 	  4.5133 	  0.3322 	 -1000.0000 	 -1000.0000 
	 29.1760 	 3.204982e-01 	 185.6981 	  0.8993 	 1.251183e+22 	 6.720151e+19 	 1.031894e-04 	 4.663789e-06 	  4.5012 	  0.3324 	 -1000.0000 	 -1000.0000 
	 29.3040 	 3.162802e-01 	 185.5743 	  0.8977 	 1.235538e+22 	 6.627037e+19 	 1.023835e-04 	 4.644899e-06 	  4.4867 	  0.3326 	 -1000.0000 	 -1000.0000 
	 30.1190 	 2.906347e-01 	 184.7055 	  0.8941 	 1.140772e+22 	 6.106990e+19 	 9.609309e-05 	 4.492962e-06 	  4.3573 	  0.3351 	 -1000.0000 	 -1000.0000 
	 30.2480 	 2.867583e-01 	 184.5236 	  0.8947 	 1.126666e+22 	 6.037699e+19 	 9.499856e-05 	 4.464919e-06 	  4.3333 	  0.3355 	 -1000.0000 	 -1000.0000 
	 30.3770 	 2.829292e-01 	 184.3206 	  0.8957 	 1.112837e+22 	 5.972207e+19 	 9.389729e-05 	 4.436153e-06 	  4.3092 	  0.3361 	 -1000.0000 	 -1000.0000 
	 30.5060 	 2.791466e-01 	 184.0933 	  0.8971 	 1.099297e+22 	 5.910600e+19 	 9.279559e-05 	 4.406861e-06 	  4.2852 	  0.3366 	 -1000.0000 	 -1000.0000 
	 30.6340 	 2.754381e-01 	 183.8406 	  0.8988 	 1.086159e+22 	 5.853395e+19 	 9.170918e-05 	 4.377594e-06 	  4.2616 	  0.3371 	 -1000.0000 	 -1000.0000 
	 31.4420 	 2.530154e-01 	 181.6601 	  0.9167 	 1.009579e+22 	 5.570176e+19 	 8.546586e-05 	 4.214347e-06 	  4.1277 	  0.3413 	  1.0960 	  0.1422 
	 31.5700 	 2.496149e-01 	 181.2699 	  0.9203 	 9.981634e+21 	 5.532651e+19 	 8.464389e-05 	 4.195094e-06 	  4.1103 	  0.3423 	  1.0931 	  0.1410 
	 31.6990 	 2.462287e-01 	 180.8796 	  0.9239 	 9.867659e+21 	 5.495335e+19 	 8.387981e-05 	 4.178018e-06 	  4.0941 	  0.3433 	  1.0908 	  0.1400 
	 31.8270 	 2.429087e-01 	 180.5007 	  0.9275 	 9.755308e+21 	 5.458258e+19 	 8.319188e-05 	 4.163261e-06 	  4.0794 	  0.3443 	  1.0891 	  0.1390 
	 31.9560 	 2.396028e-01 	 180.1328 	  0.9310 	 9.642497e+21 	 5.420283e+19 	 8.257714e-05 	 4.150099e-06 	  4.0654 	  0.3454 	  1.0877 	  0.1383 
	 32.7720 	 2.195920e-01 	 178.2726 	  0.9524 	 8.930248e+21 	 5.155352e+19 	 8.072200e-05 	 4.030815e-06 	  3.9610 	  0.3438 	  1.0788 	  0.1362 
	 32.9000 	 2.165901e-01 	 178.0378 	  0.9562 	 8.819702e+21 	 5.112737e+19 	 8.074670e-05 	 4.007312e-06 	  3.9363 	  0.3415 	  1.0757 	  0.1358 
	 33.0290 	 2.136013e-01 	 177.8103 	  0.9604 	 8.708996e+21 	 5.070498e+19 	 8.085453e-05 	 3.990907e-06 	  3.9078 	  0.3389 	  1.0716 	  0.1354 
	 33.1570 	 2.106713e-01 	 177.5914 	  0.9649 	 8.599982e+21 	 5.029645e+19 	 8.103680e-05 	 3.963059e-06 	  3.8754 	  0.3351 	  1.0665 	  0.1348 
	 33.2860 	 2.077542e-01 	 177.3754 	  0.9700 	 8.491095e+21 	 4.989901e+19 	 8.128683e-05 	 3.930122e-06 	  3.8389 	  0.3305 	  1.0604 	  0.1342 
	 34.0950 	 1.902528e-01 	 176.0228 	  1.0123 	 7.835844e+21 	 4.778184e+19 	 8.283613e-05 	 3.826645e-06 	  3.5866 	  0.3047 	  1.0135 	  0.1358 
	 34.2230 	 1.876062e-01 	 175.8004 	  1.0198 	 7.736747e+21 	 4.748237e+19 	 8.277490e-05 	 3.829552e-06 	  3.5547 	  0.3032 	  1.0072 	  0.1374 
	 34.3510 	 1.849922e-01 	 175.5737 	  1.0273 	 7.638930e+21 	 4.718458e+19 	 8.254840e-05 	 3.816748e-06 	  3.5283 	  0.3022 	  1.0020 	  0.1394 
	 34.4790 	 1.824107e-01 	 175.3420 	  1.0346 	 7.542403e+21 	 4.688558e+19 	 8.213264e-05 	 3.774790e-06 	  3.5089 	  0.3014 	  0.9982 	  0.1417 
	 34.6070 	 1.798612e-01 	 175.1045 	  1.0417 	 7.447175e+21 	 4.658245e+19 	 8.150906e-05 	 3.695354e-06 	  3.4976 	  0.3007 	  0.9961 	  0.1440 
	 36.7380 	 1.418764e-01 	 169.7643 	  1.0420 	 6.057877e+21 	 3.858783e+19 	 5.036172e-05 	 2.425874e-06 	  4.1798 	  0.6059 	 -1000.0000 	 -1000.0000 
	 36.8660 	 1.398452e-01 	 169.3851 	  1.0348 	 5.984562e+21 	 3.793414e+19 	 4.838710e-05 	 2.347171e-06 	  4.2414 	  0.6336 	 -1000.0000 	 -1000.0000 
	 36.9930 	 1.378557e-01 	 169.0179 	  1.0280 	 5.912330e+21 	 3.729911e+19 	 4.650866e-05 	 2.310179e-06 	  4.3010 	  0.6630 	 -1000.0000 	 -1000.0000 
	 37.1210 	 1.358759e-01 	 168.6608 	  1.0216 	 5.839904e+21 	 3.668089e+19 	 4.470023e-05 	 2.261250e-06 	  4.3583 	  0.6924 	 -1000.0000 	 -1000.0000 
	 37.2490 	 1.339214e-01 	 168.3202 	  1.0160 	 5.767714e+21 	 3.609272e+19 	 4.298722e-05 	 2.203912e-06 	  4.4117 	  0.7213 	 -1000.0000 	 -1000.0000 
	 38.0680 	 1.219880e-01 	 166.6190 	  1.0046 	 5.308097e+21 	 3.320183e+19 	 3.476636e-05 	 1.920949e-06 	  4.5365 	  0.8787 	 -1000.0000 	 -1000.0000 
	 38.1960 	 1.202100e-01 	 166.4122 	  1.0053 	 5.237190e+21 	 3.284188e+19 	 3.393041e-05 	 1.898822e-06 	  4.5034 	  0.8943 	 -1000.0000 	 -1000.0000 
	 38.3230 	 1.184684e-01 	 166.2172 	  1.0062 	 5.167292e+21 	 3.249384e+19 	 3.321381e-05 	 1.874303e-06 	  4.4532 	  0.9055 	 -1000.0000 	 -1000.0000 
	 38.4510 	 1.167358e-01 	 166.0288 	  1.0072 	 5.097378e+21 	 3.214663e+19 	 3.259924e-05 	 1.840050e-06 	  4.3854 	  0.9116 	 -1000.0000 	 -1000.0000 
	 38.5790 	 1.150255e-01 	 165.8466 	  1.0080 	 5.028075e+21 	 3.179741e+19 	 3.208523e-05 	 1.792060e-06 	  4.3020 	  0.9124 	 -1000.0000 	 -1000.0000 
	 39.3910 	 1.046909e-01 	 164.7966 	  1.0067 	 4.604858e+21 	 2.939075e+19 	 3.042735e-05 	 1.281660e-06 	  3.6322 	  0.8512 	 -1000.0000 	 -1000.0000 
	 39.5180 	 1.031551e-01 	 164.6601 	  1.0061 	 4.541086e+21 	 2.900123e+19 	 3.020537e-05 	 1.269118e-06 	  3.5394 	  0.8427 	 -1000.0000 	 -1000.0000 
	 39.6460 	 1.016294e-01 	 164.5339 	  1.0056 	 4.477409e+21 	 2.861165e+19 	 2.993714e-05 	 1.256796e-06 	  3.4564 	  0.8356 	 -1000.0000 	 -1000.0000 
	 39.7730 	 1.001376e-01 	 164.4216 	  1.0053 	 4.414799e+21 	 2.823046e+19 	 2.961095e-05 	 1.244254e-06 	  3.3864 	  0.8306 	 -1000.0000 	 -1000.0000 
	 39.9000 	 9.866777e-02 	 164.3235 	  1.0052 	 4.352734e+21 	 2.785695e+19 	 2.921386e-05 	 1.230802e-06 	  3.3295 	  0.8283 	 -1000.0000 	 -1000.0000 
	 40.7210 	 8.968227e-02 	 163.9760 	  1.0153 	 3.965582e+21 	 2.573553e+19 	 2.490280e-05 	 1.096164e-06 	  3.2595 	  0.8843 	 -1000.0000 	 -1000.0000 
	 40.8480 	 8.836702e-02 	 163.9308 	  1.0185 	 3.908473e+21 	 2.545992e+19 	 2.401725e-05 	 1.065856e-06 	  3.2896 	  0.9036 	 -1000.0000 	 -1000.0000 
	 40.9760 	 8.706012e-02 	 163.8764 	  1.0223 	 3.851857e+21 	 2.519784e+19 	 2.308392e-05 	 1.032814e-06 	  3.3299 	  0.9255 	 -1000.0000 	 -1000.0000 
	 41.1030 	 8.578143e-02 	 163.8096 	  1.0265 	 3.796684e+21 	 2.495388e+19 	 2.212441e-05 	 9.979246e-07 	  3.3787 	  0.9493 	 -1000.0000 	 -1000.0000 
	 41.2300 	 8.452013e-02 	 163.7262 	  1.0312 	 3.742575e+21 	 2.472644e+19 	 2.113861e-05 	 9.615256e-07 	  3.4354 	  0.9749 	 -1000.0000 	 -1000.0000 
	 42.0540 	 7.673148e-02 	 162.6449 	  1.0715 	 3.419011e+21 	 2.362470e+19 	 1.457422e-05 	 7.340131e-07 	 -1000.0000 	 -1000.0000 	 -1000.0000 	 -1000.0000 
	 42.1810 	 7.558957e-02 	 162.3995 	  1.0785 	 3.373100e+21 	 2.349670e+19 	 1.360480e-05 	 7.047351e-07 	 -1000.0000 	 -1000.0000 	 -1000.0000 	 -1000.0000 
	 42.3080 	 7.446276e-02 	 162.1356 	  1.0855 	 3.328142e+21 	 2.337502e+19 	 1.266528e-05 	 6.773542e-07 	 -1000.0000 	 -1000.0000 	 -1000.0000 	 -1000.0000 
	 42.4350 	 7.335087e-02 	 161.8543 	  1.0924 	 3.284100e+21 	 2.325791e+19 	 1.176179e-05 	 6.517497e-07 	 -1000.0000 	 -1000.0000 	 -1000.0000 	 -1000.0000 
	 42.5620 	 7.225373e-02 	 161.5563 	  1.0992 	 3.240936e+21 	 2.314366e+19 	 1.090006e-05 	 6.277146e-07 	 -1000.0000 	 -1000.0000 	 -1000.0000 	 -1000.0000 
	 44.6770 	 5.598387e-02 	 155.1131 	  1.1270 	 2.616341e+21 	 2.019667e+19 	 3.634927e-06 	 3.662195e-07 	 -1000.0000 	 -1000.0000 	 -1000.0000 	 -1000.0000 
	 44.8030 	 5.512543e-02 	 154.7510 	  1.1232 	 2.582246e+21 	 1.992328e+19 	 3.541769e-06 	 3.603666e-07 	 -1000.0000 	 -1000.0000 	 -1000.0000 	 -1000.0000 
	 44.9300 	 5.427218e-02 	 154.4131 	  1.1194 	 2.547855e+21 	 1.964441e+19 	 3.475696e-06 	 3.559533e-07 	 -1000.0000 	 -1000.0000 	 -1000.0000 	 -1000.0000 
	 45.0570 	 5.343090e-02 	 154.1076 	  1.1159 	 2.513367e+21 	 1.936449e+19 	 3.436355e-06 	 3.530711e-07 	 -1000.0000 	 -1000.0000 	 -1000.0000 	 -1000.0000 
	 45.1830 	 5.260800e-02 	 153.8413 	  1.1129 	 2.478987e+21 	 1.908797e+19 	 3.422457e-06 	 3.517523e-07 	 -1000.0000 	 -1000.0000 	 -1000.0000 	 -1000.0000 
	 46.0100 	 4.749449e-02 	 153.1868 	  1.1098 	 2.247673e+21 	 1.737386e+19 	 3.910929e-06 	 3.832295e-07 	 -1000.0000 	 -1000.0000 	 -1000.0000 	 -1000.0000 
	 46.1360 	 4.675901e-02 	 153.2496 	  1.1112 	 2.211940e+21 	 1.712226e+19 	 4.083336e-06 	 3.948072e-07 	 -1000.0000 	 -1000.0000 	 -1000.0000 	 -1000.0000 
	 46.2620 	 4.603501e-02 	 153.3525 	  1.1130 	 2.176210e+21 	 1.687072e+19 	 4.286981e-06 	 4.084294e-07 	 -1000.0000 	 -1000.0000 	 -1000.0000 	 -1000.0000 
	 46.3890 	 4.531688e-02 	 153.4958 	  1.1150 	 2.140248e+21 	 1.661635e+19 	 4.526487e-06 	 4.243321e-07 	 -1000.0000 	 -1000.0000 	 -1000.0000 	 -1000.0000 
	 46.5150 	 4.461592e-02 	 153.6761 	  1.1171 	 2.104668e+21 	 1.636226e+19 	 4.800905e-06 	 4.423568e-07 	 -1000.0000 	 -1000.0000 	 -1000.0000 	 -1000.0000 
	 47.3400 	 4.030562e-02 	 155.6456 	  1.1301 	 1.877487e+21 	 1.464191e+19 	 7.705132e-06 	 6.164435e-07 	 -1000.0000 	 -1000.0000 	 -1000.0000 	 -1000.0000 
	 47.4660 	 3.968881e-02 	 156.0286 	  1.1318 	 1.844199e+21 	 1.437725e+19 	 8.348129e-06 	 6.508717e-07 	 -1000.0000 	 -1000.0000 	 -1000.0000 	 -1000.0000 
	 47.5920 	 3.908265e-02 	 156.4224 	  1.1334 	 1.811423e+21 	 1.411437e+19 	 9.050577e-06 	 6.869460e-07 	 -1000.0000 	 -1000.0000 	 -1000.0000 	 -1000.0000 
	 47.7190 	 3.848234e-02 	 156.8264 	  1.1348 	 1.778956e+21 	 1.385203e+19 	 9.826158e-06 	 7.277647e-07 	 -1000.0000 	 -1000.0000 	 -1000.0000 	 -1000.0000 
	 47.8450 	 3.789721e-02 	 157.2302 	  1.1360 	 1.747358e+21 	 1.359518e+19 	 1.068885e-05 	 7.841268e-07 	 -1000.0000 	 -1000.0000 	 -1000.0000 	 -1000.0000 
	 48.6700 	 3.431146e-02 	 159.6833 	  1.1403 	 1.557799e+21 	 1.204037e+19 	 1.737468e-05 	 1.239771e-06 	 -1000.0000 	 -1000.0000 	 -1000.0000 	 -1000.0000 
	 48.7960 	 3.379888e-02 	 159.9891 	  1.1404 	 1.531603e+21 	 1.182614e+19 	 1.834810e-05 	 1.316978e-06 	 -1000.0000 	 -1000.0000 	 -1000.0000 	 -1000.0000 
	 48.9220 	 3.329492e-02 	 160.2661 	  1.1405 	 1.506153e+21 	 1.161892e+19 	 1.922496e-05 	 1.388934e-06 	 -1000.0000 	 -1000.0000 	 -1000.0000 	 -1000.0000 
	 49.0490 	 3.279543e-02 	 160.5125 	  1.1405 	 1.481261e+21 	 1.141747e+19 	 1.996769e-05 	 1.449684e-06 	 -1000.0000 	 -1000.0000 	 -1000.0000 	 -1000.0000 
	 49.1750 	 3.230805e-02 	 160.7207 	  1.1404 	 1.457324e+21 	 1.122526e+19 	 2.052147e-05 	 1.491754e-06 	 -1000.0000 	 -1000.0000 	 -1000.0000 	 -1000.0000 
	 49.9930 	 2.932733e-02 	 161.1167 	  1.1386 	 1.319414e+21 	 1.015721e+19 	 1.956648e-05 	 1.379293e-06 	 -1000.0000 	 -1000.0000 	 -1000.0000 	 -1000.0000 
	 50.1190 	 2.889459e-02 	 161.0515 	  1.1379 	 1.300484e+21 	 1.001455e+19 	 1.895269e-05 	 1.332425e-06 	 -1000.0000 	 -1000.0000 	 -1000.0000 	 -1000.0000 
	 50.2440 	 2.847178e-02 	 160.9609 	  1.1370 	 1.282202e+21 	 9.876981e+18 	 1.829751e-05 	 1.286014e-06 	 -1000.0000 	 -1000.0000 	 -1000.0000 	 -1000.0000 
	 50.3700 	 2.805197e-02 	 160.8460 	  1.1358 	 1.264233e+21 	 9.741653e+18 	 1.761538e-05 	 1.241354e-06 	 -1000.0000 	 -1000.0000 	 -1000.0000 	 -1000.0000 
	 50.4960 	 2.763840e-02 	 160.7101 	  1.1345 	 1.246687e+21 	 9.609032e+18 	 1.693277e-05 	 1.200254e-06 	 -1000.0000 	 -1000.0000 	 -1000.0000 	 -1000.0000 
	 51.3260 	 2.505804e-02 	 159.4233 	  1.1206 	 1.139494e+21 	 8.784607e+18 	 1.271570e-05 	 9.579449e-07 	 -1000.0000 	 -1000.0000 	 -1000.0000 	 -1000.0000 
	 51.4510 	 2.468932e-02 	 159.1795 	  1.1186 	 1.124441e+21 	 8.670544e+18 	 1.211002e-05 	 9.184301e-07 	 -1000.0000 	 -1000.0000 	 -1000.0000 	 -1000.0000 
	 51.5770 	 2.432246e-02 	 158.9223 	  1.1168 	 1.109518e+21 	 8.559286e+18 	 1.150753e-05 	 8.777852e-07 	 -1000.0000 	 -1000.0000 	 -1000.0000 	 -1000.0000 
	 51.7020 	 2.396311e-02 	 158.6563 	  1.1153 	 1.094952e+21 	 8.452961e+18 	 1.092095e-05 	 8.373229e-07 	 -1000.0000 	 -1000.0000 	 -1000.0000 	 -1000.0000 
	 51.8280 	 2.360536e-02 	 158.3778 	  1.1143 	 1.080496e+21 	 8.350235e+18 	 1.034387e-05 	 7.970213e-07 	 -1000.0000 	 -1000.0000 	 -1000.0000 	 -1000.0000 
	 52.6560 	 2.135960e-02 	 156.3377 	  1.1199 	 9.904517e+20 	 7.790600e+18 	 7.401078e-06 	 6.311043e-07 	 -1000.0000 	 -1000.0000 	 -1000.0000 	 -1000.0000 
	 52.7810 	 2.103640e-02 	 156.0062 	  1.1223 	 9.775411e+20 	 7.719909e+18 	 7.019432e-06 	 6.089570e-07 	 -1000.0000 	 -1000.0000 	 -1000.0000 	 -1000.0000 
	 52.9070 	 2.071486e-02 	 155.6681 	  1.1248 	 9.646940e+20 	 7.651103e+18 	 6.651160e-06 	 5.871075e-07 	 -1000.0000 	 -1000.0000 	 -1000.0000 	 -1000.0000 
	 53.0320 	 2.040012e-02 	 155.3294 	  1.1276 	 9.521091e+20 	 7.584853e+18 	 6.303097e-06 	 5.659488e-07 	 -1000.0000 	 -1000.0000 	 -1000.0000 	 -1000.0000 
	 53.1580 	 2.008714e-02 	 154.9855 	  1.1304 	 9.395801e+20 	 7.519674e+18 	 5.970759e-06 	 5.451940e-07 	 -1000.0000 	 -1000.0000 	 -1000.0000 	 -1000.0000 
	 53.9890 	 1.813044e-02 	 152.7606 	  1.1523 	 8.603235e+20 	 7.113405e+18 	 4.273575e-06 	 4.270614e-07 	 -1000.0000 	 -1000.0000 	 -1000.0000 	 -1000.0000 
	 54.1140 	 1.785185e-02 	 152.4576 	  1.1567 	 8.487865e+20 	 7.056127e+18 	 4.085607e-06 	 4.127655e-07 	 -1000.0000 	 -1000.0000 	 -1000.0000 	 -1000.0000 
	 54.2390 	 1.757725e-02 	 152.1702 	  1.1617 	 8.373159e+20 	 7.000093e+18 	 3.912514e-06 	 3.995310e-07 	 -1000.0000 	 -1000.0000 	 -1000.0000 	 -1000.0000 
	 54.3640 	 1.730659e-02 	 151.9007 	  1.1673 	 8.258997e+20 	 6.945391e+18 	 3.753280e-06 	 3.874067e-07 	 -1000.0000 	 -1000.0000 	 -1000.0000 	 -1000.0000 
	 54.4890 	 1.703984e-02 	 151.6517 	  1.1737 	 8.145261e+20 	 6.892105e+18 	 3.606854e-06 	 3.764376e-07 	 -1000.0000 	 -1000.0000 	 -1000.0000 	 -1000.0000 
	 55.3110 	 1.537998e-02 	 150.6176 	  1.2329 	 7.404229e+20 	 6.570252e+18 	 2.905821e-06 	 3.332854e-07 	 -1000.0000 	 -1000.0000 	 -1000.0000 	 -1000.0000 
	 55.4360 	 1.514153e-02 	 150.5495 	  1.2434 	 7.292965e+20 	 6.522105e+18 	 2.834515e-06 	 3.306216e-07 	 -1000.0000 	 -1000.0000 	 -1000.0000 	 -1000.0000 
	 55.5610 	 1.490666e-02 	 150.5034 	  1.2539 	 7.182230e+20 	 6.473082e+18 	 2.771540e-06 	 3.288065e-07 	 -1000.0000 	 -1000.0000 	 -1000.0000 	 -1000.0000 
	 55.6860 	 1.467535e-02 	 150.4786 	  1.2643 	 7.072079e+20 	 6.422804e+18 	 2.716517e-06 	 3.277721e-07 	 -1000.0000 	 -1000.0000 	 -1000.0000 	 -1000.0000 
	 55.8110 	 1.444755e-02 	 150.4746 	  1.2744 	 6.962567e+20 	 6.370890e+18 	 2.669047e-06 	 3.274499e-07 	 -1000.0000 	 -1000.0000 	 -1000.0000 	 -1000.0000 
	 57.9710 	 1.103191e-02 	 153.0321 	  1.2838 	 5.226306e+20 	 4.876397e+18 	 2.614921e-06 	 3.647054e-07 	 -1000.0000 	 -1000.0000 	 -1000.0000 	 -1000.0000 
	 58.0960 	 1.086236e-02 	 153.2665 	  1.2737 	 5.138130e+20 	 4.758501e+18 	 2.635877e-06 	 3.665744e-07 	 -1000.0000 	 -1000.0000 	 -1000.0000 	 -1000.0000 
	 58.2210 	 1.069566e-02 	 153.4967 	  1.2637 	 5.051672e+20 	 4.642834e+18 	 2.658799e-06 	 3.685757e-07 	 -1000.0000 	 -1000.0000 	 -1000.0000 	 -1000.0000 
	 58.3460 	 1.053178e-02 	 153.7198 	  1.2542 	 4.966992e+20 	 4.530742e+18 	 2.683844e-06 	 3.708134e-07 	 -1000.0000 	 -1000.0000 	 -1000.0000 	 -1000.0000 
	 58.4710 	 1.037068e-02 	 153.9333 	  1.2456 	 4.884150e+20 	 4.423573e+18 	 2.711231e-06 	 3.734061e-07 	 -1000.0000 	 -1000.0000 	 -1000.0000 	 -1000.0000 
	 59.2940 	 9.376303e-03 	 154.9972 	  1.2184 	 4.385198e+20 	 3.880968e+18 	 2.991810e-06 	 4.075139e-07 	 -1000.0000 	 -1000.0000 	 -1000.0000 	 -1000.0000 
	 59.4190 	 9.234693e-03 	 155.1105 	  1.2177 	 4.315844e+20 	 3.818251e+18 	 3.060221e-06 	 4.161780e-07 	 -1000.0000 	 -1000.0000 	 -1000.0000 	 -1000.0000 
	 59.5430 	 9.096493e-03 	 155.2122 	  1.2174 	 4.248512e+20 	 3.759189e+18 	 3.137799e-06 	 4.258742e-07 	 -1000.0000 	 -1000.0000 	 -1000.0000 	 -1000.0000 
	 59.6680 	 8.959410e-03 	 155.3048 	  1.2173 	 4.182043e+20 	 3.702126e+18 	 3.226832e-06 	 4.368176e-07 	 -1000.0000 	 -1000.0000 	 -1000.0000 	 -1000.0000 
	 59.7920 	 8.825577e-03 	 155.3875 	  1.2173 	 4.117428e+20 	 3.647282e+18 	 3.326877e-06 	 4.488819e-07 	 -1000.0000 	 -1000.0000 	 -1000.0000 	 -1000.0000 
	 60.6270 	 7.976285e-03 	 155.7799 	  1.2154 	 3.711795e+20 	 3.295845e+18 	 4.331779e-06 	 5.607883e-07 	 -1000.0000 	 -1000.0000 	 -1000.0000 	 -1000.0000 
	 60.7510 	 7.857453e-03 	 155.8286 	  1.2159 	 3.655350e+20 	 3.247231e+18 	 4.525647e-06 	 5.811753e-07 	 -1000.0000 	 -1000.0000 	 -1000.0000 	 -1000.0000 
	 60.8760 	 7.739470e-03 	 155.8793 	  1.2170 	 3.599300e+20 	 3.199728e+18 	 4.730903e-06 	 6.024513e-07 	 -1000.0000 	 -1000.0000 	 -1000.0000 	 -1000.0000 
	 61.0000 	 7.624191e-03 	 155.9327 	  1.2188 	 3.544491e+20 	 3.154294e+18 	 4.943565e-06 	 6.241804e-07 	 -1000.0000 	 -1000.0000 	 -1000.0000 	 -1000.0000 
	 61.1240 	 7.510631e-03 	 155.9905 	  1.2215 	 3.490422e+20 	 3.110739e+18 	 5.164540e-06 	 6.464352e-07 	 -1000.0000 	 -1000.0000 	 -1000.0000 	 -1000.0000 
	 61.9570 	 6.790574e-03 	 156.5895 	  1.2594 	 3.143749e+20 	 2.861763e+18 	 6.785316e-06 	 8.017298e-07 	 -1000.0000 	 -1000.0000 	 -1000.0000 	 -1000.0000 
	 62.0810 	 6.689665e-03 	 156.7220 	  1.2651 	 3.094419e+20 	 2.826387e+18 	 7.029260e-06 	 8.243726e-07 	 -1000.0000 	 -1000.0000 	 -1000.0000 	 -1000.0000 
	 62.2060 	 6.589574e-03 	 156.8698 	  1.2699 	 3.045253e+20 	 2.789647e+18 	 7.270824e-06 	 8.467191e-07 	 -1000.0000 	 -1000.0000 	 -1000.0000 	 -1000.0000 
	 62.3300 	 6.491899e-03 	 157.0317 	  1.2735 	 2.997024e+20 	 2.751607e+18 	 7.504419e-06 	 8.682954e-07 	 -1000.0000 	 -1000.0000 	 -1000.0000 	 -1000.0000 
	 62.4540 	 6.395827e-03 	 157.2098 	  1.2755 	 2.949326e+20 	 2.711459e+18 	 7.730311e-06 	 8.891704e-07 	 -1000.0000 	 -1000.0000 	 -1000.0000 	 -1000.0000 
	 63.2870 	 5.790989e-03 	 158.8599 	  1.2429 	 2.642441e+20 	 2.377547e+18 	 8.978571e-06 	 1.007570e-06 	 -1000.0000 	 -1000.0000 	 -1000.0000 	 -1000.0000 
	 63.4110 	 5.706704e-03 	 159.1695 	  1.2340 	 2.598887e+20 	 2.322900e+18 	 9.125192e-06 	 1.022297e-06 	 -1000.0000 	 -1000.0000 	 -1000.0000 	 -1000.0000 
	 63.5360 	 5.623165e-03 	 159.4969 	  1.2248 	 2.555578e+20 	 2.268115e+18 	 9.263710e-06 	 1.036535e-06 	 -1000.0000 	 -1000.0000 	 -1000.0000 	 -1000.0000 
	 63.6600 	 5.541680e-03 	 159.8362 	  1.2159 	 2.513220e+20 	 2.214621e+18 	 9.392276e-06 	 1.050111e-06 	 -1000.0000 	 -1000.0000 	 -1000.0000 	 -1000.0000 
	 63.7840 	 5.461545e-03 	 160.1896 	  1.2075 	 2.471479e+20 	 2.162524e+18 	 9.512393e-06 	 1.063192e-06 	 -1000.0000 	 -1000.0000 	 -1000.0000 	 -1000.0000 
	 64.6100 	 4.960290e-03 	 162.8143 	  1.1785 	 2.209931e+20 	 1.873591e+18 	 1.011895e-05 	 1.140567e-06 	 -1000.0000 	 -1000.0000 	 -1000.0000 	 -1000.0000 
	 64.7340 	 4.889668e-03 	 163.2256 	  1.1779 	 2.173221e+20 	 1.838678e+18 	 1.018349e-05 	 1.150940e-06 	 -1000.0000 	 -1000.0000 	 -1000.0000 	 -1000.0000 
	 64.8580 	 4.820189e-03 	 163.6348 	  1.1782 	 2.137197e+20 	 1.805681e+18 	 1.024172e-05 	 1.161034e-06 	 -1000.0000 	 -1000.0000 	 -1000.0000 	 -1000.0000 
	 64.9810 	 4.752376e-03 	 164.0363 	  1.1791 	 2.102145e+20 	 1.774739e+18 	 1.029345e-05 	 1.170785e-06 	 -1000.0000 	 -1000.0000 	 -1000.0000 	 -1000.0000 
	 65.1050 	 4.685105e-03 	 164.4342 	  1.1807 	 2.067502e+20 	 1.745248e+18 	 1.033974e-05 	 1.180365e-06 	 -1000.0000 	 -1000.0000 	 -1000.0000 	 -1000.0000 
	 67.2360 	 3.678056e-03 	 167.9603 	  1.2466 	 1.586357e+20 	 1.403478e+18 	 1.041738e-05 	 1.316782e-06 	 -1000.0000 	 -1000.0000 	 -1000.0000 	 -1000.0000 
	 67.3590 	 3.627315e-03 	 167.8798 	  1.2491 	 1.565102e+20 	 1.388368e+18 	 1.039175e-05 	 1.322720e-06 	 -1000.0000 	 -1000.0000 	 -1000.0000 	 -1000.0000 
	 67.4820 	 3.577266e-03 	 167.7668 	  1.2512 	 1.544461e+20 	 1.373453e+18 	 1.036394e-05 	 1.328196e-06 	 -1000.0000 	 -1000.0000 	 -1000.0000 	 -1000.0000 
	 67.6050 	 3.527895e-03 	 167.6218 	  1.2528 	 1.524412e+20 	 1.358706e+18 	 1.033411e-05 	 1.333153e-06 	 -1000.0000 	 -1000.0000 	 -1000.0000 	 -1000.0000 
	 67.7280 	 3.479184e-03 	 167.4453 	  1.2539 	 1.504932e+20 	 1.344097e+18 	 1.030242e-05 	 1.337533e-06 	 -1000.0000 	 -1000.0000 	 -1000.0000 	 -1000.0000 
	 69.8890 	 2.714547e-03 	 159.8438 	  1.1591 	 1.231185e+20 	 1.084683e+18 	 9.603524e-06 	 1.266624e-06 	 -1000.0000 	 -1000.0000 	 -1000.0000 	 -1000.0000 
	 70.0120 	 2.675423e-03 	 159.2364 	  1.1498 	 1.218050e+20 	 1.070454e+18 	 9.566063e-06 	 1.255340e-06 	 -1000.0000 	 -1000.0000 	 -1000.0000 	 -1000.0000 
	 70.1340 	 2.637036e-03 	 158.6346 	  1.1415 	 1.205111e+20 	 1.056971e+18 	 9.530856e-06 	 1.244597e-06 	 -1000.0000 	 -1000.0000 	 -1000.0000 	 -1000.0000 
	 70.2570 	 2.598754e-03 	 158.0323 	  1.1344 	 1.192130e+20 	 1.044145e+18 	 9.497709e-06 	 1.234527e-06 	 -1000.0000 	 -1000.0000 	 -1000.0000 	 -1000.0000 
	 70.3800 	 2.560888e-03 	 157.4385 	  1.1287 	 1.179183e+20 	 1.032224e+18 	 9.467324e-06 	 1.225539e-06 	 -1000.0000 	 -1000.0000 	 -1000.0000 	 -1000.0000 
	 71.2120 	 2.315544e-03 	 153.7654 	  1.1409 	 1.091732e+20 	 9.801934e+17 	 9.357651e-06 	 1.205226e-06 	 -1000.0000 	 -1000.0000 	 -1000.0000 	 -1000.0000 
	 71.3340 	 2.281166e-03 	 153.2579 	  1.1492 	 1.079086e+20 	 9.763298e+17 	 9.356838e-06 	 1.207220e-06 	 -1000.0000 	 -1000.0000 	 -1000.0000 	 -1000.0000 
	 71.4570 	 2.246927e-03 	 152.7469 	  1.1589 	 1.066442e+20 	 9.732230e+17 	 9.360074e-06 	 1.210067e-06 	 -1000.0000 	 -1000.0000 	 -1000.0000 	 -1000.0000 
	 71.5790 	 2.213387e-03 	 152.2380 	  1.1698 	 1.054027e+20 	 9.708595e+17 	 9.367309e-06 	 1.213560e-06 	 -1000.0000 	 -1000.0000 	 -1000.0000 	 -1000.0000 
	 71.7010 	 2.180267e-03 	 151.7245 	  1.1816 	 1.041757e+20 	 9.691476e+17 	 9.378540e-06 	 1.217556e-06 	 -1000.0000 	 -1000.0000 	 -1000.0000 	 -1000.0000 
	 72.5420 	 1.963214e-03 	 148.0024 	  1.2808 	 9.615951e+19 	 9.685935e+17 	 9.541642e-06 	 1.249272e-06 	 -1000.0000 	 -1000.0000 	 -1000.0000 	 -1000.0000 
	 72.6640 	 1.933251e-03 	 147.4587 	  1.2962 	 9.504163e+19 	 9.689152e+17 	 9.570137e-06 	 1.253954e-06 	 -1000.0000 	 -1000.0000 	 -1000.0000 	 -1000.0000 
	 72.7870 	 1.903401e-03 	 146.9178 	  1.3115 	 9.391946e+19 	 9.690066e+17 	 9.597868e-06 	 1.258624e-06 	 -1000.0000 	 -1000.0000 	 -1000.0000 	 -1000.0000 
	 72.9090 	 1.874137e-03 	 146.3910 	  1.3264 	 9.280895e+19 	 9.687536e+17 	 9.623630e-06 	 1.263183e-06 	 -1000.0000 	 -1000.0000 	 -1000.0000 	 -1000.0000 
	 73.0310 	 1.845203e-03 	 145.8767 	  1.3409 	 9.169874e+19 	 9.680458e+17 	 9.646907e-06 	 1.267647e-06 	 -1000.0000 	 -1000.0000 	 -1000.0000 	 -1000.0000 
	 73.8720 	 1.654455e-03 	 142.9148 	  1.4209 	 8.391582e+19 	 9.439970e+17 	 9.692295e-06 	 1.294234e-06 	 -1000.0000 	 -1000.0000 	 -1000.0000 	 -1000.0000 
	 73.9940 	 1.628137e-03 	 142.6106 	  1.4291 	 8.275742e+19 	 9.372227e+17 	 9.677922e-06 	 1.297249e-06 	 -1000.0000 	 -1000.0000 	 -1000.0000 	 -1000.0000 
	 74.1170 	 1.601983e-03 	 142.3468 	  1.4364 	 8.157994e+19 	 9.294541e+17 	 9.657149e-06 	 1.300014e-06 	 -1000.0000 	 -1000.0000 	 -1000.0000 	 -1000.0000 
	 74.2390 	 1.576429e-03 	 142.1315 	  1.4426 	 8.040185e+19 	 9.207858e+17 	 9.630018e-06 	 1.302463e-06 	 -1000.0000 	 -1000.0000 	 -1000.0000 	 -1000.0000 
	 74.3610 	 1.551273e-03 	 141.9659 	  1.4477 	 7.921294e+19 	 9.111270e+17 	 9.596097e-06 	 1.304600e-06 	 -1000.0000 	 -1000.0000 	 -1000.0000 	 -1000.0000 
	 75.1950 	 1.390343e-03 	 142.3589 	  1.4553 	 7.079890e+19 	 8.191874e+17 	 9.187182e-06 	 1.311290e-06 	 -1000.0000 	 -1000.0000 	 -1000.0000 	 -1000.0000 
	 75.3170 	 1.368383e-03 	 142.6480 	  1.4529 	 6.953863e+19 	 8.026991e+17 	 9.107913e-06 	 1.311572e-06 	 -1000.0000 	 -1000.0000 	 -1000.0000 	 -1000.0000 
	 75.4390 	 1.346810e-03 	 142.9971 	  1.4497 	 6.827484e+19 	 7.856718e+17 	 9.025720e-06 	 1.311822e-06 	 -1000.0000 	 -1000.0000 	 -1000.0000 	 -1000.0000 
	 75.5610 	 1.325621e-03 	 143.4065 	  1.4459 	 6.700892e+19 	 7.681864e+17 	 8.941305e-06 	 1.312090e-06 	 -1000.0000 	 -1000.0000 	 -1000.0000 	 -1000.0000 
	 75.6830 	 1.304808e-03 	 143.8763 	  1.4414 	 6.574222e+19 	 7.503238e+17 	 8.855374e-06 	 1.312428e-06 	 -1000.0000 	 -1000.0000 	 -1000.0000 	 -1000.0000 
	 76.5250 	 1.171232e-03 	 148.6801 	  1.3958 	 5.711767e+19 	 6.226214e+17 	 8.269502e-06 	 1.320101e-06 	 -1000.0000 	 -1000.0000 	 -1000.0000 	 -1000.0000 
	 76.6470 	 1.153346e-03 	 149.5655 	  1.3869 	 5.591133e+19 	 6.041785e+17 	 8.190817e-06 	 1.322332e-06 	 -1000.0000 	 -1000.0000 	 -1000.0000 	 -1000.0000 
	 76.7690 	 1.135837e-03 	 150.4877 	  1.3772 	 5.472302e+19 	 5.859179e+17 	 8.114870e-06 	 1.324925e-06 	 -1000.0000 	 -1000.0000 	 -1000.0000 	 -1000.0000 
	 76.8910 	 1.118707e-03 	 151.4431 	  1.3668 	 5.355512e+19 	 5.678957e+17 	 8.042049e-06 	 1.327903e-06 	 -1000.0000 	 -1000.0000 	 -1000.0000 	 -1000.0000 
	 77.0130 	 1.101957e-03 	 152.4280 	  1.3556 	 5.241004e+19 	 5.501679e+17 	 7.972737e-06 	 1.331293e-06 	 -1000.0000 	 -1000.0000 	 -1000.0000 	 -1000.0000 
	 77.8480 	 9.972032e-04 	 159.5628 	  1.2611 	 4.531681e+19 	 4.404161e+17 	 7.604700e-06 	 1.365281e-06 	 -1000.0000 	 -1000.0000 	 -1000.0000 	 -1000.0000 
	 77.9700 	 9.831851e-04 	 160.5835 	  1.2462 	 4.439610e+19 	 4.264441e+17 	 7.564463e-06 	 1.371318e-06 	 -1000.0000 	 -1000.0000 	 -1000.0000 	 -1000.0000 
	 78.0910 	 9.695594e-04 	 161.5690 	  1.2315 	 4.351296e+19 	 4.131886e+17 	 7.527203e-06 	 1.377418e-06 	 -1000.0000 	 -1000.0000 	 -1000.0000 	 -1000.0000 
	 78.2130 	 9.560849e-04 	 162.5282 	  1.2170 	 4.265311e+19 	 4.004582e+17 	 7.492041e-06 	 1.383626e-06 	 -1000.0000 	 -1000.0000 	 -1000.0000 	 -1000.0000 
	 78.3340 	 9.429665e-04 	 163.4380 	  1.2030 	 4.183094e+19 	 3.884894e+17 	 7.459296e-06 	 1.389787e-06 	 -1000.0000 	 -1000.0000 	 -1000.0000 	 -1000.0000 
	 79.1780 	 8.573063e-04 	 168.2771 	  1.1245 	 3.692326e+19 	 3.233876e+17 	 7.278408e-06 	 1.431129e-06 	 -1000.0000 	 -1000.0000 	 -1000.0000 	 -1000.0000 
	 79.3000 	 8.457066e-04 	 168.7593 	  1.1153 	 3.632044e+19 	 3.162002e+17 	 7.259555e-06 	 1.437171e-06 	 -1000.0000 	 -1000.0000 	 -1000.0000 	 -1000.0000 
	 79.4210 	 8.343870e-04 	 169.1872 	  1.1064 	 3.574518e+19 	 3.094846e+17 	 7.242926e-06 	 1.443293e-06 	 -1000.0000 	 -1000.0000 	 -1000.0000 	 -1000.0000 
	 79.5430 	 8.231568e-04 	 169.5693 	  1.0977 	 3.518660e+19 	 3.030814e+17 	 7.228331e-06 	 1.449635e-06 	 -1000.0000 	 -1000.0000 	 -1000.0000 	 -1000.0000 
	 79.6640 	 8.121968e-04 	 169.9007 	  1.0891 	 3.465252e+19 	 2.970476e+17 	 7.216088e-06 	 1.456131e-06 	 -1000.0000 	 -1000.0000 	 -1000.0000 	 -1000.0000 
	 80.5010 	 7.409026e-04 	 171.0175 	  1.0326 	 3.140820e+19 	 2.615524e+17 	 7.188498e-06 	 1.508520e-06 	 -1000.0000 	 -1000.0000 	 -1000.0000 	 -1000.0000 
	 80.6220 	 7.311862e-04 	 171.0286 	  1.0262 	 3.099410e+19 	 2.572972e+17 	 7.190146e-06 	 1.517221e-06 	 -1000.0000 	 -1000.0000 	 -1000.0000 	 -1000.0000 
	 80.7430 	 7.216021e-04 	 171.0068 	  1.0205 	 3.059153e+19 	 2.532789e+17 	 7.192414e-06 	 1.526203e-06 	 -1000.0000 	 -1000.0000 	 -1000.0000 	 -1000.0000 
	 80.8640 	 7.121444e-04 	 170.9539 	  1.0159 	 3.019972e+19 	 2.495034e+17 	 7.195029e-06 	 1.535467e-06 	 -1000.0000 	 -1000.0000 	 -1000.0000 	 -1000.0000 
	 80.9860 	 7.027308e-04 	 170.8708 	  1.0125 	 2.981477e+19 	 2.459479e+17 	 7.197742e-06 	 1.545089e-06 	 -1000.0000 	 -1000.0000 	 -1000.0000 	 -1000.0000 
	 81.8240 	 6.410380e-04 	 169.6059 	  1.0236 	 2.739559e+19 	 2.280663e+17 	 7.204105e-06 	 1.617384e-06 	 -1000.0000 	 -1000.0000 	 -1000.0000 	 -1000.0000 
	 81.9450 	 6.325342e-04 	 169.3336 	  1.0288 	 2.707496e+19 	 2.262253e+17 	 7.202843e-06 	 1.628190e-06 	 -1000.0000 	 -1000.0000 	 -1000.0000 	 -1000.0000 
	 82.0660 	 6.241282e-04 	 169.0411 	  1.0346 	 2.676085e+19 	 2.245087e+17 	 7.201045e-06 	 1.638932e-06 	 -1000.0000 	 -1000.0000 	 -1000.0000 	 -1000.0000 
	 82.1860 	 6.158868e-04 	 168.7315 	  1.0405 	 2.645554e+19 	 2.229083e+17 	 7.198739e-06 	 1.649471e-06 	 -1000.0000 	 -1000.0000 	 -1000.0000 	 -1000.0000 
	 82.3070 	 6.076713e-04 	 168.4006 	  1.0466 	 2.615370e+19 	 2.213763e+17 	 7.195900e-06 	 1.659934e-06 	 -1000.0000 	 -1000.0000 	 -1000.0000 	 -1000.0000 
	 84.4370 	 4.771559e-04 	 160.3339 	  1.0116 	 2.157376e+19 	 1.866889e+17 	 7.079364e-06 	 1.767405e-06 	 -1000.0000 	 -1000.0000 	 -1000.0000 	 -1000.0000 
	 84.5570 	 4.705282e-04 	 159.8268 	  0.9994 	 2.134150e+19 	 1.838338e+17 	 7.071545e-06 	 1.768452e-06 	 -1000.0000 	 -1000.0000 	 -1000.0000 	 -1000.0000 
	 84.6780 	 4.639192e-04 	 159.3238 	  0.9874 	 2.110815e+19 	 1.809800e+17 	 7.064169e-06 	 1.769398e-06 	 -1000.0000 	 -1000.0000 	 -1000.0000 	 -1000.0000 
	 84.7980 	 4.574379e-04 	 158.8359 	  0.9762 	 2.087725e+19 	 1.782082e+17 	 7.057491e-06 	 1.770340e-06 	 -1000.0000 	 -1000.0000 	 -1000.0000 	 -1000.0000 
	 84.9190 	 4.509756e-04 	 158.3577 	  0.9658 	 2.064465e+19 	 1.755062e+17 	 7.051537e-06 	 1.771406e-06 	 -1000.0000 	 -1000.0000 	 -1000.0000 	 -1000.0000 
	 85.7600 	 4.080683e-04 	 155.5060 	  0.9367 	 1.902456e+19 	 1.607791e+17 	 7.038702e-06 	 1.787924e-06 	 -1000.0000 	 -1000.0000 	 -1000.0000 	 -1000.0000 
	 85.8800 	 4.022312e-04 	 155.1500 	  0.9376 	 1.879542e+19 	 1.591653e+17 	 7.040941e-06 	 1.791633e-06 	 -1000.0000 	 -1000.0000 	 -1000.0000 	 -1000.0000 
	 86.0000 	 3.964652e-04 	 154.8004 	  0.9392 	 1.856770e+19 	 1.576287e+17 	 7.044120e-06 	 1.795633e-06 	 -1000.0000 	 -1000.0000 	 -1000.0000 	 -1000.0000 
	 86.1200 	 3.907704e-04 	 154.4551 	  0.9415 	 1.834169e+19 	 1.561542e+17 	 7.048210e-06 	 1.799908e-06 	 -1000.0000 	 -1000.0000 	 -1000.0000 	 -1000.0000 
	 86.2400 	 3.851466e-04 	 154.1121 	  0.9441 	 1.811771e+19 	 1.547266e+17 	 7.053180e-06 	 1.804440e-06 	 -1000.0000 	 -1000.0000 	 -1000.0000 	 -1000.0000 
	 87.0800 	 3.477389e-04 	 151.6617 	  0.9654 	 1.662143e+19 	 1.452434e+17 	 7.109527e-06 	 1.842509e-06 	 -1000.0000 	 -1000.0000 	 -1000.0000 	 -1000.0000 
	 87.2000 	 3.426633e-04 	 151.3037 	  0.9688 	 1.641764e+19 	 1.439511e+17 	 7.120160e-06 	 1.848878e-06 	 -1000.0000 	 -1000.0000 	 -1000.0000 	 -1000.0000 
	 87.3200 	 3.376515e-04 	 150.9444 	  0.9723 	 1.621608e+19 	 1.426794e+17 	 7.131311e-06 	 1.855497e-06 	 -1000.0000 	 -1000.0000 	 -1000.0000 	 -1000.0000 
	 87.4400 	 3.327024e-04 	 150.5843 	  0.9760 	 1.601669e+19 	 1.414300e+17 	 7.142937e-06 	 1.862371e-06 	 -1000.0000 	 -1000.0000 	 -1000.0000 	 -1000.0000 
	 87.5600 	 3.278148e-04 	 150.2236 	  0.9799 	 1.581937e+19 	 1.402049e+17 	 7.154995e-06 	 1.869506e-06 	 -1000.0000 	 -1000.0000 	 -1000.0000 	 -1000.0000 
	 88.4100 	 2.948799e-04 	 147.6798 	  1.0126 	 1.447530e+19 	 1.321327e+17 	 7.243685e-06 	 1.926273e-06 	 -1000.0000 	 -1000.0000 	 -1000.0000 	 -1000.0000 
	 88.5300 	 2.904623e-04 	 147.3269 	  1.0170 	 1.429260e+19 	 1.310115e+17 	 7.254204e-06 	 1.934598e-06 	 -1000.0000 	 -1000.0000 	 -1000.0000 	 -1000.0000 
	 88.6500 	 2.861010e-04 	 146.9767 	  1.0211 	 1.411154e+19 	 1.298740e+17 	 7.263528e-06 	 1.942830e-06 	 -1000.0000 	 -1000.0000 	 -1000.0000 	 -1000.0000 
	 88.7700 	 2.817957e-04 	 146.6296 	  1.0248 	 1.393209e+19 	 1.287134e+17 	 7.271426e-06 	 1.950911e-06 	 -1000.0000 	 -1000.0000 	 -1000.0000 	 -1000.0000 
	 88.8900 	 2.775459e-04 	 146.2860 	  1.0280 	 1.375421e+19 	 1.275227e+17 	 7.277669e-06 	 1.958786e-06 	 -1000.0000 	 -1000.0000 	 -1000.0000 	 -1000.0000 
	 89.7330 	 2.492185e-04 	 143.9918 	  1.0333 	 1.254707e+19 	 1.181137e+17 	 7.267113e-06 	 2.006382e-06 	 -1000.0000 	 -1000.0000 	 -1000.0000 	 -1000.0000 
	 89.8530 	 2.453958e-04 	 143.6824 	  1.0325 	 1.238118e+19 	 1.166863e+17 	 7.259327e-06 	 2.012407e-06 	 -1000.0000 	 -1000.0000 	 -1000.0000 	 -1000.0000 
	 89.9720 	 2.416545e-04 	 143.3798 	  1.0316 	 1.221814e+19 	 1.152706e+17 	 7.250610e-06 	 2.018330e-06 	 -1000.0000 	 -1000.0000 	 -1000.0000 	 -1000.0000 
	 90.0920 	 2.379310e-04 	 143.0786 	  1.0306 	 1.205519e+19 	 1.138500e+17 	 7.241006e-06 	 2.024297e-06 	 -1000.0000 	 -1000.0000 	 -1000.0000 	 -1000.0000 
	 90.2110 	 2.342867e-04 	 142.7840 	  1.0298 	 1.189506e+19 	 1.124554e+17 	 7.230863e-06 	 2.030254e-06 	 -1000.0000 	 -1000.0000 	 -1000.0000 	 -1000.0000 
	 91.0560 	 2.097378e-04 	 140.7769 	  1.0326 	 1.080098e+19 	 1.033906e+17 	 7.157379e-06 	 2.078134e-06 	 -1000.0000 	 -1000.0000 	 -1000.0000 	 -1000.0000 
	 91.1750 	 2.064623e-04 	 140.4968 	  1.0344 	 1.065351e+19 	 1.022495e+17 	 7.149087e-06 	 2.086401e-06 	 -1000.0000 	 -1000.0000 	 -1000.0000 	 -1000.0000 
	 91.2940 	 2.032304e-04 	 140.2146 	  1.0367 	 1.050783e+19 	 1.011429e+17 	 7.141859e-06 	 2.095235e-06 	 -1000.0000 	 -1000.0000 	 -1000.0000 	 -1000.0000 
	 91.4140 	 2.000151e-04 	 139.9269 	  1.0393 	 1.036279e+19 	 1.000622e+17 	 7.135831e-06 	 2.104780e-06 	 -1000.0000 	 -1000.0000 	 -1000.0000 	 -1000.0000 
	 91.5330 	 1.968697e-04 	 139.6377 	  1.0423 	 1.022086e+19 	 9.902576e+16 	 7.131283e-06 	 2.114940e-06 	 -1000.0000 	 -1000.0000 	 -1000.0000 	 -1000.0000 
	 92.3760 	 1.757855e-04 	 137.4437 	  1.0739 	 9.271359e+18 	 9.260873e+16 	 7.143100e-06 	 2.208750e-06 	 -1000.0000 	 -1000.0000 	 -1000.0000 	 -1000.0000 
	 92.4950 	 1.729757e-04 	 137.1197 	  1.0793 	 9.144733e+18 	 9.179926e+16 	 7.148704e-06 	 2.224620e-06 	 -1000.0000 	 -1000.0000 	 -1000.0000 	 -1000.0000 
	 92.6140 	 1.702065e-04 	 136.7946 	  1.0848 	 9.019767e+18 	 9.100340e+16 	 7.154511e-06 	 2.240970e-06 	 -1000.0000 	 -1000.0000 	 -1000.0000 	 -1000.0000 
	 92.7340 	 1.674550e-04 	 136.4662 	  1.0904 	 8.895374e+18 	 9.021119e+16 	 7.160308e-06 	 2.257888e-06 	 -1000.0000 	 -1000.0000 	 -1000.0000 	 -1000.0000 
	 92.8530 	 1.647669e-04 	 136.1410 	  1.0960 	 8.773568e+18 	 8.943240e+16 	 7.165736e-06 	 2.275031e-06 	 -1000.0000 	 -1000.0000 	 -1000.0000 	 -1000.0000 
	 93.6990 	 1.467798e-04 	 133.9012 	  1.1325 	 7.946892e+18 	 8.386864e+16 	 7.179743e-06 	 2.404341e-06 	 -1000.0000 	 -1000.0000 	 -1000.0000 	 -1000.0000 
	 93.8180 	 1.443977e-04 	 133.6035 	  1.1372 	 7.835353e+18 	 8.306823e+16 	 7.177798e-06 	 2.423593e-06 	 -1000.0000 	 -1000.0000 	 -1000.0000 	 -1000.0000 
	 93.9370 	 1.420492e-04 	 133.3116 	  1.1417 	 7.724787e+18 	 8.226131e+16 	 7.174909e-06 	 2.443146e-06 	 -1000.0000 	 -1000.0000 	 -1000.0000 	 -1000.0000 
