	 height_(km) 	 press_(mbar) 	 temp_(K) 	 temperr_(K) 	 numdens_(m-3) 	 numdenserr_(m-3) 	 H2Ovmr_() 	 H2Ovmrerr_() 	 D/H_(VSMOW) 	 D/Herr_(VSMOW) 	 18O/16O_(VSMOW) 	 18O/16Oerr_(VSMOW) 
	 17.7890 	 4.500938e-01 	 162.3402 	  2.5494 	 2.011780e+22 	 3.274081e+20 	 2.826673e-05 	 4.445729e-06 	  2.7520 	  0.8990 	 -1000.0000 	 -1000.0000 
	 17.9510 	 4.413021e-01 	 162.2044 	  2.4232 	 1.973275e+22 	 3.078392e+20 	 2.778323e-05 	 4.331319e-06 	  2.7438 	  0.9319 	 -1000.0000 	 -1000.0000 
	 18.1130 	 4.327100e-01 	 162.1440 	  2.3103 	 1.934964e+22 	 2.898866e+20 	 2.739073e-05 	 4.230331e-06 	  2.7350 	  0.9599 	 -1000.0000 	 -1000.0000 
	 18.7190 	 4.022650e-01 	 162.5216 	  1.9915 	 1.793900e+22 	 2.355559e+20 	 2.676509e-05 	 3.929059e-06 	  2.6980 	  1.0183 	 -1000.0000 	 -1000.0000 
	 18.8800 	 3.946073e-01 	 162.7646 	  1.9310 	 1.757158e+22 	 2.241248e+20 	 2.682924e-05 	 3.866542e-06 	  2.6875 	  1.0221 	 -1000.0000 	 -1000.0000 
	 19.0420 	 3.870764e-01 	 163.0624 	  1.8790 	 1.720558e+22 	 2.137261e+20 	 2.699168e-05 	 3.811636e-06 	  2.6769 	  1.0217 	 -1000.0000 	 -1000.0000 
	 19.2030 	 3.797610e-01 	 163.4073 	  1.8354 	 1.684581e+22 	 2.044003e+20 	 2.724843e-05 	 3.765459e-06 	  2.6667 	  1.0175 	 -1000.0000 	 -1000.0000 
	 19.3650 	 3.725662e-01 	 163.7998 	  1.7989 	 1.648814e+22 	 1.959433e+20 	 2.759921e-05 	 3.727674e-06 	  2.6568 	  1.0099 	 -1000.0000 	 -1000.0000 
	 19.9830 	 3.465710e-01 	 165.6477 	  1.7144 	 1.516891e+22 	 1.706387e+20 	 2.968629e-05 	 3.658054e-06 	  2.6276 	  0.9589 	 -1000.0000 	 -1000.0000 
	 20.1440 	 3.401568e-01 	 166.2025 	  1.7033 	 1.483843e+22 	 1.654455e+20 	 3.039057e-05 	 3.655143e-06 	  2.6232 	  0.9420 	 -1000.0000 	 -1000.0000 
	 20.3050 	 3.338824e-01 	 166.7802 	  1.6952 	 1.451400e+22 	 1.606608e+20 	 3.114540e-05 	 3.655650e-06 	  2.6207 	  0.9245 	 -1000.0000 	 -1000.0000 
	 20.4650 	 3.277813e-01 	 167.3733 	  1.6894 	 1.419787e+22 	 1.562244e+20 	 3.193668e-05 	 3.657564e-06 	  2.6201 	  0.9067 	 -1000.0000 	 -1000.0000 
	 20.6260 	 3.217731e-01 	 167.9855 	  1.6852 	 1.388640e+22 	 1.519941e+20 	 3.276099e-05 	 3.659162e-06 	  2.6215 	  0.8889 	 -1000.0000 	 -1000.0000 
	 21.2530 	 2.995571e-01 	 170.4552 	  1.6732 	 1.274066e+22 	 1.365039e+20 	 3.590906e-05 	 3.643992e-06 	  2.6474 	  0.8211 	 -1000.0000 	 -1000.0000 
	 21.4140 	 2.941433e-01 	 171.1015 	  1.6698 	 1.246364e+22 	 1.326861e+20 	 3.661930e-05 	 3.632755e-06 	  2.6592 	  0.8042 	 -1000.0000 	 -1000.0000 
	 21.5750 	 2.888437e-01 	 171.7495 	  1.6661 	 1.219345e+22 	 1.289276e+20 	 3.725537e-05 	 3.620140e-06 	  2.6732 	  0.7877 	 -1000.0000 	 -1000.0000 
	 21.7350 	 2.836880e-01 	 172.3936 	  1.6617 	 1.193161e+22 	 1.252484e+20 	 3.780331e-05 	 3.607750e-06 	  2.6892 	  0.7719 	 -1000.0000 	 -1000.0000 
	 21.8960 	 2.786093e-01 	 173.0402 	  1.6566 	 1.167475e+22 	 1.216001e+20 	 3.826298e-05 	 3.597134e-06 	  2.7074 	  0.7566 	 -1000.0000 	 -1000.0000 
	 24.9600 	 1.997866e-01 	 182.8863 	  1.1988 	 7.919190e+21 	 5.926258e+19 	 3.738127e-05 	 2.996437e-06 	  3.5278 	  0.5544 	 -1000.0000 	 -1000.0000 
	 25.1200 	 1.964417e-01 	 183.1635 	  1.1553 	 7.774893e+21 	 5.649233e+19 	 3.719175e-05 	 2.920690e-06 	  3.5863 	  0.5554 	 -1000.0000 	 -1000.0000 
	 25.2800 	 1.931580e-01 	 183.4088 	  1.1152 	 7.634787e+21 	 5.392855e+19 	 3.702665e-05 	 2.849328e-06 	  3.6437 	  0.5582 	 -1000.0000 	 -1000.0000 
	 25.4400 	 1.899333e-01 	 183.6216 	  1.0801 	 7.498693e+21 	 5.162036e+19 	 3.689847e-05 	 2.785348e-06 	  3.6986 	  0.5603 	 -1000.0000 	 -1000.0000 
	 25.6000 	 1.867657e-01 	 183.8010 	  1.0519 	 7.366436e+21 	 4.961688e+19 	 3.682041e-05 	 2.731683e-06 	  3.7496 	  0.5617 	 -1000.0000 	 -1000.0000 
	 26.2200 	 1.749996e-01 	 184.2253 	  1.0238 	 6.885788e+21 	 4.511908e+19 	 3.714672e-05 	 2.646421e-06 	  3.8822 	  0.5538 	 -1000.0000 	 -1000.0000 
	 26.3800 	 1.720919e-01 	 184.3109 	  1.0327 	 6.768164e+21 	 4.459065e+19 	 3.738601e-05 	 2.643719e-06 	  3.8934 	  0.5465 	 -1000.0000 	 -1000.0000 
	 26.5400 	 1.692367e-01 	 184.4101 	  1.0450 	 6.652337e+21 	 4.419253e+19 	 3.767524e-05 	 2.640968e-06 	  3.8939 	  0.5367 	 -1000.0000 	 -1000.0000 
	 26.7000 	 1.664337e-01 	 184.5353 	  1.0591 	 6.537881e+21 	 4.385809e+19 	 3.798490e-05 	 2.637018e-06 	  3.8853 	  0.5256 	 -1000.0000 	 -1000.0000 
	 26.8600 	 1.636829e-01 	 184.6983 	  1.0733 	 6.424369e+21 	 4.352070e+19 	 3.828040e-05 	 2.630939e-06 	  3.8698 	  0.5144 	 -1000.0000 	 -1000.0000 
	 27.4640 	 1.537606e-01 	 185.8035 	  1.1070 	 5.999431e+21 	 4.142761e+19 	 3.863437e-05 	 2.589767e-06 	  3.7941 	  0.4865 	  1.1192 	  0.1384 
	 27.6230 	 1.512647e-01 	 186.2255 	  1.1101 	 5.888624e+21 	 4.066131e+19 	 3.840112e-05 	 2.578377e-06 	  3.7813 	  0.4854 	  1.1105 	  0.1365 
	 27.7830 	 1.487994e-01 	 186.7018 	  1.1114 	 5.777799e+21 	 3.982674e+19 	 3.799455e-05 	 2.567889e-06 	  3.7761 	  0.4878 	  1.1041 	  0.1355 
	 27.9420 	 1.463942e-01 	 187.2243 	  1.1108 	 5.668463e+21 	 3.894868e+19 	 3.743831e-05 	 2.555107e-06 	  3.7795 	  0.4929 	  1.1005 	  0.1356 
	 28.1020 	 1.440173e-01 	 187.7976 	  1.1088 	 5.559365e+21 	 3.803054e+19 	 3.674915e-05 	 2.538356e-06 	  3.7916 	  0.5005 	  1.0997 	  0.1365 
	 28.7170 	 1.352686e-01 	 190.3699 	  1.0908 	 5.151543e+21 	 3.441164e+19 	 3.356107e-05 	 2.403840e-06 	  3.9073 	  0.5346 	  1.1179 	  0.1430 
	 28.8760 	 1.331051e-01 	 191.0864 	  1.0848 	 5.050192e+21 	 3.349502e+19 	 3.275592e-05 	 2.344874e-06 	  3.9505 	  0.5399 	  1.1268 	  0.1441 
	 29.0350 	 1.309819e-01 	 191.8030 	  1.0786 	 4.951026e+21 	 3.260103e+19 	 3.200159e-05 	 2.277947e-06 	  3.9959 	  0.5430 	  1.1364 	  0.1445 
	 29.1950 	 1.288858e-01 	 192.5130 	  1.0726 	 4.853705e+21 	 3.173190e+19 	 3.130501e-05 	 2.207546e-06 	  4.0412 	  0.5444 	  1.1462 	  0.1445 
	 29.3540 	 1.268430e-01 	 193.1967 	  1.0670 	 4.759707e+21 	 3.090609e+19 	 3.068435e-05 	 2.140498e-06 	  4.0835 	  0.5451 	  1.1552 	  0.1442 
	 29.9670 	 1.193359e-01 	 195.4547 	  1.0522 	 4.426068e+21 	 2.816566e+19 	 2.905946e-05 	 2.018624e-06 	  4.1916 	  0.5583 	  1.1765 	  0.1468 
	 30.1260 	 1.174799e-01 	 195.9122 	  1.0499 	 4.347093e+21 	 2.756470e+19 	 2.888213e-05 	 2.025982e-06 	  4.2007 	  0.5638 	  1.1774 	  0.1482 
	 30.2850 	 1.156592e-01 	 196.3065 	  1.0481 	 4.271170e+21 	 2.700300e+19 	 2.882751e-05 	 2.041335e-06 	  4.2014 	  0.5682 	  1.1762 	  0.1494 
	 30.4450 	 1.138617e-01 	 196.6341 	  1.0466 	 4.197817e+21 	 2.647425e+19 	 2.889295e-05 	 2.063664e-06 	  4.1948 	  0.5713 	  1.1729 	  0.1502 
	 30.6040 	 1.121085e-01 	 196.8856 	  1.0454 	 4.127916e+21 	 2.598190e+19 	 2.907038e-05 	 2.092324e-06 	  4.1822 	  0.5732 	  1.1680 	  0.1507 
	 31.2070 	 1.057371e-01 	 197.1193 	  1.0418 	 3.888553e+21 	 2.436996e+19 	 3.060066e-05 	 2.247377e-06 	  4.1027 	  0.5731 	  1.1400 	  0.1503 
	 31.3660 	 1.041220e-01 	 197.0031 	  1.0414 	 3.831399e+21 	 2.400649e+19 	 3.118827e-05 	 2.293597e-06 	  4.0792 	  0.5711 	  1.1318 	  0.1496 
	 31.5250 	 1.025302e-01 	 196.8211 	  1.0413 	 3.776329e+21 	 2.366708e+19 	 3.183334e-05 	 2.339303e-06 	  4.0572 	  0.5684 	  1.1241 	  0.1487 
	 31.6850 	 1.009501e-01 	 196.5760 	  1.0416 	 3.722805e+21 	 2.334900e+19 	 3.253249e-05 	 2.382807e-06 	  4.0380 	  0.5650 	  1.1173 	  0.1476 
	 31.8440 	 9.939950e-02 	 196.2751 	  1.0425 	 3.671285e+21 	 2.305539e+19 	 3.327038e-05 	 2.421726e-06 	  4.0226 	  0.5609 	  1.1117 	  0.1463 
	 32.4610 	 9.354268e-02 	 194.6472 	  1.0506 	 3.483869e+21 	 2.209979e+19 	 3.640606e-05 	 2.525930e-06 	  4.0005 	  0.5405 	  1.1017 	  0.1399 
	 32.6200 	 9.207503e-02 	 194.1293 	  1.0533 	 3.438347e+21 	 2.188570e+19 	 3.724236e-05 	 2.542038e-06 	  4.0034 	  0.5350 	  1.1015 	  0.1381 
	 32.7780 	 9.063457e-02 	 193.5827 	  1.0558 	 3.394110e+21 	 2.167877e+19 	 3.807407e-05 	 2.553007e-06 	  4.0088 	  0.5293 	  1.1020 	  0.1363 
	 32.9370 	 8.920362e-02 	 193.0048 	  1.0580 	 3.350533e+21 	 2.147266e+19 	 3.890757e-05 	 2.559166e-06 	  4.0158 	  0.5234 	  1.1028 	  0.1344 
	 33.0950 	 8.780072e-02 	 192.4070 	  1.0596 	 3.308099e+21 	 2.126625e+19 	 3.972649e-05 	 2.561069e-06 	  4.0237 	  0.5174 	  1.1037 	  0.1325 
	 33.6950 	 8.265047e-02 	 189.9839 	  1.0587 	 3.153779e+21 	 2.042647e+19 	 4.250269e-05 	 2.568498e-06 	  4.0602 	  0.5008 	  1.1073 	  0.1266 
	 33.8530 	 8.133894e-02 	 189.3157 	  1.0570 	 3.114686e+21 	 2.019316e+19 	 4.307930e-05 	 2.580676e-06 	  4.0732 	  0.4997 	  1.1085 	  0.1260 
	 34.0110 	 8.004481e-02 	 188.6383 	  1.0548 	 3.076135e+21 	 1.995758e+19 	 4.357063e-05 	 2.599357e-06 	  4.0886 	  0.5006 	  1.1101 	  0.1258 
	 34.1690 	 7.876745e-02 	 187.9536 	  1.0523 	 3.038075e+21 	 1.972121e+19 	 4.398215e-05 	 2.622108e-06 	  4.1067 	  0.5030 	  1.1121 	  0.1261 
	 34.3270 	 7.750622e-02 	 187.2632 	  1.0496 	 3.000453e+21 	 1.948552e+19 	 4.432398e-05 	 2.646437e-06 	  4.1276 	  0.5066 	  1.1145 	  0.1267 
	 34.9380 	 7.277174e-02 	 184.5655 	  1.0397 	 2.858356e+21 	 1.860730e+19 	 4.537127e-05 	 2.708132e-06 	  4.2264 	  0.5227 	  1.1260 	  0.1345 
	 35.0960 	 7.158369e-02 	 183.8628 	  1.0379 	 2.822439e+21 	 1.839537e+19 	 4.566781e-05 	 2.710913e-06 	  4.2528 	  0.5252 	  1.1290 	  0.1378 
	 35.2540 	 7.041048e-02 	 183.1583 	  1.0367 	 2.786859e+21 	 1.819233e+19 	 4.600368e-05 	 2.708312e-06 	  4.2782 	  0.5266 	  1.1316 	  0.1405 
	 35.4110 	 6.925939e-02 	 182.4566 	  1.0361 	 2.751840e+21 	 1.800074e+19 	 4.637397e-05 	 2.702427e-06 	  4.3024 	  0.5272 	  1.1339 	  0.1422 
	 35.5690 	 6.811571e-02 	 181.7488 	  1.0364 	 2.716935e+21 	 1.781951e+19 	 4.678109e-05 	 2.694012e-06 	  4.3252 	  0.5271 	  1.1359 	  0.1425 
	 36.1850 	 6.379722e-02 	 178.9929 	  1.0461 	 2.583838e+21 	 1.722892e+19 	 4.845693e-05 	 2.638555e-06 	  4.3885 	  0.5224 	  1.1380 	  0.1325 
	 36.3430 	 6.272500e-02 	 178.3010 	  1.0501 	 2.550271e+21 	 1.709624e+19 	 4.883451e-05 	 2.610806e-06 	  4.3943 	  0.5195 	  1.1362 	  0.1282 
	 36.5010 	 6.166698e-02 	 177.6225 	  1.0541 	 2.516839e+21 	 1.696506e+19 	 4.915545e-05 	 2.573847e-06 	  4.3943 	  0.5157 	  1.1331 	  0.1240 
	 36.6590 	 6.062301e-02 	 176.9608 	  1.0581 	 2.483490e+21 	 1.683222e+19 	 4.940106e-05 	 2.525582e-06 	  4.3881 	  0.5111 	  1.1286 	  0.1201 
	 36.8170 	 5.959296e-02 	 176.3196 	  1.0618 	 2.450175e+21 	 1.669455e+19 	 4.954991e-05 	 2.464369e-06 	  4.3760 	  0.5057 	  1.1227 	  0.1172 
	 37.4120 	 5.583813e-02 	 174.1502 	  1.0694 	 2.324333e+21 	 1.609036e+19 	 4.881449e-05 	 2.139759e-06 	  4.3090 	  0.5242 	  1.0919 	  0.1104 
	 37.5690 	 5.488088e-02 	 173.6575 	  1.0696 	 2.290956e+21 	 1.590421e+19 	 4.814748e-05 	 2.056479e-06 	  4.2966 	  0.5416 	  1.0832 	  0.1097 
	 37.7260 	 5.393808e-02 	 173.2043 	  1.0690 	 2.257491e+21 	 1.570609e+19 	 4.725796e-05 	 1.990095e-06 	  4.2908 	  0.5606 	  1.0753 	  0.1096 
	 37.8840 	 5.300410e-02 	 172.7912 	  1.0676 	 2.223718e+21 	 1.549419e+19 	 4.617146e-05 	 1.942089e-06 	  4.2932 	  0.5804 	  1.0683 	  0.1103 
	 38.0410 	 5.209101e-02 	 172.4268 	  1.0654 	 2.190055e+21 	 1.527080e+19 	 4.494740e-05 	 1.910117e-06 	  4.3051 	  0.5996 	  1.0628 	  0.1116 
	 38.6520 	 4.868096e-02 	 171.4689 	  1.0500 	 2.058228e+21 	 1.428793e+19 	 3.961684e-05 	 1.813508e-06 	  4.4295 	  0.6718 	  1.0551 	  0.1198 
	 38.8090 	 4.784001e-02 	 171.3256 	  1.0451 	 2.024366e+21 	 1.401795e+19 	 3.825666e-05 	 1.772103e-06 	  4.4748 	  0.6924 	  1.0557 	  0.1219 
	 38.9660 	 4.701258e-02 	 171.2151 	  1.0402 	 1.990624e+21 	 1.374696e+19 	 3.693514e-05 	 1.721823e-06 	  4.5223 	  0.7151 	  1.0569 	  0.1238 
	 39.1240 	 4.619306e-02 	 171.1320 	  1.0356 	 1.956848e+21 	 1.347641e+19 	 3.564995e-05 	 1.664657e-06 	  4.5704 	  0.7410 	  1.0583 	  0.1255 
	 39.2810 	 4.539135e-02 	 171.0728 	  1.0314 	 1.923527e+21 	 1.321287e+19 	 3.442187e-05 	 1.604285e-06 	  4.6168 	  0.7710 	  1.0596 	  0.1270 
	 39.8820 	 4.243360e-02 	 170.9758 	  1.0219 	 1.799222e+21 	 1.229071e+19 	 3.019042e-05 	 1.386359e-06 	  4.7814 	  0.9200 	  1.0622 	  0.1323 
	 40.0390 	 4.169051e-02 	 170.9637 	  1.0207 	 1.767849e+21 	 1.207152e+19 	 2.920217e-05 	 1.338374e-06 	  4.8251 	  0.9629 	  1.0630 	  0.1338 
	 40.1960 	 4.096015e-02 	 170.9486 	  1.0198 	 1.737033e+21 	 1.185950e+19 	 2.826339e-05 	 1.295471e-06 	 -1000.0000 	 -1000.0000 	  1.0641 	  0.1354 
	 40.3540 	 4.023822e-02 	 170.9259 	  1.0189 	 1.706635e+21 	 1.165241e+19 	 2.737367e-05 	 1.257643e-06 	 -1000.0000 	 -1000.0000 	  1.0660 	  0.1372 
	 40.5110 	 3.953412e-02 	 170.8917 	  1.0180 	 1.677093e+21 	 1.145190e+19 	 2.655024e-05 	 1.225222e-06 	 -1000.0000 	 -1000.0000 	  1.0688 	  0.1392 
	 41.1150 	 3.694906e-02 	 170.5926 	  1.0129 	 1.570148e+21 	 1.072276e+19 	 2.406598e-05 	 1.123693e-06 	 -1000.0000 	 -1000.0000 	  1.0892 	  0.1482 
	 41.2720 	 3.630716e-02 	 170.4684 	  1.0120 	 1.543998e+21 	 1.054877e+19 	 2.361740e-05 	 1.094440e-06 	 -1000.0000 	 -1000.0000 	  1.0964 	  0.1505 
	 41.4290 	 3.567647e-02 	 170.3255 	  1.0118 	 1.518455e+21 	 1.038395e+19 	 2.324787e-05 	 1.061110e-06 	 -1000.0000 	 -1000.0000 	 -1000.0000 	 -1000.0000 
	 41.5860 	 3.505636e-02 	 170.1642 	  1.0126 	 1.493484e+21 	 1.022970e+19 	 2.294607e-05 	 1.025549e-06 	 -1000.0000 	 -1000.0000 	 -1000.0000 	 -1000.0000 
	 41.7430 	 3.444624e-02 	 169.9847 	  1.0146 	 1.469045e+21 	 1.008746e+19 	 2.269170e-05 	 9.979433e-07 	 -1000.0000 	 -1000.0000 	 -1000.0000 	 -1000.0000 
	 42.3550 	 3.215411e-02 	 169.1178 	  1.0362 	 1.378296e+21 	 9.659104e+18 	 2.199104e-05 	 9.766564e-07 	 -1000.0000 	 -1000.0000 	 -1000.0000 	 -1000.0000 
	 42.5120 	 3.158736e-02 	 168.8546 	  1.0445 	 1.356101e+21 	 9.575418e+18 	 2.186358e-05 	 9.771587e-07 	 -1000.0000 	 -1000.0000 	 -1000.0000 	 -1000.0000 
	 42.6690 	 3.102916e-02 	 168.5755 	  1.0534 	 1.334331e+21 	 9.498629e+18 	 2.174619e-05 	 9.799357e-07 	 -1000.0000 	 -1000.0000 	 -1000.0000 	 -1000.0000 
	 42.8260 	 3.047944e-02 	 168.2812 	  1.0625 	 1.312976e+21 	 9.426782e+18 	 2.163615e-05 	 9.847875e-07 	 -1000.0000 	 -1000.0000 	 -1000.0000 	 -1000.0000 
	 42.9830 	 2.993813e-02 	 167.9720 	  1.0716 	 1.292027e+21 	 9.357922e+18 	 2.153239e-05 	 9.914921e-07 	 -1000.0000 	 -1000.0000 	 -1000.0000 	 -1000.0000 
	 44.7830 	 2.431240e-02 	 163.5264 	  1.0865 	 1.077811e+21 	 8.181650e+18 	 2.040262e-05 	 1.160921e-06 	 -1000.0000 	 -1000.0000 	 -1000.0000 	 -1000.0000 
	 44.9390 	 2.387307e-02 	 163.0867 	  1.0773 	 1.061186e+21 	 8.024134e+18 	 2.029000e-05 	 1.154358e-06 	 -1000.0000 	 -1000.0000 	 -1000.0000 	 -1000.0000 
	 45.0950 	 2.344102e-02 	 162.6465 	  1.0682 	 1.044800e+21 	 7.867515e+18 	 2.017444e-05 	 1.142323e-06 	 -1000.0000 	 -1000.0000 	 -1000.0000 	 -1000.0000 
	 45.2500 	 2.301884e-02 	 162.2110 	  1.0599 	 1.028739e+21 	 7.716806e+18 	 2.005656e-05 	 1.125827e-06 	 -1000.0000 	 -1000.0000 	 -1000.0000 	 -1000.0000 
	 45.4060 	 2.260099e-02 	 161.7770 	  1.0529 	 1.012776e+21 	 7.574106e+18 	 1.993452e-05 	 1.105748e-06 	 -1000.0000 	 -1000.0000 	 -1000.0000 	 -1000.0000 
	 46.0130 	 2.104000e-02 	 160.1696 	  1.0471 	 9.522902e+20 	 7.146929e+18 	 1.941553e-05 	 1.015282e-06 	 -1000.0000 	 -1000.0000 	 -1000.0000 	 -1000.0000 
	 46.1690 	 2.065463e-02 	 159.7843 	  1.0494 	 9.371016e+20 	 7.060864e+18 	 1.926376e-05 	 9.927376e-07 	 -1000.0000 	 -1000.0000 	 -1000.0000 	 -1000.0000 
	 46.3250 	 2.027531e-02 	 159.4126 	  1.0521 	 9.220364e+20 	 6.977940e+18 	 1.909307e-05 	 9.821526e-07 	 -1000.0000 	 -1000.0000 	 -1000.0000 	 -1000.0000 
	 46.4800 	 1.990423e-02 	 159.0579 	  1.0546 	 9.071791e+20 	 6.895312e+18 	 1.891237e-05 	 9.760114e-07 	 -1000.0000 	 -1000.0000 	 -1000.0000 	 -1000.0000 
	 46.6360 	 1.953640e-02 	 158.7170 	  1.0564 	 8.923266e+20 	 6.808546e+18 	 1.872391e-05 	 9.703001e-07 	 -1000.0000 	 -1000.0000 	 -1000.0000 	 -1000.0000 
	 47.2330 	 1.817883e-02 	 157.5775 	  1.0498 	 8.363143e+20 	 6.406130e+18 	 1.798804e-05 	 9.503053e-07 	 -1000.0000 	 -1000.0000 	 -1000.0000 	 -1000.0000 
	 47.3890 	 1.783743e-02 	 157.3251 	  1.0454 	 8.219226e+20 	 6.286825e+18 	 1.780892e-05 	 9.457972e-07 	 -1000.0000 	 -1000.0000 	 -1000.0000 	 -1000.0000 
	 47.5450 	 1.750176e-02 	 157.0921 	  1.0405 	 8.076516e+20 	 6.165266e+18 	 1.764168e-05 	 9.418122e-07 	 -1000.0000 	 -1000.0000 	 -1000.0000 	 -1000.0000 
	 47.7000 	 1.717405e-02 	 156.8802 	  1.0355 	 7.936015e+20 	 6.044116e+18 	 1.749001e-05 	 9.385020e-07 	 -1000.0000 	 -1000.0000 	 -1000.0000 	 -1000.0000 
	 47.8560 	 1.685018e-02 	 156.6868 	  1.0307 	 7.796010e+20 	 5.923689e+18 	 1.735417e-05 	 9.359551e-07 	 -1000.0000 	 -1000.0000 	 -1000.0000 	 -1000.0000 
	 48.4560 	 1.566091e-02 	 156.1149 	  1.0183 	 7.272648e+20 	 5.499305e+18 	 1.699015e-05 	 9.626571e-07 	 -1000.0000 	 -1000.0000 	 -1000.0000 	 -1000.0000 
	 48.6120 	 1.536583e-02 	 155.9946 	  1.0168 	 7.141129e+20 	 5.399838e+18 	 1.693461e-05 	 9.768819e-07 	 -1000.0000 	 -1000.0000 	 -1000.0000 	 -1000.0000 
	 48.7670 	 1.507808e-02 	 155.8784 	  1.0159 	 7.012585e+20 	 5.305006e+18 	 1.689411e-05 	 9.909562e-07 	 -1000.0000 	 -1000.0000 	 -1000.0000 	 -1000.0000 
	 48.9230 	 1.479381e-02 	 155.7604 	  1.0154 	 6.885497e+20 	 5.213342e+18 	 1.686629e-05 	 1.004865e-06 	 -1000.0000 	 -1000.0000 	 -1000.0000 	 -1000.0000 
	 49.0780 	 1.451647e-02 	 155.6380 	  1.0154 	 6.761632e+20 	 5.125779e+18 	 1.684930e-05 	 1.018380e-06 	 -1000.0000 	 -1000.0000 	 -1000.0000 	 -1000.0000 
	 49.6800 	 1.348490e-02 	 155.0367 	  1.0189 	 6.305452e+20 	 4.817610e+18 	 1.683588e-05 	 1.071959e-06 	 -1000.0000 	 -1000.0000 	 -1000.0000 	 -1000.0000 
	 49.8350 	 1.323047e-02 	 154.8317 	  1.0212 	 6.194697e+20 	 4.748027e+18 	 1.683650e-05 	 1.085927e-06 	 -1000.0000 	 -1000.0000 	 -1000.0000 	 -1000.0000 
	 49.9900 	 1.298041e-02 	 154.5991 	  1.0243 	 6.086769e+20 	 4.683336e+18 	 1.683578e-05 	 1.099461e-06 	 -1000.0000 	 -1000.0000 	 -1000.0000 	 -1000.0000 
	 50.1450 	 1.273461e-02 	 154.3352 	  1.0283 	 5.981710e+20 	 4.623996e+18 	 1.683265e-05 	 1.112090e-06 	 -1000.0000 	 -1000.0000 	 -1000.0000 	 -1000.0000 
	 50.3000 	 1.249297e-02 	 154.0366 	  1.0334 	 5.879560e+20 	 4.570469e+18 	 1.682642e-05 	 1.123464e-06 	 -1000.0000 	 -1000.0000 	 -1000.0000 	 -1000.0000 
	 50.8900 	 1.160952e-02 	 152.5338 	  1.0639 	 5.517533e+20 	 4.424202e+18 	 1.678745e-05 	 1.154465e-06 	 -1000.0000 	 -1000.0000 	 -1000.0000 	 -1000.0000 
	 51.0450 	 1.138659e-02 	 152.0396 	  1.0746 	 5.429184e+20 	 4.399775e+18 	 1.678426e-05 	 1.160981e-06 	 -1000.0000 	 -1000.0000 	 -1000.0000 	 -1000.0000 
	 51.2000 	 1.116732e-02 	 151.5037 	  1.0863 	 5.343488e+20 	 4.380421e+18 	 1.678935e-05 	 1.167795e-06 	 -1000.0000 	 -1000.0000 	 -1000.0000 	 -1000.0000 
	 51.3550 	 1.095165e-02 	 150.9263 	  1.0987 	 5.260363e+20 	 4.365747e+18 	 1.680511e-05 	 1.175644e-06 	 -1000.0000 	 -1000.0000 	 -1000.0000 	 -1000.0000 
	 51.5100 	 1.073948e-02 	 150.3071 	  1.1120 	 5.179725e+20 	 4.355361e+18 	 1.683325e-05 	 1.184967e-06 	 -1000.0000 	 -1000.0000 	 -1000.0000 	 -1000.0000 
	 52.1140 	 9.944679e-03 	 147.5189 	  1.1700 	 4.886983e+20 	 4.350563e+18 	 1.703011e-05 	 1.231484e-06 	 -1000.0000 	 -1000.0000 	 -1000.0000 	 -1000.0000 
	 52.2680 	 9.749658e-03 	 146.7322 	  1.1868 	 4.816831e+20 	 4.358362e+18 	 1.706873e-05 	 1.242338e-06 	 -1000.0000 	 -1000.0000 	 -1000.0000 	 -1000.0000 
	 52.4230 	 9.556278e-03 	 145.9193 	  1.2049 	 4.747603e+20 	 4.370069e+18 	 1.708533e-05 	 1.251519e-06 	 -1000.0000 	 -1000.0000 	 -1000.0000 	 -1000.0000 
	 52.5770 	 9.366923e-03 	 145.0960 	  1.2240 	 4.679959e+20 	 4.385613e+18 	 1.707053e-05 	 1.258375e-06 	 -1000.0000 	 -1000.0000 	 -1000.0000 	 -1000.0000 
	 52.7320 	 9.179021e-03 	 144.2566 	  1.2446 	 4.612784e+20 	 4.405280e+18 	 1.701491e-05 	 1.262524e-06 	 -1000.0000 	 -1000.0000 	 -1000.0000 	 -1000.0000 
	 53.3240 	 8.484762e-03 	 141.0432 	  1.3378 	 4.360973e+20 	 4.517340e+18 	 1.631452e-05 	 1.249261e-06 	 -1000.0000 	 -1000.0000 	 -1000.0000 	 -1000.0000 
	 53.4780 	 8.310270e-03 	 140.2283 	  1.3661 	 4.296102e+20 	 4.555083e+18 	 1.600657e-05 	 1.238573e-06 	 -1000.0000 	 -1000.0000 	 -1000.0000 	 -1000.0000 
	 53.6330 	 8.137255e-03 	 139.4261 	  1.3965 	 4.230869e+20 	 4.596104e+18 	 1.564957e-05 	 1.224879e-06 	 -1000.0000 	 -1000.0000 	 -1000.0000 	 -1000.0000 
	 53.7870 	 7.967983e-03 	 138.6519 	  1.4286 	 4.166012e+20 	 4.639592e+18 	 1.525171e-05 	 1.208304e-06 	 -1000.0000 	 -1000.0000 	 -1000.0000 	 -1000.0000 
	 53.9420 	 7.800289e-03 	 137.9006 	  1.4630 	 4.100584e+20 	 4.685827e+18 	 1.481210e-05 	 1.188717e-06 	 -1000.0000 	 -1000.0000 	 -1000.0000 	 -1000.0000 
	 54.5440 	 7.174941e-03 	 135.3215 	  1.6140 	 3.843686e+20 	 4.877767e+18 	 1.284954e-05 	 1.091404e-06 	 -1000.0000 	 -1000.0000 	 -1000.0000 	 -1000.0000 
	 54.6980 	 7.021634e-03 	 134.7581 	  1.6552 	 3.777265e+20 	 4.923760e+18 	 1.232671e-05 	 1.064242e-06 	 -1000.0000 	 -1000.0000 	 -1000.0000 	 -1000.0000 
	 54.8530 	 6.870078e-03 	 134.2334 	  1.6968 	 3.710177e+20 	 4.965713e+18 	 1.181141e-05 	 1.037195e-06 	 -1000.0000 	 -1000.0000 	 -1000.0000 	 -1000.0000 
	 55.0070 	 6.722228e-03 	 133.7554 	  1.7376 	 3.643315e+20 	 5.001529e+18 	 1.131978e-05 	 1.011127e-06 	 -1000.0000 	 -1000.0000 	 -1000.0000 	 -1000.0000 
	 55.1620 	 6.576165e-03 	 133.3192 	  1.7778 	 3.575840e+20 	 5.030107e+18 	 1.085482e-05 	 9.862155e-07 	 -1000.0000 	 -1000.0000 	 -1000.0000 	 -1000.0000 
	 55.7570 	 6.041015e-03 	 132.0710 	  1.9164 	 3.316042e+20 	 5.051918e+18 	 9.469281e-06 	 9.101890e-07 	 -1000.0000 	 -1000.0000 	 -1000.0000 	 -1000.0000 
	 55.9110 	 5.909043e-03 	 131.8495 	  1.9481 	 3.249057e+20 	 5.036164e+18 	 9.220209e-06 	 8.964843e-07 	 -1000.0000 	 -1000.0000 	 -1000.0000 	 -1000.0000 
	 56.0650 	 5.779727e-03 	 131.6648 	  1.9784 	 3.182397e+20 	 5.012981e+18 	 9.015317e-06 	 8.855576e-07 	 -1000.0000 	 -1000.0000 	 -1000.0000 	 -1000.0000 
	 56.2200 	 5.652235e-03 	 131.5135 	  2.0074 	 3.115747e+20 	 4.982866e+18 	 8.853104e-06 	 8.775734e-07 	 -1000.0000 	 -1000.0000 	 -1000.0000 	 -1000.0000 
	 56.3740 	 5.528195e-03 	 131.3951 	  2.0348 	 3.050079e+20 	 4.946927e+18 	 8.734992e-06 	 8.728118e-07 	 -1000.0000 	 -1000.0000 	 -1000.0000 	 -1000.0000 
	 56.9610 	 5.079126e-03 	 131.1955 	  2.1290 	 2.806534e+20 	 4.766251e+18 	 8.674284e-06 	 8.851783e-07 	 -1000.0000 	 -1000.0000 	 -1000.0000 	 -1000.0000 
	 57.1150 	 4.967455e-03 	 131.2025 	  2.1513 	 2.744684e+20 	 4.709555e+18 	 8.765215e-06 	 8.962991e-07 	 -1000.0000 	 -1000.0000 	 -1000.0000 	 -1000.0000 
	 57.2680 	 4.859002e-03 	 131.2316 	  2.1724 	 2.684164e+20 	 4.650185e+18 	 8.902505e-06 	 9.106003e-07 	 -1000.0000 	 -1000.0000 	 -1000.0000 	 -1000.0000 
	 57.4220 	 4.752333e-03 	 131.2820 	  2.1928 	 2.624229e+20 	 4.587772e+18 	 9.089552e-06 	 9.283500e-07 	 -1000.0000 	 -1000.0000 	 -1000.0000 	 -1000.0000 
	 57.5750 	 4.648813e-03 	 131.3519 	  2.2123 	 2.565702e+20 	 4.523527e+18 	 9.325368e-06 	 9.493396e-07 	 -1000.0000 	 -1000.0000 	 -1000.0000 	 -1000.0000 
	 58.1710 	 4.268270e-03 	 131.7842 	  2.2811 	 2.348041e+20 	 4.258785e+18 	 1.070314e-05 	 1.060108e-06 	 -1000.0000 	 -1000.0000 	 -1000.0000 	 -1000.0000 
	 58.3250 	 4.175461e-03 	 131.9263 	  2.2972 	 2.294521e+20 	 4.187942e+18 	 1.115024e-05 	 1.094149e-06 	 -1000.0000 	 -1000.0000 	 -1000.0000 	 -1000.0000 
	 58.4780 	 4.085328e-03 	 132.0748 	  2.3125 	 2.242459e+20 	 4.117041e+18 	 1.161663e-05 	 1.129206e-06 	 -1000.0000 	 -1000.0000 	 -1000.0000 	 -1000.0000 
	 58.6320 	 3.996605e-03 	 132.2292 	  2.3273 	 2.191176e+20 	 4.045397e+18 	 1.210048e-05 	 1.165247e-06 	 -1000.0000 	 -1000.0000 	 -1000.0000 	 -1000.0000 
	 58.7850 	 3.910357e-03 	 132.3849 	  2.3414 	 2.141340e+20 	 3.974181e+18 	 1.258755e-05 	 1.201331e-06 	 -1000.0000 	 -1000.0000 	 -1000.0000 	 -1000.0000 
	 59.3750 	 3.594292e-03 	 132.9713 	  2.3901 	 1.959542e+20 	 3.702577e+18 	 1.439507e-05 	 1.335614e-06 	 -1000.0000 	 -1000.0000 	 -1000.0000 	 -1000.0000 
	 59.5280 	 3.516536e-03 	 133.1174 	  2.4012 	 1.915055e+20 	 3.633212e+18 	 1.481891e-05 	 1.367519e-06 	 -1000.0000 	 -1000.0000 	 -1000.0000 	 -1000.0000 
	 59.6810 	 3.440511e-03 	 133.2610 	  2.4116 	 1.871644e+20 	 3.564326e+18 	 1.521418e-05 	 1.397473e-06 	 -1000.0000 	 -1000.0000 	 -1000.0000 	 -1000.0000 
	 59.8340 	 3.366217e-03 	 133.4020 	  2.4213 	 1.829299e+20 	 3.495936e+18 	 1.557581e-05 	 1.425039e-06 	 -1000.0000 	 -1000.0000 	 -1000.0000 	 -1000.0000 
	 59.9870 	 3.293654e-03 	 133.5404 	  2.4302 	 1.788011e+20 	 3.428062e+18 	 1.589887e-05 	 1.449801e-06 	 -1000.0000 	 -1000.0000 	 -1000.0000 	 -1000.0000 
	 60.5850 	 3.026353e-03 	 134.0695 	  2.4571 	 1.636346e+20 	 3.167248e+18 	 1.674241e-05 	 1.515788e-06 	 -1000.0000 	 -1000.0000 	 -1000.0000 	 -1000.0000 
	 60.7380 	 2.961887e-03 	 134.2134 	  2.4616 	 1.599764e+20 	 3.101049e+18 	 1.686307e-05 	 1.526105e-06 	 -1000.0000 	 -1000.0000 	 -1000.0000 	 -1000.0000 
	 60.8910 	 2.898894e-03 	 134.3665 	  2.4650 	 1.563960e+20 	 3.034748e+18 	 1.695334e-05 	 1.534592e-06 	 -1000.0000 	 -1000.0000 	 -1000.0000 	 -1000.0000 
	 61.0440 	 2.837309e-03 	 134.5318 	  2.4672 	 1.528869e+20 	 2.968182e+18 	 1.701757e-05 	 1.541690e-06 	 -1000.0000 	 -1000.0000 	 -1000.0000 	 -1000.0000 
	 61.1970 	 2.777067e-03 	 134.7124 	  2.4681 	 1.494426e+20 	 2.901189e+18 	 1.706009e-05 	 1.547834e-06 	 -1000.0000 	 -1000.0000 	 -1000.0000 	 -1000.0000 
	 61.7880 	 2.556175e-03 	 135.6036 	  2.4583 	 1.366571e+20 	 2.636549e+18 	 1.708252e-05 	 1.568515e-06 	 -1000.0000 	 -1000.0000 	 -1000.0000 	 -1000.0000 
	 61.9410 	 2.502054e-03 	 135.8955 	  2.4521 	 1.334770e+20 	 2.566722e+18 	 1.705770e-05 	 1.573328e-06 	 -1000.0000 	 -1000.0000 	 -1000.0000 	 -1000.0000 
	 62.0940 	 2.449226e-03 	 136.2168 	  2.4445 	 1.303508e+20 	 2.496529e+18 	 1.702141e-05 	 1.577848e-06 	 -1000.0000 	 -1000.0000 	 -1000.0000 	 -1000.0000 
	 62.2460 	 2.398043e-03 	 136.5671 	  2.4355 	 1.272990e+20 	 2.426525e+18 	 1.697456e-05 	 1.582010e-06 	 -1000.0000 	 -1000.0000 	 -1000.0000 	 -1000.0000 
	 62.3990 	 2.347847e-03 	 136.9532 	  2.4249 	 1.242816e+20 	 2.355880e+18 	 1.691710e-05 	 1.585829e-06 	 -1000.0000 	 -1000.0000 	 -1000.0000 	 -1000.0000 
	 62.9820 	 2.168732e-03 	 138.7841 	  2.3701 	 1.132726e+20 	 2.086225e+18 	 1.664752e-05 	 1.599269e-06 	 -1000.0000 	 -1000.0000 	 -1000.0000 	 -1000.0000 
	 63.1340 	 2.124991e-03 	 139.3760 	  2.3518 	 1.105149e+20 	 2.015860e+18 	 1.659439e-05 	 1.604699e-06 	 -1000.0000 	 -1000.0000 	 -1000.0000 	 -1000.0000 
	 63.2860 	 2.082361e-03 	 140.0251 	  2.3315 	 1.077962e+20 	 1.945462e+18 	 1.656336e-05 	 1.612045e-06 	 -1000.0000 	 -1000.0000 	 -1000.0000 	 -1000.0000 
	 63.4390 	 2.040515e-03 	 140.7411 	  2.3092 	 1.050950e+20 	 1.874563e+18 	 1.656229e-05 	 1.621958e-06 	 -1000.0000 	 -1000.0000 	 -1000.0000 	 -1000.0000 
	 63.5910 	 1.999942e-03 	 141.5198 	  2.2850 	 1.024428e+20 	 1.804084e+18 	 1.659898e-05 	 1.634889e-06 	 -1000.0000 	 -1000.0000 	 -1000.0000 	 -1000.0000 
	 64.1920 	 1.848453e-03 	 145.3189 	  2.1687 	 9.222444e+19 	 1.526334e+18 	 1.721127e-05 	 1.722819e-06 	 -1000.0000 	 -1000.0000 	 -1000.0000 	 -1000.0000 
	 64.3440 	 1.812383e-03 	 146.4567 	  2.1344 	 8.972275e+19 	 1.457532e+18 	 1.747890e-05 	 1.753519e-06 	 -1000.0000 	 -1000.0000 	 -1000.0000 	 -1000.0000 
	 64.4960 	 1.777240e-03 	 147.6608 	  2.0983 	 8.726384e+19 	 1.389927e+18 	 1.778560e-05 	 1.786965e-06 	 -1000.0000 	 -1000.0000 	 -1000.0000 	 -1000.0000 
	 64.6490 	 1.742812e-03 	 148.9371 	  2.0603 	 8.483680e+19 	 1.323404e+18 	 1.813038e-05 	 1.823068e-06 	 -1000.0000 	 -1000.0000 	 -1000.0000 	 -1000.0000 
	 64.8010 	 1.709560e-03 	 150.2663 	  2.0209 	 8.247818e+19 	 1.259144e+18 	 1.850528e-05 	 1.861019e-06 	 -1000.0000 	 -1000.0000 	 -1000.0000 	 -1000.0000 
	 65.3820 	 1.591202e-03 	 155.8594 	  1.8594 	 7.400905e+19 	 1.034813e+18 	 2.016853e-05 	 2.020382e-06 	 -1000.0000 	 -1000.0000 	 -1000.0000 	 -1000.0000 
	 65.5340 	 1.562415e-03 	 157.4421 	  1.8160 	 7.193981e+19 	 9.822271e+17 	 2.064361e-05 	 2.065327e-06 	 -1000.0000 	 -1000.0000 	 -1000.0000 	 -1000.0000 
	 65.6860 	 1.534472e-03 	 159.0681 	  1.7728 	 6.993104e+19 	 9.323098e+17 	 2.112650e-05 	 2.111527e-06 	 -1000.0000 	 -1000.0000 	 -1000.0000 	 -1000.0000 
	 65.8390 	 1.507165e-03 	 160.7452 	  1.7301 	 6.796995e+19 	 8.848290e+17 	 2.161591e-05 	 2.159250e-06 	 -1000.0000 	 -1000.0000 	 -1000.0000 	 -1000.0000 
	 65.9910 	 1.480819e-03 	 162.4482 	  1.6888 	 6.608201e+19 	 8.404752e+17 	 2.210093e-05 	 2.207827e-06 	 -1000.0000 	 -1000.0000 	 -1000.0000 	 -1000.0000 
	 66.5750 	 1.386298e-03 	 169.2490 	  1.5470 	 5.938468e+19 	 6.964863e+17 	 2.389684e-05 	 2.402978e-06 	 -1000.0000 	 -1000.0000 	 -1000.0000 	 -1000.0000 
	 66.7270 	 1.363296e-03 	 171.0487 	  1.5153 	 5.778548e+19 	 6.654038e+17 	 2.434565e-05 	 2.454379e-06 	 -1000.0000 	 -1000.0000 	 -1000.0000 	 -1000.0000 
	 66.8790 	 1.340896e-03 	 172.8430 	  1.4860 	 5.624537e+19 	 6.366863e+17 	 2.478812e-05 	 2.505211e-06 	 -1000.0000 	 -1000.0000 	 -1000.0000 	 -1000.0000 
	 67.0310 	 1.319065e-03 	 174.6229 	  1.4592 	 5.476417e+19 	 6.101909e+17 	 2.522497e-05 	 2.555041e-06 	 -1000.0000 	 -1000.0000 	 -1000.0000 	 -1000.0000 
	 67.1830 	 1.297774e-03 	 176.3793 	  1.4350 	 5.334170e+19 	 5.857747e+17 	 2.565691e-05 	 2.603438e-06 	 -1000.0000 	 -1000.0000 	 -1000.0000 	 -1000.0000 
	 67.7790 	 1.218999e-03 	 182.8774 	  1.3653 	 4.832144e+19 	 5.073626e+17 	 2.727523e-05 	 2.773844e-06 	 -1000.0000 	 -1000.0000 	 -1000.0000 	 -1000.0000 
	 67.9300 	 1.200154e-03 	 184.3899 	  1.3527 	 4.718477e+19 	 4.911810e+17 	 2.763428e-05 	 2.812452e-06 	 -1000.0000 	 -1000.0000 	 -1000.0000 	 -1000.0000 
	 68.0820 	 1.181615e-03 	 185.8443 	  1.3413 	 4.609293e+19 	 4.761101e+17 	 2.795830e-05 	 2.849851e-06 	 -1000.0000 	 -1000.0000 	 -1000.0000 	 -1000.0000 
	 68.2330 	 1.163613e-03 	 187.2147 	  1.3308 	 4.505885e+19 	 4.622045e+17 	 2.823462e-05 	 2.885755e-06 	 -1000.0000 	 -1000.0000 	 -1000.0000 	 -1000.0000 
	 68.3850 	 1.145898e-03 	 188.5122 	  1.3208 	 4.406736e+19 	 4.491349e+17 	 2.845848e-05 	 2.920852e-06 	 -1000.0000 	 -1000.0000 	 -1000.0000 	 -1000.0000 
	 68.9590 	 1.082450e-03 	 192.6029 	  1.2828 	 4.073882e+19 	 4.061201e+17 	 2.874424e-05 	 3.045082e-06 	 -1000.0000 	 -1000.0000 	 -1000.0000 	 -1000.0000 
	 69.1100 	 1.066600e-03 	 193.4781 	  1.2724 	 3.996030e+19 	 3.962022e+17 	 2.869950e-05 	 3.074309e-06 	 -1000.0000 	 -1000.0000 	 -1000.0000 	 -1000.0000 
	 69.2620 	 1.050970e-03 	 194.2834 	  1.2619 	 3.921191e+19 	 3.867299e+17 	 2.862129e-05 	 3.101524e-06 	 -1000.0000 	 -1000.0000 	 -1000.0000 	 -1000.0000 
	 69.4130 	 1.035753e-03 	 195.0126 	  1.2514 	 3.850062e+19 	 3.777888e+17 	 2.851958e-05 	 3.125974e-06 	 -1000.0000 	 -1000.0000 	 -1000.0000 	 -1000.0000 
	 69.5650 	 1.020730e-03 	 195.6802 	  1.2408 	 3.781412e+19 	 3.692212e+17 	 2.840205e-05 	 3.147583e-06 	 -1000.0000 	 -1000.0000 	 -1000.0000 	 -1000.0000 
	 70.1590 	 9.646040e-04 	 197.7222 	  1.1991 	 3.536768e+19 	 3.392762e+17 	 2.794211e-05 	 3.200652e-06 	 -1000.0000 	 -1000.0000 	 -1000.0000 	 -1000.0000 
	 70.3100 	 9.509255e-04 	 198.1074 	  1.1888 	 3.479821e+19 	 3.324750e+17 	 2.784679e-05 	 3.208689e-06 	 -1000.0000 	 -1000.0000 	 -1000.0000 	 -1000.0000 
	 70.4620 	 9.373714e-04 	 198.4433 	  1.1788 	 3.424399e+19 	 3.259356e+17 	 2.776644e-05 	 3.216033e-06 	 -1000.0000 	 -1000.0000 	 -1000.0000 	 -1000.0000 
	 70.6130 	 9.241071e-04 	 198.7269 	  1.1693 	 3.371109e+19 	 3.197318e+17 	 2.770548e-05 	 3.223348e-06 	 -1000.0000 	 -1000.0000 	 -1000.0000 	 -1000.0000 
	 70.7650 	 9.109435e-04 	 198.9634 	  1.1602 	 3.319123e+19 	 3.137688e+17 	 2.766649e-05 	 3.231500e-06 	 -1000.0000 	 -1000.0000 	 -1000.0000 	 -1000.0000 
	 71.3430 	 8.624531e-04 	 199.4474 	  1.1312 	 3.134707e+19 	 2.934399e+17 	 2.774875e-05 	 3.279010e-06 	 -1000.0000 	 -1000.0000 	 -1000.0000 	 -1000.0000 
	 71.4940 	 8.501954e-04 	 199.4792 	  1.1251 	 3.089654e+19 	 2.886717e+17 	 2.781675e-05 	 3.295609e-06 	 -1000.0000 	 -1000.0000 	 -1000.0000 	 -1000.0000 
	 71.6450 	 8.381140e-04 	 199.4781 	  1.1195 	 3.045776e+19 	 2.840985e+17 	 2.789566e-05 	 3.313552e-06 	 -1000.0000 	 -1000.0000 	 -1000.0000 	 -1000.0000 
	 71.7950 	 8.262907e-04 	 199.4475 	  1.1143 	 3.003294e+19 	 2.797334e+17 	 2.798054e-05 	 3.332505e-06 	 -1000.0000 	 -1000.0000 	 -1000.0000 	 -1000.0000 
	 71.9460 	 8.145712e-04 	 199.3903 	  1.1097 	 2.961581e+19 	 2.755029e+17 	 2.806819e-05 	 3.352515e-06 	 -1000.0000 	 -1000.0000 	 -1000.0000 	 -1000.0000 
	 72.5330 	 7.707593e-04 	 198.9639 	  1.0949 	 2.808383e+19 	 2.603561e+17 	 2.836135e-05 	 3.434342e-06 	 -1000.0000 	 -1000.0000 	 -1000.0000 	 -1000.0000 
	 72.6840 	 7.599056e-04 	 198.8063 	  1.0918 	 2.771035e+19 	 2.567408e+17 	 2.841473e-05 	 3.454627e-06 	 -1000.0000 	 -1000.0000 	 -1000.0000 	 -1000.0000 
	 72.8350 	 7.492043e-04 	 198.6298 	  1.0888 	 2.734437e+19 	 2.532208e+17 	 2.845619e-05 	 3.473784e-06 	 -1000.0000 	 -1000.0000 	 -1000.0000 	 -1000.0000 
	 72.9850 	 7.387153e-04 	 198.4361 	  1.0859 	 2.698774e+19 	 2.498086e+17 	 2.848411e-05 	 3.491284e-06 	 -1000.0000 	 -1000.0000 	 -1000.0000 	 -1000.0000 
	 73.1360 	 7.282895e-04 	 198.2232 	  1.0831 	 2.663523e+19 	 2.464488e+17 	 2.849739e-05 	 3.506945e-06 	 -1000.0000 	 -1000.0000 	 -1000.0000 	 -1000.0000 
	 73.7100 	 6.897620e-04 	 197.2709 	  1.0722 	 2.534666e+19 	 2.342192e+17 	 2.840857e-05 	 3.545279e-06 	 -1000.0000 	 -1000.0000 	 -1000.0000 	 -1000.0000 
	 73.8600 	 6.799811e-04 	 197.0000 	  1.0694 	 2.502144e+19 	 2.311451e+17 	 2.836143e-05 	 3.551318e-06 	 -1000.0000 	 -1000.0000 	 -1000.0000 	 -1000.0000 
	 74.0100 	 6.703228e-04 	 196.7274 	  1.0667 	 2.470024e+19 	 2.281157e+17 	 2.831130e-05 	 3.556674e-06 	 -1000.0000 	 -1000.0000 	 -1000.0000 	 -1000.0000 
	 74.1600 	 6.607890e-04 	 196.4570 	  1.0640 	 2.438266e+19 	 2.251282e+17 	 2.826183e-05 	 3.561849e-06 	 -1000.0000 	 -1000.0000 	 -1000.0000 	 -1000.0000 
	 74.3100 	 6.513814e-04 	 196.1927 	  1.0615 	 2.406831e+19 	 2.221795e+17 	 2.821665e-05 	 3.567350e-06 	 -1000.0000 	 -1000.0000 	 -1000.0000 	 -1000.0000 
	 74.9000 	 6.156075e-04 	 195.2276 	  1.0535 	 2.286112e+19 	 2.109746e+17 	 2.813489e-05 	 3.600495e-06 	 -1000.0000 	 -1000.0000 	 -1000.0000 	 -1000.0000 
	 75.0500 	 6.068057e-04 	 194.9690 	  1.0522 	 2.256432e+19 	 2.082734e+17 	 2.814241e-05 	 3.613110e-06 	 -1000.0000 	 -1000.0000 	 -1000.0000 	 -1000.0000 
	 75.2000 	 5.981123e-04 	 194.6868 	  1.0514 	 2.227317e+19 	 2.056573e+17 	 2.816158e-05 	 3.627813e-06 	 -1000.0000 	 -1000.0000 	 -1000.0000 	 -1000.0000 
	 75.3500 	 5.895218e-04 	 194.3716 	  1.0509 	 2.198847e+19 	 2.031395e+17 	 2.819247e-05 	 3.644796e-06 	 -1000.0000 	 -1000.0000 	 -1000.0000 	 -1000.0000 
	 75.5000 	 5.810287e-04 	 194.0143 	  1.0510 	 2.171099e+19 	 2.007330e+17 	 2.823514e-05 	 3.664256e-06 	 -1000.0000 	 -1000.0000 	 -1000.0000 	 -1000.0000 
	 76.0840 	 5.488325e-04 	 192.1330 	  1.0557 	 2.070656e+19 	 1.924820e+17 	 2.850532e-05 	 3.763352e-06 	 -1000.0000 	 -1000.0000 	 -1000.0000 	 -1000.0000 
	 76.2330 	 5.408504e-04 	 191.5567 	  1.0571 	 2.046672e+19 	 1.905665e+17 	 2.859297e-05 	 3.792178e-06 	 -1000.0000 	 -1000.0000 	 -1000.0000 	 -1000.0000 
	 76.3830 	 5.329182e-04 	 190.9562 	  1.0580 	 2.023016e+19 	 1.886611e+17 	 2.868486e-05 	 3.821332e-06 	 -1000.0000 	 -1000.0000 	 -1000.0000 	 -1000.0000 
	 76.5320 	 5.251456e-04 	 190.3490 	  1.0583 	 1.999909e+19 	 1.867636e+17 	 2.877769e-05 	 3.849752e-06 	 -1000.0000 	 -1000.0000 	 -1000.0000 	 -1000.0000 
	 76.6820 	 5.174325e-04 	 189.7368 	  1.0576 	 1.976945e+19 	 1.848202e+17 	 2.887056e-05 	 3.877136e-06 	 -1000.0000 	 -1000.0000 	 -1000.0000 	 -1000.0000 
	 77.2540 	 4.890648e-04 	 187.5176 	  1.0436 	 1.890799e+19 	 1.767966e+17 	 2.917706e-05 	 3.961027e-06 	 -1000.0000 	 -1000.0000 	 -1000.0000 	 -1000.0000 
	 77.4030 	 4.819184e-04 	 186.9717 	  1.0378 	 1.868610e+19 	 1.745802e+17 	 2.923170e-05 	 3.976931e-06 	 -1000.0000 	 -1000.0000 	 -1000.0000 	 -1000.0000 
	 77.5530 	 4.748092e-04 	 186.4326 	  1.0313 	 1.846357e+19 	 1.723250e+17 	 2.927063e-05 	 3.990452e-06 	 -1000.0000 	 -1000.0000 	 -1000.0000 	 -1000.0000 
	 77.7020 	 4.678234e-04 	 185.9058 	  1.0247 	 1.824328e+19 	 1.700761e+17 	 2.929050e-05 	 4.001411e-06 	 -1000.0000 	 -1000.0000 	 -1000.0000 	 -1000.0000 
	 77.8520 	 4.608587e-04 	 185.3826 	  1.0181 	 1.802217e+19 	 1.678185e+17 	 2.928878e-05 	 4.009963e-06 	 -1000.0000 	 -1000.0000 	 -1000.0000 	 -1000.0000 
	 78.4440 	 4.339378e-04 	 183.3641 	  0.9956 	 1.715559e+19 	 1.592135e+17 	 2.905000e-05 	 4.022147e-06 	 -1000.0000 	 -1000.0000 	 -1000.0000 	 -1000.0000 
	 78.5930 	 4.273191e-04 	 182.8669 	  0.9914 	 1.693983e+19 	 1.571547e+17 	 2.894768e-05 	 4.021960e-06 	 -1000.0000 	 -1000.0000 	 -1000.0000 	 -1000.0000 
	 78.7430 	 4.207314e-04 	 182.3712 	  0.9878 	 1.672407e+19 	 1.551333e+17 	 2.883713e-05 	 4.021542e-06 	 -1000.0000 	 -1000.0000 	 -1000.0000 	 -1000.0000 
	 78.8920 	 4.142687e-04 	 181.8837 	  0.9851 	 1.651140e+19 	 1.531800e+17 	 2.872469e-05 	 4.021451e-06 	 -1000.0000 	 -1000.0000 	 -1000.0000 	 -1000.0000 
	 79.0420 	 4.078502e-04 	 181.3981 	  0.9831 	 1.629921e+19 	 1.512725e+17 	 2.861379e-05 	 4.022242e-06 	 -1000.0000 	 -1000.0000 	 -1000.0000 	 -1000.0000 
	 79.6070 	 3.845312e-04 	 179.6098 	  0.9834 	 1.552078e+19 	 1.446363e+17 	 2.828597e-05 	 4.040901e-06 	 -1000.0000 	 -1000.0000 	 -1000.0000 	 -1000.0000 
	 79.7560 	 3.786043e-04 	 179.1413 	  0.9849 	 1.532156e+19 	 1.430075e+17 	 2.823231e-05 	 4.050909e-06 	 -1000.0000 	 -1000.0000 	 -1000.0000 	 -1000.0000 
	 79.9050 	 3.727662e-04 	 178.6701 	  0.9867 	 1.512507e+19 	 1.414162e+17 	 2.819491e-05 	 4.063297e-06 	 -1000.0000 	 -1000.0000 	 -1000.0000 	 -1000.0000 
	 80.0550 	 3.669765e-04 	 178.1910 	  0.9886 	 1.493012e+19 	 1.398448e+17 	 2.817496e-05 	 4.078302e-06 	 -1000.0000 	 -1000.0000 	 -1000.0000 	 -1000.0000 
	 80.2040 	 3.613103e-04 	 177.7083 	  0.9905 	 1.473942e+19 	 1.383075e+17 	 2.817394e-05 	 4.095844e-06 	 -1000.0000 	 -1000.0000 	 -1000.0000 	 -1000.0000 
	 80.7870 	 3.399050e-04 	 175.7401 	  0.9949 	 1.402109e+19 	 1.323864e+17 	 2.834527e-05 	 4.188418e-06 	 -1000.0000 	 -1000.0000 	 -1000.0000 	 -1000.0000 
	 80.9360 	 3.346133e-04 	 175.2280 	  0.9949 	 1.384313e+19 	 1.308632e+17 	 2.841651e-05 	 4.215725e-06 	 -1000.0000 	 -1000.0000 	 -1000.0000 	 -1000.0000 
	 81.0850 	 3.293870e-04 	 174.7188 	  0.9942 	 1.366666e+19 	 1.293221e+17 	 2.848958e-05 	 4.243213e-06 	 -1000.0000 	 -1000.0000 	 -1000.0000 	 -1000.0000 
	 81.2350 	 3.241879e-04 	 174.2125 	  0.9929 	 1.349010e+19 	 1.277454e+17 	 2.856021e-05 	 4.270397e-06 	 -1000.0000 	 -1000.0000 	 -1000.0000 	 -1000.0000 
	 81.3840 	 3.190815e-04 	 173.7195 	  0.9907 	 1.331539e+19 	 1.261472e+17 	 2.862276e-05 	 4.296255e-06 	 -1000.0000 	 -1000.0000 	 -1000.0000 	 -1000.0000 
	 81.9710 	 2.994857e-04 	 171.9219 	  0.9747 	 1.262842e+19 	 1.194871e+17 	 2.874379e-05 	 4.379906e-06 	 -1000.0000 	 -1000.0000 	 -1000.0000 	 -1000.0000 
	 82.1200 	 2.946520e-04 	 171.5053 	  0.9695 	 1.245475e+19 	 1.177416e+17 	 2.875222e-05 	 4.397985e-06 	 -1000.0000 	 -1000.0000 	 -1000.0000 	 -1000.0000 
	 82.2680 	 2.899129e-04 	 171.1071 	  0.9642 	 1.228292e+19 	 1.160080e+17 	 2.875876e-05 	 4.415733e-06 	 -1000.0000 	 -1000.0000 	 -1000.0000 	 -1000.0000 
	 82.4170 	 2.852074e-04 	 170.7219 	  0.9591 	 1.211081e+19 	 1.142743e+17 	 2.876716e-05 	 4.433937e-06 	 -1000.0000 	 -1000.0000 	 -1000.0000 	 -1000.0000 
	 82.5650 	 2.806016e-04 	 170.3546 	  0.9543 	 1.194092e+19 	 1.125752e+17 	 2.878096e-05 	 4.452893e-06 	 -1000.0000 	 -1000.0000 	 -1000.0000 	 -1000.0000 
	 83.1310 	 2.636444e-04 	 169.0765 	  0.9420 	 1.130430e+19 	 1.064294e+17 	 2.892491e-05 	 4.539922e-06 	 -1000.0000 	 -1000.0000 	 -1000.0000 	 -1000.0000 
	 83.2800 	 2.593471e-04 	 168.7619 	  0.9402 	 1.114077e+19 	 1.049069e+17 	 2.898421e-05 	 4.566605e-06 	 -1000.0000 	 -1000.0000 	 -1000.0000 	 -1000.0000 
	 83.4280 	 2.551430e-04 	 168.4529 	  0.9388 	 1.098026e+19 	 1.034303e+17 	 2.904906e-05 	 4.594413e-06 	 -1000.0000 	 -1000.0000 	 -1000.0000 	 -1000.0000 
	 83.5770 	 2.509728e-04 	 168.1423 	  0.9378 	 1.082070e+19 	 1.019778e+17 	 2.911874e-05 	 4.623580e-06 	 -1000.0000 	 -1000.0000 	 -1000.0000 	 -1000.0000 
	 83.7250 	 2.468902e-04 	 167.8313 	  0.9372 	 1.066435e+19 	 1.005670e+17 	 2.919072e-05 	 4.653572e-06 	 -1000.0000 	 -1000.0000 	 -1000.0000 	 -1000.0000 
	 84.3050 	 2.314307e-04 	 166.5406 	  0.9369 	 1.007418e+19 	 9.533185e+16 	 2.947190e-05 	 4.777473e-06 	 -1000.0000 	 -1000.0000 	 -1000.0000 	 -1000.0000 
	 84.4530 	 2.276219e-04 	 166.1849 	  0.9376 	 9.929656e+18 	 9.408109e+16 	 2.953851e-05 	 4.809409e-06 	 -1000.0000 	 -1000.0000 	 -1000.0000 	 -1000.0000 
	 84.6010 	 2.238688e-04 	 165.8157 	  0.9388 	 9.787703e+18 	 9.287099e+16 	 2.960134e-05 	 4.840886e-06 	 -1000.0000 	 -1000.0000 	 -1000.0000 	 -1000.0000 
	 84.7490 	 2.201713e-04 	 165.4318 	  0.9407 	 9.648375e+18 	 9.170463e+16 	 2.965960e-05 	 4.871606e-06 	 -1000.0000 	 -1000.0000 	 -1000.0000 	 -1000.0000 
	 84.8970 	 2.165298e-04 	 165.0317 	  0.9432 	 9.511723e+18 	 9.058513e+16 	 2.971255e-05 	 4.901278e-06 	 -1000.0000 	 -1000.0000 	 -1000.0000 	 -1000.0000 
	 85.4650 	 2.030665e-04 	 163.3587 	  0.9587 	 9.010979e+18 	 8.669569e+16 	 2.987783e-05 	 5.004971e-06 	 -1000.0000 	 -1000.0000 	 -1000.0000 	 -1000.0000 
	 85.6130 	 1.996844e-04 	 162.9111 	  0.9630 	 8.885148e+18 	 8.573199e+16 	 2.992800e-05 	 5.031949e-06 	 -1000.0000 	 -1000.0000 	 -1000.0000 	 -1000.0000 
	 85.7610 	 1.963505e-04 	 162.4717 	  0.9669 	 8.760442e+18 	 8.475904e+16 	 2.999001e-05 	 5.060356e-06 	 -1000.0000 	 -1000.0000 	 -1000.0000 	 -1000.0000 
	 85.9090 	 1.930629e-04 	 162.0471 	  0.9698 	 8.636449e+18 	 8.376144e+16 	 3.006847e-05 	 5.090939e-06 	 -1000.0000 	 -1000.0000 	 -1000.0000 	 -1000.0000 
	 86.0570 	 1.898194e-04 	 161.6438 	  0.9716 	 8.512756e+18 	 8.272375e+16 	 3.016799e-05 	 5.124449e-06 	 -1000.0000 	 -1000.0000 	 -1000.0000 	 -1000.0000 
	 86.6380 	 1.774886e-04 	 160.3329 	  0.9646 	 8.025886e+18 	 7.813046e+16 	 3.081887e-05 	 5.295508e-06 	 -1000.0000 	 -1000.0000 	 -1000.0000 	 -1000.0000 
	 86.7860 	 1.744507e-04 	 160.0469 	  0.9610 	 7.902695e+18 	 7.689333e+16 	 3.104651e-05 	 5.350192e-06 	 -1000.0000 	 -1000.0000 	 -1000.0000 	 -1000.0000 
	 86.9340 	 1.714562e-04 	 159.7664 	  0.9576 	 7.780632e+18 	 7.566969e+16 	 3.129474e-05 	 5.409557e-06 	 -1000.0000 	 -1000.0000 	 -1000.0000 	 -1000.0000 
	 87.0810 	 1.685256e-04 	 159.4858 	  0.9550 	 7.660913e+18 	 7.448829e+16 	 3.155936e-05 	 5.473238e-06 	 -1000.0000 	 -1000.0000 	 -1000.0000 	 -1000.0000 
	 87.2290 	 1.656197e-04 	 159.1944 	  0.9538 	 7.542313e+18 	 7.335383e+16 	 3.184160e-05 	 5.542181e-06 	 -1000.0000 	 -1000.0000 	 -1000.0000 	 -1000.0000 
	 87.8020 	 1.547981e-04 	 157.8871 	  0.9674 	 7.106553e+18 	 6.972634e+16 	 3.305113e-05 	 5.853729e-06 	 -1000.0000 	 -1000.0000 	 -1000.0000 	 -1000.0000 
	 87.9490 	 1.521292e-04 	 157.5061 	  0.9748 	 7.000653e+18 	 6.897050e+16 	 3.338928e-05 	 5.943199e-06 	 -1000.0000 	 -1000.0000 	 -1000.0000 	 -1000.0000 
	 88.0960 	 1.495023e-04 	 157.1098 	  0.9833 	 6.896919e+18 	 6.826576e+16 	 3.373879e-05 	 6.035562e-06 	 -1000.0000 	 -1000.0000 	 -1000.0000 	 -1000.0000 
	 88.2440 	 1.468992e-04 	 156.6973 	  0.9925 	 6.794540e+18 	 6.759720e+16 	 3.410218e-05 	 6.130948e-06 	 -1000.0000 	 -1000.0000 	 -1000.0000 	 -1000.0000 
	 88.3910 	 1.443541e-04 	 156.2759 	  1.0020 	 6.694772e+18 	 6.696329e+16 	 3.447453e-05 	 6.227544e-06 	 -1000.0000 	 -1000.0000 	 -1000.0000 	 -1000.0000 
	 90.0850 	 1.176550e-04 	 151.1541 	  1.0356 	 5.642920e+18 	 5.853700e+16 	 3.953640e-05 	 7.302315e-06 	 -1000.0000 	 -1000.0000 	 -1000.0000 	 -1000.0000 
	 90.2320 	 1.155468e-04 	 150.7304 	  1.0286 	 5.557360e+18 	 5.756867e+16 	 4.002698e-05 	 7.385583e-06 	 -1000.0000 	 -1000.0000 	 -1000.0000 	 -1000.0000 
	 90.3790 	 1.134709e-04 	 150.3142 	  1.0217 	 5.472586e+18 	 5.660489e+16 	 4.051943e-05 	 7.470109e-06 	 -1000.0000 	 -1000.0000 	 -1000.0000 	 -1000.0000 
	 90.5260 	 1.114273e-04 	 149.9062 	  1.0159 	 5.388619e+18 	 5.566437e+16 	 4.101186e-05 	 7.557111e-06 	 -1000.0000 	 -1000.0000 	 -1000.0000 	 -1000.0000 
	 90.6730 	 1.094162e-04 	 149.5067 	  1.0118 	 5.305475e+18 	 5.476578e+16 	 4.150239e-05 	 7.647809e-06 	 -1000.0000 	 -1000.0000 	 -1000.0000 	 -1000.0000 
	 91.2390 	 1.019743e-04 	 148.0526 	  1.0203 	 4.993328e+18 	 5.191327e+16 	 4.335228e-05 	 8.043597e-06 	 -1000.0000 	 -1000.0000 	 -1000.0000 	 -1000.0000 
	 91.3850 	 1.001302e-04 	 147.6961 	  1.0278 	 4.914924e+18 	 5.131531e+16 	 4.382122e-05 	 8.154586e-06 	 -1000.0000 	 -1000.0000 	 -1000.0000 	 -1000.0000 
	 91.5320 	 9.830352e-05 	 147.3431 	  1.0367 	 4.836881e+18 	 5.075242e+16 	 4.429156e-05 	 8.267841e-06 	 -1000.0000 	 -1000.0000 	 -1000.0000 	 -1000.0000 
	 91.6780 	 9.651865e-05 	 146.9974 	  1.0463 	 4.760271e+18 	 5.022295e+16 	 4.475772e-05 	 8.380686e-06 	 -1000.0000 	 -1000.0000 	 -1000.0000 	 -1000.0000 
	 91.8250 	 9.475052e-05 	 146.6534 	  1.0565 	 4.684055e+18 	 4.971030e+16 	 4.522698e-05 	 8.493521e-06 	 -1000.0000 	 -1000.0000 	 -1000.0000 	 -1000.0000 
	 93.5090 	 7.638174e-05 	 142.7205 	  1.0672 	 3.879883e+18 	 4.240255e+16 	 5.099424e-05 	 9.399357e-06 	 -1000.0000 	 -1000.0000 	 -1000.0000 	 -1000.0000 
	 93.6550 	 7.494010e-05 	 142.3748 	  1.0537 	 3.815961e+18 	 4.152067e+16 	 5.166331e-05 	 9.449400e-06 	 -1000.0000 	 -1000.0000 	 -1000.0000 	 -1000.0000 
	 93.8020 	 7.351249e-05 	 142.0335 	  1.0398 	 3.752307e+18 	 4.062967e+16 	 5.243154e-05 	 9.511002e-06 	 -1000.0000 	 -1000.0000 	 -1000.0000 	 -1000.0000 
	 93.9480 	 7.211847e-05 	 141.7042 	  1.0266 	 3.689711e+18 	 3.975789e+16 	 5.331059e-05 	 9.589037e-06 	 -1000.0000 	 -1000.0000 	 -1000.0000 	 -1000.0000 
