	 height_(km) 	 press_(mbar) 	 temp_(K) 	 temperr_(K) 	 numdens_(m-3) 	 numdenserr_(m-3) 	 H2Ovmr_() 	 H2Ovmrerr_() 	 D/H_(VSMOW) 	 D/Herr_(VSMOW) 	 18O/16O_(VSMOW) 	 18O/16Oerr_(VSMOW) 
	  9.5730 	 2.055625e+00 	 179.2836 	  4.5193 	 8.308662e+22 	 2.093963e+21 	 1.624578e-05 	 1.314643e-06 	  2.3977 	  0.4724 	 -1000.0000 	 -1000.0000 
	  9.7070 	 2.025952e+00 	 179.4716 	  4.4213 	 8.180078e+22 	 2.013442e+21 	 1.624935e-05 	 1.288013e-06 	  2.3984 	  0.4615 	 -1000.0000 	 -1000.0000 
	  9.8400 	 1.996937e+00 	 179.6649 	  4.3148 	 8.054352e+22 	 1.933230e+21 	 1.624499e-05 	 1.262696e-06 	  2.3975 	  0.4509 	 -1000.0000 	 -1000.0000 
	  9.9730 	 1.968354e+00 	 179.8640 	  4.1999 	 7.930509e+22 	 1.852921e+21 	 1.623316e-05 	 1.238389e-06 	  2.3953 	  0.4404 	 -1000.0000 	 -1000.0000 
	 10.1070 	 1.939986e+00 	 180.0695 	  4.0767 	 7.807631e+22 	 1.772105e+21 	 1.621440e-05 	 1.214858e-06 	  2.3919 	  0.4301 	 -1000.0000 	 -1000.0000 
	 11.4130 	 1.684937e+00 	 182.1334 	  2.6668 	 6.708113e+22 	 1.030037e+21 	 1.592859e-05 	 1.035491e-06 	  2.3148 	  0.3443 	 -1000.0000 	 -1000.0000 
	 11.5470 	 1.660846e+00 	 182.3314 	  2.5199 	 6.605198e+22 	 9.627306e+20 	 1.592053e-05 	 1.022753e-06 	  2.3040 	  0.3370 	 -1000.0000 	 -1000.0000 
	 11.6800 	 1.637295e+00 	 182.5216 	  2.3771 	 6.504844e+22 	 8.983157e+20 	 1.592252e-05 	 1.011277e-06 	  2.2930 	  0.3301 	 -1000.0000 	 -1000.0000 
	 11.8130 	 1.614097e+00 	 182.7048 	  2.2383 	 6.406266e+22 	 8.364750e+20 	 1.593588e-05 	 1.000992e-06 	  2.2818 	  0.3234 	 -1000.0000 	 -1000.0000 
	 11.9470 	 1.591077e+00 	 182.8811 	  2.1034 	 6.308737e+22 	 7.769683e+20 	 1.596221e-05 	 9.918562e-07 	  2.2704 	  0.3170 	 -1000.0000 	 -1000.0000 
	 13.2300 	 1.387429e+00 	 184.0015 	  1.2172 	 5.463699e+22 	 3.818822e+20 	 1.674813e-05 	 1.006872e-06 	  2.1743 	  0.2742 	 -1000.0000 	 -1000.0000 
	 13.3620 	 1.368099e+00 	 184.0590 	  1.1724 	 5.385334e+22 	 3.595091e+20 	 1.662487e-05 	 1.048596e-06 	  2.1686 	  0.2770 	 -1000.0000 	 -1000.0000 
	 13.4950 	 1.348911e+00 	 184.1097 	  1.1347 	 5.307825e+22 	 3.398526e+20 	 1.654421e-05 	 1.086583e-06 	  2.1644 	  0.2798 	 -1000.0000 	 -1000.0000 
	 13.6270 	 1.330151e+00 	 184.1538 	  1.1041 	 5.232290e+22 	 3.230249e+20 	 1.650762e-05 	 1.120977e-06 	  2.1618 	  0.2826 	 -1000.0000 	 -1000.0000 
	 13.7600 	 1.311529e+00 	 184.1931 	  1.0796 	 5.157536e+22 	 3.085853e+20 	 1.651332e-05 	 1.152938e-06 	  2.1610 	  0.2852 	 -1000.0000 	 -1000.0000 
	 16.8800 	 9.456786e-01 	 186.4295 	  1.0976 	 3.677290e+22 	 2.451808e+20 	 2.574747e-05 	 1.543068e-06 	  2.6103 	  0.2769 	 -1000.0000 	 -1000.0000 
	 17.0120 	 9.328173e-01 	 186.7031 	  1.0819 	 3.621850e+22 	 2.386197e+20 	 2.644675e-05 	 1.543390e-06 	  2.6453 	  0.2728 	 -1000.0000 	 -1000.0000 
	 17.1450 	 9.200543e-01 	 187.0055 	  1.0648 	 3.566403e+22 	 2.315760e+20 	 2.717001e-05 	 1.542300e-06 	  2.6814 	  0.2683 	 -1000.0000 	 -1000.0000 
	 17.2770 	 9.075810e-01 	 187.3339 	  1.0472 	 3.511785e+22 	 2.242878e+20 	 2.790770e-05 	 1.539457e-06 	  2.7180 	  0.2635 	 -1000.0000 	 -1000.0000 
	 17.4100 	 8.952077e-01 	 187.6949 	  1.0291 	 3.457171e+22 	 2.167779e+20 	 2.867278e-05 	 1.534291e-06 	  2.7557 	  0.2583 	 -1000.0000 	 -1000.0000 
	 18.6930 	 7.856900e-01 	 192.9523 	  0.9248 	 2.953170e+22 	 1.595517e+20 	 3.656553e-05 	 1.457740e-06 	  3.1611 	  0.2118 	 -1000.0000 	 -1000.0000 
	 18.8250 	 7.753889e-01 	 193.6434 	  0.9243 	 2.904224e+22 	 1.562233e+20 	 3.737885e-05 	 1.472899e-06 	  3.2075 	  0.2108 	 -1000.0000 	 -1000.0000 
	 18.9570 	 7.652543e-01 	 194.3450 	  0.9252 	 2.856011e+22 	 1.532575e+20 	 3.822226e-05 	 1.489463e-06 	  3.2550 	  0.2103 	 -1000.0000 	 -1000.0000 
	 19.0890 	 7.552821e-01 	 195.0521 	  0.9273 	 2.808588e+22 	 1.506052e+20 	 3.909735e-05 	 1.507605e-06 	  3.3034 	  0.2103 	  0.8500 	  0.0492 
	 19.2210 	 7.454685e-01 	 195.7592 	  0.9303 	 2.762009e+22 	 1.482173e+20 	 4.000503e-05 	 1.527444e-06 	  3.3522 	  0.2107 	  0.8679 	  0.0485 
	 20.5160 	 6.568116e-01 	 201.7156 	  0.9684 	 2.359680e+22 	 1.294691e+20 	 5.022359e-05 	 1.782896e-06 	  3.7686 	  0.2248 	  1.0228 	  0.0704 
	 20.6480 	 6.484873e-01 	 202.1719 	  0.9710 	 2.324468e+22 	 1.275420e+20 	 5.127744e-05 	 1.810344e-06 	  3.7962 	  0.2256 	  1.0300 	  0.0765 
	 20.7800 	 6.402861e-01 	 202.6013 	  0.9733 	 2.290206e+22 	 1.256171e+20 	 5.229223e-05 	 1.836925e-06 	  3.8197 	  0.2259 	  1.0344 	  0.0827 
	 20.9110 	 6.322670e-01 	 203.0020 	  0.9754 	 2.257102e+22 	 1.237166e+20 	 5.324887e-05 	 1.862211e-06 	  3.8389 	  0.2258 	  1.0362 	  0.0884 
	 21.0430 	 6.243057e-01 	 203.3809 	  0.9774 	 2.224610e+22 	 1.218192e+20 	 5.415226e-05 	 1.886418e-06 	  3.8549 	  0.2253 	  1.0356 	  0.0935 
	 22.3190 	 5.530995e-01 	 205.9430 	  0.9930 	 1.947233e+22 	 1.057755e+20 	 5.967713e-05 	 2.087446e-06 	  3.9482 	  0.2181 	  0.9795 	  0.1057 
	 22.4510 	 5.462823e-01 	 206.1060 	  0.9946 	 1.921721e+22 	 1.044125e+20 	 6.012399e-05 	 2.111669e-06 	  3.9636 	  0.2191 	  0.9749 	  0.1030 
	 22.5820 	 5.396089e-01 	 206.2496 	  0.9963 	 1.896921e+22 	 1.031083e+20 	 6.061624e-05 	 2.137930e-06 	  3.9822 	  0.2206 	  0.9715 	  0.0996 
	 22.7130 	 5.330249e-01 	 206.3751 	  0.9980 	 1.872623e+22 	 1.018495e+20 	 6.117803e-05 	 2.166703e-06 	  4.0037 	  0.2228 	  0.9691 	  0.0960 
	 22.8450 	 5.264784e-01 	 206.4835 	  0.9998 	 1.848631e+22 	 1.006244e+20 	 6.183388e-05 	 2.198464e-06 	  4.0277 	  0.2255 	  0.9675 	  0.0921 
	 24.1360 	 4.665980e-01 	 206.6382 	  1.0210 	 1.636727e+22 	 9.034754e+19 	 7.548840e-05 	 4.557203e-06 	  4.2770 	  0.4142 	  0.9831 	  0.1040 
	 24.2660 	 4.609492e-01 	 206.5846 	  1.0235 	 1.617307e+22 	 8.943074e+19 	 7.820110e-05 	 4.772937e-06 	  4.2984 	  0.4318 	  0.9864 	  0.1071 
	 24.3970 	 4.553237e-01 	 206.5252 	  1.0260 	 1.598016e+22 	 8.851991e+19 	 8.117828e-05 	 4.977476e-06 	  4.3191 	  0.4468 	  0.9898 	  0.1096 
	 24.5270 	 4.498069e-01 	 206.4632 	  1.0285 	 1.579129e+22 	 8.762681e+19 	 8.433842e-05 	 5.170828e-06 	  4.3388 	  0.4592 	  0.9930 	  0.1116 
	 24.6580 	 4.443131e-01 	 206.3997 	  1.0311 	 1.560337e+22 	 8.673556e+19 	 8.769017e-05 	 5.358341e-06 	  4.3576 	  0.4695 	  0.9961 	  0.1132 
	 25.9460 	 3.936539e-01 	 206.1246 	  1.0532 	 1.384618e+22 	 7.803210e+19 	 1.202697e-04 	 6.739365e-06 	  4.5023 	  0.4736 	  1.0107 	  0.1119 
	 26.0760 	 3.888687e-01 	 206.1488 	  1.0550 	 1.367634e+22 	 7.714328e+19 	 1.227507e-04 	 6.801599e-06 	  4.5128 	  0.4609 	  1.0106 	  0.1110 
	 26.2070 	 3.841064e-01 	 206.1808 	  1.0567 	 1.350676e+22 	 7.624789e+19 	 1.249925e-04 	 6.837594e-06 	  4.5223 	  0.4450 	  1.0106 	  0.1099 
	 26.3370 	 3.794394e-01 	 206.2193 	  1.0584 	 1.334009e+22 	 7.536048e+19 	 1.269310e-04 	 6.838835e-06 	  4.5309 	  0.4259 	  1.0107 	  0.1085 
	 26.4680 	 3.747957e-01 	 206.2641 	  1.0599 	 1.317384e+22 	 7.446831e+19 	 1.285672e-04 	 6.795323e-06 	  4.5394 	  0.4031 	  1.0111 	  0.1065 
	 27.7490 	 3.324543e-01 	 206.8433 	  1.0714 	 1.165167e+22 	 6.603751e+19 	 1.287111e-04 	 4.155508e-06 	  4.6417 	  0.2151 	  1.0410 	  0.0812 
	 27.8790 	 3.284545e-01 	 206.8994 	  1.0723 	 1.150838e+22 	 6.522846e+19 	 1.276170e-04 	 3.979021e-06 	  4.6507 	  0.2112 	  1.0479 	  0.0797 
	 28.0090 	 3.245053e-01 	 206.9520 	  1.0731 	 1.136714e+22 	 6.443068e+19 	 1.263842e-04 	 3.868526e-06 	  4.6593 	  0.2100 	  1.0557 	  0.0786 
	 28.1390 	 3.206056e-01 	 207.0005 	  1.0740 	 1.122794e+22 	 6.364483e+19 	 1.250322e-04 	 3.801679e-06 	  4.6682 	  0.2105 	  1.0646 	  0.0775 
	 28.2690 	 3.167543e-01 	 207.0439 	  1.0749 	 1.109076e+22 	 6.287156e+19 	 1.235924e-04 	 3.765292e-06 	  4.6775 	  0.2122 	  1.0744 	  0.0767 
	 29.5490 	 2.811870e-01 	 207.0590 	  1.0862 	 9.844879e+21 	 5.605277e+19 	 1.114823e-04 	 3.666586e-06 	  4.8359 	  0.3111 	  1.1691 	  0.0691 
	 29.6790 	 2.777972e-01 	 207.0084 	  1.0877 	 9.728607e+21 	 5.544604e+19 	 1.111063e-04 	 3.771533e-06 	  4.8582 	  0.3214 	  1.1731 	  0.0693 
	 29.8090 	 2.744467e-01 	 206.9473 	  1.0894 	 9.614140e+21 	 5.485450e+19 	 1.110054e-04 	 3.934887e-06 	  4.8809 	  0.3316 	  1.1752 	  0.0700 
	 29.9390 	 2.711352e-01 	 206.8756 	  1.0911 	 9.501454e+21 	 5.427790e+19 	 1.111922e-04 	 4.161491e-06 	  4.9043 	  0.3437 	  1.1753 	  0.0715 
	 30.0690 	 2.678625e-01 	 206.7931 	  1.0929 	 9.390524e+21 	 5.371596e+19 	 1.116530e-04 	 4.441409e-06 	  4.9284 	  0.3590 	  1.1736 	  0.0738 
	 31.3520 	 2.375656e-01 	 205.4035 	  1.1157 	 8.383892e+21 	 4.888338e+19 	 1.200630e-04 	 6.855000e-06 	  5.2002 	  0.6354 	  1.1281 	  0.1049 
	 31.4820 	 2.346904e-01 	 205.2225 	  1.1183 	 8.289647e+21 	 4.844958e+19 	 1.203245e-04 	 6.821706e-06 	  5.2157 	  0.6387 	  1.1274 	  0.1057 
	 31.6110 	 2.318710e-01 	 205.0427 	  1.1210 	 8.197205e+21 	 4.802443e+19 	 1.204202e-04 	 6.715512e-06 	  5.2258 	  0.6321 	  1.1285 	  0.1060 
	 31.7410 	 2.290633e-01 	 204.8633 	  1.1237 	 8.105042e+21 	 4.759997e+19 	 1.203751e-04 	 6.539435e-06 	  5.2318 	  0.6173 	  1.1314 	  0.1058 
	 31.8710 	 2.262887e-01 	 204.6877 	  1.1265 	 8.013784e+21 	 4.717815e+19 	 1.202157e-04 	 6.299506e-06 	  5.2342 	  0.5962 	  1.1360 	  0.1054 
	 33.1450 	 2.007621e-01 	 203.5590 	  1.1513 	 7.149995e+21 	 4.293044e+19 	 1.202140e-04 	 4.134784e-06 	  5.2072 	  0.3659 	  1.2261 	  0.0996 
	 33.2740 	 1.983383e-01 	 203.5253 	  1.1535 	 7.064814e+21 	 4.247859e+19 	 1.209752e-04 	 4.170693e-06 	  5.2038 	  0.3541 	  1.2349 	  0.0968 
	 33.4040 	 1.959247e-01 	 203.5062 	  1.1557 	 6.979449e+21 	 4.202055e+19 	 1.219140e-04 	 4.207746e-06 	  5.1998 	  0.3425 	  1.2428 	  0.0929 
	 33.5330 	 1.935581e-01 	 203.5017 	  1.1579 	 6.895241e+21 	 4.156395e+19 	 1.230262e-04 	 4.245034e-06 	  5.1951 	  0.3311 	  1.2494 	  0.0882 
	 33.6630 	 1.912016e-01 	 203.5114 	  1.1601 	 6.810911e+21 	 4.110226e+19 	 1.243371e-04 	 4.282827e-06 	  5.1896 	  0.3196 	  1.2547 	  0.0826 
	 34.9480 	 1.693961e-01 	 204.2795 	  1.1807 	 6.012135e+21 	 3.657730e+19 	 1.518019e-04 	 6.095878e-06 	  5.1261 	  0.2787 	  1.2105 	  0.0635 
	 35.0770 	 1.673511e-01 	 204.3966 	  1.1827 	 5.936262e+21 	 3.613918e+19 	 1.563326e-04 	 6.462232e-06 	  5.1219 	  0.2871 	  1.1940 	  0.0642 
	 35.2060 	 1.653315e-01 	 204.5124 	  1.1848 	 5.861371e+21 	 3.570625e+19 	 1.610630e-04 	 6.762576e-06 	  5.1179 	  0.2942 	  1.1753 	  0.0641 
	 35.3350 	 1.633369e-01 	 204.6243 	  1.1868 	 5.787514e+21 	 3.527908e+19 	 1.659649e-04 	 6.977982e-06 	  5.1137 	  0.2991 	  1.1550 	  0.0659 
	 35.4640 	 1.613671e-01 	 204.7301 	  1.1889 	 5.714742e+21 	 3.485823e+19 	 1.710219e-04 	 7.092754e-06 	  5.1084 	  0.3012 	  1.1336 	  0.0687 
	 36.7310 	 1.432860e-01 	 204.9844 	  1.2088 	 5.066776e+21 	 3.115893e+19 	 2.234149e-04 	 5.323142e-06 	  5.0400 	  0.2804 	  0.9652 	  0.1100 
	 36.8600 	 1.415665e-01 	 204.9131 	  1.2105 	 5.007659e+21 	 3.082660e+19 	 2.268930e-04 	 5.350408e-06 	  5.0376 	  0.2758 	  0.9594 	  0.1109 
	 36.9890 	 1.398678e-01 	 204.8267 	  1.2122 	 4.949637e+21 	 3.050039e+19 	 2.294687e-04 	 5.374993e-06 	  5.0372 	  0.2692 	  0.9566 	  0.1101 
	 37.1170 	 1.382022e-01 	 204.7271 	  1.2136 	 4.893090e+21 	 3.018210e+19 	 2.310689e-04 	 5.396685e-06 	  5.0399 	  0.2627 	  0.9567 	  0.1078 
	 37.2460 	 1.365433e-01 	 204.6139 	  1.2149 	 4.837080e+21 	 2.986609e+19 	 2.317022e-04 	 5.415884e-06 	  5.0468 	  0.2575 	  0.9598 	  0.1040 
	 38.5310 	 1.210032e-01 	 203.0054 	  1.2136 	 4.321403e+21 	 2.685386e+19 	 2.130893e-04 	 1.082554e-05 	  5.2732 	  0.4352 	  1.1086 	  0.0759 
	 38.6600 	 1.195350e-01 	 202.8072 	  1.2122 	 4.273170e+21 	 2.656194e+19 	 2.110751e-04 	 1.103899e-05 	  5.2972 	  0.4504 	  1.1275 	  0.0804 
	 38.7890 	 1.180829e-01 	 202.6019 	  1.2106 	 4.225548e+21 	 2.627340e+19 	 2.090852e-04 	 1.114646e-05 	  5.3185 	  0.4593 	  1.1453 	  0.0839 
	 38.9170 	 1.166578e-01 	 202.3911 	  1.2090 	 4.178895e+21 	 2.599094e+19 	 2.071037e-04 	 1.114467e-05 	  5.3357 	  0.4610 	  1.1616 	  0.0863 
	 39.0460 	 1.152374e-01 	 202.1713 	  1.2073 	 4.132481e+21 	 2.571064e+19 	 2.050618e-04 	 1.102192e-05 	  5.3472 	  0.4550 	  1.1763 	  0.0872 
	 40.3150 	 1.020780e-01 	 199.6035 	  1.1968 	 3.707034e+21 	 2.327478e+19 	 1.925910e-04 	 7.600691e-06 	  5.0662 	  0.3618 	  1.2094 	  0.1266 
	 40.4430 	 1.008299e-01 	 199.3214 	  1.1967 	 3.666852e+21 	 2.306067e+19 	 1.930764e-04 	 7.716358e-06 	  5.0023 	  0.3788 	  1.2011 	  0.1315 
	 40.5710 	 9.959584e-02 	 199.0423 	  1.1967 	 3.627034e+21 	 2.285017e+19 	 1.936166e-04 	 7.872374e-06 	  4.9346 	  0.3962 	  1.1908 	  0.1348 
	 40.6990 	 9.837561e-02 	 198.7682 	  1.1968 	 3.587541e+21 	 2.264260e+19 	 1.941000e-04 	 8.021372e-06 	  4.8646 	  0.4124 	  1.1789 	  0.1364 
	 40.8270 	 9.716913e-02 	 198.5012 	  1.1970 	 3.548335e+21 	 2.243728e+19 	 1.944458e-04 	 8.128547e-06 	  4.7942 	  0.4266 	  1.1659 	  0.1365 
	 42.0980 	 8.590844e-02 	 196.6441 	  1.2031 	 3.167185e+21 	 2.038599e+19 	 1.869033e-04 	 6.614201e-06 	  4.2840 	  0.4472 	  1.0490 	  0.0936 
	 42.2260 	 8.484505e-02 	 196.5572 	  1.2038 	 3.129352e+21 	 2.017143e+19 	 1.846164e-04 	 6.448348e-06 	  4.2618 	  0.4393 	  1.0434 	  0.0902 
	 42.3530 	 8.380260e-02 	 196.4884 	  1.2046 	 3.091966e+21 	 1.995731e+19 	 1.819838e-04 	 6.310929e-06 	  4.2465 	  0.4300 	  1.0395 	  0.0878 
	 42.4810 	 8.276465e-02 	 196.4361 	  1.2053 	 3.054456e+21 	 1.974041e+19 	 1.790084e-04 	 6.175288e-06 	  4.2381 	  0.4194 	  1.0374 	  0.0864 
	 42.6090 	 8.173944e-02 	 196.4005 	  1.2061 	 3.017139e+21 	 1.952255e+19 	 1.757708e-04 	 6.021447e-06 	  4.2371 	  0.4079 	  1.0371 	  0.0860 
	 43.8780 	 7.225627e-02 	 196.8087 	  1.2114 	 2.661863e+21 	 1.734865e+19 	 1.419778e-04 	 3.533001e-06 	  4.4390 	  0.3056 	  1.0782 	  0.1101 
	 44.0060 	 7.136588e-02 	 196.8947 	  1.2117 	 2.627967e+21 	 1.713424e+19 	 1.394407e-04 	 3.173509e-06 	  4.4540 	  0.2879 	  1.0807 	  0.1119 
	 44.1330 	 7.049362e-02 	 196.9786 	  1.2121 	 2.594774e+21 	 1.692403e+19 	 1.371301e-04 	 2.942082e-06 	  4.4633 	  0.2679 	  1.0818 	  0.1133 
	 44.2610 	 6.962552e-02 	 197.0592 	  1.2125 	 2.561785e+21 	 1.671519e+19 	 1.349988e-04 	 2.900126e-06 	  4.4668 	  0.2457 	  1.0817 	  0.1145 
	 44.3890 	 6.876827e-02 	 197.1329 	  1.2128 	 2.529285e+21 	 1.650984e+19 	 1.331652e-04 	 2.860853e-06 	  4.4639 	  0.2199 	  1.0802 	  0.1153 
	 45.6610 	 6.079097e-02 	 196.9757 	  1.2193 	 2.237077e+21 	 1.474511e+19 	 1.242284e-04 	 2.572003e-06 	  4.2500 	  0.2175 	  1.0303 	  0.1120 
	 45.7880 	 6.004481e-02 	 196.8494 	  1.2203 	 2.211021e+21 	 1.459860e+19 	 1.236003e-04 	 2.549195e-06 	  4.2257 	  0.2177 	  1.0261 	  0.1103 
	 45.9160 	 5.930156e-02 	 196.7044 	  1.2213 	 2.185263e+21 	 1.445540e+19 	 1.229216e-04 	 2.526807e-06 	  4.2021 	  0.2179 	  1.0224 	  0.1082 
	 46.0430 	 5.857272e-02 	 196.5439 	  1.2224 	 2.160182e+21 	 1.431739e+19 	 1.221926e-04 	 2.505196e-06 	  4.1794 	  0.2232 	  1.0194 	  0.1058 
	 46.1700 	 5.785236e-02 	 196.3679 	  1.2234 	 2.135554e+21 	 1.418312e+19 	 1.214022e-04 	 2.484208e-06 	  4.1577 	  0.2259 	  1.0170 	  0.1029 
	 47.4370 	 5.110825e-02 	 193.9984 	  1.2336 	 1.909828e+21 	 1.297636e+19 	 1.113394e-04 	 2.311170e-06 	  4.0113 	  0.2283 	  1.0142 	  0.0757 
	 47.5640 	 5.047446e-02 	 193.7255 	  1.2344 	 1.888788e+21 	 1.286289e+19 	 1.102583e-04 	 2.297439e-06 	  4.0043 	  0.2298 	  1.0141 	  0.0745 
	 47.6900 	 4.985289e-02 	 193.4537 	  1.2352 	 1.868138e+21 	 1.275091e+19 	 1.091959e-04 	 2.284408e-06 	  3.9989 	  0.2314 	  1.0139 	  0.0738 
	 47.8170 	 4.923357e-02 	 193.1800 	  1.2360 	 1.847536e+21 	 1.263846e+19 	 1.081400e-04 	 2.271843e-06 	  3.9952 	  0.2330 	  1.0137 	  0.0736 
	 47.9440 	 4.862137e-02 	 192.9079 	  1.2366 	 1.827131e+21 	 1.252626e+19 	 1.071016e-04 	 2.259829e-06 	  3.9933 	  0.2348 	  1.0134 	  0.0739 
	 49.2070 	 4.290082e-02 	 190.5633 	  1.2398 	 1.632081e+21 	 1.139019e+19 	 9.842727e-05 	 2.715360e-06 	  4.0420 	  0.2658 	  1.0046 	  0.0891 
	 49.3340 	 4.236094e-02 	 190.3790 	  1.2397 	 1.613106e+21 	 1.127246e+19 	 9.779386e-05 	 2.821830e-06 	  4.0515 	  0.2705 	  1.0025 	  0.0891 
	 49.4600 	 4.183147e-02 	 190.2057 	  1.2396 	 1.594398e+21 	 1.115516e+19 	 9.726644e-05 	 2.880018e-06 	  4.0617 	  0.2742 	  1.0000 	  0.0884 
	 49.5870 	 4.130397e-02 	 190.0403 	  1.2394 	 1.575662e+21 	 1.103649e+19 	 9.684273e-05 	 2.885200e-06 	  4.0728 	  0.2765 	  0.9971 	  0.0868 
	 49.7140 	 4.078260e-02 	 189.8843 	  1.2391 	 1.557048e+21 	 1.091746e+19 	 9.653119e-05 	 2.833458e-06 	  4.0843 	  0.2775 	  0.9939 	  0.0845 
	 50.9800 	 3.591040e-02 	 188.8054 	  1.2343 	 1.378767e+21 	 9.722909e+18 	 9.539338e-05 	 2.134999e-06 	  4.2223 	  0.2835 	  0.9766 	  0.0782 
	 51.1070 	 3.545331e-02 	 188.7416 	  1.2334 	 1.361667e+21 	 9.602499e+18 	 9.523705e-05 	 2.136342e-06 	  4.2394 	  0.2859 	  0.9799 	  0.0811 
	 51.2330 	 3.500538e-02 	 188.6856 	  1.2322 	 1.344854e+21 	 9.482764e+18 	 9.505667e-05 	 2.137837e-06 	  4.2571 	  0.2885 	  0.9847 	  0.0843 
	 51.3590 	 3.456295e-02 	 188.6368 	  1.2309 	 1.328194e+21 	 9.362701e+18 	 9.484887e-05 	 2.139402e-06 	  4.2754 	  0.2912 	  0.9910 	  0.0878 
	 51.4850 	 3.412600e-02 	 188.5949 	  1.2293 	 1.311691e+21 	 9.242252e+18 	 9.461223e-05 	 2.140956e-06 	  4.2947 	  0.2942 	  0.9986 	  0.0913 
	 52.7440 	 3.005206e-02 	 188.4873 	  1.1958 	 1.156033e+21 	 8.015062e+18 	 9.312805e-05 	 2.145699e-06 	  4.4781 	  0.3799 	  1.0846 	  0.1041 
	 52.8690 	 2.967521e-02 	 188.4830 	  1.1913 	 1.141593e+21 	 7.895545e+18 	 9.337804e-05 	 2.144711e-06 	  4.4837 	  0.3885 	  1.0860 	  0.1015 
	 52.9950 	 2.930002e-02 	 188.4716 	  1.1869 	 1.127250e+21 	 7.777406e+18 	 9.375393e-05 	 2.143394e-06 	  4.4849 	  0.3950 	  1.0849 	  0.0985 
	 53.1210 	 2.892945e-02 	 188.4508 	  1.1828 	 1.113124e+21 	 7.662160e+18 	 9.426059e-05 	 2.141758e-06 	  4.4814 	  0.3989 	  1.0814 	  0.0956 
	 53.2470 	 2.856338e-02 	 188.4184 	  1.1789 	 1.099225e+21 	 7.550360e+18 	 9.489995e-05 	 2.139808e-06 	  4.4730 	  0.4006 	  1.0755 	  0.0930 
	 54.5070 	 2.513009e-02 	 186.9929 	  1.1763 	 9.739155e+20 	 6.727570e+18 	 1.055897e-04 	 2.660332e-06 	  4.2325 	  0.3696 	  0.9625 	  0.1169 
	 54.6320 	 2.481041e-02 	 186.7219 	  1.1800 	 9.628535e+20 	 6.677679e+18 	 1.066958e-04 	 2.788426e-06 	  4.2052 	  0.3683 	  0.9520 	  0.1202 
	 54.7580 	 2.449179e-02 	 186.4266 	  1.1843 	 9.519307e+20 	 6.631912e+18 	 1.077631e-04 	 2.911638e-06 	  4.1787 	  0.3677 	  0.9423 	  0.1228 
	 54.8830 	 2.417925e-02 	 186.1126 	  1.1889 	 9.413132e+20 	 6.590563e+18 	 1.087680e-04 	 3.020974e-06 	  4.1537 	  0.3678 	  0.9335 	  0.1247 
	 55.0080 	 2.387020e-02 	 185.7785 	  1.1938 	 9.309064e+20 	 6.552821e+18 	 1.097156e-04 	 3.112279e-06 	  4.1301 	  0.3682 	  0.9256 	  0.1259 
	 57.9700 	 1.746196e-02 	 173.9042 	  1.2147 	 7.279491e+20 	 5.655562e+18 	 1.165894e-04 	 2.474058e-06 	  3.8268 	  0.5102 	  0.9367 	  0.0791 
	 58.0950 	 1.722586e-02 	 173.3292 	  1.2063 	 7.204821e+20 	 5.585169e+18 	 1.164776e-04 	 2.487202e-06 	  3.8162 	  0.5254 	  0.9426 	  0.0803 
	 58.2200 	 1.699226e-02 	 172.7593 	  1.1978 	 7.130488e+20 	 5.513595e+18 	 1.163766e-04 	 2.499165e-06 	  3.8049 	  0.5415 	  0.9486 	  0.0820 
	 58.3450 	 1.676116e-02 	 172.1962 	  1.1892 	 7.056433e+20 	 5.441525e+18 	 1.162928e-04 	 2.509983e-06 	  3.7931 	  0.5584 	  0.9546 	  0.0841 
	 58.4700 	 1.653251e-02 	 171.6415 	  1.1808 	 6.982599e+20 	 5.369646e+18 	 1.162301e-04 	 2.519730e-06 	  3.7807 	  0.5760 	  0.9607 	  0.0866 
	 59.7230 	 1.437232e-02 	 166.8844 	  1.1438 	 6.243761e+20 	 4.795754e+18 	 1.168953e-04 	 3.218629e-06 	 -1000.0000 	 -1000.0000 	 -1000.0000 	 -1000.0000 
	 59.8480 	 1.416972e-02 	 166.4982 	  1.1463 	 6.170091e+20 	 4.758603e+18 	 1.171550e-04 	 3.285636e-06 	 -1000.0000 	 -1000.0000 	 -1000.0000 	 -1000.0000 
	 59.9720 	 1.397104e-02 	 166.1272 	  1.1497 	 6.097212e+20 	 4.724616e+18 	 1.174920e-04 	 3.289539e-06 	 -1000.0000 	 -1000.0000 	 -1000.0000 	 -1000.0000 
	 60.0970 	 1.377309e-02 	 165.7639 	  1.1540 	 6.024013e+20 	 4.692943e+18 	 1.179134e-04 	 3.225477e-06 	 -1000.0000 	 -1000.0000 	 -1000.0000 	 -1000.0000 
	 60.2220 	 1.357749e-02 	 165.4101 	  1.1590 	 5.951146e+20 	 4.663561e+18 	 1.184150e-04 	 3.095253e-06 	 -1000.0000 	 -1000.0000 	 -1000.0000 	 -1000.0000 
	 61.4760 	 1.174504e-02 	 162.1251 	  1.2336 	 5.251340e+20 	 4.430049e+18 	 1.238686e-04 	 2.714582e-06 	 -1000.0000 	 -1000.0000 	 -1000.0000 	 -1000.0000 
	 61.6010 	 1.157512e-02 	 161.8160 	  1.2419 	 5.185214e+20 	 4.407556e+18 	 1.242999e-04 	 2.729903e-06 	 -1000.0000 	 -1000.0000 	 -1000.0000 	 -1000.0000 
	 61.7250 	 1.140877e-02 	 161.5150 	  1.2501 	 5.120200e+20 	 4.384690e+18 	 1.246716e-04 	 2.746337e-06 	 -1000.0000 	 -1000.0000 	 -1000.0000 	 -1000.0000 
	 61.8490 	 1.124459e-02 	 161.2206 	  1.2581 	 5.055739e+20 	 4.361120e+18 	 1.249773e-04 	 2.764012e-06 	 -1000.0000 	 -1000.0000 	 -1000.0000 	 -1000.0000 
	 61.9730 	 1.108256e-02 	 160.9335 	  1.2659 	 4.991804e+20 	 4.336693e+18 	 1.252072e-04 	 2.782874e-06 	 -1000.0000 	 -1000.0000 	 -1000.0000 	 -1000.0000 
	 63.2200 	 9.567294e-03 	 158.6280 	  1.3241 	 4.372602e+20 	 4.014000e+18 	 1.248973e-04 	 3.968068e-06 	 -1000.0000 	 -1000.0000 	 -1000.0000 	 -1000.0000 
	 63.3430 	 9.428592e-03 	 158.4644 	  1.3274 	 4.313679e+20 	 3.974078e+18 	 1.248155e-04 	 4.223305e-06 	 -1000.0000 	 -1000.0000 	 -1000.0000 	 -1000.0000 
	 63.4670 	 9.290628e-03 	 158.3099 	  1.3305 	 4.254708e+20 	 3.932785e+18 	 1.248218e-04 	 4.407724e-06 	 -1000.0000 	 -1000.0000 	 -1000.0000 	 -1000.0000 
	 63.5910 	 9.154515e-03 	 158.1656 	  1.3332 	 4.196186e+20 	 3.890584e+18 	 1.249372e-04 	 4.509731e-06 	 -1000.0000 	 -1000.0000 	 -1000.0000 	 -1000.0000 
	 63.7150 	 9.020233e-03 	 158.0310 	  1.3356 	 4.138129e+20 	 3.847618e+18 	 1.251815e-04 	 4.518557e-06 	 -1000.0000 	 -1000.0000 	 -1000.0000 	 -1000.0000 
	 64.9730 	 7.756544e-03 	 157.1235 	  1.3518 	 3.578750e+20 	 3.399742e+18 	 1.294340e-04 	 3.100080e-06 	 -1000.0000 	 -1000.0000 	 -1000.0000 	 -1000.0000 
	 65.0960 	 7.642289e-03 	 157.0733 	  1.3534 	 3.527181e+20 	 3.357201e+18 	 1.293615e-04 	 3.101862e-06 	 -1000.0000 	 -1000.0000 	 -1000.0000 	 -1000.0000 
	 65.2200 	 7.528752e-03 	 157.0293 	  1.3551 	 3.475776e+20 	 3.314837e+18 	 1.291243e-04 	 3.103787e-06 	 -1000.0000 	 -1000.0000 	 -1000.0000 	 -1000.0000 
	 65.3430 	 7.417758e-03 	 156.9919 	  1.3571 	 3.425367e+20 	 3.273397e+18 	 1.287040e-04 	 3.105925e-06 	 -1000.0000 	 -1000.0000 	 -1000.0000 	 -1000.0000 
	 65.4660 	 7.308379e-03 	 156.9607 	  1.3592 	 3.375543e+20 	 3.232598e+18 	 1.280869e-04 	 3.108358e-06 	 -1000.0000 	 -1000.0000 	 -1000.0000 	 -1000.0000 
	 66.7060 	 6.294389e-03 	 156.9934 	  1.4014 	 2.906269e+20 	 2.867729e+18 	 1.162355e-04 	 3.151887e-06 	 -1000.0000 	 -1000.0000 	 -1000.0000 	 -1000.0000 
	 66.8290 	 6.202301e-03 	 157.0396 	  1.4073 	 2.862867e+20 	 2.835446e+18 	 1.151820e-04 	 3.159243e-06 	 -1000.0000 	 -1000.0000 	 -1000.0000 	 -1000.0000 
	 66.9520 	 6.111658e-03 	 157.0968 	  1.4132 	 2.819971e+20 	 2.803368e+18 	 1.142503e-04 	 3.167602e-06 	 -1000.0000 	 -1000.0000 	 -1000.0000 	 -1000.0000 
	 67.0750 	 6.022436e-03 	 157.1660 	  1.4191 	 2.777565e+20 	 2.771345e+18 	 1.134545e-04 	 3.177052e-06 	 -1000.0000 	 -1000.0000 	 -1000.0000 	 -1000.0000 
	 67.1980 	 5.934611e-03 	 157.2483 	  1.4249 	 2.735631e+20 	 2.739228e+18 	 1.128006e-04 	 3.187591e-06 	 -1000.0000 	 -1000.0000 	 -1000.0000 	 -1000.0000 
	 68.4490 	 5.115376e-03 	 159.0130 	  1.4585 	 2.332442e+20 	 2.376677e+18 	 1.116614e-04 	 3.488260e-06 	 -1000.0000 	 -1000.0000 	 -1000.0000 	 -1000.0000 
	 68.5720 	 5.041669e-03 	 159.2793 	  1.4584 	 2.295026e+20 	 2.336590e+18 	 1.117794e-04 	 3.599494e-06 	 -1000.0000 	 -1000.0000 	 -1000.0000 	 -1000.0000 
	 68.6940 	 4.969714e-03 	 159.5564 	  1.4576 	 2.258356e+20 	 2.296330e+18 	 1.118784e-04 	 3.707297e-06 	 -1000.0000 	 -1000.0000 	 -1000.0000 	 -1000.0000 
	 68.8170 	 4.898319e-03 	 159.8479 	  1.4562 	 2.221848e+20 	 2.255341e+18 	 1.119430e-04 	 3.809186e-06 	 -1000.0000 	 -1000.0000 	 -1000.0000 	 -1000.0000 
	 68.9400 	 4.828064e-03 	 160.1503 	  1.4542 	 2.185819e+20 	 2.214054e+18 	 1.119563e-04 	 3.902170e-06 	 -1000.0000 	 -1000.0000 	 -1000.0000 	 -1000.0000 
	 70.1820 	 4.179585e-03 	 163.5811 	  1.4020 	 1.852218e+20 	 1.803142e+18 	 1.065537e-04 	 4.111968e-06 	 -1000.0000 	 -1000.0000 	 -1000.0000 	 -1000.0000 
	 70.3040 	 4.121517e-03 	 163.9363 	  1.3946 	 1.822538e+20 	 1.765211e+18 	 1.052874e-04 	 4.055689e-06 	 -1000.0000 	 -1000.0000 	 -1000.0000 	 -1000.0000 
	 70.4270 	 4.063918e-03 	 164.2955 	  1.3870 	 1.793154e+20 	 1.727661e+18 	 1.038557e-04 	 3.987270e-06 	 -1000.0000 	 -1000.0000 	 -1000.0000 	 -1000.0000 
	 70.5490 	 4.007705e-03 	 164.6521 	  1.3795 	 1.764536e+20 	 1.691159e+18 	 1.022861e-04 	 3.913458e-06 	 -1000.0000 	 -1000.0000 	 -1000.0000 	 -1000.0000 
	 70.6710 	 3.952388e-03 	 165.0088 	  1.3720 	 1.736433e+20 	 1.655452e+18 	 1.005785e-04 	 3.843810e-06 	 -1000.0000 	 -1000.0000 	 -1000.0000 	 -1000.0000 
	 71.9220 	 3.432531e-03 	 168.5607 	  1.3145 	 1.476142e+20 	 1.346368e+18 	 8.024246e-05 	 3.729554e-06 	 -1000.0000 	 -1000.0000 	 -1000.0000 	 -1000.0000 
	 72.0440 	 3.386111e-03 	 168.8948 	  1.3115 	 1.453277e+20 	 1.321941e+18 	 7.836561e-05 	 3.721036e-06 	 -1000.0000 	 -1000.0000 	 -1000.0000 	 -1000.0000 
	 72.1670 	 3.340036e-03 	 169.2309 	  1.3088 	 1.430641e+20 	 1.298162e+18 	 7.653623e-05 	 3.703840e-06 	 -1000.0000 	 -1000.0000 	 -1000.0000 	 -1000.0000 
	 72.2890 	 3.295044e-03 	 169.5638 	  1.3065 	 1.408590e+20 	 1.275360e+18 	 7.479340e-05 	 3.677617e-06 	 -1000.0000 	 -1000.0000 	 -1000.0000 	 -1000.0000 
	 72.4110 	 3.250750e-03 	 169.8967 	  1.3045 	 1.386930e+20 	 1.253279e+18 	 7.313088e-05 	 3.641532e-06 	 -1000.0000 	 -1000.0000 	 -1000.0000 	 -1000.0000 
	 73.6450 	 2.839717e-03 	 173.3412 	  1.2945 	 1.187831e+20 	 1.058096e+18 	 6.326699e-05 	 3.096488e-06 	 -1000.0000 	 -1000.0000 	 -1000.0000 	 -1000.0000 
	 73.7670 	 2.802499e-03 	 173.6811 	  1.2937 	 1.170000e+20 	 1.040752e+18 	 6.318900e-05 	 3.071986e-06 	 -1000.0000 	 -1000.0000 	 -1000.0000 	 -1000.0000 
	 73.8890 	 2.765849e-03 	 174.0162 	  1.2927 	 1.152497e+20 	 1.023696e+18 	 6.329881e-05 	 3.057263e-06 	 -1000.0000 	 -1000.0000 	 -1000.0000 	 -1000.0000 
	 74.0110 	 2.729754e-03 	 174.3450 	  1.2916 	 1.135321e+20 	 1.006917e+18 	 6.359551e-05 	 3.050388e-06 	 -1000.0000 	 -1000.0000 	 -1000.0000 	 -1000.0000 
	 74.1330 	 2.694203e-03 	 174.6660 	  1.2903 	 1.118473e+20 	 9.904046e+17 	 6.407531e-05 	 3.048726e-06 	 -1000.0000 	 -1000.0000 	 -1000.0000 	 -1000.0000 
	 75.3790 	 2.359536e-03 	 177.2406 	  1.2584 	 9.647910e+19 	 8.348321e+17 	 7.807994e-05 	 3.445415e-06 	 -1000.0000 	 -1000.0000 	 -1000.0000 	 -1000.0000 
	 75.5000 	 2.329573e-03 	 177.4303 	  1.2534 	 9.514822e+19 	 8.208362e+17 	 8.002049e-05 	 3.517921e-06 	 -1000.0000 	 -1000.0000 	 -1000.0000 	 -1000.0000 
	 75.6210 	 2.300030e-03 	 177.6181 	  1.2481 	 9.383996e+19 	 8.070223e+17 	 8.196105e-05 	 3.592443e-06 	 -1000.0000 	 -1000.0000 	 -1000.0000 	 -1000.0000 
	 75.7430 	 2.270661e-03 	 177.8082 	  1.2427 	 9.254210e+19 	 7.932756e+17 	 8.389505e-05 	 3.672716e-06 	 -1000.0000 	 -1000.0000 	 -1000.0000 	 -1000.0000 
	 75.8640 	 2.241941e-03 	 178.0001 	  1.2371 	 9.127425e+19 	 7.798188e+17 	 8.577226e-05 	 3.761600e-06 	 -1000.0000 	 -1000.0000 	 -1000.0000 	 -1000.0000 
	 77.0990 	 1.970572e-03 	 180.6771 	  1.1812 	 7.909341e+19 	 6.521367e+17 	 9.406466e-05 	 4.814413e-06 	 -1000.0000 	 -1000.0000 	 -1000.0000 	 -1000.0000 
	 77.2200 	 1.945997e-03 	 181.0163 	  1.1763 	 7.796334e+19 	 6.406373e+17 	 9.319396e-05 	 4.859593e-06 	 -1000.0000 	 -1000.0000 	 -1000.0000 	 -1000.0000 
	 77.3410 	 1.921766e-03 	 181.3608 	  1.1716 	 7.684746e+19 	 6.293522e+17 	 9.208881e-05 	 4.891491e-06 	 -1000.0000 	 -1000.0000 	 -1000.0000 	 -1000.0000 
	 77.4630 	 1.897678e-03 	 181.7106 	  1.1669 	 7.573777e+19 	 6.182008e+17 	 9.078273e-05 	 4.911797e-06 	 -1000.0000 	 -1000.0000 	 -1000.0000 	 -1000.0000 
	 77.5840 	 1.874125e-03 	 182.0572 	  1.1623 	 7.465353e+19 	 6.073758e+17 	 8.934384e-05 	 4.921911e-06 	 -1000.0000 	 -1000.0000 	 -1000.0000 	 -1000.0000 
	 78.8220 	 1.651562e-03 	 184.9816 	  1.1222 	 6.471251e+19 	 5.120825e+17 	 7.578266e-05 	 4.705175e-06 	 -1000.0000 	 -1000.0000 	 -1000.0000 	 -1000.0000 
	 78.9430 	 1.631485e-03 	 185.1699 	  1.1189 	 6.386033e+19 	 5.043144e+17 	 7.498793e-05 	 4.668087e-06 	 -1000.0000 	 -1000.0000 	 -1000.0000 	 -1000.0000 
	 79.0640 	 1.611677e-03 	 185.3393 	  1.1157 	 6.302751e+19 	 4.967926e+17 	 7.425839e-05 	 4.629832e-06 	 -1000.0000 	 -1000.0000 	 -1000.0000 	 -1000.0000 
	 79.1850 	 1.592129e-03 	 185.4895 	  1.1126 	 6.221338e+19 	 4.895076e+17 	 7.357863e-05 	 4.590664e-06 	 -1000.0000 	 -1000.0000 	 -1000.0000 	 -1000.0000 
	 79.3060 	 1.572834e-03 	 185.6205 	  1.1096 	 6.141723e+19 	 4.824499e+17 	 7.293283e-05 	 4.550807e-06 	 -1000.0000 	 -1000.0000 	 -1000.0000 	 -1000.0000 
	 80.5350 	 1.389476e-03 	 185.8542 	  1.0857 	 5.419962e+19 	 4.215478e+17 	 6.494787e-05 	 4.144074e-06 	 -1000.0000 	 -1000.0000 	 -1000.0000 	 -1000.0000 
	 80.6560 	 1.372553e-03 	 185.7713 	  1.0840 	 5.356324e+19 	 4.164589e+17 	 6.390053e-05 	 4.105908e-06 	 -1000.0000 	 -1000.0000 	 -1000.0000 	 -1000.0000 
	 80.7760 	 1.355962e-03 	 185.6714 	  1.0824 	 5.294400e+19 	 4.115564e+17 	 6.284028e-05 	 4.068593e-06 	 -1000.0000 	 -1000.0000 	 -1000.0000 	 -1000.0000 
	 80.8970 	 1.339423e-03 	 185.5532 	  1.0810 	 5.233132e+19 	 4.067552e+17 	 6.175894e-05 	 4.031550e-06 	 -1000.0000 	 -1000.0000 	 -1000.0000 	 -1000.0000 
	 81.0170 	 1.323210e-03 	 185.4189 	  1.0797 	 5.173509e+19 	 4.021316e+17 	 6.068373e-05 	 3.995414e-06 	 -1000.0000 	 -1000.0000 	 -1000.0000 	 -1000.0000 
	 82.2480 	 1.167411e-03 	 183.1362 	  1.0744 	 4.621155e+19 	 3.618368e+17 	 5.150069e-05 	 3.665981e-06 	 -1000.0000 	 -1000.0000 	 -1000.0000 	 -1000.0000 
	 82.3680 	 1.153199e-03 	 182.8359 	  1.0747 	 4.572403e+19 	 3.585103e+17 	 5.088232e-05 	 3.638463e-06 	 -1000.0000 	 -1000.0000 	 -1000.0000 	 -1000.0000 
	 82.4890 	 1.139031e-03 	 182.5216 	  1.0751 	 4.524016e+19 	 3.552437e+17 	 5.030402e-05 	 3.611561e-06 	 -1000.0000 	 -1000.0000 	 -1000.0000 	 -1000.0000 
	 82.6090 	 1.125137e-03 	 182.1992 	  1.0756 	 4.476760e+19 	 3.520856e+17 	 4.977239e-05 	 3.585678e-06 	 -1000.0000 	 -1000.0000 	 -1000.0000 	 -1000.0000 
	 82.7290 	 1.111397e-03 	 181.8667 	  1.0762 	 4.430195e+19 	 3.490034e+17 	 4.927941e-05 	 3.560526e-06 	 -1000.0000 	 -1000.0000 	 -1000.0000 	 -1000.0000 
	 83.9610 	 9.784657e-04 	 178.0461 	  1.0872 	 3.983607e+19 	 3.204356e+17 	 4.570962e-05 	 3.335612e-06 	 -1000.0000 	 -1000.0000 	 -1000.0000 	 -1000.0000 
	 84.0810 	 9.662580e-04 	 177.6618 	  1.0883 	 3.942346e+19 	 3.177880e+17 	 4.541919e-05 	 3.316208e-06 	 -1000.0000 	 -1000.0000 	 -1000.0000 	 -1000.0000 
	 84.2010 	 9.541773e-04 	 177.2825 	  1.0893 	 3.901334e+19 	 3.151271e+17 	 4.511971e-05 	 3.297114e-06 	 -1000.0000 	 -1000.0000 	 -1000.0000 	 -1000.0000 
	 84.3210 	 9.422230e-04 	 176.9103 	  1.0901 	 3.860537e+19 	 3.124432e+17 	 4.480638e-05 	 3.278322e-06 	 -1000.0000 	 -1000.0000 	 -1000.0000 	 -1000.0000 
	 84.4410 	 9.303942e-04 	 176.5469 	  1.0908 	 3.819917e+19 	 3.097266e+17 	 4.447454e-05 	 3.259842e-06 	 -1000.0000 	 -1000.0000 	 -1000.0000 	 -1000.0000 
	 85.6640 	 8.168472e-04 	 173.7335 	  1.0783 	 3.409017e+19 	 2.782907e+17 	 3.915064e-05 	 3.088191e-06 	 -1000.0000 	 -1000.0000 	 -1000.0000 	 -1000.0000 
	 85.7840 	 8.063848e-04 	 173.5497 	  1.0752 	 3.368982e+19 	 2.748369e+17 	 3.845698e-05 	 3.073211e-06 	 -1000.0000 	 -1000.0000 	 -1000.0000 	 -1000.0000 
	 85.9030 	 7.961292e-04 	 173.3776 	  1.0719 	 3.329473e+19 	 2.713861e+17 	 3.776519e-05 	 3.058813e-06 	 -1000.0000 	 -1000.0000 	 -1000.0000 	 -1000.0000 
	 86.0230 	 7.859081e-04 	 173.2122 	  1.0684 	 3.289869e+19 	 2.678930e+17 	 3.707172e-05 	 3.044785e-06 	 -1000.0000 	 -1000.0000 	 -1000.0000 	 -1000.0000 
	 86.1420 	 7.758918e-04 	 173.0543 	  1.0648 	 3.250876e+19 	 2.644281e+17 	 3.639605e-05 	 3.031378e-06 	 -1000.0000 	 -1000.0000 	 -1000.0000 	 -1000.0000 
	 87.3740 	 6.791739e-04 	 171.3380 	  1.0295 	 2.873297e+19 	 2.312370e+17 	 3.174999e-05 	 2.923893e-06 	 -1000.0000 	 -1000.0000 	 -1000.0000 	 -1000.0000 
	 87.4940 	 6.704104e-04 	 171.1427 	  1.0268 	 2.839435e+19 	 2.283964e+17 	 3.156631e-05 	 2.916136e-06 	 -1000.0000 	 -1000.0000 	 -1000.0000 	 -1000.0000 
	 87.6130 	 6.618266e-04 	 170.9456 	  1.0242 	 2.806308e+19 	 2.256418e+17 	 3.141239e-05 	 2.908792e-06 	 -1000.0000 	 -1000.0000 	 -1000.0000 	 -1000.0000 
	 87.7330 	 6.532758e-04 	 170.7439 	  1.0218 	 2.773334e+19 	 2.229233e+17 	 3.127911e-05 	 2.901706e-06 	 -1000.0000 	 -1000.0000 	 -1000.0000 	 -1000.0000 
	 87.8520 	 6.448982e-04 	 170.5416 	  1.0196 	 2.741041e+19 	 2.202826e+17 	 3.116213e-05 	 2.894957e-06 	 -1000.0000 	 -1000.0000 	 -1000.0000 	 -1000.0000 
	 89.0710 	 5.643972e-04 	 168.4950 	  1.0046 	 2.428436e+19 	 1.955771e+17 	 2.943945e-05 	 2.833777e-06 	 -1000.0000 	 -1000.0000 	 -1000.0000 	 -1000.0000 
	 89.1890 	 5.570863e-04 	 168.3083 	  1.0037 	 2.399650e+19 	 1.933537e+17 	 2.915408e-05 	 2.827489e-06 	 -1000.0000 	 -1000.0000 	 -1000.0000 	 -1000.0000 
	 89.3080 	 5.497977e-04 	 168.1225 	  1.0030 	 2.370876e+19 	 1.911354e+17 	 2.884771e-05 	 2.820772e-06 	 -1000.0000 	 -1000.0000 	 -1000.0000 	 -1000.0000 
	 89.4270 	 5.425935e-04 	 167.9393 	  1.0023 	 2.342362e+19 	 1.889398e+17 	 2.852446e-05 	 2.813599e-06 	 -1000.0000 	 -1000.0000 	 -1000.0000 	 -1000.0000 
	 89.5450 	 5.355329e-04 	 167.7602 	  1.0016 	 2.314344e+19 	 1.867840e+17 	 2.818910e-05 	 2.805967e-06 	 -1000.0000 	 -1000.0000 	 -1000.0000 	 -1000.0000 
	 90.7710 	 4.670228e-04 	 166.0612 	  0.9944 	 2.038626e+19 	 1.653708e+17 	 2.428467e-05 	 2.683935e-06 	 -1000.0000 	 -1000.0000 	 -1000.0000 	 -1000.0000 
	 90.8890 	 4.608868e-04 	 165.9184 	  0.9935 	 2.013545e+19 	 1.633873e+17 	 2.391089e-05 	 2.668825e-06 	 -1000.0000 	 -1000.0000 	 -1000.0000 	 -1000.0000 
	 91.0080 	 4.547777e-04 	 165.7799 	  0.9925 	 1.988496e+19 	 1.613996e+17 	 2.354159e-05 	 2.653553e-06 	 -1000.0000 	 -1000.0000 	 -1000.0000 	 -1000.0000 
	 91.1270 	 4.487474e-04 	 165.6474 	  0.9916 	 1.963688e+19 	 1.594245e+17 	 2.318169e-05 	 2.638413e-06 	 -1000.0000 	 -1000.0000 	 -1000.0000 	 -1000.0000 
	 91.2450 	 4.428449e-04 	 165.5223 	  0.9906 	 1.939321e+19 	 1.574782e+17 	 2.283572e-05 	 2.623685e-06 	 -1000.0000 	 -1000.0000 	 -1000.0000 	 -1000.0000 
	 92.4570 	 3.865034e-04 	 164.6864 	  0.9788 	 1.701693e+19 	 1.381752e+17 	 2.023508e-05 	 2.521791e-06 	 -1000.0000 	 -1000.0000 	 -1000.0000 	 -1000.0000 
	 92.5750 	 3.814135e-04 	 164.6397 	  0.9775 	 1.679811e+19 	 1.363699e+17 	 2.008242e-05 	 2.518651e-06 	 -1000.0000 	 -1000.0000 	 -1000.0000 	 -1000.0000 
	 92.6930 	 3.763886e-04 	 164.5938 	  0.9761 	 1.658178e+19 	 1.345808e+17 	 1.994388e-05 	 2.516808e-06 	 -1000.0000 	 -1000.0000 	 -1000.0000 	 -1000.0000 
	 92.8110 	 3.714274e-04 	 164.5473 	  0.9746 	 1.636802e+19 	 1.328088e+17 	 1.981824e-05 	 2.516272e-06 	 -1000.0000 	 -1000.0000 	 -1000.0000 	 -1000.0000 
	 92.9290 	 3.665285e-04 	 164.4986 	  0.9732 	 1.615690e+19 	 1.310549e+17 	 1.970428e-05 	 2.517057e-06 	 -1000.0000 	 -1000.0000 	 -1000.0000 	 -1000.0000 
