	 height_(km) 	 press_(mbar) 	 temp_(K) 	 temperr_(K) 	 numdens_(m-3) 	 numdenserr_(m-3) 	 H2Ovmr_() 	 H2Ovmrerr_() 	 D/H_(VSMOW) 	 D/Herr_(VSMOW) 	 18O/16O_(VSMOW) 	 18O/16Oerr_(VSMOW) 
	 27.8200 	 2.931144e-01 	 174.4602 	  4.9246 	 1.217399e+22 	 3.924995e+20 	 2.268144e-05 	 9.710411e-06 	 -1000.0000 	 -1000.0000 	 -1000.0000 	 -1000.0000 
	 28.0440 	 2.858467e-01 	 174.4294 	  4.6819 	 1.187727e+22 	 3.699138e+20 	 2.208010e-05 	 9.234926e-06 	 -1000.0000 	 -1000.0000 	 -1000.0000 	 -1000.0000 
	 28.3380 	 2.765895e-01 	 174.2258 	  4.3949 	 1.150822e+22 	 3.433721e+20 	 2.123101e-05 	 8.577578e-06 	 -1000.0000 	 -1000.0000 	 -1000.0000 	 -1000.0000 
	 28.5620 	 2.697425e-01 	 173.9539 	  4.1990 	 1.124161e+22 	 3.253443e+20 	 2.052825e-05 	 8.057375e-06 	 -1000.0000 	 -1000.0000 	 -1000.0000 	 -1000.0000 
	 28.7860 	 2.630664e-01 	 173.5876 	  4.0215 	 1.098675e+22 	 3.090682e+20 	 1.977203e-05 	 7.525615e-06 	 -1000.0000 	 -1000.0000 	 -1000.0000 	 -1000.0000 
	 29.0100 	 2.565545e-01 	 173.1328 	  3.8611 	 1.074288e+22 	 2.944113e+20 	 1.896014e-05 	 6.986930e-06 	 -1000.0000 	 -1000.0000 	 -1000.0000 	 -1000.0000 
	 29.2340 	 2.502003e-01 	 172.5957 	  3.7169 	 1.050924e+22 	 2.812411e+20 	 1.809207e-05 	 6.445843e-06 	 -1000.0000 	 -1000.0000 	 -1000.0000 	 -1000.0000 
	 29.5080 	 2.426323e-01 	 171.8353 	  3.5606 	 1.023624e+22 	 2.669594e+20 	 1.695513e-05 	 5.787153e-06 	 -1000.0000 	 -1000.0000 	 -1000.0000 	 -1000.0000 
	 29.7320 	 2.366045e-01 	 171.1362 	  3.4480 	 1.002260e+22 	 2.566202e+20 	 1.596664e-05 	 5.256382e-06 	 -1000.0000 	 -1000.0000 	 -1000.0000 	 -1000.0000 
	 29.9560 	 2.307129e-01 	 170.3740 	  3.3477 	 9.816722e+21 	 2.473409e+20 	 1.492827e-05 	 4.737056e-06 	 -1000.0000 	 -1000.0000 	 -1000.0000 	 -1000.0000 
	 30.1800 	 2.249508e-01 	 169.5545 	  3.2587 	 9.617848e+21 	 2.389890e+20 	 1.384398e-05 	 4.233268e-06 	 -1000.0000 	 -1000.0000 	 -1000.0000 	 -1000.0000 
	 30.4040 	 2.193115e-01 	 168.6838 	  3.1798 	 9.425213e+21 	 2.314323e+20 	 1.271914e-05 	 3.749139e-06 	 -1000.0000 	 -1000.0000 	 -1000.0000 	 -1000.0000 
	 30.6930 	 2.122064e-01 	 167.4945 	  3.0910 	 9.184657e+21 	 2.226427e+20 	 1.122086e-05 	 3.160532e-06 	 -1000.0000 	 -1000.0000 	 -1000.0000 	 -1000.0000 
	 30.9170 	 2.068234e-01 	 166.5294 	  3.0309 	 9.003420e+21 	 2.164075e+20 	 1.003531e-05 	 2.737119e-06 	 -1000.0000 	 -1000.0000 	 -1000.0000 	 -1000.0000 
	 31.1400 	 2.015684e-01 	 165.5485 	  2.9765 	 8.826435e+21 	 2.105520e+20 	 8.866531e-06 	 2.349354e-06 	 -1000.0000 	 -1000.0000 	 -1000.0000 	 -1000.0000 
	 31.3630 	 1.964179e-01 	 164.5748 	  2.9248 	 8.651644e+21 	 2.049069e+20 	 7.761641e-06 	 2.001648e-06 	 -1000.0000 	 -1000.0000 	 -1000.0000 	 -1000.0000 
	 31.5870 	 1.913499e-01 	 163.6317 	  2.8730 	 8.477020e+21 	 1.993062e+20 	 6.769339e-06 	 1.699529e-06 	 -1000.0000 	 -1000.0000 	 -1000.0000 	 -1000.0000 
	 31.8790 	 1.849039e-01 	 162.5009 	  2.8011 	 8.248726e+21 	 1.918750e+20 	 5.738918e-06 	 1.387422e-06 	 -1000.0000 	 -1000.0000 	 -1000.0000 	 -1000.0000 
	 32.1010 	 1.801254e-01 	 161.7500 	  2.7398 	 8.073125e+21 	 1.859535e+20 	 5.216175e-06 	 1.219376e-06 	 -1000.0000 	 -1000.0000 	 -1000.0000 	 -1000.0000 
	 32.3240 	 1.754314e-01 	 161.0985 	  2.6717 	 7.894716e+21 	 1.797434e+20 	 4.915362e-06 	 1.107078e-06 	 -1000.0000 	 -1000.0000 	 -1000.0000 	 -1000.0000 
	 32.5470 	 1.708421e-01 	 160.5347 	  2.5991 	 7.715232e+21 	 1.733817e+20 	 4.776769e-06 	 1.036993e-06 	 -1000.0000 	 -1000.0000 	 -1000.0000 	 -1000.0000 
	 32.7690 	 1.663761e-01 	 160.0445 	  2.5241 	 7.536474e+21 	 1.670136e+20 	 4.734533e-06 	 9.938164e-07 	 -1000.0000 	 -1000.0000 	 -1000.0000 	 -1000.0000 
	 33.0490 	 1.608870e-01 	 159.5021 	  2.4288 	 7.312425e+21 	 1.591106e+20 	 4.715540e-06 	 9.531946e-07 	 -1000.0000 	 -1000.0000 	 -1000.0000 	 -1000.0000 
	 33.2710 	 1.566470e-01 	 159.1125 	  2.3550 	 7.137104e+21 	 1.530858e+20 	 4.648787e-06 	 9.134838e-07 	 -1000.0000 	 -1000.0000 	 -1000.0000 	 -1000.0000 
	 33.4940 	 1.524861e-01 	 158.7405 	  2.2837 	 6.963888e+21 	 1.473176e+20 	 4.505369e-06 	 8.596416e-07 	 -1000.0000 	 -1000.0000 	 -1000.0000 	 -1000.0000 
	 33.7170 	 1.484219e-01 	 158.3729 	  2.2153 	 6.794094e+21 	 1.418392e+20 	 4.300616e-06 	 7.950055e-07 	 -1000.0000 	 -1000.0000 	 -1000.0000 	 -1000.0000 
	 33.9390 	 1.444703e-01 	 157.9968 	  2.1505 	 6.628965e+21 	 1.366758e+20 	 4.053912e-06 	 7.239880e-07 	 -1000.0000 	 -1000.0000 	 -1000.0000 	 -1000.0000 
	 34.2290 	 1.394476e-01 	 157.4661 	  2.0710 	 6.419958e+21 	 1.303722e+20 	 3.698653e-06 	 6.283028e-07 	 -1000.0000 	 -1000.0000 	 -1000.0000 	 -1000.0000 
	 34.4510 	 1.357072e-01 	 157.0117 	  2.0143 	 6.265709e+21 	 1.258877e+20 	 3.425414e-06 	 5.581532e-07 	 -1000.0000 	 -1000.0000 	 -1000.0000 	 -1000.0000 
	 34.6740 	 1.320402e-01 	 156.5091 	  1.9612 	 6.115878e+21 	 1.216713e+20 	 3.161305e-06 	 4.930850e-07 	 -1000.0000 	 -1000.0000 	 -1000.0000 	 -1000.0000 
	 34.8970 	 1.284633e-01 	 155.9692 	  1.9121 	 5.970772e+21 	 1.177226e+20 	 2.907546e-06 	 4.337319e-07 	 -1000.0000 	 -1000.0000 	 -1000.0000 	 -1000.0000 
	 35.1190 	 1.249919e-01 	 155.4040 	  1.8672 	 5.830594e+21 	 1.140357e+20 	 2.664512e-06 	 3.804127e-07 	 -1000.0000 	 -1000.0000 	 -1000.0000 	 -1000.0000 
	 35.3940 	 1.208151e-01 	 154.6794 	  1.8173 	 5.662245e+21 	 1.097740e+20 	 2.375600e-06 	 3.224378e-07 	 -1000.0000 	 -1000.0000 	 -1000.0000 	 -1000.0000 
	 35.6160 	 1.175425e-01 	 154.0860 	  1.7818 	 5.530118e+21 	 1.065541e+20 	 2.151459e-06 	 2.822529e-07 	 -1000.0000 	 -1000.0000 	 -1000.0000 	 -1000.0000 
	 35.8380 	 1.143559e-01 	 153.4941 	  1.7504 	 5.400912e+21 	 1.035072e+20 	 1.936944e-06 	 2.477541e-07 	 -1000.0000 	 -1000.0000 	 -1000.0000 	 -1000.0000 
	 36.0600 	 1.112499e-01 	 152.9111 	  1.7227 	 5.274208e+21 	 1.006110e+20 	 1.735699e-06 	 2.183852e-07 	 -1000.0000 	 -1000.0000 	 -1000.0000 	 -1000.0000 
	 36.2820 	 1.082192e-01 	 152.3445 	  1.6984 	 5.149584e+21 	 9.784278e+19 	 1.551389e-06 	 1.936022e-07 	 -1000.0000 	 -1000.0000 	 -1000.0000 	 -1000.0000 
	 36.5740 	 1.043383e-01 	 151.6367 	  1.6710 	 4.988124e+21 	 9.435891e+19 	 1.340720e-06 	 1.670558e-07 	 -1000.0000 	 -1000.0000 	 -1000.0000 	 -1000.0000 
	 36.7960 	 1.014613e-01 	 151.1362 	  1.6531 	 4.866718e+21 	 9.180138e+19 	 1.208745e-06 	 1.507327e-07 	 -1000.0000 	 -1000.0000 	 -1000.0000 	 -1000.0000 
	 37.0180 	 9.864555e-02 	 150.6679 	  1.6374 	 4.746446e+21 	 8.931013e+19 	 1.100262e-06 	 1.371261e-07 	 -1000.0000 	 -1000.0000 	 -1000.0000 	 -1000.0000 
	 37.2400 	 9.589310e-02 	 150.2225 	  1.6235 	 4.627731e+21 	 8.688681e+19 	 1.009914e-06 	 1.257255e-07 	 -1000.0000 	 -1000.0000 	 -1000.0000 	 -1000.0000 
	 37.4620 	 9.320606e-02 	 149.7906 	  1.6112 	 4.511013e+21 	 8.453357e+19 	 9.323193e-07 	 1.159997e-07 	 -1000.0000 	 -1000.0000 	 -1000.0000 	 -1000.0000 
	 37.7490 	 8.983269e-02 	 149.2368 	  1.5971 	 4.363800e+21 	 8.159871e+19 	 8.424212e-07 	 1.050449e-07 	 -1000.0000 	 -1000.0000 	 -1000.0000 	 -1000.0000 
	 37.9710 	 8.730357e-02 	 148.8002 	  1.5873 	 4.253313e+21 	 7.941417e+19 	 7.747616e-07 	 9.719293e-08 	 -1000.0000 	 -1000.0000 	 -1000.0000 	 -1000.0000 
	 38.1920 	 8.485510e-02 	 148.3548 	  1.5781 	 4.146393e+21 	 7.731248e+19 	 7.072061e-07 	 8.966436e-08 	 -1000.0000 	 -1000.0000 	 -1000.0000 	 -1000.0000 
	 38.4130 	 8.247280e-02 	 147.9024 	  1.5695 	 4.042298e+21 	 7.527887e+19 	 6.414828e-07 	 8.249709e-08 	 -1000.0000 	 -1000.0000 	 -1000.0000 	 -1000.0000 
	 38.6350 	 8.014326e-02 	 147.4449 	  1.5611 	 3.940327e+21 	 7.329966e+19 	 5.792050e-07 	 7.578835e-08 	 -1000.0000 	 -1000.0000 	 -1000.0000 	 -1000.0000 
	 38.9150 	 7.729117e-02 	 146.8698 	  1.5510 	 3.815032e+21 	 7.088658e+19 	 5.087052e-07 	 6.823594e-08 	 -1000.0000 	 -1000.0000 	 -1000.0000 	 -1000.0000 
	 39.1350 	 7.511391e-02 	 146.4242 	  1.5430 	 3.718880e+21 	 6.904960e+19 	 4.615231e-07 	 6.314207e-08 	 -1000.0000 	 -1000.0000 	 -1000.0000 	 -1000.0000 
	 39.3560 	 7.298104e-02 	 145.9850 	  1.5347 	 3.624169e+21 	 6.724862e+19 	 4.216234e-07 	 5.878865e-08 	 -1000.0000 	 -1000.0000 	 -1000.0000 	 -1000.0000 
	 39.5770 	 7.090183e-02 	 145.5553 	  1.5256 	 3.531314e+21 	 6.548202e+19 	 3.881207e-07 	 5.513598e-08 	 -1000.0000 	 -1000.0000 	 -1000.0000 	 -1000.0000 
	 39.7970 	 6.888462e-02 	 145.1381 	  1.5150 	 3.440703e+21 	 6.374749e+19 	 3.603007e-07 	 5.209389e-08 	 -1000.0000 	 -1000.0000 	 -1000.0000 	 -1000.0000 
	 40.0850 	 6.632208e-02 	 144.6093 	  1.4981 	 3.324803e+21 	 6.149639e+19 	 3.306876e-07 	 4.883398e-08 	 -1000.0000 	 -1000.0000 	 -1000.0000 	 -1000.0000 
	 40.3050 	 6.442340e-02 	 144.2200 	  1.4821 	 3.238318e+21 	 5.977944e+19 	 3.118827e-07 	 4.678568e-08 	 -1000.0000 	 -1000.0000 	 -1000.0000 	 -1000.0000 
	 40.5260 	 6.256649e-02 	 143.8432 	  1.4636 	 3.153197e+21 	 5.805741e+19 	 2.955031e-07 	 4.504345e-08 	 -1000.0000 	 -1000.0000 	 -1000.0000 	 -1000.0000 
	 40.7470 	 6.075917e-02 	 143.4821 	  1.4436 	 3.069804e+21 	 5.635056e+19 	 2.813131e-07 	 4.357743e-08 	 -1000.0000 	 -1000.0000 	 -1000.0000 	 -1000.0000 
	 40.9670 	 5.900833e-02 	 143.1401 	  1.4231 	 2.988469e+21 	 5.467934e+19 	 2.690282e-07 	 4.236748e-08 	 -1000.0000 	 -1000.0000 	 -1000.0000 	 -1000.0000 
	 41.2500 	 5.682550e-02 	 142.7280 	  1.3977 	 2.886253e+21 	 5.259110e+19 	 2.555653e-07 	 4.114141e-08 	 -1000.0000 	 -1000.0000 	 -1000.0000 	 -1000.0000 
	 41.4700 	 5.518136e-02 	 142.4312 	  1.3799 	 2.808625e+21 	 5.103129e+19 	 2.467694e-07 	 4.041558e-08 	 -1000.0000 	 -1000.0000 	 -1000.0000 	 -1000.0000 
	 41.6900 	 5.358201e-02 	 142.1523 	  1.3645 	 2.732616e+21 	 4.953444e+19 	 2.393518e-07 	 3.987128e-08 	 -1000.0000 	 -1000.0000 	 -1000.0000 	 -1000.0000 
	 41.9100 	 5.202585e-02 	 141.8837 	  1.3515 	 2.658297e+21 	 4.810038e+19 	 2.332690e-07 	 3.950042e-08 	 -1000.0000 	 -1000.0000 	 -1000.0000 	 -1000.0000 
	 42.1300 	 5.051127e-02 	 141.6181 	  1.3412 	 2.585740e+21 	 4.672867e+19 	 2.284765e-07 	 3.929307e-08 	 -1000.0000 	 -1000.0000 	 -1000.0000 	 -1000.0000 
	 42.4200 	 4.857557e-02 	 141.2596 	  1.3316 	 2.492912e+21 	 4.501505e+19 	 2.239857e-07 	 3.925583e-08 	 -1000.0000 	 -1000.0000 	 -1000.0000 	 -1000.0000 
	 42.6400 	 4.715121e-02 	 140.9719 	  1.3275 	 2.424718e+21 	 4.378613e+19 	 2.218211e-07 	 3.939868e-08 	 -1000.0000 	 -1000.0000 	 -1000.0000 	 -1000.0000 
	 42.8600 	 4.576385e-02 	 140.6659 	  1.3261 	 2.358479e+21 	 4.261569e+19 	 2.206392e-07 	 3.968132e-08 	 -1000.0000 	 -1000.0000 	 -1000.0000 	 -1000.0000 
	 43.0800 	 4.441335e-02 	 140.3408 	  1.3268 	 2.294181e+21 	 4.149875e+19 	 2.203939e-07 	 4.009607e-08 	 -1000.0000 	 -1000.0000 	 -1000.0000 	 -1000.0000 
	 43.3000 	 4.309962e-02 	 139.9965 	  1.3291 	 2.231805e+21 	 4.043020e+19 	 2.210455e-07 	 4.063611e-08 	 -1000.0000 	 -1000.0000 	 -1000.0000 	 -1000.0000 
	 43.5750 	 4.150898e-02 	 139.5382 	  1.3336 	 2.156512e+21 	 3.915483e+19 	 2.230737e-07 	 4.147851e-08 	 -1000.0000 	 -1000.0000 	 -1000.0000 	 -1000.0000 
	 43.7950 	 4.027752e-02 	 139.1488 	  1.3379 	 2.098395e+21 	 3.817665e+19 	 2.256360e-07 	 4.228039e-08 	 -1000.0000 	 -1000.0000 	 -1000.0000 	 -1000.0000 
	 44.0140 	 3.908691e-02 	 138.7416 	  1.3425 	 2.042340e+21 	 3.723651e+19 	 2.290026e-07 	 4.318843e-08 	 -1000.0000 	 -1000.0000 	 -1000.0000 	 -1000.0000 
	 44.2330 	 3.792964e-02 	 138.3164 	  1.3477 	 1.987960e+21 	 3.632851e+19 	 2.331875e-07 	 4.420504e-08 	 -1000.0000 	 -1000.0000 	 -1000.0000 	 -1000.0000 
	 44.4530 	 3.679879e-02 	 137.8727 	  1.3536 	 1.934896e+21 	 3.544740e+19 	 2.382239e-07 	 4.533533e-08 	 -1000.0000 	 -1000.0000 	 -1000.0000 	 -1000.0000 
	 44.7450 	 3.534372e-02 	 137.2607 	  1.3626 	 1.866677e+21 	 3.432373e+19 	 2.462235e-07 	 4.700502e-08 	 -1000.0000 	 -1000.0000 	 -1000.0000 	 -1000.0000 
	 44.9650 	 3.427962e-02 	 136.7842 	  1.3706 	 1.816791e+21 	 3.350997e+19 	 2.532706e-07 	 4.839214e-08 	 -1000.0000 	 -1000.0000 	 -1000.0000 	 -1000.0000 
	 45.1840 	 3.324672e-02 	 136.2965 	  1.3797 	 1.768361e+21 	 3.272766e+19 	 2.611998e-07 	 4.988578e-08 	 -1000.0000 	 -1000.0000 	 -1000.0000 	 -1000.0000 
	 45.4030 	 3.224016e-02 	 135.7936 	  1.3900 	 1.721179e+21 	 3.197402e+19 	 2.701012e-07 	 5.149585e-08 	 -1000.0000 	 -1000.0000 	 -1000.0000 	 -1000.0000 
	 45.6230 	 3.125559e-02 	 135.2708 	  1.4017 	 1.675066e+21 	 3.124681e+19 	 2.800882e-07 	 5.323526e-08 	 -1000.0000 	 -1000.0000 	 -1000.0000 	 -1000.0000 
	 45.9110 	 3.000710e-02 	 134.5562 	  1.4194 	 1.616686e+21 	 3.034180e+19 	 2.948613e-07 	 5.570597e-08 	 -1000.0000 	 -1000.0000 	 -1000.0000 	 -1000.0000 
	 46.1290 	 2.909257e-02 	 133.9901 	  1.4346 	 1.574024e+21 	 2.969327e+19 	 3.074123e-07 	 5.772923e-08 	 -1000.0000 	 -1000.0000 	 -1000.0000 	 -1000.0000 
	 46.3480 	 2.819982e-02 	 133.4010 	  1.4511 	 1.532450e+21 	 2.906984e+19 	 3.212811e-07 	 5.990233e-08 	 -1000.0000 	 -1000.0000 	 -1000.0000 	 -1000.0000 
	 46.5670 	 2.733206e-02 	 132.7967 	  1.4679 	 1.492049e+21 	 2.846636e+19 	 3.364753e-07 	 6.222488e-08 	 -1000.0000 	 -1000.0000 	 -1000.0000 	 -1000.0000 
	 46.7850 	 2.649201e-02 	 132.1855 	  1.4840 	 1.452882e+21 	 2.787711e+19 	 3.529746e-07 	 6.469348e-08 	 -1000.0000 	 -1000.0000 	 -1000.0000 	 -1000.0000 
	 47.0610 	 2.546079e-02 	 131.4062 	  1.5018 	 1.404619e+21 	 2.713456e+19 	 3.759123e-07 	 6.805506e-08 	 -1000.0000 	 -1000.0000 	 -1000.0000 	 -1000.0000 
	 47.2790 	 2.467052e-02 	 130.7931 	  1.5129 	 1.367405e+21 	 2.654082e+19 	 3.957036e-07 	 7.090512e-08 	 -1000.0000 	 -1000.0000 	 -1000.0000 	 -1000.0000 
	 47.4980 	 2.389746e-02 	 130.1843 	  1.5210 	 1.330745e+21 	 2.593503e+19 	 4.169989e-07 	 7.393337e-08 	 -1000.0000 	 -1000.0000 	 -1000.0000 	 -1000.0000 
	 47.7170 	 2.314503e-02 	 129.5867 	  1.5269 	 1.294784e+21 	 2.532360e+19 	 4.394974e-07 	 7.710153e-08 	 -1000.0000 	 -1000.0000 	 -1000.0000 	 -1000.0000 
	 47.9350 	 2.241634e-02 	 129.0067 	  1.5310 	 1.259656e+21 	 2.471331e+19 	 4.628479e-07 	 8.036486e-08 	 -1000.0000 	 -1000.0000 	 -1000.0000 	 -1000.0000 
	 48.2260 	 2.147485e-02 	 128.2624 	  1.5352 	 1.213760e+21 	 2.390291e+19 	 4.950486e-07 	 8.483594e-08 	 -1000.0000 	 -1000.0000 	 -1000.0000 	 -1000.0000 
	 48.4440 	 2.079264e-02 	 127.7320 	  1.5381 	 1.180089e+21 	 2.330405e+19 	 5.195782e-07 	 8.822695e-08 	 -1000.0000 	 -1000.0000 	 -1000.0000 	 -1000.0000 
	 48.6620 	 2.012981e-02 	 127.2271 	  1.5416 	 1.147011e+21 	 2.271616e+19 	 5.439721e-07 	 9.160252e-08 	 -1000.0000 	 -1000.0000 	 -1000.0000 	 -1000.0000 
	 48.8800 	 1.948576e-02 	 126.7475 	  1.5464 	 1.114517e+21 	 2.214226e+19 	 5.676098e-07 	 9.490287e-08 	 -1000.0000 	 -1000.0000 	 -1000.0000 	 -1000.0000 
	 49.0980 	 1.885991e-02 	 126.2930 	  1.5533 	 1.082602e+21 	 2.158538e+19 	 5.898692e-07 	 9.806775e-08 	 -1000.0000 	 -1000.0000 	 -1000.0000 	 -1000.0000 
	 49.3760 	 1.808725e-02 	 125.7493 	  1.5662 	 1.042731e+21 	 2.090466e+19 	 6.152904e-07 	 1.018132e-07 	 -1000.0000 	 -1000.0000 	 -1000.0000 	 -1000.0000 
	 49.5940 	 1.750059e-02 	 125.3508 	  1.5805 	 1.012109e+21 	 2.039752e+19 	 6.321683e-07 	 1.044515e-07 	 -1000.0000 	 -1000.0000 	 -1000.0000 	 -1000.0000 
	 49.8120 	 1.693049e-02 	 124.9773 	  1.5983 	 9.820558e+20 	 1.991312e+19 	 6.460043e-07 	 1.067939e-07 	 -1000.0000 	 -1000.0000 	 -1000.0000 	 -1000.0000 
	 50.0300 	 1.637695e-02 	 124.6304 	  1.6187 	 9.525861e+20 	 1.944673e+19 	 6.568006e-07 	 1.088426e-07 	 -1000.0000 	 -1000.0000 	 -1000.0000 	 -1000.0000 
	 50.2480 	 1.583999e-02 	 124.3115 	  1.6407 	 9.237154e+20 	 1.899344e+19 	 6.646003e-07 	 1.106046e-07 	 -1000.0000 	 -1000.0000 	 -1000.0000 	 -1000.0000 
	 50.5360 	 1.515603e-02 	 123.9360 	  1.6707 	 8.865182e+20 	 1.840639e+19 	 6.704239e-07 	 1.125100e-07 	 -1000.0000 	 -1000.0000 	 -1000.0000 	 -1000.0000 
	 50.7540 	 1.465756e-02 	 123.6880 	  1.6928 	 8.590963e+20 	 1.796480e+19 	 6.715508e-07 	 1.136487e-07 	 -1000.0000 	 -1000.0000 	 -1000.0000 	 -1000.0000 
	 50.9720 	 1.417539e-02 	 123.4690 	  1.7140 	 8.323265e+20 	 1.752412e+19 	 6.701172e-07 	 1.145495e-07 	 -1000.0000 	 -1000.0000 	 -1000.0000 	 -1000.0000 
	 51.1900 	 1.370892e-02 	 123.2725 	  1.7346 	 8.062287e+20 	 1.708712e+19 	 6.665512e-07 	 1.152438e-07 	 -1000.0000 	 -1000.0000 	 -1000.0000 	 -1000.0000 
	 51.4080 	 1.325756e-02 	 123.0922 	  1.7551 	 7.808231e+20 	 1.665673e+19 	 6.612912e-07 	 1.157634e-07 	 -1000.0000 	 -1000.0000 	 -1000.0000 	 -1000.0000 
	 51.6970 	 1.268148e-02 	 122.8669 	  1.7828 	 7.482447e+20 	 1.610136e+19 	 6.524543e-07 	 1.162357e-07 	 -1000.0000 	 -1000.0000 	 -1000.0000 	 -1000.0000 
	 51.9130 	 1.226673e-02 	 122.7006 	  1.8043 	 7.247401e+20 	 1.570122e+19 	 6.450090e-07 	 1.164655e-07 	 -1000.0000 	 -1000.0000 	 -1000.0000 	 -1000.0000 
	 52.1300 	 1.186311e-02 	 122.5316 	  1.8269 	 7.018526e+20 	 1.531357e+19 	 6.372267e-07 	 1.166340e-07 	 -1000.0000 	 -1000.0000 	 -1000.0000 	 -1000.0000 
	 52.3470 	 1.147210e-02 	 122.3605 	  1.8505 	 6.796663e+20 	 1.493973e+19 	 6.294718e-07 	 1.167926e-07 	 -1000.0000 	 -1000.0000 	 -1000.0000 	 -1000.0000 
	 52.5630 	 1.109497e-02 	 122.1884 	  1.8752 	 6.582513e+20 	 1.458075e+19 	 6.221056e-07 	 1.169932e-07 	 -1000.0000 	 -1000.0000 	 -1000.0000 	 -1000.0000 
	 52.8410 	 1.062658e-02 	 121.9645 	  1.9086 	 6.316284e+20 	 1.413701e+19 	 6.136614e-07 	 1.173976e-07 	 -1000.0000 	 -1000.0000 	 -1000.0000 	 -1000.0000 
	 53.0590 	 1.027209e-02 	 121.7871 	  1.9362 	 6.114568e+20 	 1.380268e+19 	 6.082570e-07 	 1.178943e-07 	 -1000.0000 	 -1000.0000 	 -1000.0000 	 -1000.0000 
	 53.2760 	 9.930080e-03 	 121.6088 	  1.9647 	 5.919746e+20 	 1.348075e+19 	 6.041439e-07 	 1.185813e-07 	 -1000.0000 	 -1000.0000 	 -1000.0000 	 -1000.0000 
	 53.4930 	 9.598753e-03 	 121.4278 	  1.9938 	 5.730819e+20 	 1.316840e+19 	 6.013095e-07 	 1.194706e-07 	 -1000.0000 	 -1000.0000 	 -1000.0000 	 -1000.0000 
	 53.7110 	 9.276525e-03 	 121.2424 	  2.0233 	 5.546906e+20 	 1.286293e+19 	 5.997344e-07 	 1.205735e-07 	 -1000.0000 	 -1000.0000 	 -1000.0000 	 -1000.0000 
	 53.9970 	 8.869712e-03 	 120.9926 	  2.0618 	 5.314479e+20 	 1.247264e+19 	 5.995407e-07 	 1.223439e-07 	 -1000.0000 	 -1000.0000 	 -1000.0000 	 -1000.0000 
	 54.2130 	 8.574279e-03 	 120.7983 	  2.0901 	 5.145519e+20 	 1.218407e+19 	 6.007386e-07 	 1.239249e-07 	 -1000.0000 	 -1000.0000 	 -1000.0000 	 -1000.0000 
	 54.4300 	 8.287453e-03 	 120.6050 	  2.1175 	 4.981119e+20 	 1.189751e+19 	 6.029971e-07 	 1.257105e-07 	 -1000.0000 	 -1000.0000 	 -1000.0000 	 -1000.0000 
	 54.6470 	 8.010270e-03 	 120.4287 	  2.1436 	 4.821434e+20 	 1.161181e+19 	 6.061406e-07 	 1.276641e-07 	 -1000.0000 	 -1000.0000 	 -1000.0000 	 -1000.0000 
	 54.8630 	 7.743584e-03 	 120.2848 	  2.1681 	 4.666519e+20 	 1.132582e+19 	 6.099720e-07 	 1.297447e-07 	 -1000.0000 	 -1000.0000 	 -1000.0000 	 -1000.0000 
	 55.1420 	 7.412153e-03 	 120.1698 	  2.1971 	 4.471330e+20 	 1.095003e+19 	 6.156803e-07 	 1.325849e-07 	 -1000.0000 	 -1000.0000 	 -1000.0000 	 -1000.0000 
	 55.3580 	 7.165213e-03 	 120.1539 	  2.2171 	 4.323229e+20 	 1.065115e+19 	 6.204848e-07 	 1.348671e-07 	 -1000.0000 	 -1000.0000 	 -1000.0000 	 -1000.0000 
	 55.5740 	 6.926415e-03 	 120.2055 	  2.2349 	 4.177590e+20 	 1.034508e+19 	 6.255427e-07 	 1.372112e-07 	 -1000.0000 	 -1000.0000 	 -1000.0000 	 -1000.0000 
	 55.7900 	 6.695617e-03 	 120.3146 	  2.2504 	 4.034821e+20 	 1.003410e+19 	 6.308998e-07 	 1.396312e-07 	 -1000.0000 	 -1000.0000 	 -1000.0000 	 -1000.0000 
	 56.0060 	 6.472679e-03 	 120.4710 	  2.2636 	 3.895354e+20 	 9.720604e+18 	 6.366186e-07 	 1.421441e-07 	 -1000.0000 	 -1000.0000 	 -1000.0000 	 -1000.0000 
	 56.2920 	 6.189350e-03 	 120.7332 	  2.2776 	 3.716501e+20 	 9.305721e+18 	 6.448602e-07 	 1.456440e-07 	 -1000.0000 	 -1000.0000 	 -1000.0000 	 -1000.0000 
	 56.5080 	 5.984139e-03 	 120.9596 	  2.2855 	 3.586354e+20 	 8.995573e+18 	 6.516754e-07 	 1.484400e-07 	 -1000.0000 	 -1000.0000 	 -1000.0000 	 -1000.0000 
	 56.7240 	 5.786232e-03 	 121.2054 	  2.2911 	 3.460598e+20 	 8.689735e+18 	 6.590356e-07 	 1.513781e-07 	 -1000.0000 	 -1000.0000 	 -1000.0000 	 -1000.0000 
	 56.9400 	 5.595315e-03 	 121.4723 	  2.2946 	 3.339024e+20 	 8.388489e+18 	 6.669168e-07 	 1.544566e-07 	 -1000.0000 	 -1000.0000 	 -1000.0000 	 -1000.0000 
	 57.1560 	 5.411068e-03 	 121.7625 	  2.2962 	 3.221410e+20 	 8.092070e+18 	 6.752841e-07 	 1.576715e-07 	 -1000.0000 	 -1000.0000 	 -1000.0000 	 -1000.0000 
	 57.4470 	 5.172832e-03 	 122.1941 	  2.2955 	 3.068824e+20 	 7.700778e+18 	 6.872582e-07 	 1.622106e-07 	 -1000.0000 	 -1000.0000 	 -1000.0000 	 -1000.0000 
	 57.6630 	 5.002996e-03 	 122.5471 	  2.2931 	 2.959635e+20 	 7.416633e+18 	 6.966160e-07 	 1.657283e-07 	 -1000.0000 	 -1000.0000 	 -1000.0000 	 -1000.0000 
	 57.8780 	 4.839668e-03 	 122.9243 	  2.2893 	 2.854324e+20 	 7.139770e+18 	 7.063246e-07 	 1.693556e-07 	 -1000.0000 	 -1000.0000 	 -1000.0000 	 -1000.0000 
	 58.0930 	 4.682024e-03 	 123.3215 	  2.2842 	 2.752498e+20 	 6.869821e+18 	 7.164769e-07 	 1.731162e-07 	 -1000.0000 	 -1000.0000 	 -1000.0000 	 -1000.0000 
	 58.3090 	 4.529355e-03 	 123.7344 	  2.2779 	 2.653837e+20 	 6.606561e+18 	 7.271823e-07 	 1.770375e-07 	 -1000.0000 	 -1000.0000 	 -1000.0000 	 -1000.0000 
	 58.5830 	 4.343898e-03 	 124.2687 	  2.2684 	 2.534130e+20 	 6.285616e+18 	 7.415870e-07 	 1.822325e-07 	 -1000.0000 	 -1000.0000 	 -1000.0000 	 -1000.0000 
	 58.7970 	 4.205405e-03 	 124.6868 	  2.2601 	 2.445022e+20 	 6.046241e+18 	 7.535489e-07 	 1.864717e-07 	 -1000.0000 	 -1000.0000 	 -1000.0000 	 -1000.0000 
	 59.0120 	 4.071655e-03 	 125.1052 	  2.2514 	 2.359283e+20 	 5.816125e+18 	 7.662163e-07 	 1.908942e-07 	 -1000.0000 	 -1000.0000 	 -1000.0000 	 -1000.0000 
	 59.2270 	 3.942892e-03 	 125.5245 	  2.2427 	 2.277022e+20 	 5.596104e+18 	 7.795167e-07 	 1.954783e-07 	 -1000.0000 	 -1000.0000 	 -1000.0000 	 -1000.0000 
	 59.4410 	 3.819260e-03 	 125.9452 	  2.2347 	 2.198276e+20 	 5.386799e+18 	 7.933633e-07 	 2.001986e-07 	 -1000.0000 	 -1000.0000 	 -1000.0000 	 -1000.0000 
	 59.7330 	 3.657100e-03 	 126.5291 	  2.2258 	 2.095291e+20 	 5.116207e+18 	 8.132035e-07 	 2.068888e-07 	 -1000.0000 	 -1000.0000 	 -1000.0000 	 -1000.0000 
	 59.9470 	 3.542502e-03 	 126.9675 	  2.2215 	 2.022669e+20 	 4.928458e+18 	 8.284199e-07 	 2.119726e-07 	 -1000.0000 	 -1000.0000 	 -1000.0000 	 -1000.0000 
	 60.1620 	 3.430784e-03 	 127.4186 	  2.2194 	 1.951969e+20 	 4.748532e+18 	 8.442844e-07 	 2.172382e-07 	 -1000.0000 	 -1000.0000 	 -1000.0000 	 -1000.0000 
	 60.3770 	 3.322599e-03 	 127.8807 	  2.2196 	 1.883592e+20 	 4.577143e+18 	 8.607583e-07 	 2.226744e-07 	 -1000.0000 	 -1000.0000 	 -1000.0000 	 -1000.0000 
	 60.5910 	 3.218543e-03 	 128.3515 	  2.2221 	 1.817899e+20 	 4.414852e+18 	 8.778133e-07 	 2.282714e-07 	 -1000.0000 	 -1000.0000 	 -1000.0000 	 -1000.0000 
	 60.8630 	 3.091692e-03 	 128.9662 	  2.2286 	 1.737907e+20 	 4.220247e+18 	 9.005321e-07 	 2.356822e-07 	 -1000.0000 	 -1000.0000 	 -1000.0000 	 -1000.0000 
	 61.0770 	 2.996283e-03 	 129.4627 	  2.2364 	 1.677801e+20 	 4.076079e+18 	 9.193019e-07 	 2.417690e-07 	 -1000.0000 	 -1000.0000 	 -1000.0000 	 -1000.0000 
	 61.2920 	 2.904255e-03 	 129.9731 	  2.2461 	 1.619876e+20 	 3.938455e+18 	 9.390325e-07 	 2.481304e-07 	 -1000.0000 	 -1000.0000 	 -1000.0000 	 -1000.0000 
	 61.5070 	 2.815792e-03 	 130.4949 	  2.2566 	 1.564254e+20 	 3.806875e+18 	 9.597221e-07 	 2.547542e-07 	 -1000.0000 	 -1000.0000 	 -1000.0000 	 -1000.0000 
	 61.7210 	 2.731005e-03 	 131.0256 	  2.2670 	 1.511011e+20 	 3.680704e+18 	 9.813391e-07 	 2.616205e-07 	 -1000.0000 	 -1000.0000 	 -1000.0000 	 -1000.0000 
	 62.0130 	 2.620071e-03 	 131.7679 	  2.2792 	 1.441475e+20 	 3.514099e+18 	 1.012604e-06 	 2.714513e-07 	 -1000.0000 	 -1000.0000 	 -1000.0000 	 -1000.0000 
	 62.2270 	 2.541896e-03 	 132.3249 	  2.2855 	 1.392578e+20 	 3.394505e+18 	 1.036904e-06 	 2.790108e-07 	 -1000.0000 	 -1000.0000 	 -1000.0000 	 -1000.0000 
	 62.4420 	 2.465825e-03 	 132.8968 	  2.2885 	 1.345083e+20 	 3.275737e+18 	 1.062553e-06 	 2.869195e-07 	 -1000.0000 	 -1000.0000 	 -1000.0000 	 -1000.0000 
	 62.6570 	 2.392177e-03 	 133.4828 	  2.2879 	 1.299174e+20 	 3.158323e+18 	 1.089458e-06 	 2.951501e-07 	 -1000.0000 	 -1000.0000 	 -1000.0000 	 -1000.0000 
	 62.8710 	 2.321232e-03 	 134.0821 	  2.2832 	 1.255009e+20 	 3.042788e+18 	 1.117510e-06 	 3.036702e-07 	 -1000.0000 	 -1000.0000 	 -1000.0000 	 -1000.0000 
	 63.1580 	 2.229701e-03 	 134.9144 	  2.2695 	 1.198091e+20 	 2.889913e+18 	 1.157173e-06 	 3.156271e-07 	 -1000.0000 	 -1000.0000 	 -1000.0000 	 -1000.0000 
	 63.3720 	 2.164089e-03 	 135.5589 	  2.2532 	 1.157318e+20 	 2.777469e+18 	 1.188318e-06 	 3.249529e-07 	 -1000.0000 	 -1000.0000 	 -1000.0000 	 -1000.0000 
	 63.5860 	 2.100678e-03 	 136.2245 	  2.2323 	 1.117928e+20 	 2.666743e+18 	 1.220946e-06 	 3.346670e-07 	 -1000.0000 	 -1000.0000 	 -1000.0000 	 -1000.0000 
	 63.8000 	 2.039423e-03 	 136.9105 	  2.2081 	 1.079898e+20 	 2.558511e+18 	 1.255297e-06 	 3.448319e-07 	 -1000.0000 	 -1000.0000 	 -1000.0000 	 -1000.0000 
	 64.0140 	 1.980278e-03 	 137.6159 	  2.1821 	 1.043205e+20 	 2.453572e+18 	 1.291603e-06 	 3.555089e-07 	 -1000.0000 	 -1000.0000 	 -1000.0000 	 -1000.0000 
	 64.2830 	 1.908854e-03 	 138.5290 	  2.1492 	 9.989393e+19 	 2.327558e+18 	 1.340351e-06 	 3.697458e-07 	 -1000.0000 	 -1000.0000 	 -1000.0000 	 -1000.0000 
	 64.4970 	 1.854302e-03 	 139.2754 	  2.1247 	 9.651734e+19 	 2.232946e+18 	 1.381846e-06 	 3.817856e-07 	 -1000.0000 	 -1000.0000 	 -1000.0000 	 -1000.0000 
	 64.7100 	 1.801925e-03 	 140.0374 	  2.1023 	 9.327893e+19 	 2.143917e+18 	 1.425466e-06 	 3.943746e-07 	 -1000.0000 	 -1000.0000 	 -1000.0000 	 -1000.0000 
	 64.9230 	 1.751367e-03 	 140.8223 	  2.0816 	 9.015532e+19 	 2.059489e+18 	 1.470988e-06 	 4.074542e-07 	 -1000.0000 	 -1000.0000 	 -1000.0000 	 -1000.0000 
	 65.1370 	 1.702304e-03 	 141.6380 	  2.0620 	 8.712517e+19 	 1.978738e+18 	 1.518198e-06 	 4.209684e-07 	 -1000.0000 	 -1000.0000 	 -1000.0000 	 -1000.0000 
	 65.4230 	 1.639276e-03 	 142.7774 	  2.0370 	 8.323175e+19 	 1.876214e+18 	 1.582846e-06 	 4.394055e-07 	 -1000.0000 	 -1000.0000 	 -1000.0000 	 -1000.0000 
	 65.6370 	 1.593888e-03 	 143.6720 	  2.0185 	 8.042582e+19 	 1.802818e+18 	 1.631848e-06 	 4.533352e-07 	 -1000.0000 	 -1000.0000 	 -1000.0000 	 -1000.0000 
	 65.8500 	 1.550153e-03 	 144.5973 	  1.9997 	 7.772056e+19 	 1.732239e+18 	 1.681110e-06 	 4.673068e-07 	 -1000.0000 	 -1000.0000 	 -1000.0000 	 -1000.0000 
	 66.0630 	 1.507838e-03 	 145.5516 	  1.9803 	 7.510427e+19 	 1.664109e+18 	 1.731320e-06 	 4.815172e-07 	 -1000.0000 	 -1000.0000 	 -1000.0000 	 -1000.0000 
	 66.2770 	 1.466736e-03 	 146.5333 	  1.9595 	 7.256707e+19 	 1.598117e+18 	 1.783251e-06 	 4.961829e-07 	 -1000.0000 	 -1000.0000 	 -1000.0000 	 -1000.0000 
	 66.5530 	 1.415790e-03 	 147.8233 	  1.9302 	 6.943293e+19 	 1.516628e+18 	 1.853307e-06 	 5.159183e-07 	 -1000.0000 	 -1000.0000 	 -1000.0000 	 -1000.0000 
	 66.7670 	 1.377868e-03 	 148.8343 	  1.9049 	 6.711206e+19 	 1.456244e+18 	 1.910699e-06 	 5.320454e-07 	 -1000.0000 	 -1000.0000 	 -1000.0000 	 -1000.0000 
	 66.9800 	 1.341449e-03 	 149.8475 	  1.8779 	 6.489505e+19 	 1.398600e+18 	 1.970872e-06 	 5.489057e-07 	 -1000.0000 	 -1000.0000 	 -1000.0000 	 -1000.0000 
	 67.1930 	 1.306287e-03 	 150.8695 	  1.8502 	 6.276548e+19 	 1.343477e+18 	 2.034163e-06 	 5.665723e-07 	 -1000.0000 	 -1000.0000 	 -1000.0000 	 -1000.0000 
	 67.4070 	 1.272158e-03 	 151.9074 	  1.8228 	 6.070842e+19 	 1.290702e+18 	 2.100904e-06 	 5.851202e-07 	 -1000.0000 	 -1000.0000 	 -1000.0000 	 -1000.0000 
	 67.6890 	 1.228902e-03 	 153.2960 	  1.7895 	 5.811457e+19 	 1.225268e+18 	 2.193666e-06 	 6.107528e-07 	 -1000.0000 	 -1000.0000 	 -1000.0000 	 -1000.0000 
	 67.9010 	 1.197585e-03 	 154.3582 	  1.7681 	 5.624517e+19 	 1.179236e+18 	 2.266982e-06 	 6.308891e-07 	 -1000.0000 	 -1000.0000 	 -1000.0000 	 -1000.0000 
	 68.1140 	 1.167110e-03 	 155.4404 	  1.7500 	 5.443306e+19 	 1.135643e+18 	 2.343691e-06 	 6.518420e-07 	 -1000.0000 	 -1000.0000 	 -1000.0000 	 -1000.0000 
	 68.3270 	 1.137606e-03 	 156.5335 	  1.7348 	 5.268672e+19 	 1.094488e+18 	 2.423387e-06 	 6.734885e-07 	 -1000.0000 	 -1000.0000 	 -1000.0000 	 -1000.0000 
	 68.5390 	 1.109188e-03 	 157.6281 	  1.7218 	 5.101346e+19 	 1.055719e+18 	 2.505615e-06 	 6.956946e-07 	 -1000.0000 	 -1000.0000 	 -1000.0000 	 -1000.0000 
	 68.8290 	 1.071812e-03 	 159.1285 	  1.7063 	 4.882865e+19 	 1.005811e+18 	 2.622695e-06 	 7.270908e-07 	 -1000.0000 	 -1000.0000 	 -1000.0000 	 -1000.0000 
	 69.0410 	 1.045558e-03 	 160.2220 	  1.6958 	 4.730700e+19 	 9.713110e+17 	 2.711573e-06 	 7.507528e-07 	 -1000.0000 	 -1000.0000 	 -1000.0000 	 -1000.0000 
	 69.2540 	 1.020049e-03 	 161.3108 	  1.6851 	 4.584112e+19 	 9.381462e+17 	 2.803592e-06 	 7.750989e-07 	 -1000.0000 	 -1000.0000 	 -1000.0000 	 -1000.0000 
	 69.4670 	 9.953517e-04 	 162.3809 	  1.6736 	 4.443629e+19 	 9.063841e+17 	 2.898249e-06 	 7.999868e-07 	 -1000.0000 	 -1000.0000 	 -1000.0000 	 -1000.0000 
	 69.6790 	 9.715156e-04 	 163.4190 	  1.6606 	 4.309661e+19 	 8.760687e+17 	 2.994957e-06 	 8.252579e-07 	 -1000.0000 	 -1000.0000 	 -1000.0000 	 -1000.0000 
	 69.9540 	 9.416071e-04 	 164.7110 	  1.6403 	 4.144250e+19 	 8.385179e+17 	 3.123872e-06 	 8.587119e-07 	 -1000.0000 	 -1000.0000 	 -1000.0000 	 -1000.0000 
	 70.1660 	 9.192559e-04 	 165.6540 	  1.6211 	 4.022934e+19 	 8.108234e+17 	 3.225701e-06 	 8.849586e-07 	 -1000.0000 	 -1000.0000 	 -1000.0000 	 -1000.0000 
	 70.3780 	 8.974815e-04 	 166.5361 	  1.5993 	 3.906954e+19 	 7.842605e+17 	 3.329192e-06 	 9.114796e-07 	 -1000.0000 	 -1000.0000 	 -1000.0000 	 -1000.0000 
	 70.5900 	 8.762787e-04 	 167.3390 	  1.5769 	 3.796427e+19 	 7.590153e+17 	 3.433597e-06 	 9.380855e-07 	 -1000.0000 	 -1000.0000 	 -1000.0000 	 -1000.0000 
	 70.8020 	 8.556436e-04 	 168.0438 	  1.5558 	 3.691475e+19 	 7.352797e+17 	 3.538158e-06 	 9.645830e-07 	 -1000.0000 	 -1000.0000 	 -1000.0000 	 -1000.0000 
	 71.0840 	 8.290678e-04 	 168.7972 	  1.5331 	 3.560722e+19 	 7.063770e+17 	 3.676208e-06 	 9.993327e-07 	 -1000.0000 	 -1000.0000 	 -1000.0000 	 -1000.0000 
	 71.2960 	 8.097392e-04 	 169.2018 	  1.5226 	 3.469222e+19 	 6.868945e+17 	 3.778272e-06 	 1.024842e-06 	 -1000.0000 	 -1000.0000 	 -1000.0000 	 -1000.0000 
	 71.5080 	 7.909460e-04 	 169.4651 	  1.5185 	 3.383284e+19 	 6.693168e+17 	 3.878449e-06 	 1.049768e-06 	 -1000.0000 	 -1000.0000 	 -1000.0000 	 -1000.0000 
	 71.7200 	 7.726489e-04 	 169.6042 	  1.5198 	 3.302242e+19 	 6.533766e+17 	 3.976890e-06 	 1.074243e-06 	 -1000.0000 	 -1000.0000 	 -1000.0000 	 -1000.0000 
	 71.9320 	 7.548074e-04 	 169.6371 	  1.5258 	 3.225410e+19 	 6.387966e+17 	 4.073825e-06 	 1.098415e-06 	 -1000.0000 	 -1000.0000 	 -1000.0000 	 -1000.0000 
	 72.2050 	 7.324385e-04 	 169.5517 	  1.5390 	 3.131567e+19 	 6.215777e+17 	 4.196856e-06 	 1.129347e-06 	 -1000.0000 	 -1000.0000 	 -1000.0000 	 -1000.0000 
	 72.4150 	 7.156473e-04 	 169.4101 	  1.5520 	 3.062451e+19 	 6.091868e+17 	 4.290451e-06 	 1.153178e-06 	 -1000.0000 	 -1000.0000 	 -1000.0000 	 -1000.0000 
	 72.6260 	 6.991164e-04 	 169.2128 	  1.5668 	 2.995256e+19 	 5.972832e+17 	 4.383677e-06 	 1.177238e-06 	 -1000.0000 	 -1000.0000 	 -1000.0000 	 -1000.0000 
	 72.8370 	 6.829255e-04 	 168.9631 	  1.5824 	 2.930228e+19 	 5.858435e+17 	 4.475936e-06 	 1.201391e-06 	 -1000.0000 	 -1000.0000 	 -1000.0000 	 -1000.0000 
	 73.0470 	 6.671488e-04 	 168.6648 	  1.5976 	 2.867582e+19 	 5.748395e+17 	 4.566628e-06 	 1.225494e-06 	 -1000.0000 	 -1000.0000 	 -1000.0000 	 -1000.0000 
	 73.3350 	 6.460593e-04 	 168.1791 	  1.6164 	 2.784893e+19 	 5.602234e+17 	 4.688843e-06 	 1.258598e-06 	 -1000.0000 	 -1000.0000 	 -1000.0000 	 -1000.0000 
	 73.5450 	 6.310798e-04 	 167.7722 	  1.6273 	 2.726849e+19 	 5.498084e+17 	 4.776137e-06 	 1.282729e-06 	 -1000.0000 	 -1000.0000 	 -1000.0000 	 -1000.0000 
	 73.7560 	 6.163616e-04 	 167.3219 	  1.6354 	 2.670333e+19 	 5.394886e+17 	 4.862088e-06 	 1.306901e-06 	 -1000.0000 	 -1000.0000 	 -1000.0000 	 -1000.0000 
	 73.9670 	 6.019662e-04 	 166.8339 	  1.6404 	 2.615511e+19 	 5.292882e+17 	 4.946110e-06 	 1.330910e-06 	 -1000.0000 	 -1000.0000 	 -1000.0000 	 -1000.0000 
	 74.1770 	 5.879487e-04 	 166.3146 	  1.6422 	 2.562518e+19 	 5.192305e+17 	 5.027664e-06 	 1.354555e-06 	 -1000.0000 	 -1000.0000 	 -1000.0000 	 -1000.0000 
	 75.5600 	 5.025736e-04 	 162.3278 	  1.5682 	 2.244423e+19 	 4.536209e+17 	 5.502486e-06 	 1.497846e-06 	 -1000.0000 	 -1000.0000 	 -1000.0000 	 -1000.0000 
	 75.7700 	 4.905467e-04 	 161.6774 	  1.5429 	 2.199581e+19 	 4.434950e+17 	 5.563478e-06 	 1.516786e-06 	 -1000.0000 	 -1000.0000 	 -1000.0000 	 -1000.0000 
	 75.9800 	 4.787440e-04 	 161.0227 	  1.5146 	 2.155416e+19 	 4.333319e+17 	 5.621227e-06 	 1.534844e-06 	 -1000.0000 	 -1000.0000 	 -1000.0000 	 -1000.0000 
	 76.1900 	 4.671700e-04 	 160.3612 	  1.4848 	 2.111991e+19 	 4.232502e+17 	 5.675753e-06 	 1.552131e-06 	 -1000.0000 	 -1000.0000 	 -1000.0000 	 -1000.0000 
	 76.4000 	 4.558298e-04 	 159.6903 	  1.4552 	 2.069370e+19 	 4.133712e+17 	 5.726997e-06 	 1.568745e-06 	 -1000.0000 	 -1000.0000 	 -1000.0000 	 -1000.0000 
	 76.6800 	 4.410816e-04 	 158.7765 	  1.4192 	 2.013908e+19 	 4.007243e+17 	 5.790037e-06 	 1.590001e-06 	 -1000.0000 	 -1000.0000 	 -1000.0000 	 -1000.0000 
	 76.8900 	 4.303056e-04 	 158.0735 	  1.3968 	 1.973415e+19 	 3.917866e+17 	 5.833177e-06 	 1.605374e-06 	 -1000.0000 	 -1000.0000 	 -1000.0000 	 -1000.0000 
	 77.1000 	 4.197698e-04 	 157.3575 	  1.3794 	 1.933835e+19 	 3.833621e+17 	 5.872509e-06 	 1.620272e-06 	 -1000.0000 	 -1000.0000 	 -1000.0000 	 -1000.0000 
	 77.3100 	 4.094605e-04 	 156.6356 	  1.3669 	 1.895025e+19 	 3.753949e+17 	 5.907706e-06 	 1.634634e-06 	 -1000.0000 	 -1000.0000 	 -1000.0000 	 -1000.0000 
	 77.5200 	 3.993635e-04 	 155.9151 	  1.3591 	 1.856840e+19 	 3.678255e+17 	 5.938462e-06 	 1.648400e-06 	 -1000.0000 	 -1000.0000 	 -1000.0000 	 -1000.0000 
	 77.8050 	 3.859744e-04 	 154.9528 	  1.3559 	 1.805753e+19 	 3.580823e+17 	 5.972617e-06 	 1.666022e-06 	 -1000.0000 	 -1000.0000 	 -1000.0000 	 -1000.0000 
	 78.0150 	 3.763220e-04 	 154.2646 	  1.3589 	 1.768464e+19 	 3.512154e+17 	 5.991879e-06 	 1.678152e-06 	 -1000.0000 	 -1000.0000 	 -1000.0000 	 -1000.0000 
	 78.2240 	 3.668929e-04 	 153.6003 	  1.3657 	 1.731618e+19 	 3.445963e+17 	 6.005876e-06 	 1.689454e-06 	 -1000.0000 	 -1000.0000 	 -1000.0000 	 -1000.0000 
	 78.4330 	 3.576527e-04 	 152.9542 	  1.3755 	 1.695138e+19 	 3.381678e+17 	 6.014742e-06 	 1.699966e-06 	 -1000.0000 	 -1000.0000 	 -1000.0000 	 -1000.0000 
	 78.6430 	 3.485713e-04 	 152.3207 	  1.3875 	 1.658964e+19 	 3.318774e+17 	 6.018616e-06 	 1.709726e-06 	 -1000.0000 	 -1000.0000 	 -1000.0000 	 -1000.0000 
	 78.9150 	 3.371321e-04 	 151.5189 	  1.4044 	 1.613005e+19 	 3.239432e+17 	 6.016441e-06 	 1.721173e-06 	 -1000.0000 	 -1000.0000 	 -1000.0000 	 -1000.0000 
	 79.1250 	 3.285654e-04 	 150.9112 	  1.4176 	 1.578347e+19 	 3.179528e+17 	 6.009470e-06 	 1.729082e-06 	 -1000.0000 	 -1000.0000 	 -1000.0000 	 -1000.0000 
	 79.3340 	 3.202659e-04 	 150.3157 	  1.4301 	 1.544578e+19 	 3.120850e+17 	 5.998158e-06 	 1.736090e-06 	 -1000.0000 	 -1000.0000 	 -1000.0000 	 -1000.0000 
	 79.5430 	 3.121726e-04 	 149.7315 	  1.4423 	 1.511425e+19 	 3.062923e+17 	 5.982508e-06 	 1.742115e-06 	 -1000.0000 	 -1000.0000 	 -1000.0000 	 -1000.0000 
	 79.7530 	 3.042276e-04 	 149.1583 	  1.4542 	 1.478623e+19 	 3.005293e+17 	 5.962314e-06 	 1.747029e-06 	 -1000.0000 	 -1000.0000 	 -1000.0000 	 -1000.0000 
	 80.0410 	 2.935984e-04 	 148.3987 	  1.4701 	 1.434261e+19 	 2.926850e+17 	 5.868362e-06 	 1.747887e-06 	 -1000.0000 	 -1000.0000 	 -1000.0000 	 -1000.0000 
	 80.2490 	 2.860870e-04 	 147.8723 	  1.4815 	 1.402528e+19 	 2.870384e+17 	 5.770106e-06 	 1.745771e-06 	 -1000.0000 	 -1000.0000 	 -1000.0000 	 -1000.0000 
	 80.4580 	 2.786715e-04 	 147.3663 	  1.4929 	 1.370845e+19 	 2.813706e+17 	 5.667631e-06 	 1.742767e-06 	 -1000.0000 	 -1000.0000 	 -1000.0000 	 -1000.0000 
	 80.6670 	 2.713975e-04 	 146.8888 	  1.5042 	 1.339389e+19 	 2.757110e+17 	 5.561557e-06 	 1.738793e-06 	 -1000.0000 	 -1000.0000 	 -1000.0000 	 -1000.0000 
	 80.8750 	 2.643086e-04 	 146.4477 	  1.5156 	 1.308334e+19 	 2.700894e+17 	 5.452645e-06 	 1.733803e-06 	 -1000.0000 	 -1000.0000 	 -1000.0000 	 -1000.0000 
	 81.1460 	 2.553138e-04 	 145.9331 	  1.5305 	 1.268291e+19 	 2.627862e+17 	 5.306159e-06 	 1.725647e-06 	 -1000.0000 	 -1000.0000 	 -1000.0000 	 -1000.0000 
	 81.3540 	 2.486071e-04 	 145.5910 	  1.5420 	 1.237911e+19 	 2.572003e+17 	 5.190555e-06 	 1.718052e-06 	 -1000.0000 	 -1000.0000 	 -1000.0000 	 -1000.0000 
	 81.5620 	 2.420740e-04 	 145.2925 	  1.5532 	 1.207890e+19 	 2.516318e+17 	 5.072832e-06 	 1.709391e-06 	 -1000.0000 	 -1000.0000 	 -1000.0000 	 -1000.0000 
	 81.7700 	 2.357079e-04 	 145.0265 	  1.5636 	 1.178298e+19 	 2.460782e+17 	 4.953888e-06 	 1.699902e-06 	 -1000.0000 	 -1000.0000 	 -1000.0000 	 -1000.0000 
	 81.9780 	 2.295017e-04 	 144.7818 	  1.5725 	 1.149208e+19 	 2.405368e+17 	 4.834608e-06 	 1.689826e-06 	 -1000.0000 	 -1000.0000 	 -1000.0000 	 -1000.0000 
	 82.2660 	 2.211599e-04 	 144.4566 	  1.5810 	 1.109891e+19 	 2.328798e+17 	 4.670455e-06 	 1.675347e-06 	 -1000.0000 	 -1000.0000 	 -1000.0000 	 -1000.0000 
	 82.4740 	 2.153075e-04 	 144.2168 	  1.5835 	 1.082284e+19 	 2.273579e+17 	 4.553652e-06 	 1.664797e-06 	 -1000.0000 	 -1000.0000 	 -1000.0000 	 -1000.0000 
	 82.6820 	 2.095963e-04 	 143.9692 	  1.5830 	 1.055364e+19 	 2.218498e+17 	 4.438762e-06 	 1.654268e-06 	 -1000.0000 	 -1000.0000 	 -1000.0000 	 -1000.0000 
	 82.8900 	 2.040279e-04 	 143.7201 	  1.5799 	 1.029099e+19 	 2.163724e+17 	 4.325748e-06 	 1.643699e-06 	 -1000.0000 	 -1000.0000 	 -1000.0000 	 -1000.0000 
	 83.0980 	 1.986043e-04 	 143.4763 	  1.5748 	 1.003452e+19 	 2.109427e+17 	 4.214505e-06 	 1.633003e-06 	 -1000.0000 	 -1000.0000 	 -1000.0000 	 -1000.0000 
	 83.3760 	 1.915847e-04 	 143.1706 	  1.5657 	 9.700754e+18 	 2.037898e+17 	 4.068383e-06 	 1.618350e-06 	 -1000.0000 	 -1000.0000 	 -1000.0000 	 -1000.0000 
	 83.5840 	 1.865066e-04 	 142.9655 	  1.5579 	 9.457315e+18 	 1.985381e+17 	 3.960812e-06 	 1.607000e-06 	 -1000.0000 	 -1000.0000 	 -1000.0000 	 -1000.0000 
	 83.7920 	 1.815734e-04 	 142.7852 	  1.5500 	 9.218841e+18 	 1.933864e+17 	 3.854622e-06 	 1.595233e-06 	 -1000.0000 	 -1000.0000 	 -1000.0000 	 -1000.0000 
	 84.0000 	 1.767755e-04 	 142.6310 	  1.5425 	 8.984941e+18 	 1.883431e+17 	 3.749752e-06 	 1.582994e-06 	 -1000.0000 	 -1000.0000 	 -1000.0000 	 -1000.0000 
	 84.2080 	 1.721030e-04 	 142.5038 	  1.5361 	 8.755229e+18 	 1.834161e+17 	 3.646155e-06 	 1.570241e-06 	 -1000.0000 	 -1000.0000 	 -1000.0000 	 -1000.0000 
	 84.4810 	 1.661441e-04 	 142.3793 	  1.5304 	 8.459435e+18 	 1.771398e+17 	 3.512058e-06 	 1.552655e-06 	 -1000.0000 	 -1000.0000 	 -1000.0000 	 -1000.0000 
	 84.6890 	 1.617241e-04 	 142.3180 	  1.5289 	 8.237939e+18 	 1.725127e+17 	 3.411312e-06 	 1.538574e-06 	 -1000.0000 	 -1000.0000 	 -1000.0000 	 -1000.0000 
	 84.8960 	 1.574248e-04 	 142.2839 	  1.5299 	 8.020894e+18 	 1.680425e+17 	 3.312398e-06 	 1.524010e-06 	 -1000.0000 	 -1000.0000 	 -1000.0000 	 -1000.0000 
	 85.1030 	 1.532291e-04 	 142.2720 	  1.5327 	 7.807792e+18 	 1.637005e+17 	 3.215037e-06 	 1.508980e-06 	 -1000.0000 	 -1000.0000 	 -1000.0000 	 -1000.0000 
	 85.3110 	 1.491224e-04 	 142.2775 	  1.5368 	 7.598222e+18 	 1.594604e+17 	 3.118987e-06 	 1.493496e-06 	 -1000.0000 	 -1000.0000 	 -1000.0000 	 -1000.0000 
	 85.5910 	 1.437754e-04 	 142.3038 	  1.5431 	 7.324371e+18 	 1.539354e+17 	 2.992862e-06 	 1.472199e-06 	 -1000.0000 	 -1000.0000 	 -1000.0000 	 -1000.0000 
	 85.7990 	 1.399439e-04 	 142.3310 	  1.5476 	 7.127836e+18 	 1.499589e+17 	 2.901748e-06 	 1.456141e-06 	 -1000.0000 	 -1000.0000 	 -1000.0000 	 -1000.0000 
	 86.0060 	 1.362481e-04 	 142.3586 	  1.5516 	 6.938320e+18 	 1.461066e+17 	 2.813332e-06 	 1.440009e-06 	 -1000.0000 	 -1000.0000 	 -1000.0000 	 -1000.0000 
	 86.2130 	 1.326608e-04 	 142.3809 	  1.5553 	 6.754636e+18 	 1.423608e+17 	 2.727163e-06 	 1.423749e-06 	 -1000.0000 	 -1000.0000 	 -1000.0000 	 -1000.0000 
	 86.4210 	 1.291563e-04 	 142.3921 	  1.5589 	 6.575694e+18 	 1.387060e+17 	 2.642817e-06 	 1.407302e-06 	 -1000.0000 	 -1000.0000 	 -1000.0000 	 -1000.0000 
	 86.6970 	 1.246458e-04 	 142.3793 	  1.5637 	 6.346540e+18 	 1.340285e+17 	 2.534319e-06 	 1.385343e-06 	 -1000.0000 	 -1000.0000 	 -1000.0000 	 -1000.0000 
	 86.9030 	 1.213718e-04 	 142.3421 	  1.5676 	 6.181352e+18 	 1.306674e+17 	 2.455866e-06 	 1.368883e-06 	 -1000.0000 	 -1000.0000 	 -1000.0000 	 -1000.0000 
	 87.1100 	 1.181565e-04 	 142.2804 	  1.5718 	 6.020122e+18 	 1.273992e+17 	 2.379235e-06 	 1.352343e-06 	 -1000.0000 	 -1000.0000 	 -1000.0000 	 -1000.0000 
	 87.3170 	 1.150168e-04 	 142.2003 	  1.5763 	 5.863409e+18 	 1.242331e+17 	 2.304866e-06 	 1.335886e-06 	 -1000.0000 	 -1000.0000 	 -1000.0000 	 -1000.0000 
	 87.5230 	 1.119680e-04 	 142.1087 	  1.5812 	 5.711689e+18 	 1.211758e+17 	 2.233152e-06 	 1.319672e-06 	 -1000.0000 	 -1000.0000 	 -1000.0000 	 -1000.0000 
	 87.8070 	 1.078902e-04 	 141.9743 	  1.5885 	 5.508986e+18 	 1.170999e+17 	 2.138105e-06 	 1.297723e-06 	 -1000.0000 	 -1000.0000 	 -1000.0000 	 -1000.0000 
	 88.0130 	 1.050244e-04 	 141.8791 	  1.5943 	 5.366314e+18 	 1.142341e+17 	 2.071974e-06 	 1.282188e-06 	 -1000.0000 	 -1000.0000 	 -1000.0000 	 -1000.0000 
	 88.2200 	 1.022225e-04 	 141.7898 	  1.6003 	 5.226450e+18 	 1.114243e+17 	 2.007888e-06 	 1.266953e-06 	 -1000.0000 	 -1000.0000 	 -1000.0000 	 -1000.0000 
	 88.4270 	 9.949696e-05 	 141.7080 	  1.6065 	 5.090023e+18 	 1.086804e+17 	 1.946125e-06 	 1.252113e-06 	 -1000.0000 	 -1000.0000 	 -1000.0000 	 -1000.0000 
	 88.6330 	 9.685892e-05 	 141.6351 	  1.6127 	 4.957598e+18 	 1.060111e+17 	 1.886916e-06 	 1.237751e-06 	 -1000.0000 	 -1000.0000 	 -1000.0000 	 -1000.0000 
	 88.9120 	 9.340154e-05 	 141.5518 	  1.6206 	 4.783443e+18 	 1.024860e+17 	 1.810223e-06 	 1.218975e-06 	 -1000.0000 	 -1000.0000 	 -1000.0000 	 -1000.0000 
	 89.1180 	 9.093200e-05 	 141.5029 	  1.6260 	 4.658604e+18 	 9.994454e+16 	 1.756109e-06 	 1.205627e-06 	 -1000.0000 	 -1000.0000 	 -1000.0000 	 -1000.0000 
	 89.3240 	 8.853048e-05 	 141.4630 	  1.6310 	 4.536891e+18 	 9.745389e+16 	 1.704041e-06 	 1.192702e-06 	 -1000.0000 	 -1000.0000 	 -1000.0000 	 -1000.0000 
	 89.5300 	 8.619353e-05 	 141.4272 	  1.6355 	 4.418273e+18 	 9.501625e+16 	 1.653906e-06 	 1.180159e-06 	 -1000.0000 	 -1000.0000 	 -1000.0000 	 -1000.0000 
	 89.7360 	 8.391765e-05 	 141.3907 	  1.6398 	 4.302716e+18 	 9.263398e+16 	 1.605586e-06 	 1.167951e-06 	 -1000.0000 	 -1000.0000 	 -1000.0000 	 -1000.0000 
	 90.0070 	 8.101082e-05 	 141.3335 	  1.6452 	 4.155306e+18 	 8.958834e+16 	 1.544583e-06 	 1.152320e-06 	 -1000.0000 	 -1000.0000 	 -1000.0000 	 -1000.0000 
	 90.2130 	 7.886309e-05 	 141.2770 	  1.6493 	 4.046717e+18 	 8.734329e+16 	 1.500022e-06 	 1.140707e-06 	 -1000.0000 	 -1000.0000 	 -1000.0000 	 -1000.0000 
	 90.4180 	 7.677737e-05 	 141.2079 	  1.6532 	 3.941592e+18 	 8.516990e+16 	 1.457147e-06 	 1.129362e-06 	 -1000.0000 	 -1000.0000 	 -1000.0000 	 -1000.0000 
	 90.6230 	 7.474416e-05 	 141.1281 	  1.6571 	 3.839374e+18 	 8.305574e+16 	 1.415704e-06 	 1.118238e-06 	 -1000.0000 	 -1000.0000 	 -1000.0000 	 -1000.0000 
	 90.8290 	 7.275511e-05 	 141.0397 	  1.6609 	 3.739560e+18 	 8.098946e+16 	 1.375476e-06 	 1.107302e-06 	 -1000.0000 	 -1000.0000 	 -1000.0000 	 -1000.0000 
	 91.1120 	 7.011314e-05 	 140.9091 	  1.6658 	 3.607137e+18 	 7.824323e+16 	 1.322488e-06 	 1.092708e-06 	 -1000.0000 	 -1000.0000 	 -1000.0000 	 -1000.0000 
	 91.3180 	 6.825739e-05 	 140.8106 	  1.6692 	 3.514127e+18 	 7.630940e+16 	 1.285543e-06 	 1.082421e-06 	 -1000.0000 	 -1000.0000 	 -1000.0000 	 -1000.0000 
	 91.5240 	 6.645677e-05 	 140.7123 	  1.6723 	 3.423807e+18 	 7.442667e+16 	 1.249919e-06 	 1.072423e-06 	 -1000.0000 	 -1000.0000 	 -1000.0000 	 -1000.0000 
	 91.7300 	 6.470670e-05 	 140.6170 	  1.6753 	 3.335892e+18 	 7.258940e+16 	 1.215553e-06 	 1.062700e-06 	 -1000.0000 	 -1000.0000 	 -1000.0000 	 -1000.0000 
	 91.9360 	 6.300247e-05 	 140.5276 	  1.6781 	 3.250093e+18 	 7.079183e+16 	 1.182378e-06 	 1.053241e-06 	 -1000.0000 	 -1000.0000 	 -1000.0000 	 -1000.0000 
	 92.2070 	 6.082242e-05 	 140.4240 	  1.6817 	 3.139958e+18 	 6.847788e+16 	 1.140441e-06 	 1.041172e-06 	 -1000.0000 	 -1000.0000 	 -1000.0000 	 -1000.0000 
	 92.4130 	 5.920645e-05 	 140.3594 	  1.6844 	 3.057958e+18 	 6.675043e+16 	 1.109780e-06 	 1.032269e-06 	 -1000.0000 	 -1000.0000 	 -1000.0000 	 -1000.0000 
	 92.6180 	 5.763211e-05 	 140.3074 	  1.6871 	 2.977766e+18 	 6.505759e+16 	 1.080281e-06 	 1.023654e-06 	 -1000.0000 	 -1000.0000 	 -1000.0000 	 -1000.0000 
	 92.8230 	 5.609386e-05 	 140.2644 	  1.6898 	 2.899181e+18 	 6.339588e+16 	 1.051790e-06 	 1.015318e-06 	 -1000.0000 	 -1000.0000 	 -1000.0000 	 -1000.0000 
	 93.0290 	 5.458701e-05 	 140.2271 	  1.6925 	 2.822046e+18 	 6.176270e+16 	 1.024185e-06 	 1.007265e-06 	 -1000.0000 	 -1000.0000 	 -1000.0000 	 -1000.0000 
	 93.3030 	 5.264758e-05 	 140.1807 	  1.6961 	 2.722666e+18 	 5.965640e+16 	 9.890735e-07 	 9.971230e-07 	 -1000.0000 	 -1000.0000 	 -1000.0000 	 -1000.0000 
	 93.5070 	 5.125485e-05 	 140.1444 	  1.6989 	 2.651326e+18 	 5.814368e+16 	 9.641308e-07 	 9.900455e-07 	 -1000.0000 	 -1000.0000 	 -1000.0000 	 -1000.0000 
	 93.7120 	 4.989938e-05 	 140.1035 	  1.7016 	 2.581977e+18 	 5.667254e+16 	 9.400853e-07 	 9.833741e-07 	 -1000.0000 	 -1000.0000 	 -1000.0000 	 -1000.0000 
	 93.9170 	 4.858528e-05 	 140.0562 	  1.7042 	 2.514844e+18 	 5.524694e+16 	 9.170385e-07 	 9.771660e-07 	 -1000.0000 	 -1000.0000 	 -1000.0000 	 -1000.0000 
