	 height_(km) 	 press_(mbar) 	 temp_(K) 	 temperr_(K) 	 numdens_(m-3) 	 numdenserr_(m-3) 	 H2Ovmr_() 	 H2Ovmrerr_() 	 D/H_(VSMOW) 	 D/Herr_(VSMOW) 	 18O/16O_(VSMOW) 	 18O/16Oerr_(VSMOW) 
	  6.4270 	 2.195170e+00 	 161.5469 	  4.9051 	 9.838119e+22 	 3.030403e+21 	 2.235536e-05 	 3.790670e-06 	  3.2024 	  0.8481 	 -1000.0000 	 -1000.0000 
	  6.5530 	 2.161988e+00 	 162.0488 	  4.8093 	 9.659727e+22 	 2.908894e+21 	 2.717362e-05 	 4.786911e-06 	  3.1893 	  0.8411 	 -1000.0000 	 -1000.0000 
	  6.6780 	 2.129682e+00 	 162.5617 	  4.7120 	 9.486060e+22 	 2.791295e+21 	 3.254635e-05 	 5.933776e-06 	  3.1767 	  0.8353 	 -1000.0000 	 -1000.0000 
	  6.8030 	 2.097976e+00 	 163.0881 	  4.6125 	 9.315663e+22 	 2.676629e+21 	 3.848846e-05 	 7.227378e-06 	  3.1644 	  0.8298 	 -1000.0000 	 -1000.0000 
	  6.9290 	 2.066610e+00 	 163.6307 	  4.5103 	 9.147187e+22 	 2.564016e+21 	 4.501322e-05 	 8.660136e-06 	  3.1524 	  0.8237 	 -1000.0000 	 -1000.0000 
	  8.4300 	 1.734653e+00 	 170.4260 	  3.2271 	 7.384009e+22 	 1.452024e+21 	 1.303660e-04 	 2.285907e-05 	  3.0505 	  0.6943 	 -1000.0000 	 -1000.0000 
	  8.5550 	 1.710128e+00 	 170.9704 	  3.1217 	 7.256663e+22 	 1.378541e+21 	 1.349683e-04 	 2.290044e-05 	  3.0473 	  0.6760 	 -1000.0000 	 -1000.0000 
	  8.6800 	 1.686030e+00 	 171.5039 	  3.0176 	 7.132190e+22 	 1.308000e+21 	 1.388461e-04 	 2.272713e-05 	  3.0453 	  0.6570 	 -1000.0000 	 -1000.0000 
	  8.8050 	 1.662347e+00 	 172.0249 	  2.9151 	 7.010564e+22 	 1.240402e+21 	 1.419849e-04 	 2.235650e-05 	  3.0447 	  0.6376 	 -1000.0000 	 -1000.0000 
	  8.9300 	 1.639066e+00 	 172.5319 	  2.8142 	 6.891757e+22 	 1.175747e+21 	 1.443877e-04 	 2.181097e-05 	  3.0457 	  0.6179 	 -1000.0000 	 -1000.0000 
	 10.4430 	 1.385278e+00 	 177.1639 	  1.8068 	 5.663117e+22 	 6.213809e+20 	 1.326654e-04 	 1.145750e-05 	  3.2274 	  0.4111 	  0.6599 	  0.1345 
	 10.5670 	 1.366545e+00 	 177.4527 	  1.7446 	 5.577126e+22 	 5.925937e+20 	 1.303922e-04 	 1.090886e-05 	  3.2586 	  0.4061 	  0.6707 	  0.1334 
	 10.6920 	 1.347955e+00 	 177.7436 	  1.6849 	 5.492143e+22 	 5.655906e+20 	 1.282041e-04 	 1.042332e-05 	  3.2927 	  0.4023 	  0.6820 	  0.1322 
	 10.8170 	 1.329659e+00 	 178.0378 	  1.6284 	 5.408745e+22 	 5.404872e+20 	 1.261642e-04 	 9.988859e-06 	  3.3296 	  0.3993 	  0.6937 	  0.1308 
	 10.9410 	 1.311794e+00 	 178.3361 	  1.5754 	 5.327453e+22 	 5.173382e+20 	 1.243182e-04 	 9.586111e-06 	  3.3688 	  0.3966 	  0.7057 	  0.1292 
	 12.4460 	 1.116115e+00 	 183.4134 	  1.1626 	 4.416515e+22 	 3.332535e+20 	 1.150087e-04 	 7.418788e-06 	  3.9976 	  0.3978 	  0.8731 	  0.0976 
	 12.5700 	 1.101598e+00 	 183.9428 	  1.1450 	 4.346815e+22 	 3.236297e+20 	 1.151291e-04 	 7.351852e-06 	  4.0568 	  0.3980 	  0.8880 	  0.0955 
	 12.6940 	 1.087303e+00 	 184.4759 	  1.1294 	 4.278108e+22 	 3.146212e+20 	 1.153564e-04 	 7.282618e-06 	  4.1165 	  0.3977 	  0.9030 	  0.0951 
	 12.8180 	 1.073225e+00 	 185.0095 	  1.1156 	 4.210445e+22 	 3.061862e+20 	 1.156783e-04 	 7.210458e-06 	  4.1764 	  0.3969 	  0.9181 	  0.0951 
	 12.9430 	 1.059247e+00 	 185.5444 	  1.1033 	 4.143347e+22 	 2.982210e+20 	 1.160807e-04 	 7.134299e-06 	  4.2369 	  0.3955 	  0.9333 	  0.0950 
	 14.4560 	 9.053700e-01 	 190.6970 	  1.0406 	 3.435624e+22 	 2.300954e+20 	 1.203220e-04 	 6.136584e-06 	  4.9275 	  0.3635 	  1.1028 	  0.0997 
	 14.5800 	 8.939018e-01 	 190.9766 	  1.0399 	 3.386324e+22 	 2.260651e+20 	 1.200797e-04 	 6.076745e-06 	  4.9728 	  0.3627 	  1.1135 	  0.1015 
	 14.7040 	 8.825946e-01 	 191.2370 	  1.0395 	 3.338205e+22 	 2.222129e+20 	 1.196689e-04 	 6.025145e-06 	  5.0149 	  0.3738 	  1.1234 	  0.1032 
	 14.8280 	 8.714461e-01 	 191.4788 	  1.0395 	 3.291233e+22 	 2.185296e+20 	 1.190832e-04 	 5.982378e-06 	  5.0534 	  0.3872 	  1.1324 	  0.1048 
	 14.9530 	 8.603658e-01 	 191.7048 	  1.0399 	 3.245004e+22 	 2.149778e+20 	 1.183190e-04 	 5.948343e-06 	  5.0886 	  0.4005 	  1.1406 	  0.1065 
	 18.4010 	 6.080375e-01 	 194.1868 	  1.0078 	 2.271194e+22 	 1.445110e+20 	 7.828483e-05 	 5.910624e-06 	  4.9981 	  0.5599 	  1.1156 	  0.1287 
	 18.5250 	 6.005675e-01 	 194.2458 	  1.0013 	 2.242598e+22 	 1.419986e+20 	 7.750628e-05 	 5.884187e-06 	  4.9765 	  0.5525 	  1.1108 	  0.1288 
	 18.6480 	 5.932515e-01 	 194.3062 	  0.9947 	 2.214540e+22 	 1.395196e+20 	 7.683715e-05 	 5.855508e-06 	  4.9553 	  0.5500 	  1.1060 	  0.1288 
	 18.7720 	 5.859695e-01 	 194.3690 	  0.9881 	 2.186563e+22 	 1.370422e+20 	 7.626932e-05 	 5.824291e-06 	  4.9342 	  0.5494 	  1.1014 	  0.1285 
	 18.8960 	 5.787800e-01 	 194.4337 	  0.9815 	 2.158900e+22 	 1.345952e+20 	 7.580918e-05 	 5.791033e-06 	  4.9137 	  0.5479 	  1.0969 	  0.1281 
	 20.3940 	 4.988203e-01 	 195.4154 	  0.9297 	 1.849933e+22 	 1.100493e+20 	 7.768550e-05 	 5.351367e-06 	  4.7984 	  0.4875 	  1.0773 	  0.1138 
	 20.5170 	 4.927891e-01 	 195.5181 	  0.9285 	 1.826580e+22 	 1.084951e+20 	 7.837314e-05 	 5.320654e-06 	  4.8073 	  0.4817 	  1.0804 	  0.1125 
	 20.6400 	 4.868345e-01 	 195.6253 	  0.9276 	 1.803512e+22 	 1.069958e+20 	 7.913291e-05 	 5.291966e-06 	  4.8203 	  0.4761 	  1.0844 	  0.1113 
	 20.7640 	 4.809084e-01 	 195.7383 	  0.9272 	 1.780540e+22 	 1.055356e+20 	 7.996736e-05 	 5.265187e-06 	  4.8375 	  0.4708 	  1.0896 	  0.1101 
	 20.8870 	 4.751052e-01 	 195.8556 	  0.9271 	 1.758031e+22 	 1.041338e+20 	 8.085728e-05 	 5.240716e-06 	  4.8585 	  0.4658 	  1.0958 	  0.1091 
	 22.3940 	 4.097486e-01 	 197.7857 	  0.9484 	 1.502848e+22 	 8.926762e+19 	 9.439532e-05 	 5.067774e-06 	  5.2979 	  0.4255 	  1.2184 	  0.1011 
	 22.5170 	 4.048575e-01 	 197.9824 	  0.9515 	 1.483607e+22 	 8.817655e+19 	 9.548477e-05 	 5.062721e-06 	  5.3348 	  0.4238 	  1.2287 	  0.1008 
	 22.6400 	 4.000297e-01 	 198.1837 	  0.9548 	 1.464598e+22 	 8.710123e+19 	 9.653045e-05 	 5.059229e-06 	  5.3698 	  0.4223 	  1.2386 	  0.1006 
	 22.7640 	 3.952260e-01 	 198.3910 	  0.9583 	 1.445667e+22 	 8.603289e+19 	 9.753404e-05 	 5.057422e-06 	  5.4024 	  0.4211 	  1.2478 	  0.1006 
	 22.8870 	 3.905231e-01 	 198.6008 	  0.9619 	 1.427119e+22 	 8.498854e+19 	 9.847589e-05 	 5.057461e-06 	  5.4322 	  0.4201 	  1.2563 	  0.1013 
	 28.2720 	 2.342020e-01 	 207.1083 	  1.1494 	 8.194784e+21 	 5.094722e+19 	 9.979746e-05 	 6.247473e-06 	  4.8247 	  0.5057 	  1.1237 	  0.1190 
	 28.3940 	 2.315405e-01 	 207.1759 	  1.1517 	 8.098817e+21 	 5.036805e+19 	 9.944280e-05 	 6.269686e-06 	  4.7939 	  0.5070 	  1.1161 	  0.1192 
	 28.5170 	 2.288878e-01 	 207.2322 	  1.1539 	 8.003709e+21 	 4.979023e+19 	 9.909285e-05 	 6.290628e-06 	  4.7631 	  0.5080 	  1.1086 	  0.1194 
	 28.6390 	 2.262865e-01 	 207.2757 	  1.1558 	 7.910991e+21 	 4.922306e+19 	 9.875392e-05 	 6.309904e-06 	  4.7331 	  0.5090 	  1.1012 	  0.1195 
	 28.7610 	 2.237145e-01 	 207.3066 	  1.1575 	 7.819867e+21 	 4.866173e+19 	 9.842290e-05 	 6.327631e-06 	  4.7034 	  0.5097 	  1.0939 	  0.1196 
	 32.2150 	 1.615015e-01 	 200.7787 	  1.0941 	 5.830896e+21 	 3.488174e+19 	 8.733191e-05 	 5.921916e-06 	  4.1552 	  0.4976 	  0.9528 	  0.1136 
	 32.3370 	 1.596233e-01 	 200.2567 	  1.0884 	 5.778064e+21 	 3.447612e+19 	 8.671367e-05 	 5.867604e-06 	  4.1495 	  0.4968 	  0.9508 	  0.1133 
	 32.4590 	 1.577631e-01 	 199.7233 	  1.0828 	 5.725960e+21 	 3.408058e+19 	 8.607116e-05 	 5.810311e-06 	  4.1451 	  0.4961 	  0.9491 	  0.1130 
	 32.5810 	 1.559207e-01 	 199.1802 	  1.0774 	 5.674519e+21 	 3.369594e+19 	 8.540664e-05 	 5.750264e-06 	  4.1417 	  0.4954 	  0.9475 	  0.1127 
	 32.7020 	 1.541106e-01 	 198.6337 	  1.0724 	 5.624088e+21 	 3.332605e+19 	 8.473142e-05 	 5.688431e-06 	  4.1395 	  0.4948 	  0.9463 	  0.1123 
	 34.1910 	 1.331160e-01 	 191.8869 	  1.0498 	 5.029313e+21 	 2.993645e+19 	 7.911757e-05 	 5.012062e-06 	  4.1206 	  0.5281 	  0.9368 	  0.1072 
	 34.3120 	 1.315091e-01 	 191.3613 	  1.0511 	 4.982255e+21 	 2.974278e+19 	 7.920692e-05 	 4.983905e-06 	  4.1128 	  0.5342 	  0.9354 	  0.1065 
	 34.4330 	 1.299172e-01 	 190.8394 	  1.0528 	 4.935401e+21 	 2.955531e+19 	 7.942755e-05 	 4.962353e-06 	  4.1030 	  0.5402 	  0.9338 	  0.1058 
	 34.5540 	 1.283401e-01 	 190.3211 	  1.0546 	 4.888758e+21 	 2.937256e+19 	 7.978729e-05 	 4.947610e-06 	  4.0910 	  0.5458 	  0.9318 	  0.1051 
	 34.6750 	 1.267780e-01 	 189.8062 	  1.0566 	 4.842336e+21 	 2.919305e+19 	 8.028885e-05 	 4.939545e-06 	  4.0766 	  0.5507 	  0.9295 	  0.1043 
	 36.1610 	 1.088130e-01 	 183.7513 	  1.0726 	 4.292697e+21 	 2.677761e+19 	 9.390476e-05 	 5.094783e-06 	  3.7440 	  0.5584 	  0.8799 	  0.1113 
	 36.2820 	 1.074480e-01 	 183.2889 	  1.0729 	 4.249533e+21 	 2.655441e+19 	 9.513927e-05 	 5.101341e-06 	  3.7100 	  0.5584 	  0.8752 	  0.1123 
	 36.4030 	 1.060973e-01 	 182.8338 	  1.0731 	 4.206558e+21 	 2.632986e+19 	 9.630080e-05 	 5.102887e-06 	  3.6759 	  0.5587 	  0.8705 	  0.1135 
	 36.5240 	 1.047607e-01 	 182.3866 	  1.0733 	 4.163761e+21 	 2.610472e+19 	 9.736458e-05 	 5.098724e-06 	  3.6420 	  0.5597 	  0.8660 	  0.1149 
	 36.6450 	 1.034382e-01 	 181.9479 	  1.0735 	 4.121129e+21 	 2.587973e+19 	 9.830647e-05 	 5.088385e-06 	  3.6087 	  0.5614 	  0.8617 	  0.1166 
	 38.1330 	 8.828571e-02 	 177.4613 	  1.0854 	 3.606558e+21 	 2.335868e+19 	 9.536894e-05 	 4.515576e-06 	  3.2867 	  0.6178 	  0.8244 	  0.1492 
	 38.2540 	 8.714164e-02 	 177.1783 	  1.0872 	 3.565495e+21 	 2.317483e+19 	 9.374683e-05 	 4.441800e-06 	  3.2700 	  0.6215 	  0.8226 	  0.1516 
	 38.3750 	 8.601061e-02 	 176.9075 	  1.0891 	 3.524590e+21 	 2.299185e+19 	 9.191078e-05 	 4.365191e-06 	  3.2551 	  0.6247 	  0.8210 	  0.1538 
	 38.4960 	 8.489258e-02 	 176.6489 	  1.0910 	 3.483853e+21 	 2.280915e+19 	 8.987784e-05 	 4.286078e-06 	  3.2421 	  0.6276 	  0.8196 	  0.1558 
	 38.6170 	 8.378751e-02 	 176.4023 	  1.0929 	 3.443296e+21 	 2.262612e+19 	 8.767589e-05 	 4.204875e-06 	  3.2309 	  0.6304 	  0.8183 	  0.1577 
	 40.0960 	 7.130898e-02 	 174.2942 	  1.1101 	 2.966201e+21 	 2.017197e+19 	 5.925747e-05 	 3.215467e-06 	  3.1557 	  0.6814 	 -1000.0000 	 -1000.0000 
	 40.2170 	 7.036932e-02 	 174.1787 	  1.1105 	 2.929072e+21 	 1.995010e+19 	 5.751060e-05 	 3.147861e-06 	  3.1476 	  0.6863 	 -1000.0000 	 -1000.0000 
	 40.3370 	 6.944894e-02 	 174.0685 	  1.1108 	 2.892595e+21 	 1.972810e+19 	 5.592412e-05 	 3.084522e-06 	  3.1384 	  0.6912 	 -1000.0000 	 -1000.0000 
	 40.4580 	 6.853235e-02 	 173.9609 	  1.1109 	 2.856177e+21 	 1.950260e+19 	 5.447208e-05 	 3.024548e-06 	  3.1276 	  0.6957 	 -1000.0000 	 -1000.0000 
	 40.5780 	 6.763457e-02 	 173.8566 	  1.1108 	 2.820431e+21 	 1.927765e+19 	 5.317252e-05 	 2.968924e-06 	  3.1155 	  0.6994 	 -1000.0000 	 -1000.0000 
	 42.0660 	 5.737606e-02 	 172.4100 	  1.0934 	 2.412559e+21 	 1.651158e+19 	 4.381137e-05 	 2.514472e-06 	  2.9213 	  0.6937 	 -1000.0000 	 -1000.0000 
	 42.1870 	 5.660883e-02 	 172.2555 	  1.0911 	 2.382450e+21 	 1.629971e+19 	 4.326936e-05 	 2.490105e-06 	  2.9089 	  0.6928 	 -1000.0000 	 -1000.0000 
	 42.3070 	 5.585731e-02 	 172.0938 	  1.0888 	 2.353043e+21 	 1.609324e+19 	 4.272555e-05 	 2.466964e-06 	  2.8981 	  0.6924 	 -1000.0000 	 -1000.0000 
	 42.4280 	 5.510887e-02 	 171.9217 	  1.0865 	 2.323849e+21 	 1.588912e+19 	 4.216582e-05 	 2.444512e-06 	  2.8888 	  0.6927 	 -1000.0000 	 -1000.0000 
	 42.5480 	 5.437574e-02 	 171.7413 	  1.0844 	 2.295347e+21 	 1.569106e+19 	 4.159732e-05 	 2.422994e-06 	  2.8814 	  0.6939 	 -1000.0000 	 -1000.0000 
	 44.0190 	 4.608363e-02 	 168.5907 	  1.0724 	 1.981419e+21 	 1.371882e+19 	 3.480899e-05 	 2.198707e-06 	  2.9059 	  0.7560 	 -1000.0000 	 -1000.0000 
	 44.1390 	 4.546049e-02 	 168.2628 	  1.0725 	 1.958427e+21 	 1.359183e+19 	 3.437405e-05 	 2.182912e-06 	  2.9146 	  0.7611 	 -1000.0000 	 -1000.0000 
	 44.2590 	 4.484491e-02 	 167.9275 	  1.0728 	 1.935764e+21 	 1.346788e+19 	 3.396941e-05 	 2.167495e-06 	  2.9239 	  0.7656 	 -1000.0000 	 -1000.0000 
	 44.3790 	 4.423680e-02 	 167.5859 	  1.0730 	 1.913414e+21 	 1.334646e+19 	 3.359678e-05 	 2.152491e-06 	  2.9337 	  0.7693 	 -1000.0000 	 -1000.0000 
	 44.4990 	 4.363606e-02 	 167.2388 	  1.0732 	 1.891362e+21 	 1.322705e+19 	 3.325655e-05 	 2.137958e-06 	  2.9438 	  0.7720 	 -1000.0000 	 -1000.0000 
	 45.9820 	 3.678176e-02 	 162.8029 	  1.0647 	 1.637884e+21 	 1.174839e+19 	 3.061082e-05 	 2.015388e-06 	  3.0707 	  0.8426 	 -1000.0000 	 -1000.0000 
	 46.1010 	 3.627445e-02 	 162.4518 	  1.0632 	 1.618779e+21 	 1.162586e+19 	 3.042890e-05 	 2.011239e-06 	  3.0789 	  0.8547 	 -1000.0000 	 -1000.0000 
	 46.2210 	 3.576886e-02 	 162.0998 	  1.0616 	 1.599677e+21 	 1.150255e+19 	 3.023647e-05 	 2.008012e-06 	  3.0865 	  0.8671 	 -1000.0000 	 -1000.0000 
	 46.3410 	 3.526920e-02 	 161.7501 	  1.0600 	 1.580734e+21 	 1.137975e+19 	 3.002973e-05 	 2.005631e-06 	  3.0933 	  0.8795 	 -1000.0000 	 -1000.0000 
	 46.4610 	 3.477536e-02 	 161.4028 	  1.0584 	 1.561946e+21 	 1.125770e+19 	 2.980144e-05 	 2.003856e-06 	  3.0994 	  0.8919 	 -1000.0000 	 -1000.0000 
	 47.9340 	 2.915704e-02 	 157.4080 	  1.0517 	 1.342876e+21 	 9.903746e+18 	 2.250935e-05 	 1.852533e-06 	 -1000.0000 	 -1000.0000 	 -1000.0000 	 -1000.0000 
	 48.0540 	 2.873416e-02 	 157.1031 	  1.0525 	 1.325975e+21 	 9.808148e+18 	 2.144399e-05 	 1.813736e-06 	 -1000.0000 	 -1000.0000 	 -1000.0000 	 -1000.0000 
	 48.1730 	 2.831997e-02 	 156.8027 	  1.0535 	 1.309369e+21 	 9.715450e+18 	 2.032912e-05 	 1.769397e-06 	 -1000.0000 	 -1000.0000 	 -1000.0000 	 -1000.0000 
	 48.2930 	 2.790750e-02 	 156.5015 	  1.0548 	 1.292784e+21 	 9.624053e+18 	 1.915955e-05 	 1.718880e-06 	 -1000.0000 	 -1000.0000 	 -1000.0000 	 -1000.0000 
	 48.4120 	 2.750363e-02 	 156.2042 	  1.0562 	 1.276500e+21 	 9.535438e+18 	 1.797235e-05 	 1.663480e-06 	 -1000.0000 	 -1000.0000 	 -1000.0000 	 -1000.0000 
	 49.8870 	 2.292275e-02 	 152.5708 	  1.0887 	 1.089092e+21 	 8.581700e+18 	 6.250028e-06 	 5.298111e-07 	 -1000.0000 	 -1000.0000 	 -1000.0000 	 -1000.0000 
	 50.0060 	 2.258619e-02 	 152.2885 	  1.0922 	 1.075087e+21 	 8.512954e+18 	 5.764196e-06 	 5.051840e-07 	 -1000.0000 	 -1000.0000 	 -1000.0000 	 -1000.0000 
	 50.1250 	 2.225422e-02 	 152.0104 	  1.0958 	 1.061221e+21 	 8.444681e+18 	 5.334236e-06 	 4.825556e-07 	 -1000.0000 	 -1000.0000 	 -1000.0000 	 -1000.0000 
	 50.2450 	 2.192402e-02 	 151.7350 	  1.0995 	 1.047375e+21 	 8.376142e+18 	 4.952403e-06 	 4.616765e-07 	 -1000.0000 	 -1000.0000 	 -1000.0000 	 -1000.0000 
	 50.3640 	 2.160102e-02 	 151.4675 	  1.1032 	 1.033773e+21 	 8.308311e+18 	 4.620145e-06 	 4.427918e-07 	 -1000.0000 	 -1000.0000 	 -1000.0000 	 -1000.0000 
	 51.8370 	 1.794075e-02 	 148.8512 	  1.1467 	 8.737885e+20 	 7.420460e+18 	 2.701097e-06 	 3.155018e-07 	 -1000.0000 	 -1000.0000 	 -1000.0000 	 -1000.0000 
	 51.9560 	 1.767080e-02 	 148.7084 	  1.1496 	 8.614673e+20 	 7.342225e+18 	 2.648368e-06 	 3.117309e-07 	 -1000.0000 	 -1000.0000 	 -1000.0000 	 -1000.0000 
	 52.0750 	 1.740458e-02 	 148.5767 	  1.1523 	 8.492395e+20 	 7.262932e+18 	 2.606771e-06 	 3.088244e-07 	 -1000.0000 	 -1000.0000 	 -1000.0000 	 -1000.0000 
	 52.1950 	 1.713988e-02 	 148.4555 	  1.1549 	 8.370047e+20 	 7.181900e+18 	 2.575725e-06 	 3.067624e-07 	 -1000.0000 	 -1000.0000 	 -1000.0000 	 -1000.0000 
	 52.3140 	 1.688109e-02 	 148.3468 	  1.1573 	 8.249683e+20 	 7.100475e+18 	 2.555402e-06 	 3.055729e-07 	 -1000.0000 	 -1000.0000 	 -1000.0000 	 -1000.0000 
	 53.7830 	 1.398169e-02 	 147.9996 	  1.1683 	 6.848368e+20 	 6.014010e+18 	 3.063086e-06 	 3.701733e-07 	 -1000.0000 	 -1000.0000 	 -1000.0000 	 -1000.0000 
	 53.9010 	 1.377163e-02 	 148.0506 	  1.1679 	 6.743097e+20 	 5.922958e+18 	 3.161094e-06 	 3.812413e-07 	 -1000.0000 	 -1000.0000 	 -1000.0000 	 -1000.0000 
	 54.0200 	 1.356306e-02 	 148.1131 	  1.1675 	 6.638117e+20 	 5.831295e+18 	 3.268210e-06 	 3.931260e-07 	 -1000.0000 	 -1000.0000 	 -1000.0000 	 -1000.0000 
	 54.1380 	 1.335948e-02 	 148.1858 	  1.1669 	 6.535212e+20 	 5.740730e+18 	 3.382529e-06 	 4.055963e-07 	 -1000.0000 	 -1000.0000 	 -1000.0000 	 -1000.0000 
	 54.2560 	 1.315906e-02 	 148.2692 	  1.1664 	 6.433513e+20 	 5.650655e+18 	 3.504794e-06 	 4.187165e-07 	 -1000.0000 	 -1000.0000 	 -1000.0000 	 -1000.0000 
	 55.7230 	 1.091818e-02 	 150.0261 	  1.1667 	 5.277461e+20 	 4.633261e+18 	 5.601232e-06 	 6.191011e-07 	 -1000.0000 	 -1000.0000 	 -1000.0000 	 -1000.0000 
	 55.8410 	 1.075666e-02 	 150.1879 	  1.1679 	 5.193917e+20 	 4.563167e+18 	 5.802015e-06 	 6.367124e-07 	 -1000.0000 	 -1000.0000 	 -1000.0000 	 -1000.0000 
	 55.9600 	 1.059635e-02 	 150.3450 	  1.1693 	 5.111217e+20 	 4.494575e+18 	 6.006132e-06 	 6.544639e-07 	 -1000.0000 	 -1000.0000 	 -1000.0000 	 -1000.0000 
	 56.0780 	 1.043989e-02 	 150.4927 	  1.1710 	 5.030778e+20 	 4.428694e+18 	 6.209437e-06 	 6.720052e-07 	 -1000.0000 	 -1000.0000 	 -1000.0000 	 -1000.0000 
	 56.1960 	 1.028585e-02 	 150.6303 	  1.1729 	 4.951924e+20 	 4.364995e+18 	 6.412969e-06 	 6.894284e-07 	 -1000.0000 	 -1000.0000 	 -1000.0000 	 -1000.0000 
	 57.6660 	 8.549237e-03 	 150.7496 	  1.2245 	 4.110425e+20 	 3.776035e+18 	 8.731101e-06 	 8.839338e-07 	 -1000.0000 	 -1000.0000 	 -1000.0000 	 -1000.0000 
	 57.7840 	 8.422924e-03 	 150.5938 	  1.2316 	 4.053897e+20 	 3.746502e+18 	 8.885128e-06 	 8.968234e-07 	 -1000.0000 	 -1000.0000 	 -1000.0000 	 -1000.0000 
	 57.9020 	 8.298350e-03 	 150.4112 	  1.2393 	 3.998837e+20 	 3.719743e+18 	 9.032840e-06 	 9.091816e-07 	 -1000.0000 	 -1000.0000 	 -1000.0000 	 -1000.0000 
	 58.0200 	 8.175472e-03 	 150.2013 	  1.2476 	 3.945202e+20 	 3.695786e+18 	 9.173937e-06 	 9.209824e-07 	 -1000.0000 	 -1000.0000 	 -1000.0000 	 -1000.0000 
	 58.1380 	 8.054249e-03 	 149.9638 	  1.2565 	 3.892952e+20 	 3.674657e+18 	 9.308107e-06 	 9.321989e-07 	 -1000.0000 	 -1000.0000 	 -1000.0000 	 -1000.0000 
	 59.5980 	 6.675849e-03 	 144.7598 	  1.4298 	 3.342972e+20 	 3.643585e+18 	 1.027388e-05 	 1.010910e-06 	 -1000.0000 	 -1000.0000 	 -1000.0000 	 -1000.0000 
	 59.7160 	 6.573387e-03 	 144.2004 	  1.4484 	 3.304424e+20 	 3.655193e+18 	 1.028817e-05 	 1.012217e-06 	 -1000.0000 	 -1000.0000 	 -1000.0000 	 -1000.0000 
	 59.8340 	 6.472185e-03 	 143.6330 	  1.4674 	 3.266413e+20 	 3.667648e+18 	 1.029210e-05 	 1.012851e-06 	 -1000.0000 	 -1000.0000 	 -1000.0000 	 -1000.0000 
	 59.9510 	 6.373068e-03 	 143.0654 	  1.4867 	 3.229179e+20 	 3.680545e+18 	 1.028565e-05 	 1.012837e-06 	 -1000.0000 	 -1000.0000 	 -1000.0000 	 -1000.0000 
	 60.0690 	 6.274330e-03 	 142.4908 	  1.5064 	 3.192012e+20 	 3.693813e+18 	 1.026859e-05 	 1.012202e-06 	 -1000.0000 	 -1000.0000 	 -1000.0000 	 -1000.0000 
	 61.5380 	 5.143384e-03 	 136.3089 	  1.7527 	 2.734413e+20 	 3.768188e+18 	 9.198277e-06 	 9.666894e-07 	 -1000.0000 	 -1000.0000 	 -1000.0000 	 -1000.0000 
	 61.6560 	 5.060322e-03 	 135.9700 	  1.7701 	 2.696836e+20 	 3.759409e+18 	 9.065022e-06 	 9.614687e-07 	 -1000.0000 	 -1000.0000 	 -1000.0000 	 -1000.0000 
	 61.7740 	 4.978440e-03 	 135.6646 	  1.7868 	 2.659090e+20 	 3.747555e+18 	 8.930668e-06 	 9.562697e-07 	 -1000.0000 	 -1000.0000 	 -1000.0000 	 -1000.0000 
	 61.8910 	 4.898423e-03 	 135.3969 	  1.8025 	 2.621493e+20 	 3.732596e+18 	 8.797713e-06 	 9.511893e-07 	 -1000.0000 	 -1000.0000 	 -1000.0000 	 -1000.0000 
	 62.0090 	 4.818910e-03 	 135.1642 	  1.8173 	 2.583401e+20 	 3.714104e+18 	 8.665242e-06 	 9.461934e-07 	 -1000.0000 	 -1000.0000 	 -1000.0000 	 -1000.0000 
	 63.4610 	 3.939980e-03 	 135.9963 	  1.8933 	 2.101504e+20 	 3.162497e+18 	 7.612326e-06 	 9.133001e-07 	 -1000.0000 	 -1000.0000 	 -1000.0000 	 -1000.0000 
	 63.5780 	 3.877112e-03 	 136.3645 	  1.8904 	 2.062438e+20 	 3.095303e+18 	 7.584672e-06 	 9.137503e-07 	 -1000.0000 	 -1000.0000 	 -1000.0000 	 -1000.0000 
	 63.6960 	 3.814871e-03 	 136.7752 	  1.8862 	 2.023230e+20 	 3.025581e+18 	 7.563526e-06 	 9.147043e-07 	 -1000.0000 	 -1000.0000 	 -1000.0000 	 -1000.0000 
	 63.8130 	 3.754303e-03 	 137.2200 	  1.8809 	 1.984596e+20 	 2.954866e+18 	 7.548657e-06 	 9.161482e-07 	 -1000.0000 	 -1000.0000 	 -1000.0000 	 -1000.0000 
	 63.9310 	 3.694364e-03 	 137.7048 	  1.8745 	 1.945930e+20 	 2.882306e+18 	 7.539189e-06 	 9.181084e-07 	 -1000.0000 	 -1000.0000 	 -1000.0000 	 -1000.0000 
	 65.3940 	 3.042531e-03 	 146.0783 	  1.7252 	 1.510194e+20 	 2.009018e+18 	 7.656393e-06 	 9.816515e-07 	 -1000.0000 	 -1000.0000 	 -1000.0000 	 -1000.0000 
	 65.5110 	 2.997200e-03 	 146.8775 	  1.7093 	 1.479664e+20 	 1.947463e+18 	 7.675227e-06 	 9.894789e-07 	 -1000.0000 	 -1000.0000 	 -1000.0000 	 -1000.0000 
	 65.6280 	 2.952778e-03 	 147.6861 	  1.6931 	 1.449800e+20 	 1.887458e+18 	 7.695345e-06 	 9.976306e-07 	 -1000.0000 	 -1000.0000 	 -1000.0000 	 -1000.0000 
	 65.7450 	 2.909245e-03 	 148.5022 	  1.6765 	 1.420601e+20 	 1.829040e+18 	 7.716813e-06 	 1.006088e-06 	 -1000.0000 	 -1000.0000 	 -1000.0000 	 -1000.0000 
	 65.8620 	 2.866579e-03 	 149.3237 	  1.6598 	 1.392070e+20 	 1.772247e+18 	 7.739716e-06 	 1.014835e-06 	 -1000.0000 	 -1000.0000 	 -1000.0000 	 -1000.0000 
	 67.3170 	 2.400157e-03 	 159.2302 	  1.4512 	 1.092474e+20 	 1.212968e+18 	 8.228324e-06 	 1.148430e-06 	 -1000.0000 	 -1000.0000 	 -1000.0000 	 -1000.0000 
	 67.4330 	 2.367499e-03 	 159.9550 	  1.4361 	 1.072723e+20 	 1.179789e+18 	 8.302888e-06 	 1.162487e-06 	 -1000.0000 	 -1000.0000 	 -1000.0000 	 -1000.0000 
	 67.5500 	 2.335159e-03 	 160.6730 	  1.4213 	 1.053347e+20 	 1.147817e+18 	 8.388112e-06 	 1.177581e-06 	 -1000.0000 	 -1000.0000 	 -1000.0000 	 -1000.0000 
	 67.6670 	 2.303406e-03 	 161.3775 	  1.4070 	 1.034503e+20 	 1.117290e+18 	 8.484456e-06 	 1.193691e-06 	 -1000.0000 	 -1000.0000 	 -1000.0000 	 -1000.0000 
	 67.7830 	 2.272489e-03 	 162.0621 	  1.3934 	 1.016330e+20 	 1.088399e+18 	 8.591996e-06 	 1.210760e-06 	 -1000.0000 	 -1000.0000 	 -1000.0000 	 -1000.0000 
	 69.2390 	 1.926183e-03 	 169.2823 	  1.2811 	 8.248902e+19 	 8.212341e+17 	 1.133938e-05 	 1.547166e-06 	 -1000.0000 	 -1000.0000 	 -1000.0000 	 -1000.0000 
	 69.3560 	 1.901302e-03 	 169.7408 	  1.2768 	 8.120315e+19 	 8.058938e+17 	 1.168919e-05 	 1.584113e-06 	 -1000.0000 	 -1000.0000 	 -1000.0000 	 -1000.0000 
	 69.4720 	 1.877017e-03 	 170.1764 	  1.2731 	 7.996040e+19 	 7.913764e+17 	 1.205544e-05 	 1.621889e-06 	 -1000.0000 	 -1000.0000 	 -1000.0000 	 -1000.0000 
	 69.5880 	 1.853104e-03 	 170.5930 	  1.2699 	 7.874868e+19 	 7.775060e+17 	 1.244102e-05 	 1.660724e-06 	 -1000.0000 	 -1000.0000 	 -1000.0000 	 -1000.0000 
	 69.7050 	 1.829351e-03 	 170.9939 	  1.2672 	 7.755699e+19 	 7.641290e+17 	 1.284944e-05 	 1.700879e-06 	 -1000.0000 	 -1000.0000 	 -1000.0000 	 -1000.0000 
	 71.1520 	 1.562324e-03 	 174.2958 	  1.2561 	 6.497492e+19 	 6.339444e+17 	 1.931402e-05 	 2.239658e-06 	 -1000.0000 	 -1000.0000 	 -1000.0000 	 -1000.0000 
	 71.2680 	 1.542831e-03 	 174.4331 	  1.2561 	 6.411324e+19 	 6.254856e+17 	 1.987576e-05 	 2.282330e-06 	 -1000.0000 	 -1000.0000 	 -1000.0000 	 -1000.0000 
	 71.3840 	 1.523598e-03 	 174.5536 	  1.2562 	 6.327015e+19 	 6.172519e+17 	 2.042603e-05 	 2.324237e-06 	 -1000.0000 	 -1000.0000 	 -1000.0000 	 -1000.0000 
	 71.5000 	 1.504621e-03 	 174.6577 	  1.2563 	 6.244499e+19 	 6.092320e+17 	 2.096075e-05 	 2.365231e-06 	 -1000.0000 	 -1000.0000 	 -1000.0000 	 -1000.0000 
	 71.6160 	 1.485894e-03 	 174.7459 	  1.2564 	 6.163713e+19 	 6.014143e+17 	 2.147584e-05 	 2.405165e-06 	 -1000.0000 	 -1000.0000 	 -1000.0000 	 -1000.0000 
	 73.0650 	 1.271335e-03 	 174.7116 	  1.2543 	 5.275219e+19 	 5.165239e+17 	 2.493643e-05 	 2.767693e-06 	 -1000.0000 	 -1000.0000 	 -1000.0000 	 -1000.0000 
	 73.1810 	 1.255583e-03 	 174.6376 	  1.2537 	 5.212059e+19 	 5.105132e+17 	 2.496852e-05 	 2.785031e-06 	 -1000.0000 	 -1000.0000 	 -1000.0000 	 -1000.0000 
	 73.2960 	 1.240161e-03 	 174.5572 	  1.2531 	 5.150406e+19 	 5.046495e+17 	 2.497729e-05 	 2.800808e-06 	 -1000.0000 	 -1000.0000 	 -1000.0000 	 -1000.0000 
	 73.4120 	 1.224796e-03 	 174.4697 	  1.2525 	 5.089150e+19 	 4.988276e+17 	 2.496625e-05 	 2.815383e-06 	 -1000.0000 	 -1000.0000 	 -1000.0000 	 -1000.0000 
	 73.5280 	 1.209620e-03 	 174.3765 	  1.2519 	 5.028790e+19 	 4.930955e+17 	 2.493864e-05 	 2.828695e-06 	 -1000.0000 	 -1000.0000 	 -1000.0000 	 -1000.0000 
	 74.9850 	 1.033869e-03 	 173.0277 	  1.2472 	 4.331186e+19 	 4.272856e+17 	 2.441065e-05 	 2.921437e-06 	 -1000.0000 	 -1000.0000 	 -1000.0000 	 -1000.0000 
	 75.1010 	 1.020983e-03 	 172.9340 	  1.2470 	 4.279465e+19 	 4.224034e+17 	 2.439966e-05 	 2.925418e-06 	 -1000.0000 	 -1000.0000 	 -1000.0000 	 -1000.0000 
	 75.2160 	 1.008361e-03 	 172.8476 	  1.2467 	 4.228636e+19 	 4.175929e+17 	 2.439253e-05 	 2.929233e-06 	 -1000.0000 	 -1000.0000 	 -1000.0000 	 -1000.0000 
	 75.3320 	 9.957820e-04 	 172.7680 	  1.2465 	 4.177795e+19 	 4.127656e+17 	 2.438858e-05 	 2.933021e-06 	 -1000.0000 	 -1000.0000 	 -1000.0000 	 -1000.0000 
	 75.4480 	 9.833547e-04 	 172.6968 	  1.2461 	 4.127364e+19 	 4.079587e+17 	 2.438731e-05 	 2.936821e-06 	 -1000.0000 	 -1000.0000 	 -1000.0000 	 -1000.0000 
	 76.8880 	 8.411411e-04 	 172.8158 	  1.2334 	 3.529102e+19 	 3.485426e+17 	 2.437278e-05 	 3.007915e-06 	 -1000.0000 	 -1000.0000 	 -1000.0000 	 -1000.0000 
	 77.0030 	 8.307116e-04 	 172.9008 	  1.2317 	 3.483651e+19 	 3.438521e+17 	 2.435886e-05 	 3.015885e-06 	 -1000.0000 	 -1000.0000 	 -1000.0000 	 -1000.0000 
	 77.1180 	 8.204159e-04 	 172.9925 	  1.2301 	 3.438647e+19 	 3.391957e+17 	 2.434186e-05 	 3.024048e-06 	 -1000.0000 	 -1000.0000 	 -1000.0000 	 -1000.0000 
	 77.2340 	 8.101658e-04 	 173.0906 	  1.2284 	 3.393732e+19 	 3.345399e+17 	 2.432138e-05 	 3.032437e-06 	 -1000.0000 	 -1000.0000 	 -1000.0000 	 -1000.0000 
	 77.3490 	 8.001372e-04 	 173.1921 	  1.2268 	 3.349705e+19 	 3.299712e+17 	 2.429756e-05 	 3.040868e-06 	 -1000.0000 	 -1000.0000 	 -1000.0000 	 -1000.0000 
	 78.7910 	 6.852936e-04 	 174.3753 	  1.2122 	 2.849122e+19 	 2.788863e+17 	 2.364522e-05 	 3.141738e-06 	 -1000.0000 	 -1000.0000 	 -1000.0000 	 -1000.0000 
	 78.9050 	 6.770170e-04 	 174.4283 	  1.2114 	 2.813897e+19 	 2.753867e+17 	 2.356811e-05 	 3.148538e-06 	 -1000.0000 	 -1000.0000 	 -1000.0000 	 -1000.0000 
	 79.0200 	 6.687738e-04 	 174.4711 	  1.2106 	 2.778988e+19 	 2.719257e+17 	 2.348787e-05 	 3.155153e-06 	 -1000.0000 	 -1000.0000 	 -1000.0000 	 -1000.0000 
	 79.1350 	 6.606341e-04 	 174.5024 	  1.2096 	 2.744700e+19 	 2.685312e+17 	 2.340549e-05 	 3.161511e-06 	 -1000.0000 	 -1000.0000 	 -1000.0000 	 -1000.0000 
	 79.2500 	 6.525949e-04 	 174.5212 	  1.2086 	 2.711026e+19 	 2.652002e+17 	 2.332130e-05 	 3.167600e-06 	 -1000.0000 	 -1000.0000 	 -1000.0000 	 -1000.0000 
	 80.6930 	 5.591606e-04 	 173.4263 	  1.1798 	 2.336829e+19 	 2.275995e+17 	 2.223931e-05 	 3.218761e-06 	 -1000.0000 	 -1000.0000 	 -1000.0000 	 -1000.0000 
	 80.8080 	 5.522541e-04 	 173.2476 	  1.1763 	 2.310310e+19 	 2.248700e+17 	 2.215852e-05 	 3.221437e-06 	 -1000.0000 	 -1000.0000 	 -1000.0000 	 -1000.0000 
	 80.9220 	 5.454836e-04 	 173.0642 	  1.1727 	 2.284389e+19 	 2.221972e+17 	 2.207992e-05 	 3.224089e-06 	 -1000.0000 	 -1000.0000 	 -1000.0000 	 -1000.0000 
	 81.0370 	 5.387298e-04 	 172.8748 	  1.1690 	 2.258585e+19 	 2.195332e+17 	 2.200227e-05 	 3.226812e-06 	 -1000.0000 	 -1000.0000 	 -1000.0000 	 -1000.0000 
	 81.1520 	 5.320522e-04 	 172.6826 	  1.1653 	 2.233101e+19 	 2.169007e+17 	 2.192638e-05 	 3.229630e-06 	 -1000.0000 	 -1000.0000 	 -1000.0000 	 -1000.0000 
	 82.5930 	 4.546808e-04 	 170.6523 	  1.1247 	 1.931848e+19 	 1.862391e+17 	 2.116756e-05 	 3.290371e-06 	 -1000.0000 	 -1000.0000 	 -1000.0000 	 -1000.0000 
	 82.7080 	 4.489913e-04 	 170.5353 	  1.1224 	 1.908987e+19 	 1.839799e+17 	 2.112332e-05 	 3.297898e-06 	 -1000.0000 	 -1000.0000 	 -1000.0000 	 -1000.0000 
	 82.8220 	 4.434188e-04 	 170.4233 	  1.1203 	 1.886524e+19 	 1.817720e+17 	 2.108166e-05 	 3.305742e-06 	 -1000.0000 	 -1000.0000 	 -1000.0000 	 -1000.0000 
	 82.9370 	 4.378646e-04 	 170.3134 	  1.1184 	 1.864074e+19 	 1.795779e+17 	 2.104179e-05 	 3.314033e-06 	 -1000.0000 	 -1000.0000 	 -1000.0000 	 -1000.0000 
	 83.0520 	 4.323774e-04 	 170.2060 	  1.1167 	 1.841843e+19 	 1.774181e+17 	 2.100403e-05 	 3.322699e-06 	 -1000.0000 	 -1000.0000 	 -1000.0000 	 -1000.0000 
	 84.4790 	 3.695525e-04 	 168.7758 	  1.1130 	 1.587345e+19 	 1.538067e+17 	 2.069673e-05 	 3.459652e-06 	 -1000.0000 	 -1000.0000 	 -1000.0000 	 -1000.0000 
	 84.5930 	 3.649286e-04 	 168.6343 	  1.1138 	 1.568817e+19 	 1.521656e+17 	 2.068548e-05 	 3.473029e-06 	 -1000.0000 	 -1000.0000 	 -1000.0000 	 -1000.0000 
	 84.7070 	 3.603592e-04 	 168.4865 	  1.1146 	 1.550550e+19 	 1.505543e+17 	 2.067649e-05 	 3.486810e-06 	 -1000.0000 	 -1000.0000 	 -1000.0000 	 -1000.0000 
	 84.8210 	 3.558435e-04 	 168.3319 	  1.1155 	 1.532540e+19 	 1.489713e+17 	 2.066983e-05 	 3.501005e-06 	 -1000.0000 	 -1000.0000 	 -1000.0000 	 -1000.0000 
	 84.9340 	 3.514196e-04 	 168.1716 	  1.1164 	 1.514942e+19 	 1.474285e+17 	 2.066556e-05 	 3.515493e-06 	 -1000.0000 	 -1000.0000 	 -1000.0000 	 -1000.0000 
	 86.3720 	 2.993315e-04 	 165.4161 	  1.1215 	 1.311574e+19 	 1.294495e+17 	 2.082089e-05 	 3.736628e-06 	 -1000.0000 	 -1000.0000 	 -1000.0000 	 -1000.0000 
	 86.4850 	 2.955492e-04 	 165.1598 	  1.1211 	 1.296988e+19 	 1.281242e+17 	 2.084538e-05 	 3.756210e-06 	 -1000.0000 	 -1000.0000 	 -1000.0000 	 -1000.0000 
	 86.5990 	 2.917772e-04 	 164.9013 	  1.1206 	 1.282427e+19 	 1.267948e+17 	 2.087062e-05 	 3.776088e-06 	 -1000.0000 	 -1000.0000 	 -1000.0000 	 -1000.0000 
	 86.7120 	 2.880813e-04 	 164.6466 	  1.1201 	 1.268138e+19 	 1.254838e+17 	 2.089590e-05 	 3.795867e-06 	 -1000.0000 	 -1000.0000 	 -1000.0000 	 -1000.0000 
	 86.8260 	 2.843957e-04 	 164.3925 	  1.1194 	 1.253857e+19 	 1.241668e+17 	 2.092137e-05 	 3.815853e-06 	 -1000.0000 	 -1000.0000 	 -1000.0000 	 -1000.0000 
	 88.2540 	 2.417246e-04 	 161.9154 	  1.1068 	 1.082575e+19 	 1.078217e+17 	 2.115261e-05 	 4.055424e-06 	 -1000.0000 	 -1000.0000 	 -1000.0000 	 -1000.0000 
	 88.3680 	 2.385843e-04 	 161.7736 	  1.1053 	 1.069467e+19 	 1.065292e+17 	 2.116585e-05 	 4.073922e-06 	 -1000.0000 	 -1000.0000 	 -1000.0000 	 -1000.0000 
	 88.4810 	 2.355086e-04 	 161.6359 	  1.1038 	 1.056587e+19 	 1.052536e+17 	 2.117967e-05 	 4.092380e-06 	 -1000.0000 	 -1000.0000 	 -1000.0000 	 -1000.0000 
	 88.5940 	 2.324694e-04 	 161.4996 	  1.1022 	 1.043828e+19 	 1.039845e+17 	 2.119456e-05 	 4.111015e-06 	 -1000.0000 	 -1000.0000 	 -1000.0000 	 -1000.0000 
	 88.7070 	 2.294662e-04 	 161.3635 	  1.1004 	 1.031197e+19 	 1.027230e+17 	 2.121090e-05 	 4.129881e-06 	 -1000.0000 	 -1000.0000 	 -1000.0000 	 -1000.0000 
	 90.1440 	 1.942612e-04 	 159.1623 	  1.0642 	 8.845767e+18 	 8.771812e+16 	 2.169987e-05 	 4.412538e-06 	 -1000.0000 	 -1000.0000 	 -1000.0000 	 -1000.0000 
	 90.2580 	 1.916927e-04 	 158.9410 	  1.0607 	 8.740839e+18 	 8.663024e+16 	 2.177042e-05 	 4.439652e-06 	 -1000.0000 	 -1000.0000 	 -1000.0000 	 -1000.0000 
	 90.3710 	 1.891773e-04 	 158.7178 	  1.0571 	 8.638244e+18 	 8.556823e+16 	 2.184592e-05 	 4.467328e-06 	 -1000.0000 	 -1000.0000 	 -1000.0000 	 -1000.0000 
	 90.4840 	 1.866922e-04 	 158.4913 	  1.0537 	 8.536993e+18 	 8.452270e+16 	 2.192710e-05 	 4.495814e-06 	 -1000.0000 	 -1000.0000 	 -1000.0000 	 -1000.0000 
	 90.5970 	 1.842369e-04 	 158.2625 	  1.0503 	 8.437022e+18 	 8.349389e+16 	 2.201405e-05 	 4.525123e-06 	 -1000.0000 	 -1000.0000 	 -1000.0000 	 -1000.0000 
	 92.0170 	 1.557723e-04 	 155.4229 	  1.0271 	 7.267972e+18 	 7.205680e+16 	 2.359900e-05 	 4.958660e-06 	 -1000.0000 	 -1000.0000 	 -1000.0000 	 -1000.0000 
	 92.1300 	 1.536852e-04 	 155.1937 	  1.0269 	 7.181340e+18 	 7.126251e+16 	 2.375421e-05 	 4.996425e-06 	 -1000.0000 	 -1000.0000 	 -1000.0000 	 -1000.0000 
	 92.2430 	 1.516226e-04 	 154.9596 	  1.0269 	 7.095743e+18 	 7.048372e+16 	 2.391084e-05 	 5.034180e-06 	 -1000.0000 	 -1000.0000 	 -1000.0000 	 -1000.0000 
	 92.3560 	 1.495841e-04 	 154.7195 	  1.0270 	 7.011210e+18 	 6.972004e+16 	 2.406835e-05 	 5.071823e-06 	 -1000.0000 	 -1000.0000 	 -1000.0000 	 -1000.0000 
	 92.4690 	 1.475693e-04 	 154.4722 	  1.0272 	 6.927767e+18 	 6.897110e+16 	 2.422622e-05 	 5.109264e-06 	 -1000.0000 	 -1000.0000 	 -1000.0000 	 -1000.0000 
	 93.9000 	 1.239678e-04 	 150.4130 	  1.0319 	 5.972075e+18 	 6.056857e+16 	 2.623761e-05 	 5.558916e-06 	 -1000.0000 	 -1000.0000 	 -1000.0000 	 -1000.0000 
	 94.0120 	 1.222632e-04 	 150.0459 	  1.0321 	 5.904165e+18 	 5.997087e+16 	 2.644531e-05 	 5.597532e-06 	 -1000.0000 	 -1000.0000 	 -1000.0000 	 -1000.0000 
