	 height_(km) 	 press_(mbar) 	 temp_(K) 	 temperr_(K) 	 numdens_(m-3) 	 numdenserr_(m-3) 	 H2Ovmr_() 	 H2Ovmrerr_() 	 D/H_(VSMOW) 	 D/Herr_(VSMOW) 	 18O/16O_(VSMOW) 	 18O/16Oerr_(VSMOW) 
	 20.2270 	 8.302050e-01 	 198.4227 	  3.8188 	 3.033034e+22 	 5.927995e+20 	 1.331817e-04 	 1.799456e-05 	 -1000.0000 	 -1000.0000 	 -1000.0000 	 -1000.0000 
	 20.3160 	 8.231021e-01 	 198.3280 	  3.7501 	 3.008590e+22 	 5.785616e+20 	 1.331709e-04 	 1.841410e-05 	 -1000.0000 	 -1000.0000 	 -1000.0000 	 -1000.0000 
	 20.3660 	 8.191320e-01 	 198.2702 	  3.7124 	 2.994983e+22 	 5.707402e+20 	 1.332204e-04 	 1.865578e-05 	 -1000.0000 	 -1000.0000 	 -1000.0000 	 -1000.0000 
	 20.4560 	 8.120227e-01 	 198.1579 	  3.6462 	 2.970712e+22 	 5.569626e+20 	 1.334015e-04 	 1.909894e-05 	 -1000.0000 	 -1000.0000 	 -1000.0000 	 -1000.0000 
	 20.5050 	 8.081721e-01 	 198.0925 	  3.6109 	 2.957617e+22 	 5.496148e+20 	 1.335460e-04 	 1.934359e-05 	 -1000.0000 	 -1000.0000 	 -1000.0000 	 -1000.0000 
	 21.0600 	 7.655555e-01 	 197.1686 	  3.2343 	 2.814781e+22 	 4.722647e+20 	 1.367760e-04 	 2.214274e-05 	 -1000.0000 	 -1000.0000 	 -1000.0000 	 -1000.0000 
	 21.1140 	 7.615080e-01 	 197.0632 	  3.1985 	 2.801390e+22 	 4.651593e+20 	 1.371840e-04 	 2.240729e-05 	 -1000.0000 	 -1000.0000 	 -1000.0000 	 -1000.0000 
	 21.1980 	 7.552472e-01 	 196.8946 	  3.1428 	 2.780725e+22 	 4.541968e+20 	 1.378281e-04 	 2.281231e-05 	 -1000.0000 	 -1000.0000 	 -1000.0000 	 -1000.0000 
	 21.2530 	 7.511712e-01 	 196.7813 	  3.1060 	 2.767302e+22 	 4.470680e+20 	 1.382515e-04 	 2.307249e-05 	 -1000.0000 	 -1000.0000 	 -1000.0000 	 -1000.0000 
	 21.3370 	 7.449820e-01 	 196.6042 	  3.0494 	 2.746962e+22 	 4.362364e+20 	 1.388928e-04 	 2.346083e-05 	 -1000.0000 	 -1000.0000 	 -1000.0000 	 -1000.0000 
	 22.0870 	 6.916698e-01 	 194.8675 	  2.4832 	 2.573115e+22 	 3.385270e+20 	 1.425634e-04 	 2.608669e-05 	 -1000.0000 	 -1000.0000 	 -1000.0000 	 -1000.0000 
	 22.1800 	 6.853072e-01 	 194.6408 	  2.4008 	 2.552422e+22 	 3.257627e+20 	 1.425304e-04 	 2.625078e-05 	 -1000.0000 	 -1000.0000 	 -1000.0000 	 -1000.0000 
	 22.2260 	 6.821807e-01 	 194.5283 	  2.3587 	 2.542249e+22 	 3.193553e+20 	 1.424598e-04 	 2.631350e-05 	 -1000.0000 	 -1000.0000 	 -1000.0000 	 -1000.0000 
	 22.3180 	 6.759686e-01 	 194.3032 	  2.2716 	 2.522021e+22 	 3.063333e+20 	 1.422137e-04 	 2.640501e-05 	 -1000.0000 	 -1000.0000 	 -1000.0000 	 -1000.0000 
	 22.3650 	 6.728161e-01 	 194.1882 	  2.2257 	 2.511747e+22 	 2.995744e+20 	 1.420371e-04 	 2.643683e-05 	 -1000.0000 	 -1000.0000 	 -1000.0000 	 -1000.0000 
	 23.0680 	 6.273040e-01 	 192.5567 	  1.5467 	 2.361689e+22 	 2.046133e+20 	 1.372967e-04 	 2.588719e-05 	 -1000.0000 	 -1000.0000 	 -1000.0000 	 -1000.0000 
	 23.1150 	 6.243668e-01 	 192.4591 	  1.5104 	 2.351826e+22 	 1.996507e+20 	 1.369781e-04 	 2.578237e-05 	 -1000.0000 	 -1000.0000 	 -1000.0000 	 -1000.0000 
	 23.2070 	 6.186541e-01 	 192.2737 	  1.4447 	 2.332560e+22 	 1.906834e+20 	 1.364038e-04 	 2.555573e-05 	 -1000.0000 	 -1000.0000 	 -1000.0000 	 -1000.0000 
	 23.3100 	 6.123149e-01 	 192.0748 	  1.3794 	 2.311055e+22 	 1.817545e+20 	 1.358509e-04 	 2.527668e-05 	 -1000.0000 	 -1000.0000 	 -1000.0000 	 -1000.0000 
	 23.3460 	 6.101131e-01 	 192.0075 	  1.3585 	 2.303554e+22 	 1.788956e+20 	 1.356820e-04 	 2.517516e-05 	 -1000.0000 	 -1000.0000 	 -1000.0000 	 -1000.0000 
	 24.0600 	 5.678381e-01 	 190.8869 	  1.1229 	 2.156522e+22 	 1.443780e+20 	 1.358161e-04 	 2.343288e-05 	  5.2659 	  1.0033 	 -1000.0000 	 -1000.0000 
	 24.0960 	 5.657727e-01 	 190.8406 	  1.1184 	 2.149197e+22 	 1.434846e+20 	 1.360465e-04 	 2.337913e-05 	  5.2616 	  0.9990 	 -1000.0000 	 -1000.0000 
	 24.1980 	 5.599528e-01 	 190.7144 	  1.1088 	 2.128488e+22 	 1.412412e+20 	 1.368396e-04 	 2.324028e-05 	  5.2495 	  0.9863 	 -1000.0000 	 -1000.0000 
	 24.2350 	 5.578533e-01 	 190.6703 	  1.1063 	 2.120993e+22 	 1.405214e+20 	 1.371768e-04 	 2.319192e-05 	  5.2452 	  0.9815 	 -1000.0000 	 -1000.0000 
	 24.3370 	 5.520979e-01 	 190.5540 	  1.1020 	 2.100381e+22 	 1.387603e+20 	 1.382356e-04 	 2.305567e-05 	  5.2337 	  0.9677 	 -1000.0000 	 -1000.0000 
	 25.0900 	 5.112289e-01 	 189.9572 	  1.1173 	 1.950984e+22 	 1.302388e+20 	 1.493989e-04 	 2.152711e-05 	  5.1767 	  0.8440 	 -1000.0000 	 -1000.0000 
	 25.1930 	 5.058816e-01 	 189.9163 	  1.1163 	 1.931006e+22 	 1.288558e+20 	 1.509352e-04 	 2.120767e-05 	  5.1767 	  0.8262 	 -1000.0000 	 -1000.0000 
	 25.2280 	 5.040789e-01 	 189.9049 	  1.1153 	 1.924246e+22 	 1.283316e+20 	 1.514346e-04 	 2.109199e-05 	  5.1773 	  0.8202 	 -1000.0000 	 -1000.0000 
	 25.3310 	 4.988172e-01 	 189.8787 	  1.1101 	 1.904441e+22 	 1.265956e+20 	 1.528283e-04 	 2.073680e-05 	  5.1805 	  0.8027 	 -1000.0000 	 -1000.0000 
	 25.3660 	 4.970441e-01 	 189.8724 	  1.1074 	 1.897743e+22 	 1.259338e+20 	 1.532751e-04 	 2.061323e-05 	  5.1821 	  0.7969 	 -1000.0000 	 -1000.0000 
	 26.0810 	 4.623015e-01 	 189.6702 	  1.0086 	 1.766968e+22 	 1.091936e+20 	 1.596262e-04 	 1.836697e-05 	  5.2344 	  0.7041 	 -1000.0000 	 -1000.0000 
	 26.1160 	 4.606648e-01 	 189.6399 	  1.0042 	 1.760987e+22 	 1.084587e+20 	 1.598182e-04 	 1.829295e-05 	  5.2363 	  0.7010 	 -1000.0000 	 -1000.0000 
	 26.2200 	 4.558325e-01 	 189.5311 	  0.9924 	 1.743494e+22 	 1.064303e+20 	 1.603332e-04 	 1.810666e-05 	  5.2409 	  0.6930 	 -1000.0000 	 -1000.0000 
	 26.3230 	 4.510917e-01 	 189.3973 	  0.9827 	 1.726565e+22 	 1.046369e+20 	 1.607634e-04 	 1.797612e-05 	  5.2438 	  0.6868 	 -1000.0000 	 -1000.0000 
	 26.3580 	 4.494909e-01 	 189.3462 	  0.9798 	 1.720898e+22 	 1.040732e+20 	 1.608920e-04 	 1.794492e-05 	  5.2443 	  0.6851 	 -1000.0000 	 -1000.0000 
	 27.0860 	 4.173059e-01 	 187.7634 	  0.9577 	 1.611190e+22 	 9.632552e+19 	 1.614233e-04 	 1.829231e-05 	  5.2202 	  0.6828 	 -1000.0000 	 -1000.0000 
	 27.1180 	 4.159378e-01 	 187.6762 	  0.9580 	 1.606657e+22 	 9.610760e+19 	 1.613504e-04 	 1.832229e-05 	  5.2177 	  0.6835 	 -1000.0000 	 -1000.0000 
	 27.2240 	 4.114330e-01 	 187.3798 	  0.9594 	 1.591770e+22 	 9.542578e+19 	 1.610541e-04 	 1.841352e-05 	  5.2086 	  0.6858 	 -1000.0000 	 -1000.0000 
	 27.2560 	 4.100811e-01 	 187.2884 	  0.9599 	 1.587312e+22 	 9.523008e+19 	 1.609491e-04 	 1.843844e-05 	  5.2057 	  0.6865 	 -1000.0000 	 -1000.0000 
	 27.3620 	 4.056291e-01 	 186.9805 	  0.9621 	 1.572652e+22 	 9.460933e+19 	 1.605555e-04 	 1.851113e-05 	  5.1952 	  0.6887 	 -1000.0000 	 -1000.0000 
	 28.1220 	 3.748791e-01 	 184.8892 	  0.9869 	 1.469830e+22 	 9.069163e+19 	 1.572629e-04 	 1.822382e-05 	  5.0946 	  0.6831 	 -1000.0000 	 -1000.0000 
	 28.2600 	 3.695126e-01 	 184.6029 	  0.9917 	 1.451065e+22 	 8.993223e+19 	 1.569359e-04 	 1.794741e-05 	  5.0717 	  0.6742 	 -1000.0000 	 -1000.0000 
	 28.3980 	 3.642118e-01 	 184.3679 	  0.9961 	 1.432107e+22 	 8.911109e+19 	 1.567522e-04 	 1.759388e-05 	  5.0488 	  0.6624 	 -1000.0000 	 -1000.0000 
	 28.5960 	 3.567226e-01 	 184.1217 	  1.0013 	 1.404572e+22 	 8.780265e+19 	 1.566396e-04 	 1.701229e-05 	  5.0184 	  0.6430 	 -1000.0000 	 -1000.0000 
	 28.7340 	 3.515876e-01 	 183.9993 	  1.0040 	 1.385283e+22 	 8.679834e+19 	 1.565396e-04 	 1.662969e-05 	  4.9999 	  0.6302 	 -1000.0000 	 -1000.0000 
	 29.1170 	 3.377250e-01 	 183.7686 	  1.0056 	 1.332278e+22 	 8.361110e+19 	 1.549928e-04 	 1.576327e-05 	  4.9566 	  0.6038 	  1.1684 	  0.1498 
	 29.1480 	 3.366291e-01 	 183.7519 	  1.0053 	 1.328069e+22 	 8.332729e+19 	 1.547263e-04 	 1.570667e-05 	  4.9528 	  0.6024 	  1.1684 	  0.1492 
	 29.2540 	 3.329121e-01 	 183.6940 	  1.0036 	 1.313795e+22 	 8.232867e+19 	 1.535996e-04 	 1.552540e-05 	  4.9388 	  0.5986 	  1.1678 	  0.1475 
	 29.3590 	 3.292749e-01 	 183.6367 	  1.0011 	 1.299827e+22 	 8.129922e+19 	 1.521390e-04 	 1.534426e-05 	  4.9239 	  0.5957 	  1.1664 	  0.1459 
	 29.3920 	 3.281408e-01 	 183.6191 	  1.0002 	 1.295469e+22 	 8.096796e+19 	 1.516085e-04 	 1.528251e-05 	  4.9191 	  0.5948 	  1.1658 	  0.1455 
	 30.1290 	 3.038286e-01 	 183.3986 	  0.9628 	 1.200955e+22 	 7.285971e+19 	 1.343775e-04 	 1.359123e-05 	  4.7990 	  0.5842 	  1.1411 	  0.1422 
	 30.1520 	 3.030983e-01 	 183.4008 	  0.9612 	 1.198058e+22 	 7.259180e+19 	 1.337811e-04 	 1.353988e-05 	  4.7953 	  0.5842 	  1.1403 	  0.1421 
	 30.2670 	 2.994701e-01 	 183.4240 	  0.9531 	 1.183585e+22 	 7.124581e+19 	 1.308381e-04 	 1.329012e-05 	  4.7771 	  0.5844 	  1.1362 	  0.1421 
	 30.2900 	 2.987490e-01 	 183.4312 	  0.9515 	 1.180692e+22 	 7.097557e+19 	 1.302591e-04 	 1.324137e-05 	  4.7736 	  0.5845 	  1.1354 	  0.1421 
	 30.4040 	 2.951967e-01 	 183.4792 	  0.9430 	 1.166361e+22 	 6.963690e+19 	 1.274492e-04 	 1.300512e-05 	  4.7563 	  0.5849 	  1.1317 	  0.1421 
	 31.0370 	 2.761894e-01 	 183.9719 	  0.9109 	 1.088326e+22 	 6.314709e+19 	 1.144885e-04 	 1.201304e-05 	  4.6721 	  0.5917 	  1.1162 	  0.1435 
	 31.0600 	 2.755233e-01 	 183.9923 	  0.9108 	 1.085580e+22 	 6.297078e+19 	 1.141233e-04 	 1.199318e-05 	  4.6696 	  0.5922 	  1.1158 	  0.1437 
	 31.1740 	 2.722484e-01 	 184.0918 	  0.9117 	 1.072101e+22 	 6.217916e+19 	 1.124408e-04 	 1.191821e-05 	  4.6575 	  0.5952 	  1.1137 	  0.1444 
	 31.2790 	 2.692704e-01 	 184.1788 	  0.9146 	 1.059880e+22 	 6.155976e+19 	 1.110815e-04 	 1.188779e-05 	  4.6469 	  0.5986 	  1.1120 	  0.1452 
	 31.3120 	 2.683419e-01 	 184.2048 	  0.9159 	 1.056079e+22 	 6.138447e+19 	 1.106919e-04 	 1.188674e-05 	  4.6437 	  0.5999 	  1.1115 	  0.1455 
	 32.0520 	 2.483831e-01 	 184.4726 	  0.9656 	 9.761148e+21 	 5.885402e+19 	 1.059171e-04 	 1.250631e-05 	  4.5808 	  0.6365 	  1.1040 	  0.1547 
	 32.0740 	 2.478132e-01 	 184.4671 	  0.9671 	 9.739016e+21 	 5.879243e+19 	 1.058721e-04 	 1.253112e-05 	  4.5791 	  0.6374 	  1.1039 	  0.1550 
	 32.1900 	 2.448285e-01 	 184.4212 	  0.9747 	 9.623988e+21 	 5.845181e+19 	 1.057134e-04 	 1.265861e-05 	  4.5698 	  0.6419 	  1.1032 	  0.1562 
	 32.2110 	 2.442918e-01 	 184.4096 	  0.9759 	 9.603466e+21 	 5.838636e+19 	 1.056987e-04 	 1.268125e-05 	  4.5681 	  0.6427 	  1.1031 	  0.1564 
	 32.3270 	 2.413467e-01 	 184.3276 	  0.9821 	 9.491768e+21 	 5.800011e+19 	 1.056959e-04 	 1.280541e-05 	  4.5589 	  0.6463 	  1.1024 	  0.1574 
	 33.0970 	 2.226278e-01 	 183.1442 	  0.9977 	 8.812079e+21 	 5.465470e+19 	 1.096757e-04 	 1.377875e-05 	  4.4972 	  0.6556 	  1.0961 	  0.1603 
	 33.2120 	 2.199543e-01 	 182.8950 	  0.9970 	 8.718220e+21 	 5.408449e+19 	 1.110078e-04 	 1.398146e-05 	  4.4869 	  0.6551 	  1.0944 	  0.1602 
	 33.2340 	 2.194464e-01 	 182.8458 	  0.9968 	 8.700449e+21 	 5.397455e+19 	 1.112878e-04 	 1.402383e-05 	  4.4849 	  0.6550 	  1.0941 	  0.1602 
	 33.3500 	 2.167874e-01 	 182.5791 	  0.9956 	 8.607667e+21 	 5.339218e+19 	 1.128893e-04 	 1.426506e-05 	  4.4748 	  0.6546 	  1.0921 	  0.1601 
	 33.3710 	 2.163094e-01 	 182.5296 	  0.9953 	 8.591029e+21 	 5.328647e+19 	 1.132001e-04 	 1.431145e-05 	  4.4730 	  0.6545 	  1.0917 	  0.1601 
	 34.1220 	 1.998451e-01 	 180.7394 	  0.9908 	 8.015757e+21 	 4.986507e+19 	 1.253822e-04 	 1.611567e-05 	  4.4178 	  0.6513 	  1.0771 	  0.1590 
	 34.1430 	 1.994007e-01 	 180.6947 	  0.9913 	 7.999897e+21 	 4.979077e+19 	 1.256589e-04 	 1.616040e-05 	  4.4162 	  0.6513 	  1.0768 	  0.1590 
	 34.2590 	 1.969604e-01 	 180.4599 	  0.9949 	 7.912190e+21 	 4.941059e+19 	 1.270156e-04 	 1.638906e-05 	  4.4069 	  0.6513 	  1.0749 	  0.1590 
	 34.3760 	 1.945239e-01 	 180.2450 	  1.0000 	 7.823525e+21 	 4.906862e+19 	 1.280544e-04 	 1.657245e-05 	  4.3976 	  0.6513 	  1.0733 	  0.1590 
	 34.3960 	 1.941099e-01 	 180.2106 	  1.0010 	 7.808346e+21 	 4.901325e+19 	 1.281964e-04 	 1.659688e-05 	  4.3960 	  0.6512 	  1.0731 	  0.1590 
	 35.0390 	 1.812259e-01 	 179.5658 	  1.0352 	 7.316110e+21 	 4.719216e+19 	 1.280880e-04 	 1.636865e-05 	  4.3417 	  0.6381 	  1.0668 	  0.1565 
	 35.1520 	 1.790517e-01 	 179.5622 	  1.0388 	 7.228589e+21 	 4.676007e+19 	 1.273937e-04 	 1.617467e-05 	  4.3302 	  0.6338 	  1.0656 	  0.1556 
	 35.1760 	 1.785936e-01 	 179.5663 	  1.0394 	 7.209955e+21 	 4.665997e+19 	 1.272305e-04 	 1.612974e-05 	  4.3276 	  0.6329 	  1.0653 	  0.1554 
	 35.2900 	 1.764355e-01 	 179.6105 	  1.0410 	 7.121216e+21 	 4.613843e+19 	 1.263941e-04 	 1.590181e-05 	  4.3149 	  0.6280 	  1.0639 	  0.1545 
	 35.3130 	 1.760037e-01 	 179.6244 	  1.0410 	 7.103266e+21 	 4.602319e+19 	 1.262146e-04 	 1.585341e-05 	  4.3122 	  0.6270 	  1.0636 	  0.1543 
	 36.0720 	 1.623810e-01 	 180.7257 	  1.0215 	 6.513565e+21 	 4.132067e+19 	 1.198594e-04 	 1.433413e-05 	  4.2147 	  0.5963 	  1.0503 	  0.1482 
	 36.0930 	 1.620194e-01 	 180.7634 	  1.0214 	 6.497684e+21 	 4.120133e+19 	 1.197096e-04 	 1.430625e-05 	  4.2122 	  0.5958 	  1.0499 	  0.1481 
	 36.2090 	 1.600353e-01 	 180.9688 	  1.0215 	 6.410744e+21 	 4.058601e+19 	 1.189447e-04 	 1.417836e-05 	  4.1985 	  0.5937 	  1.0475 	  0.1477 
	 36.3260 	 1.580569e-01 	 181.1699 	  1.0233 	 6.324410e+21 	 4.003235e+19 	 1.182894e-04 	 1.410293e-05 	  4.1853 	  0.5927 	  1.0450 	  0.1475 
	 36.3460 	 1.577210e-01 	 181.2036 	  1.0238 	 6.309789e+21 	 3.994353e+19 	 1.181897e-04 	 1.409645e-05 	  4.1831 	  0.5927 	  1.0446 	  0.1475 
	 37.1060 	 1.454896e-01 	 182.3292 	  1.0503 	 5.784630e+21 	 3.712602e+19 	 1.160348e-04 	 1.439885e-05 	  4.1205 	  0.6046 	  1.0313 	  0.1506 
	 37.1260 	 1.451824e-01 	 182.3542 	  1.0507 	 5.771628e+21 	 3.705011e+19 	 1.159938e-04 	 1.439699e-05 	  4.1196 	  0.6046 	  1.0312 	  0.1506 
	 37.2420 	 1.434161e-01 	 182.4939 	  1.0519 	 5.697066e+21 	 3.658942e+19 	 1.157486e-04 	 1.435714e-05 	  4.1157 	  0.6043 	  1.0303 	  0.1505 
	 37.2630 	 1.430992e-01 	 182.5182 	  1.0520 	 5.683723e+21 	 3.650170e+19 	 1.157032e-04 	 1.434523e-05 	  4.1151 	  0.6041 	  1.0302 	  0.1504 
	 37.3790 	 1.413646e-01 	 182.6473 	  1.0510 	 5.610867e+21 	 3.599124e+19 	 1.154516e-04 	 1.425842e-05 	  4.1130 	  0.6026 	  1.0299 	  0.1500 
	 38.0250 	 1.321482e-01 	 183.2691 	  1.0328 	 5.227270e+21 	 3.293011e+19 	 1.148977e-04 	 1.347590e-05 	  4.1229 	  0.5851 	  1.0321 	  0.1454 
	 38.0440 	 1.318872e-01 	 183.2866 	  1.0325 	 5.216448e+21 	 3.284985e+19 	 1.149280e-04 	 1.345357e-05 	  4.1235 	  0.5844 	  1.0322 	  0.1452 
	 38.1620 	 1.302781e-01 	 183.3966 	  1.0317 	 5.149691e+21 	 3.238145e+19 	 1.152074e-04 	 1.332636e-05 	  4.1272 	  0.5805 	  1.0329 	  0.1441 
	 38.2790 	 1.287022e-01 	 183.5086 	  1.0324 	 5.084258e+21 	 3.196322e+19 	 1.156505e-04 	 1.322639e-05 	  4.1307 	  0.5768 	  1.0336 	  0.1431 
	 38.2980 	 1.284481e-01 	 183.5271 	  1.0327 	 5.073702e+21 	 3.189906e+19 	 1.157388e-04 	 1.321325e-05 	  4.1312 	  0.5763 	  1.0337 	  0.1430 
	 39.0690 	 1.185693e-01 	 184.4252 	  1.0518 	 4.660646e+21 	 2.969201e+19 	 1.229461e-04 	 1.344655e-05 	  4.1349 	  0.5610 	  1.0353 	  0.1389 
	 39.0880 	 1.183365e-01 	 184.4524 	  1.0521 	 4.650818e+21 	 2.963661e+19 	 1.232076e-04 	 1.347172e-05 	  4.1343 	  0.5609 	  1.0352 	  0.1389 
	 39.2050 	 1.169144e-01 	 184.6266 	  1.0534 	 4.590641e+21 	 2.928158e+19 	 1.248941e-04 	 1.364198e-05 	  4.1301 	  0.5600 	  1.0347 	  0.1387 
	 39.2240 	 1.166853e-01 	 184.6561 	  1.0534 	 4.580924e+21 	 2.922132e+19 	 1.251789e-04 	 1.367123e-05 	  4.1293 	  0.5599 	  1.0345 	  0.1386 
	 39.3420 	 1.152740e-01 	 184.8465 	  1.0532 	 4.520914e+21 	 2.882867e+19 	 1.269968e-04 	 1.385570e-05 	  4.1233 	  0.5588 	  1.0336 	  0.1384 
	 40.0060 	 1.076578e-01 	 185.9150 	  1.0441 	 4.197944e+21 	 2.648551e+19 	 1.352990e-04 	 1.472875e-05 	  4.0746 	  0.5534 	  1.0249 	  0.1372 
	 40.1340 	 1.062439e-01 	 186.0657 	  1.0450 	 4.139412e+21 	 2.611379e+19 	 1.356386e-04 	 1.482526e-05 	  4.0668 	  0.5544 	  1.0228 	  0.1374 
	 40.2520 	 1.049544e-01 	 186.1767 	  1.0473 	 4.086708e+21 	 2.581087e+19 	 1.353838e-04 	 1.486494e-05 	  4.0611 	  0.5559 	  1.0209 	  0.1377 
	 40.2700 	 1.047589e-01 	 186.1912 	  1.0477 	 4.078775e+21 	 2.576760e+19 	 1.352962e-04 	 1.486470e-05 	  4.0603 	  0.5562 	  1.0206 	  0.1378 
	 40.3880 	 1.034856e-01 	 186.2701 	  1.0511 	 4.027480e+21 	 2.550058e+19 	 1.344208e-04 	 1.482048e-05 	  4.0552 	  0.5575 	  1.0186 	  0.1380 
	 41.0420 	 9.670884e-02 	 186.1538 	  1.0719 	 3.766137e+21 	 2.428550e+19 	 1.235842e-04 	 1.361603e-05 	  4.0348 	  0.5600 	  1.0115 	  0.1384 
	 41.0600 	 9.652957e-02 	 186.1364 	  1.0722 	 3.759510e+21 	 2.425221e+19 	 1.232236e-04 	 1.357005e-05 	  4.0348 	  0.5601 	  1.0115 	  0.1384 
	 41.1780 	 9.536470e-02 	 186.0016 	  1.0733 	 3.716840e+21 	 2.402599e+19 	 1.208734e-04 	 1.326298e-05 	  4.0364 	  0.5603 	  1.0117 	  0.1385 
	 41.1960 	 9.518860e-02 	 185.9779 	  1.0733 	 3.710449e+21 	 2.399002e+19 	 1.205189e-04 	 1.321539e-05 	  4.0368 	  0.5603 	  1.0118 	  0.1385 
	 41.3140 	 9.404469e-02 	 185.8020 	  1.0726 	 3.669328e+21 	 2.374308e+19 	 1.182414e-04 	 1.290037e-05 	  4.0406 	  0.5605 	  1.0125 	  0.1385 
	 42.1060 	 8.671180e-02 	 183.9175 	  1.0656 	 3.417887e+21 	 2.219892e+19 	 1.073146e-04 	 1.121204e-05 	  4.0725 	  0.5598 	  1.0211 	  0.1379 
	 42.2350 	 8.555222e-02 	 183.5351 	  1.0709 	 3.379200e+21 	 2.207016e+19 	 1.066076e-04 	 1.110921e-05 	  4.0717 	  0.5601 	  1.0214 	  0.1379 
	 42.2420 	 8.548952e-02 	 183.5139 	  1.0713 	 3.377112e+21 	 2.206425e+19 	 1.065799e-04 	 1.110571e-05 	  4.0716 	  0.5601 	  1.0213 	  0.1380 
	 42.3710 	 8.433858e-02 	 183.1168 	  1.0785 	 3.338862e+21 	 2.197145e+19 	 1.062626e-04 	 1.107617e-05 	  4.0678 	  0.5607 	  1.0209 	  0.1381 
	 42.3780 	 8.427638e-02 	 183.0949 	  1.0789 	 3.336799e+21 	 2.196717e+19 	 1.062554e-04 	 1.107620e-05 	  4.0675 	  0.5607 	  1.0208 	  0.1381 
	 43.0250 	 7.867187e-02 	 180.9265 	  1.1188 	 3.152234e+21 	 2.162133e+19 	 1.088603e-04 	 1.148664e-05 	  4.0265 	  0.5612 	  1.0118 	  0.1382 
	 43.0420 	 7.852913e-02 	 180.8663 	  1.1194 	 3.147563e+21 	 2.160710e+19 	 1.089859e-04 	 1.150264e-05 	  4.0254 	  0.5612 	  1.0115 	  0.1382 
	 43.1610 	 7.753764e-02 	 180.4416 	  1.1226 	 3.115145e+21 	 2.148923e+19 	 1.099036e-04 	 1.161814e-05 	  4.0175 	  0.5606 	  1.0096 	  0.1381 
	 43.1780 	 7.739711e-02 	 180.3805 	  1.1229 	 3.110555e+21 	 2.146948e+19 	 1.100398e-04 	 1.163556e-05 	  4.0164 	  0.5606 	  1.0094 	  0.1380 
	 43.2960 	 7.642973e-02 	 179.9531 	  1.1232 	 3.078976e+21 	 2.131002e+19 	 1.110180e-04 	 1.176635e-05 	  4.0096 	  0.5603 	  1.0077 	  0.1380 
	 44.0960 	 7.018533e-02 	 177.0594 	  1.1076 	 2.873615e+21 	 1.994392e+19 	 1.203901e-04 	 1.323636e-05 	  3.9838 	  0.5665 	  0.9996 	  0.1392 
	 44.2250 	 6.921957e-02 	 176.6185 	  1.1111 	 2.841140e+21 	 1.980860e+19 	 1.226565e-04 	 1.358476e-05 	  3.9803 	  0.5678 	  0.9983 	  0.1394 
	 44.2320 	 6.916746e-02 	 176.5949 	  1.1114 	 2.839380e+21 	 1.980216e+19 	 1.227877e-04 	 1.360478e-05 	  3.9801 	  0.5679 	  0.9983 	  0.1394 
	 44.3610 	 6.821249e-02 	 176.1668 	  1.1170 	 2.806974e+21 	 1.969630e+19 	 1.253580e-04 	 1.398948e-05 	  3.9767 	  0.5691 	  0.9969 	  0.1396 
	 44.3680 	 6.816097e-02 	 176.1440 	  1.1173 	 2.805218e+21 	 1.969115e+19 	 1.255053e-04 	 1.401090e-05 	  3.9765 	  0.5692 	  0.9968 	  0.1397 
	 45.0250 	 6.346537e-02 	 174.1944 	  1.1494 	 2.641212e+21 	 1.919481e+19 	 1.413485e-04 	 1.561572e-05 	  3.9826 	  0.5616 	  0.9931 	  0.1369 
	 45.0320 	 6.341687e-02 	 174.1759 	  1.1496 	 2.639474e+21 	 1.918686e+19 	 1.415207e-04 	 1.562225e-05 	  3.9830 	  0.5614 	  0.9931 	  0.1368 
	 45.1610 	 6.252921e-02 	 173.8462 	  1.1511 	 2.607475e+21 	 1.901894e+19 	 1.446246e-04 	 1.568145e-05 	  3.9922 	  0.5557 	  0.9943 	  0.1352 
	 45.1680 	 6.248137e-02 	 173.8289 	  1.1511 	 2.605741e+21 	 1.900856e+19 	 1.447888e-04 	 1.568152e-05 	  3.9928 	  0.5553 	  0.9944 	  0.1351 
	 45.2960 	 6.161252e-02 	 173.5221 	  1.1492 	 2.574059e+21 	 1.879297e+19 	 1.477031e-04 	 1.563051e-05 	  4.0046 	  0.5484 	  0.9964 	  0.1331 
	 46.0910 	 5.644737e-02 	 171.9718 	  1.1076 	 2.379512e+21 	 1.700016e+19 	 1.603498e-04 	 1.410029e-05 	  4.0960 	  0.5030 	  1.0162 	  0.1208 
	 46.2260 	 5.560569e-02 	 171.7527 	  1.1043 	 2.347019e+21 	 1.674400e+19 	 1.612009e-04 	 1.386669e-05 	  4.1096 	  0.4991 	  1.0197 	  0.1197 
	 46.2280 	 5.559329e-02 	 171.7496 	  1.1043 	 2.346539e+21 	 1.674041e+19 	 1.612100e-04 	 1.386363e-05 	  4.1098 	  0.4990 	  1.0197 	  0.1197 
	 46.3610 	 5.477413e-02 	 171.5430 	  1.1028 	 2.314746e+21 	 1.651340e+19 	 1.615731e-04 	 1.368102e-05 	  4.1213 	  0.4968 	  1.0231 	  0.1191 
	 46.3640 	 5.475577e-02 	 171.5385 	  1.1028 	 2.314032e+21 	 1.650852e+19 	 1.615756e-04 	 1.367724e-05 	  4.1215 	  0.4968 	  1.0232 	  0.1191 
	 47.0280 	 5.082654e-02 	 170.6162 	  1.1062 	 2.159593e+21 	 1.555312e+19 	 1.554616e-04 	 1.260006e-05 	  4.1896 	  0.5003 	  1.0492 	  0.1203 
	 47.0340 	 5.079233e-02 	 170.6085 	  1.1062 	 2.158236e+21 	 1.554456e+19 	 1.553442e-04 	 1.258412e-05 	  4.1906 	  0.5004 	  1.0496 	  0.1204 
	 47.1640 	 5.005701e-02 	 170.4440 	  1.1059 	 2.129048e+21 	 1.535377e+19 	 1.525399e-04 	 1.220432e-05 	  4.2154 	  0.5029 	  1.0588 	  0.1211 
	 47.1690 	 5.002896e-02 	 170.4377 	  1.1058 	 2.127934e+21 	 1.534620e+19 	 1.524226e-04 	 1.218867e-05 	  4.2164 	  0.5030 	  1.0592 	  0.1211 
	 47.2990 	 4.930580e-02 	 170.2767 	  1.1041 	 2.099165e+21 	 1.514163e+19 	 1.491537e-04 	 1.176527e-05 	  4.2464 	  0.5063 	  1.0702 	  0.1220 
	 48.1010 	 4.507497e-02 	 169.1994 	  1.0904 	 1.931244e+21 	 1.387860e+19 	 1.240426e-04 	 9.520837e-06 	  4.4790 	  0.5542 	  1.1608 	  0.1349 
	 48.2360 	 4.439568e-02 	 168.9751 	  1.0931 	 1.904655e+21 	 1.372975e+19 	 1.197523e-04 	 9.363326e-06 	  4.5124 	  0.5677 	  1.1768 	  0.1386 
	 48.2420 	 4.436569e-02 	 168.9648 	  1.0932 	 1.903485e+21 	 1.372368e+19 	 1.195647e-04 	 9.358472e-06 	  4.5138 	  0.5683 	  1.1775 	  0.1388 
	 48.3710 	 4.372491e-02 	 168.7346 	  1.0974 	 1.878546e+21 	 1.360250e+19 	 1.156087e-04 	 9.293001e-06 	  4.5405 	  0.5828 	  1.1920 	  0.1430 
	 48.3760 	 4.370023e-02 	 168.7254 	  1.0976 	 1.877588e+21 	 1.359814e+19 	 1.154585e-04 	 9.291700e-06 	  4.5414 	  0.5834 	  1.1925 	  0.1431 
	 49.0420 	 4.051636e-02 	 167.3115 	  1.1271 	 1.755516e+21 	 1.311190e+19 	 9.834077e-05 	 9.143169e-06 	  4.5974 	  0.6556 	  1.2572 	  0.1656 
	 49.0460 	 4.049786e-02 	 167.3020 	  1.1272 	 1.754815e+21 	 1.310892e+19 	 9.825872e-05 	 9.138893e-06 	  4.5974 	  0.6559 	  1.2576 	  0.1657 
	 49.1760 	 3.990046e-02 	 166.9846 	  1.1312 	 1.732220e+21 	 1.300664e+19 	 8.108247e-05 	 8.794054e-06 	  4.5929 	  0.6630 	 -1000.0000 	 -1000.0000 
	 49.1810 	 3.987764e-02 	 166.9721 	  1.1313 	 1.731358e+21 	 1.300247e+19 	 8.100074e-05 	 8.787470e-06 	  4.5926 	  0.6632 	 -1000.0000 	 -1000.0000 
	 49.3110 	 3.928828e-02 	 166.6418 	  1.1337 	 1.709153e+21 	 1.288638e+19 	 7.895488e-05 	 8.598086e-06 	  4.5829 	  0.6668 	 -1000.0000 	 -1000.0000 
	 49.9860 	 3.634927e-02 	 164.8091 	  1.1347 	 1.598887e+21 	 1.219084e+19 	 7.089564e-05 	 7.450676e-06 	  4.4704 	  0.6547 	 -1000.0000 	 -1000.0000 
	 49.9910 	 3.632823e-02 	 164.7953 	  1.1348 	 1.598095e+21 	 1.218620e+19 	 7.085195e-05 	 7.444104e-06 	  4.4693 	  0.6545 	 -1000.0000 	 -1000.0000 
	 50.1210 	 3.578507e-02 	 164.4396 	  1.1373 	 1.577611e+21 	 1.207380e+19 	 6.979784e-05 	 7.298074e-06 	  4.4421 	  0.6509 	 -1000.0000 	 -1000.0000 
	 50.2550 	 3.523262e-02 	 164.0775 	  1.1417 	 1.556686e+21 	 1.197388e+19 	 6.885455e-05 	 7.195553e-06 	  4.4140 	  0.6478 	 -1000.0000 	 -1000.0000 
	 50.2560 	 3.522853e-02 	 164.0748 	  1.1417 	 1.556530e+21 	 1.197318e+19 	 6.884794e-05 	 7.194944e-06 	  4.4138 	  0.6478 	 -1000.0000 	 -1000.0000 
	 51.0680 	 3.204140e-02 	 162.0088 	  1.1811 	 1.433763e+21 	 1.149282e+19 	 6.355307e-05 	 6.952376e-06 	  4.2720 	  0.6748 	 -1000.0000 	 -1000.0000 
	 51.2020 	 3.154171e-02 	 161.6934 	  1.1855 	 1.414155e+21 	 1.139669e+19 	 6.229878e-05 	 6.862267e-06 	  4.2564 	  0.6857 	 -1000.0000 	 -1000.0000 
	 51.3360 	 3.104941e-02 	 161.3863 	  1.1880 	 1.394729e+21 	 1.128532e+19 	 6.081112e-05 	 6.726572e-06 	  4.2435 	  0.6985 	 -1000.0000 	 -1000.0000 
	 52.0120 	 2.867101e-02 	 160.0009 	  1.1858 	 1.299043e+21 	 1.058761e+19 	 5.093547e-05 	 5.619219e-06 	  4.2165 	  0.7656 	 -1000.0000 	 -1000.0000 
	 52.1460 	 2.821849e-02 	 159.7667 	  1.1868 	 1.280424e+21 	 1.045562e+19 	 4.891532e-05 	 5.411371e-06 	  4.2145 	  0.7786 	 -1000.0000 	 -1000.0000 
	 52.2800 	 2.777178e-02 	 159.5470 	  1.1892 	 1.261901e+21 	 1.033345e+19 	 4.698215e-05 	 5.231123e-06 	  4.2116 	  0.7906 	 -1000.0000 	 -1000.0000 
	 52.2880 	 2.774530e-02 	 159.5343 	  1.1893 	 1.260799e+21 	 1.032640e+19 	 4.686936e-05 	 5.221131e-06 	  4.2114 	  0.7912 	 -1000.0000 	 -1000.0000 
	 52.9660 	 2.558191e-02 	 158.5644 	  1.2030 	 1.169609e+21 	 9.740123e+18 	 3.812343e-05 	 4.533083e-06 	  4.1799 	  0.8342 	 -1000.0000 	 -1000.0000 
	 53.1000 	 2.517432e-02 	 158.3829 	  1.2019 	 1.152281e+21 	 9.605794e+18 	 3.652416e-05 	 4.397711e-06 	  4.1691 	  0.8478 	 -1000.0000 	 -1000.0000 
	 53.1080 	 2.515020e-02 	 158.3720 	  1.2018 	 1.151256e+21 	 9.597362e+18 	 3.642940e-05 	 4.389254e-06 	  4.1683 	  0.8486 	 -1000.0000 	 -1000.0000 
	 53.2340 	 2.477371e-02 	 158.1991 	  1.1983 	 1.135250e+21 	 9.457363e+18 	 3.494436e-05 	 4.248634e-06 	  4.1552 	  0.8609 	 -1000.0000 	 -1000.0000 
	 53.2420 	 2.475002e-02 	 158.1881 	  1.1980 	 1.134243e+21 	 9.447982e+18 	 3.485045e-05 	 4.239172e-06 	  4.1542 	  0.8617 	 -1000.0000 	 -1000.0000 
	 54.0460 	 2.248480e-02 	 156.9716 	  1.1317 	 1.038415e+21 	 8.329157e+18 	 2.607232e-05 	 3.086394e-06 	  3.9957 	  0.9301 	 -1000.0000 	 -1000.0000 
	 54.0520 	 2.246860e-02 	 156.9618 	  1.1312 	 1.037732e+21 	 8.321222e+18 	 2.601746e-05 	 3.078370e-06 	 -1000.0000 	 -1000.0000 	 -1000.0000 	 -1000.0000 
	 54.1860 	 2.210883e-02 	 156.7405 	  1.1217 	 1.022560e+21 	 8.153561e+18 	 2.485944e-05 	 2.911026e-06 	 -1000.0000 	 -1000.0000 	 -1000.0000 	 -1000.0000 
	 54.3200 	 2.175288e-02 	 156.5147 	  1.1150 	 1.007549e+21 	 8.005636e+18 	 2.382937e-05 	 2.767616e-06 	 -1000.0000 	 -1000.0000 	 -1000.0000 	 -1000.0000 
	 54.3310 	 2.172384e-02 	 156.4960 	  1.1146 	 1.006324e+21 	 7.994345e+18 	 2.374997e-05 	 2.756835e-06 	 -1000.0000 	 -1000.0000 	 -1000.0000 	 -1000.0000 
	 55.0080 	 1.999885e-02 	 155.3059 	  1.1214 	 9.335114e+20 	 7.513265e+18 	 1.985137e-05 	 2.301207e-06 	 -1000.0000 	 -1000.0000 	 -1000.0000 	 -1000.0000 
	 55.1420 	 1.967406e-02 	 155.0653 	  1.1297 	 9.197723e+20 	 7.459362e+18 	 1.919685e-05 	 2.241257e-06 	 -1000.0000 	 -1000.0000 	 -1000.0000 	 -1000.0000 
	 55.1510 	 1.965245e-02 	 155.0492 	  1.1303 	 9.188574e+20 	 7.456104e+18 	 1.915349e-05 	 2.237424e-06 	 -1000.0000 	 -1000.0000 	 -1000.0000 	 -1000.0000 
	 55.2760 	 1.935483e-02 	 154.8249 	  1.1398 	 9.062495e+20 	 7.414844e+18 	 1.855938e-05 	 2.186339e-06 	 -1000.0000 	 -1000.0000 	 -1000.0000 	 -1000.0000 
	 55.2850 	 1.933358e-02 	 154.8088 	  1.1405 	 9.053486e+20 	 7.412134e+18 	 1.851719e-05 	 2.182800e-06 	 -1000.0000 	 -1000.0000 	 -1000.0000 	 -1000.0000 
	 55.9620 	 1.779676e-02 	 153.6345 	  1.2038 	 8.397512e+20 	 7.249454e+18 	 1.557775e-05 	 1.938723e-06 	 -1000.0000 	 -1000.0000 	 -1000.0000 	 -1000.0000 
	 55.9710 	 1.777706e-02 	 153.6197 	  1.2046 	 8.389027e+20 	 7.247163e+18 	 1.554190e-05 	 1.935410e-06 	 -1000.0000 	 -1000.0000 	 -1000.0000 	 -1000.0000 
	 56.0960 	 1.750515e-02 	 153.4172 	  1.2160 	 8.271658e+20 	 7.212860e+18 	 1.505322e-05 	 1.888057e-06 	 -1000.0000 	 -1000.0000 	 -1000.0000 	 -1000.0000 
	 56.1050 	 1.748570e-02 	 153.4028 	  1.2168 	 8.263240e+20 	 7.210184e+18 	 1.501870e-05 	 1.884537e-06 	 -1000.0000 	 -1000.0000 	 -1000.0000 	 -1000.0000 
	 56.2380 	 1.719992e-02 	 153.1948 	  1.2277 	 8.139272e+20 	 7.166643e+18 	 1.451904e-05 	 1.830388e-06 	 -1000.0000 	 -1000.0000 	 -1000.0000 	 -1000.0000 
	 57.0580 	 1.551950e-02 	 151.9722 	  1.2701 	 7.403142e+20 	 6.764745e+18 	 1.176746e-05 	 1.481280e-06 	 -1000.0000 	 -1000.0000 	 -1000.0000 	 -1000.0000 
	 57.1920 	 1.526031e-02 	 151.7589 	  1.2735 	 7.289719e+20 	 6.687180e+18 	 1.135035e-05 	 1.438086e-06 	 -1000.0000 	 -1000.0000 	 -1000.0000 	 -1000.0000 
	 57.2040 	 1.523732e-02 	 151.7394 	  1.2737 	 7.279670e+20 	 6.680169e+18 	 1.131336e-05 	 1.434500e-06 	 -1000.0000 	 -1000.0000 	 -1000.0000 	 -1000.0000 
	 57.3260 	 1.500563e-02 	 151.5381 	  1.2761 	 7.178500e+20 	 6.608437e+18 	 1.094152e-05 	 1.400390e-06 	 -1000.0000 	 -1000.0000 	 -1000.0000 	 -1000.0000 
	 57.3380 	 1.498304e-02 	 151.5180 	  1.2763 	 7.168645e+20 	 6.601344e+18 	 1.090539e-05 	 1.397251e-06 	 -1000.0000 	 -1000.0000 	 -1000.0000 	 -1000.0000 
	 58.0140 	 1.376397e-02 	 150.2916 	  1.2837 	 6.639167e+20 	 6.203032e+18 	 9.057299e-06 	 1.259256e-06 	 -1000.0000 	 -1000.0000 	 -1000.0000 	 -1000.0000 
	 58.0240 	 1.374668e-02 	 150.2721 	  1.2838 	 6.631687e+20 	 6.197313e+18 	 9.033470e-06 	 1.257484e-06 	 -1000.0000 	 -1000.0000 	 -1000.0000 	 -1000.0000 
	 58.1470 	 1.353569e-02 	 150.0295 	  1.2849 	 6.540446e+20 	 6.127805e+18 	 8.750811e-06 	 1.235503e-06 	 -1000.0000 	 -1000.0000 	 -1000.0000 	 -1000.0000 
	 58.1580 	 1.351696e-02 	 150.0075 	  1.2851 	 6.532354e+20 	 6.121671e+18 	 8.726506e-06 	 1.233507e-06 	 -1000.0000 	 -1000.0000 	 -1000.0000 	 -1000.0000 
	 58.2910 	 1.329245e-02 	 149.7383 	  1.2866 	 6.435368e+20 	 6.048743e+18 	 8.446074e-06 	 1.208653e-06 	 -1000.0000 	 -1000.0000 	 -1000.0000 	 -1000.0000 
	 58.9690 	 1.219911e-02 	 148.3691 	  1.3038 	 5.960497e+20 	 5.719557e+18 	 7.426839e-06 	 1.085986e-06 	 -1000.0000 	 -1000.0000 	 -1000.0000 	 -1000.0000 
	 58.9800 	 1.218205e-02 	 148.3487 	  1.3042 	 5.952986e+20 	 5.714880e+18 	 7.416163e-06 	 1.084545e-06 	 -1000.0000 	 -1000.0000 	 -1000.0000 	 -1000.0000 
	 59.1130 	 1.197745e-02 	 148.1105 	  1.3105 	 5.862482e+20 	 5.660196e+18 	 7.302366e-06 	 1.069770e-06 	 -1000.0000 	 -1000.0000 	 -1000.0000 	 -1000.0000 
	 59.2460 	 1.177589e-02 	 147.8900 	  1.3179 	 5.772486e+20 	 5.608716e+18 	 7.215981e-06 	 1.060085e-06 	 -1000.0000 	 -1000.0000 	 -1000.0000 	 -1000.0000 
	 59.2640 	 1.174884e-02 	 147.8615 	  1.3190 	 5.760347e+20 	 5.601948e+18 	 7.206239e-06 	 1.059134e-06 	 -1000.0000 	 -1000.0000 	 -1000.0000 	 -1000.0000 
	 59.9430 	 1.076826e-02 	 146.9808 	  1.3637 	 5.311284e+20 	 5.354174e+18 	 7.088703e-06 	 1.064886e-06 	 -1000.0000 	 -1000.0000 	 -1000.0000 	 -1000.0000 
	 60.0760 	 1.058510e-02 	 146.8453 	  1.3714 	 5.225723e+20 	 5.301168e+18 	 7.102274e-06 	 1.070709e-06 	 -1000.0000 	 -1000.0000 	 -1000.0000 	 -1000.0000 
	 60.0880 	 1.056871e-02 	 146.8335 	  1.3720 	 5.218048e+20 	 5.296214e+18 	 7.103761e-06 	 1.071233e-06 	 -1000.0000 	 -1000.0000 	 -1000.0000 	 -1000.0000 
	 60.2090 	 1.040481e-02 	 146.7191 	  1.3780 	 5.141089e+20 	 5.244385e+18 	 7.120209e-06 	 1.076279e-06 	 -1000.0000 	 -1000.0000 	 -1000.0000 	 -1000.0000 
	 60.2200 	 1.039003e-02 	 146.7090 	  1.3785 	 5.134133e+20 	 5.239490e+18 	 7.121788e-06 	 1.076705e-06 	 -1000.0000 	 -1000.0000 	 -1000.0000 	 -1000.0000 
	 61.0390 	 9.344058e-03 	 146.1057 	  1.3924 	 4.636289e+20 	 4.801935e+18 	 7.189028e-06 	 1.084134e-06 	 -1000.0000 	 -1000.0000 	 -1000.0000 	 -1000.0000 
	 61.0500 	 9.330751e-03 	 146.0996 	  1.3925 	 4.629878e+20 	 4.795686e+18 	 7.188651e-06 	 1.084004e-06 	 -1000.0000 	 -1000.0000 	 -1000.0000 	 -1000.0000 
	 61.1830 	 9.171433e-03 	 146.0314 	  1.3931 	 4.552957e+20 	 4.720934e+18 	 7.180076e-06 	 1.082242e-06 	 -1000.0000 	 -1000.0000 	 -1000.0000 	 -1000.0000 
	 61.3160 	 9.015005e-03 	 145.9721 	  1.3940 	 4.477117e+20 	 4.648163e+18 	 7.163939e-06 	 1.080252e-06 	 -1000.0000 	 -1000.0000 	 -1000.0000 	 -1000.0000 
	 61.3380 	 8.989403e-03 	 145.9632 	  1.3943 	 4.464674e+20 	 4.636327e+18 	 7.160588e-06 	 1.079912e-06 	 -1000.0000 	 -1000.0000 	 -1000.0000 	 -1000.0000 
	 62.0160 	 8.236525e-03 	 145.8428 	  1.4085 	 4.094134e+20 	 4.300086e+18 	 6.987530e-06 	 1.071887e-06 	 -1000.0000 	 -1000.0000 	 -1000.0000 	 -1000.0000 
	 62.1480 	 8.097625e-03 	 145.8590 	  1.4135 	 4.024650e+20 	 4.240984e+18 	 6.943798e-06 	 1.071728e-06 	 -1000.0000 	 -1000.0000 	 -1000.0000 	 -1000.0000 
	 62.1680 	 8.076787e-03 	 145.8626 	  1.4143 	 4.014194e+20 	 4.232172e+18 	 6.937056e-06 	 1.071755e-06 	 -1000.0000 	 -1000.0000 	 -1000.0000 	 -1000.0000 
	 62.2800 	 7.961089e-03 	 145.8888 	  1.4190 	 3.955985e+20 	 4.183376e+18 	 6.899016e-06 	 1.072131e-06 	 -1000.0000 	 -1000.0000 	 -1000.0000 	 -1000.0000 
	 62.3000 	 7.940605e-03 	 145.8945 	  1.4199 	 3.945652e+20 	 4.174746e+18 	 6.892202e-06 	 1.072237e-06 	 -1000.0000 	 -1000.0000 	 -1000.0000 	 -1000.0000 
	 62.9780 	 7.276610e-03 	 146.2611 	  1.4475 	 3.606627e+20 	 3.882298e+18 	 6.685022e-06 	 1.081053e-06 	 -1000.0000 	 -1000.0000 	 -1000.0000 	 -1000.0000 
	 63.0010 	 7.255084e-03 	 146.2792 	  1.4481 	 3.595512e+20 	 3.871938e+18 	 6.679646e-06 	 1.081477e-06 	 -1000.0000 	 -1000.0000 	 -1000.0000 	 -1000.0000 
	 63.1100 	 7.153924e-03 	 146.3698 	  1.4508 	 3.543186e+20 	 3.822000e+18 	 6.656484e-06 	 1.083543e-06 	 -1000.0000 	 -1000.0000 	 -1000.0000 	 -1000.0000 
	 63.1330 	 7.132757e-03 	 146.3899 	  1.4513 	 3.532218e+20 	 3.811268e+18 	 6.652119e-06 	 1.083989e-06 	 -1000.0000 	 -1000.0000 	 -1000.0000 	 -1000.0000 
	 63.2660 	 7.011561e-03 	 146.5130 	  1.4532 	 3.469298e+20 	 3.747668e+18 	 6.630851e-06 	 1.086614e-06 	 -1000.0000 	 -1000.0000 	 -1000.0000 	 -1000.0000 
	 63.9500 	 6.420023e-03 	 147.2397 	  1.4517 	 3.160955e+20 	 3.404778e+18 	 6.663764e-06 	 1.109988e-06 	 -1000.0000 	 -1000.0000 	 -1000.0000 	 -1000.0000 
	 63.9660 	 6.406814e-03 	 147.2563 	  1.4517 	 3.154090e+20 	 3.397207e+18 	 6.668097e-06 	 1.110968e-06 	 -1000.0000 	 -1000.0000 	 -1000.0000 	 -1000.0000 
	 64.0980 	 6.298919e-03 	 147.3896 	  1.4528 	 3.098140e+20 	 3.336891e+18 	 6.711297e-06 	 1.120235e-06 	 -1000.0000 	 -1000.0000 	 -1000.0000 	 -1000.0000 
	 64.2300 	 6.192941e-03 	 147.5136 	  1.4552 	 3.043428e+20 	 3.280729e+18 	 6.768160e-06 	 1.131702e-06 	 -1000.0000 	 -1000.0000 	 -1000.0000 	 -1000.0000 
	 64.2510 	 6.176257e-03 	 147.5325 	  1.4557 	 3.034836e+20 	 3.272147e+18 	 6.778454e-06 	 1.133720e-06 	 -1000.0000 	 -1000.0000 	 -1000.0000 	 -1000.0000 
	 64.9360 	 5.657890e-03 	 148.0335 	  1.4780 	 2.770717e+20 	 3.025291e+18 	 7.291499e-06 	 1.223108e-06 	 -1000.0000 	 -1000.0000 	 -1000.0000 	 -1000.0000 
	 65.0680 	 5.563644e-03 	 148.1074 	  1.4816 	 2.723220e+20 	 2.980606e+18 	 7.427526e-06 	 1.244299e-06 	 -1000.0000 	 -1000.0000 	 -1000.0000 	 -1000.0000 
	 65.0840 	 5.552341e-03 	 148.1159 	  1.4819 	 2.717533e+20 	 2.975155e+18 	 7.444779e-06 	 1.246927e-06 	 -1000.0000 	 -1000.0000 	 -1000.0000 	 -1000.0000 
	 65.2000 	 5.471174e-03 	 148.1750 	  1.4841 	 2.676751e+20 	 2.935210e+18 	 7.574698e-06 	 1.266303e-06 	 -1000.0000 	 -1000.0000 	 -1000.0000 	 -1000.0000 
	 65.2160 	 5.460086e-03 	 148.1828 	  1.4843 	 2.671186e+20 	 2.929626e+18 	 7.593277e-06 	 1.269015e-06 	 -1000.0000 	 -1000.0000 	 -1000.0000 	 -1000.0000 
	 65.9240 	 4.993877e-03 	 148.4870 	  1.4747 	 2.438088e+20 	 2.661966e+18 	 8.571232e-06 	 1.398297e-06 	 -1000.0000 	 -1000.0000 	 -1000.0000 	 -1000.0000 
	 66.0320 	 4.926577e-03 	 148.5392 	  1.4715 	 2.404392e+20 	 2.620091e+18 	 8.747619e-06 	 1.420376e-06 	 -1000.0000 	 -1000.0000 	 -1000.0000 	 -1000.0000 
	 66.0560 	 4.911744e-03 	 148.5515 	  1.4707 	 2.396955e+20 	 2.610854e+18 	 8.787815e-06 	 1.425400e-06 	 -1000.0000 	 -1000.0000 	 -1000.0000 	 -1000.0000 
	 66.1880 	 4.830928e-03 	 148.6247 	  1.4669 	 2.356364e+20 	 2.560710e+18 	 9.015429e-06 	 1.453861e-06 	 -1000.0000 	 -1000.0000 	 -1000.0000 	 -1000.0000 
	 66.3200 	 4.751364e-03 	 148.7085 	  1.4636 	 2.316254e+20 	 2.511964e+18 	 9.254201e-06 	 1.483816e-06 	 -1000.0000 	 -1000.0000 	 -1000.0000 	 -1000.0000 
	 67.0300 	 4.344316e-03 	 149.3562 	  1.4568 	 2.108636e+20 	 2.274572e+18 	 1.073731e-05 	 1.671687e-06 	 -1000.0000 	 -1000.0000 	 -1000.0000 	 -1000.0000 
	 67.1620 	 4.272445e-03 	 149.5146 	  1.4582 	 2.071557e+20 	 2.234897e+18 	 1.105129e-05 	 1.711709e-06 	 -1000.0000 	 -1000.0000 	 -1000.0000 	 -1000.0000 
	 67.1840 	 4.260581e-03 	 149.5423 	  1.4585 	 2.065424e+20 	 2.228391e+18 	 1.110478e-05 	 1.718530e-06 	 -1000.0000 	 -1000.0000 	 -1000.0000 	 -1000.0000 
	 67.2940 	 4.201759e-03 	 149.6855 	  1.4601 	 2.034963e+20 	 2.196213e+18 	 1.137713e-05 	 1.753246e-06 	 -1000.0000 	 -1000.0000 	 -1000.0000 	 -1000.0000 
	 67.3160 	 4.190094e-03 	 149.7152 	  1.4604 	 2.028911e+20 	 2.189836e+18 	 1.143257e-05 	 1.760308e-06 	 -1000.0000 	 -1000.0000 	 -1000.0000 	 -1000.0000 
	 68.0020 	 3.843197e-03 	 150.8267 	  1.4628 	 1.847235e+20 	 1.989795e+18 	 1.331220e-05 	 1.997402e-06 	 -1000.0000 	 -1000.0000 	 -1000.0000 	 -1000.0000 
	 68.0200 	 3.834539e-03 	 150.8609 	  1.4624 	 1.842655e+20 	 1.984263e+18 	 1.336522e-05 	 2.003993e-06 	 -1000.0000 	 -1000.0000 	 -1000.0000 	 -1000.0000 
	 68.1340 	 3.780244e-03 	 151.0836 	  1.4588 	 1.813880e+20 	 1.948551e+18 	 1.370508e-05 	 2.046076e-06 	 -1000.0000 	 -1000.0000 	 -1000.0000 	 -1000.0000 
	 68.1520 	 3.771755e-03 	 151.1197 	  1.4581 	 1.809373e+20 	 1.942796e+18 	 1.375937e-05 	 2.052772e-06 	 -1000.0000 	 -1000.0000 	 -1000.0000 	 -1000.0000 
	 68.2830 	 3.710678e-03 	 151.3910 	  1.4514 	 1.776870e+20 	 1.899816e+18 	 1.415959e-05 	 2.101889e-06 	 -1000.0000 	 -1000.0000 	 -1000.0000 	 -1000.0000 
	 68.9740 	 3.407791e-03 	 153.1009 	  1.3935 	 1.613572e+20 	 1.659232e+18 	 1.641796e-05 	 2.375628e-06 	 -1000.0000 	 -1000.0000 	 -1000.0000 	 -1000.0000 
	 68.9990 	 3.397391e-03 	 153.1732 	  1.3916 	 1.607893e+20 	 1.651027e+18 	 1.650444e-05 	 2.386189e-06 	 -1000.0000 	 -1000.0000 	 -1000.0000 	 -1000.0000 
	 69.1300 	 3.343476e-03 	 153.5658 	  1.3834 	 1.578359e+20 	 1.609706e+18 	 1.696326e-05 	 2.442509e-06 	 -1000.0000 	 -1000.0000 	 -1000.0000 	 -1000.0000 
	 69.2620 	 3.290109e-03 	 153.9849 	  1.3780 	 1.548977e+20 	 1.571269e+18 	 1.743530e-05 	 2.500964e-06 	 -1000.0000 	 -1000.0000 	 -1000.0000 	 -1000.0000 
	 69.2870 	 3.280109e-03 	 154.0667 	  1.3773 	 1.543457e+20 	 1.564333e+18 	 1.752583e-05 	 2.512212e-06 	 -1000.0000 	 -1000.0000 	 -1000.0000 	 -1000.0000 
	 69.9730 	 3.018629e-03 	 156.5164 	  1.3783 	 1.398246e+20 	 1.403239e+18 	 2.016291e-05 	 2.834871e-06 	 -1000.0000 	 -1000.0000 	 -1000.0000 	 -1000.0000 
	 70.1040 	 2.971453e-03 	 157.0070 	  1.3796 	 1.372064e+20 	 1.375922e+18 	 2.070281e-05 	 2.897800e-06 	 -1000.0000 	 -1000.0000 	 -1000.0000 	 -1000.0000 
	 70.1300 	 2.962192e-03 	 157.1044 	  1.3797 	 1.366933e+20 	 1.370519e+18 	 2.081146e-05 	 2.910272e-06 	 -1000.0000 	 -1000.0000 	 -1000.0000 	 -1000.0000 
	 70.2350 	 2.925133e-03 	 157.4970 	  1.3800 	 1.346441e+20 	 1.348639e+18 	 2.125536e-05 	 2.960514e-06 	 -1000.0000 	 -1000.0000 	 -1000.0000 	 -1000.0000 
	 70.2620 	 2.915692e-03 	 157.5976 	  1.3799 	 1.341231e+20 	 1.342980e+18 	 2.137085e-05 	 2.973389e-06 	 -1000.0000 	 -1000.0000 	 -1000.0000 	 -1000.0000 
	 70.9740 	 2.679302e-03 	 160.0913 	  1.3525 	 1.213269e+20 	 1.185640e+18 	 2.459486e-05 	 3.302485e-06 	 -1000.0000 	 -1000.0000 	 -1000.0000 	 -1000.0000 
	 71.1040 	 2.638684e-03 	 160.4900 	  1.3437 	 1.191910e+20 	 1.157003e+18 	 2.520895e-05 	 3.360593e-06 	 -1000.0000 	 -1000.0000 	 -1000.0000 	 -1000.0000 
	 71.2350 	 2.598520e-03 	 160.8658 	  1.3344 	 1.171025e+20 	 1.128937e+18 	 2.583119e-05 	 3.418655e-06 	 -1000.0000 	 -1000.0000 	 -1000.0000 	 -1000.0000 
	 71.3660 	 2.559112e-03 	 161.2130 	  1.3248 	 1.150780e+20 	 1.101925e+18 	 2.645542e-05 	 3.476247e-06 	 -1000.0000 	 -1000.0000 	 -1000.0000 	 -1000.0000 
	 71.4970 	 2.520432e-03 	 161.5312 	  1.3152 	 1.131152e+20 	 1.076034e+18 	 2.708152e-05 	 3.533302e-06 	 -1000.0000 	 -1000.0000 	 -1000.0000 	 -1000.0000 
	 71.9170 	 2.400972e-03 	 162.3582 	  1.2865 	 1.072054e+20 	 1.000900e+18 	 2.910331e-05 	 3.711571e-06 	 -1000.0000 	 -1000.0000 	 -1000.0000 	 -1000.0000 
	 71.9520 	 2.391309e-03 	 162.4139 	  1.2844 	 1.067374e+20 	 9.951995e+17 	 2.927290e-05 	 3.726045e-06 	 -1000.0000 	 -1000.0000 	 -1000.0000 	 -1000.0000 
	 72.0830 	 2.355512e-03 	 162.6049 	  1.2771 	 1.050163e+20 	 9.746523e+17 	 2.990934e-05 	 3.779615e-06 	 -1000.0000 	 -1000.0000 	 -1000.0000 	 -1000.0000 
	 72.2140 	 2.320280e-03 	 162.7681 	  1.2708 	 1.033416e+20 	 9.553615e+17 	 3.054763e-05 	 3.832323e-06 	 -1000.0000 	 -1000.0000 	 -1000.0000 	 -1000.0000 
	 72.2440 	 2.312289e-03 	 162.8017 	  1.2696 	 1.029644e+20 	 9.511188e+17 	 3.069368e-05 	 3.844332e-06 	 -1000.0000 	 -1000.0000 	 -1000.0000 	 -1000.0000 
	 72.9250 	 2.138316e-03 	 163.2220 	  1.2588 	 9.497220e+19 	 8.715230e+17 	 3.386150e-05 	 4.132118e-06 	 -1000.0000 	 -1000.0000 	 -1000.0000 	 -1000.0000 
	 73.0560 	 2.106397e-03 	 163.2358 	  1.2612 	 9.354637e+19 	 8.596739e+17 	 3.440812e-05 	 4.195072e-06 	 -1000.0000 	 -1000.0000 	 -1000.0000 	 -1000.0000 
	 73.0940 	 2.097227e-03 	 163.2362 	  1.2621 	 9.313881e+19 	 8.564127e+17 	 3.456065e-05 	 4.213710e-06 	 -1000.0000 	 -1000.0000 	 -1000.0000 	 -1000.0000 
	 73.1870 	 2.074952e-03 	 163.2304 	  1.2647 	 9.215261e+19 	 8.487195e+17 	 3.492065e-05 	 4.259549e-06 	 -1000.0000 	 -1000.0000 	 -1000.0000 	 -1000.0000 
	 73.2240 	 2.066155e-03 	 163.2254 	  1.2659 	 9.176463e+19 	 8.457610e+17 	 3.505817e-05 	 4.277752e-06 	 -1000.0000 	 -1000.0000 	 -1000.0000 	 -1000.0000 
	 73.9060 	 1.910527e-03 	 162.8826 	  1.2874 	 8.503102e+19 	 7.959544e+17 	 3.678259e-05 	 4.548596e-06 	 -1000.0000 	 -1000.0000 	 -1000.0000 	 -1000.0000 
	 73.9440 	 1.902209e-03 	 162.8504 	  1.2880 	 8.467766e+19 	 7.931468e+17 	 3.682157e-05 	 4.556901e-06 	 -1000.0000 	 -1000.0000 	 -1000.0000 	 -1000.0000 
	 74.0370 	 1.882004e-03 	 162.7660 	  1.2888 	 8.382189e+19 	 7.861193e+17 	 3.688585e-05 	 4.572685e-06 	 -1000.0000 	 -1000.0000 	 -1000.0000 	 -1000.0000 
	 74.0740 	 1.874025e-03 	 162.7303 	  1.2889 	 8.348492e+19 	 7.832503e+17 	 3.689868e-05 	 4.577048e-06 	 -1000.0000 	 -1000.0000 	 -1000.0000 	 -1000.0000 
	 74.2050 	 1.846047e-03 	 162.5945 	  1.2878 	 8.230747e+19 	 7.726752e+17 	 3.688249e-05 	 4.582842e-06 	 -1000.0000 	 -1000.0000 	 -1000.0000 	 -1000.0000 
	 74.9270 	 1.698691e-03 	 161.6249 	  1.2579 	 7.619198e+19 	 7.076251e+17 	 3.519298e-05 	 4.382496e-06 	 -1000.0000 	 -1000.0000 	 -1000.0000 	 -1000.0000 
	 75.0580 	 1.673005e-03 	 161.4192 	  1.2534 	 7.513553e+19 	 6.967365e+17 	 3.466082e-05 	 4.322668e-06 	 -1000.0000 	 -1000.0000 	 -1000.0000 	 -1000.0000 
	 75.1880 	 1.647783e-03 	 161.2092 	  1.2507 	 7.409915e+19 	 6.868255e+17 	 3.408667e-05 	 4.262045e-06 	 -1000.0000 	 -1000.0000 	 -1000.0000 	 -1000.0000 
	 75.2170 	 1.642194e-03 	 161.1617 	  1.2504 	 7.386958e+19 	 6.847345e+17 	 3.395409e-05 	 4.248570e-06 	 -1000.0000 	 -1000.0000 	 -1000.0000 	 -1000.0000 
	 75.3180 	 1.622842e-03 	 160.9945 	  1.2498 	 7.307486e+19 	 6.777669e+17 	 3.348471e-05 	 4.202322e-06 	 -1000.0000 	 -1000.0000 	 -1000.0000 	 -1000.0000 
	 75.9080 	 1.513820e-03 	 159.9904 	  1.2627 	 6.859359e+19 	 6.445205e+17 	 3.095441e-05 	 4.000026e-06 	 -1000.0000 	 -1000.0000 	 -1000.0000 	 -1000.0000 
	 76.0380 	 1.490849e-03 	 159.7692 	  1.2680 	 6.764619e+19 	 6.382953e+17 	 3.055928e-05 	 3.982708e-06 	 -1000.0000 	 -1000.0000 	 -1000.0000 	 -1000.0000 
	 76.0700 	 1.485255e-03 	 159.7151 	  1.2694 	 6.741520e+19 	 6.367897e+17 	 3.047467e-05 	 3.980212e-06 	 -1000.0000 	 -1000.0000 	 -1000.0000 	 -1000.0000 
	 76.1680 	 1.468269e-03 	 159.5502 	  1.2737 	 6.671295e+19 	 6.322095e+17 	 3.024616e-05 	 3.976560e-06 	 -1000.0000 	 -1000.0000 	 -1000.0000 	 -1000.0000 
	 76.2000 	 1.462769e-03 	 159.4968 	  1.2751 	 6.648528e+19 	 6.307170e+17 	 3.018143e-05 	 3.976599e-06 	 -1000.0000 	 -1000.0000 	 -1000.0000 	 -1000.0000 
	 76.9200 	 1.344376e-03 	 158.3721 	  1.2895 	 6.153788e+19 	 5.927214e+17 	 2.994294e-05 	 4.088911e-06 	 -1000.0000 	 -1000.0000 	 -1000.0000 	 -1000.0000 
	 77.0180 	 1.328959e-03 	 158.2352 	  1.2868 	 6.088489e+19 	 5.861837e+17 	 3.008054e-05 	 4.113458e-06 	 -1000.0000 	 -1000.0000 	 -1000.0000 	 -1000.0000 
	 77.0500 	 1.323956e-03 	 158.1916 	  1.2855 	 6.067245e+19 	 5.839411e+17 	 3.013375e-05 	 4.121579e-06 	 -1000.0000 	 -1000.0000 	 -1000.0000 	 -1000.0000 
	 77.1800 	 1.303780e-03 	 158.0201 	  1.2784 	 5.981286e+19 	 5.742272e+17 	 3.039111e-05 	 4.154517e-06 	 -1000.0000 	 -1000.0000 	 -1000.0000 	 -1000.0000 
	 77.3100 	 1.283835e-03 	 157.8585 	  1.2679 	 5.895832e+19 	 5.634932e+17 	 3.071239e-05 	 4.186536e-06 	 -1000.0000 	 -1000.0000 	 -1000.0000 	 -1000.0000 
	 77.9100 	 1.195179e-03 	 157.2087 	  1.1971 	 5.511362e+19 	 5.082157e+17 	 3.282510e-05 	 4.329050e-06 	 -1000.0000 	 -1000.0000 	 -1000.0000 	 -1000.0000 
	 78.0400 	 1.176818e-03 	 157.0808 	  1.1824 	 5.431107e+19 	 4.969059e+17 	 3.337274e-05 	 4.361406e-06 	 -1000.0000 	 -1000.0000 	 -1000.0000 	 -1000.0000 
	 78.1700 	 1.158793e-03 	 156.9545 	  1.1698 	 5.352231e+19 	 4.864677e+17 	 3.393476e-05 	 4.395165e-06 	 -1000.0000 	 -1000.0000 	 -1000.0000 	 -1000.0000 
	 78.2100 	 1.153313e-03 	 156.9157 	  1.1664 	 5.328239e+19 	 4.834392e+17 	 3.410853e-05 	 4.405851e-06 	 -1000.0000 	 -1000.0000 	 -1000.0000 	 -1000.0000 
	 78.3000 	 1.141090e-03 	 156.8282 	  1.1595 	 5.274723e+19 	 4.769300e+17 	 3.449739e-05 	 4.430408e-06 	 -1000.0000 	 -1000.0000 	 -1000.0000 	 -1000.0000 
	 78.8920 	 1.063914e-03 	 156.2015 	  1.1415 	 4.937671e+19 	 4.436552e+17 	 3.664098e-05 	 4.609394e-06 	 -1000.0000 	 -1000.0000 	 -1000.0000 	 -1000.0000 
	 79.0220 	 1.047585e-03 	 156.0417 	  1.1439 	 4.866846e+19 	 4.383010e+17 	 3.692820e-05 	 4.652521e-06 	 -1000.0000 	 -1000.0000 	 -1000.0000 	 -1000.0000 
	 79.0630 	 1.042475e-03 	 155.9892 	  1.1451 	 4.844732e+19 	 4.367310e+17 	 3.700111e-05 	 4.666196e-06 	 -1000.0000 	 -1000.0000 	 -1000.0000 	 -1000.0000 
	 79.1520 	 1.031449e-03 	 155.8717 	  1.1482 	 4.797095e+19 	 4.334912e+17 	 3.713093e-05 	 4.695608e-06 	 -1000.0000 	 -1000.0000 	 -1000.0000 	 -1000.0000 
	 79.1930 	 1.026401e-03 	 155.8160 	  1.1498 	 4.775318e+19 	 4.320680e+17 	 3.717784e-05 	 4.708916e-06 	 -1000.0000 	 -1000.0000 	 -1000.0000 	 -1000.0000 
	 79.9230 	 9.398439e-04 	 154.6715 	  1.1851 	 4.405004e+19 	 4.096600e+17 	 3.676791e-05 	 4.857629e-06 	 -1000.0000 	 -1000.0000 	 -1000.0000 	 -1000.0000 
	 80.0120 	 9.297325e-04 	 154.5137 	  1.1877 	 4.362073e+19 	 4.067396e+17 	 3.657164e-05 	 4.856221e-06 	 -1000.0000 	 -1000.0000 	 -1000.0000 	 -1000.0000 
	 80.0530 	 9.251075e-04 	 154.4398 	  1.1887 	 4.342455e+19 	 4.053390e+17 	 3.647163e-05 	 4.853551e-06 	 -1000.0000 	 -1000.0000 	 -1000.0000 	 -1000.0000 
	 80.1820 	 9.106924e-04 	 154.2023 	  1.1902 	 4.281380e+19 	 4.006528e+17 	 3.611879e-05 	 4.836094e-06 	 -1000.0000 	 -1000.0000 	 -1000.0000 	 -1000.0000 
	 80.3120 	 8.963767e-04 	 153.9559 	  1.1893 	 4.220822e+19 	 3.954439e+17 	 3.570928e-05 	 4.804016e-06 	 -1000.0000 	 -1000.0000 	 -1000.0000 	 -1000.0000 
	 80.9060 	 8.336192e-04 	 152.7672 	  1.1706 	 3.955842e+19 	 3.690522e+17 	 3.369606e-05 	 4.573892e-06 	 -1000.0000 	 -1000.0000 	 -1000.0000 	 -1000.0000 
	 81.0350 	 8.205537e-04 	 152.5021 	  1.1675 	 3.900623e+19 	 3.637119e+17 	 3.335769e-05 	 4.531401e-06 	 -1000.0000 	 -1000.0000 	 -1000.0000 	 -1000.0000 
	 81.1640 	 8.076849e-04 	 152.2367 	  1.1663 	 3.846163e+19 	 3.588311e+17 	 3.309705e-05 	 4.500126e-06 	 -1000.0000 	 -1000.0000 	 -1000.0000 	 -1000.0000 
	 81.2130 	 8.028475e-04 	 152.1356 	  1.1663 	 3.825677e+19 	 3.571017e+17 	 3.301748e-05 	 4.491229e-06 	 -1000.0000 	 -1000.0000 	 -1000.0000 	 -1000.0000 
	 81.2930 	 7.950091e-04 	 151.9697 	  1.1668 	 3.792471e+19 	 3.544166e+17 	 3.290719e-05 	 4.479896e-06 	 -1000.0000 	 -1000.0000 	 -1000.0000 	 -1000.0000 
	 81.8950 	 7.382860e-04 	 150.6482 	  1.1883 	 3.552744e+19 	 3.386926e+17 	 3.247331e-05 	 4.483199e-06 	 -1000.0000 	 -1000.0000 	 -1000.0000 	 -1000.0000 
	 82.0240 	 7.266256e-04 	 150.3372 	  1.1958 	 3.503835e+19 	 3.360919e+17 	 3.237469e-05 	 4.494521e-06 	 -1000.0000 	 -1000.0000 	 -1000.0000 	 -1000.0000 
	 82.0700 	 7.225076e-04 	 150.2235 	  1.1987 	 3.486604e+19 	 3.352083e+17 	 3.233316e-05 	 4.498742e-06 	 -1000.0000 	 -1000.0000 	 -1000.0000 	 -1000.0000 
	 82.1530 	 7.151294e-04 	 150.0148 	  1.2039 	 3.455780e+19 	 3.336618e+17 	 3.224978e-05 	 4.506377e-06 	 -1000.0000 	 -1000.0000 	 -1000.0000 	 -1000.0000 
	 82.1980 	 7.111568e-04 	 149.9000 	  1.2069 	 3.439207e+19 	 3.328452e+17 	 3.220003e-05 	 4.510445e-06 	 -1000.0000 	 -1000.0000 	 -1000.0000 	 -1000.0000 
	 82.8940 	 6.520059e-04 	 148.0270 	  1.2515 	 3.193055e+19 	 3.205831e+17 	 3.102807e-05 	 4.532579e-06 	 -1000.0000 	 -1000.0000 	 -1000.0000 	 -1000.0000 
	 82.9300 	 6.490549e-04 	 147.9278 	  1.2534 	 3.180741e+19 	 3.198906e+17 	 3.094707e-05 	 4.529979e-06 	 -1000.0000 	 -1000.0000 	 -1000.0000 	 -1000.0000 
	 83.0230 	 6.414766e-04 	 147.6719 	  1.2580 	 3.149068e+19 	 3.180378e+17 	 3.072860e-05 	 4.520756e-06 	 -1000.0000 	 -1000.0000 	 -1000.0000 	 -1000.0000 
	 83.0580 	 6.386412e-04 	 147.5758 	  1.2596 	 3.137197e+19 	 3.173140e+17 	 3.064296e-05 	 4.516289e-06 	 -1000.0000 	 -1000.0000 	 -1000.0000 	 -1000.0000 
	 83.1870 	 6.282666e-04 	 147.2231 	  1.2648 	 3.093645e+19 	 3.145002e+17 	 3.031116e-05 	 4.494681e-06 	 -1000.0000 	 -1000.0000 	 -1000.0000 	 -1000.0000 
	 83.8830 	 5.744763e-04 	 145.4170 	  1.2700 	 2.863905e+19 	 2.951345e+17 	 2.829580e-05 	 4.279366e-06 	 -1000.0000 	 -1000.0000 	 -1000.0000 	 -1000.0000 
	 83.9260 	 5.712915e-04 	 145.3133 	  1.2691 	 2.850060e+19 	 2.937475e+17 	 2.817755e-05 	 4.265539e-06 	 -1000.0000 	 -1000.0000 	 -1000.0000 	 -1000.0000 
	 84.0550 	 5.618469e-04 	 145.0095 	  1.2658 	 2.808820e+19 	 2.894868e+17 	 2.784080e-05 	 4.227354e-06 	 -1000.0000 	 -1000.0000 	 -1000.0000 	 -1000.0000 
	 84.1840 	 5.525722e-04 	 144.7176 	  1.2615 	 2.768035e+19 	 2.850957e+17 	 2.753714e-05 	 4.195787e-06 	 -1000.0000 	 -1000.0000 	 -1000.0000 	 -1000.0000 
	 84.2300 	 5.493055e-04 	 144.6165 	  1.2598 	 2.753597e+19 	 2.835060e+17 	 2.743718e-05 	 4.186262e-06 	 -1000.0000 	 -1000.0000 	 -1000.0000 	 -1000.0000 
	 84.9170 	 5.027469e-04 	 143.3286 	  1.2330 	 2.542847e+19 	 2.599370e+17 	 2.638291e-05 	 4.143062e-06 	 -1000.0000 	 -1000.0000 	 -1000.0000 	 -1000.0000 
	 85.0460 	 4.944064e-04 	 143.1396 	  1.2304 	 2.503931e+19 	 2.558912e+17 	 2.625961e-05 	 4.153657e-06 	 -1000.0000 	 -1000.0000 	 -1000.0000 	 -1000.0000 
	 85.0900 	 4.915876e-04 	 143.0795 	  1.2298 	 2.490686e+19 	 2.545546e+17 	 2.622193e-05 	 4.158422e-06 	 -1000.0000 	 -1000.0000 	 -1000.0000 	 -1000.0000 
	 85.1750 	 4.861802e-04 	 142.9702 	  1.2291 	 2.465144e+19 	 2.520292e+17 	 2.615531e-05 	 4.169115e-06 	 -1000.0000 	 -1000.0000 	 -1000.0000 	 -1000.0000 
	 85.2180 	 4.834640e-04 	 142.9185 	  1.2289 	 2.452245e+19 	 2.507783e+17 	 2.612466e-05 	 4.175216e-06 	 -1000.0000 	 -1000.0000 	 -1000.0000 	 -1000.0000 
	 85.9080 	 4.417686e-04 	 142.4691 	  1.2386 	 2.247761e+19 	 2.323169e+17 	 2.589160e-05 	 4.311888e-06 	 -1000.0000 	 -1000.0000 	 -1000.0000 	 -1000.0000 
	 85.9530 	 4.391796e-04 	 142.4684 	  1.2398 	 2.234611e+19 	 2.311664e+17 	 2.589203e-05 	 4.321801e-06 	 -1000.0000 	 -1000.0000 	 -1000.0000 	 -1000.0000 
	 86.0360 	 4.344484e-04 	 142.4774 	  1.2420 	 2.210425e+19 	 2.290442e+17 	 2.589738e-05 	 4.339886e-06 	 -1000.0000 	 -1000.0000 	 -1000.0000 	 -1000.0000 
	 86.0810 	 4.319075e-04 	 142.4882 	  1.2433 	 2.197350e+19 	 2.278914e+17 	 2.590271e-05 	 4.349525e-06 	 -1000.0000 	 -1000.0000 	 -1000.0000 	 -1000.0000 
	 86.2100 	 4.247193e-04 	 142.5422 	  1.2470 	 2.160019e+19 	 2.245666e+17 	 2.592718e-05 	 4.376160e-06 	 -1000.0000 	 -1000.0000 	 -1000.0000 	 -1000.0000 
	 86.9060 	 3.882361e-04 	 143.2739 	  1.2671 	 1.964486e+19 	 2.062239e+17 	 2.620373e-05 	 4.488182e-06 	 -1000.0000 	 -1000.0000 	 -1000.0000 	 -1000.0000 
	 86.9510 	 3.859916e-04 	 143.3291 	  1.2684 	 1.952359e+19 	 2.050628e+17 	 2.622232e-05 	 4.494112e-06 	 -1000.0000 	 -1000.0000 	 -1000.0000 	 -1000.0000 
	 87.0800 	 3.796205e-04 	 143.4798 	  1.2722 	 1.918067e+19 	 2.017871e+17 	 2.627074e-05 	 4.510658e-06 	 -1000.0000 	 -1000.0000 	 -1000.0000 	 -1000.0000 
	 87.2080 	 3.733851e-04 	 143.6125 	  1.2760 	 1.884786e+19 	 1.986307e+17 	 2.630904e-05 	 4.526627e-06 	 -1000.0000 	 -1000.0000 	 -1000.0000 	 -1000.0000 
	 87.2560 	 3.710688e-04 	 143.6571 	  1.2775 	 1.872506e+19 	 1.974727e+17 	 2.632048e-05 	 4.532554e-06 	 -1000.0000 	 -1000.0000 	 -1000.0000 	 -1000.0000 
	 87.9500 	 3.390822e-04 	 143.9415 	  1.2972 	 1.707741e+19 	 1.821552e+17 	 2.627096e-05 	 4.623508e-06 	 -1000.0000 	 -1000.0000 	 -1000.0000 	 -1000.0000 
	 88.0780 	 3.335230e-04 	 143.9114 	  1.3001 	 1.680074e+19 	 1.795914e+17 	 2.621055e-05 	 4.643134e-06 	 -1000.0000 	 -1000.0000 	 -1000.0000 	 -1000.0000 
	 88.1260 	 3.314668e-04 	 143.8934 	  1.3011 	 1.669914e+19 	 1.786470e+17 	 2.618336e-05 	 4.650743e-06 	 -1000.0000 	 -1000.0000 	 -1000.0000 	 -1000.0000 
	 88.2060 	 3.280730e-04 	 143.8558 	  1.3027 	 1.653228e+19 	 1.770904e+17 	 2.613262e-05 	 4.663580e-06 	 -1000.0000 	 -1000.0000 	 -1000.0000 	 -1000.0000 
	 88.2540 	 3.260561e-04 	 143.8290 	  1.3036 	 1.643357e+19 	 1.761654e+17 	 2.609895e-05 	 4.671313e-06 	 -1000.0000 	 -1000.0000 	 -1000.0000 	 -1000.0000 
	 88.9480 	 2.982770e-04 	 143.2026 	  1.3059 	 1.509895e+19 	 1.629981e+17 	 2.535439e-05 	 4.761442e-06 	 -1000.0000 	 -1000.0000 	 -1000.0000 	 -1000.0000 
	 89.0760 	 2.933855e-04 	 143.0627 	  1.3037 	 1.486617e+19 	 1.604935e+17 	 2.516707e-05 	 4.768393e-06 	 -1000.0000 	 -1000.0000 	 -1000.0000 	 -1000.0000 
	 89.4290 	 2.801628e-04 	 142.6899 	  1.2920 	 1.423399e+19 	 1.532180e+17 	 2.457610e-05 	 4.760894e-06 	 -1000.0000 	 -1000.0000 	 -1000.0000 	 -1000.0000 
	 89.5570 	 2.754625e-04 	 142.5652 	  1.2862 	 1.400753e+19 	 1.504657e+17 	 2.433880e-05 	 4.748337e-06 	 -1000.0000 	 -1000.0000 	 -1000.0000 	 -1000.0000 
	 89.6840 	 2.708602e-04 	 142.4467 	  1.2802 	 1.378497e+19 	 1.477333e+17 	 2.409538e-05 	 4.732027e-06 	 -1000.0000 	 -1000.0000 	 -1000.0000 	 -1000.0000 
	 89.9400 	 2.618040e-04 	 142.2222 	  1.2692 	 1.334497e+19 	 1.423917e+17 	 2.359195e-05 	 4.691510e-06 	 -1000.0000 	 -1000.0000 	 -1000.0000 	 -1000.0000 
	 89.9940 	 2.599366e-04 	 142.1770 	  1.2673 	 1.325395e+19 	 1.413183e+17 	 2.348526e-05 	 4.682246e-06 	 -1000.0000 	 -1000.0000 	 -1000.0000 	 -1000.0000 
	 90.1220 	 2.555772e-04 	 142.0724 	  1.2640 	 1.304114e+19 	 1.388831e+17 	 2.323396e-05 	 4.660108e-06 	 -1000.0000 	 -1000.0000 	 -1000.0000 	 -1000.0000 
	 90.2500 	 2.513179e-04 	 141.9712 	  1.2624 	 1.283284e+19 	 1.366306e+17 	 2.298726e-05 	 4.638497e-06 	 -1000.0000 	 -1000.0000 	 -1000.0000 	 -1000.0000 
	 90.2990 	 2.497136e-04 	 141.9335 	  1.2622 	 1.275427e+19 	 1.358160e+17 	 2.289464e-05 	 4.630513e-06 	 -1000.0000 	 -1000.0000 	 -1000.0000 	 -1000.0000 
	 90.8570 	 2.322902e-04 	 141.5674 	  1.2712 	 1.189505e+19 	 1.277068e+17 	 2.196886e-05 	 4.560777e-06 	 -1000.0000 	 -1000.0000 	 -1000.0000 	 -1000.0000 
	 90.9840 	 2.284971e-04 	 141.5065 	  1.2742 	 1.170595e+19 	 1.259825e+17 	 2.180604e-05 	 4.552889e-06 	 -1000.0000 	 -1000.0000 	 -1000.0000 	 -1000.0000 
	 91.1120 	 2.247204e-04 	 141.4559 	  1.2768 	 1.151670e+19 	 1.242180e+17 	 2.166596e-05 	 4.548979e-06 	 -1000.0000 	 -1000.0000 	 -1000.0000 	 -1000.0000 
	 91.1690 	 2.230527e-04 	 141.4367 	  1.2779 	 1.143284e+19 	 1.234222e+17 	 2.161178e-05 	 4.548630e-06 	 -1000.0000 	 -1000.0000 	 -1000.0000 	 -1000.0000 
	 91.2400 	 2.209881e-04 	 141.4150 	  1.2791 	 1.132880e+19 	 1.224266e+17 	 2.155147e-05 	 4.549427e-06 	 -1000.0000 	 -1000.0000 	 -1000.0000 	 -1000.0000 
	 91.8640 	 2.035189e-04 	 141.2557 	  1.2952 	 1.044489e+19 	 1.141264e+17 	 2.137526e-05 	 4.619358e-06 	 -1000.0000 	 -1000.0000 	 -1000.0000 	 -1000.0000 
	 91.9920 	 2.001029e-04 	 141.2110 	  1.3015 	 1.027275e+19 	 1.126795e+17 	 2.142038e-05 	 4.648640e-06 	 -1000.0000 	 -1000.0000 	 -1000.0000 	 -1000.0000 
	 92.1200 	 1.967473e-04 	 141.1571 	  1.3091 	 1.010431e+19 	 1.113441e+17 	 2.149295e-05 	 4.682900e-06 	 -1000.0000 	 -1000.0000 	 -1000.0000 	 -1000.0000 
	 92.4720 	 1.878186e-04 	 140.9560 	  1.3334 	 9.659541e+18 	 1.080641e+17 	 2.182296e-05 	 4.798595e-06 	 -1000.0000 	 -1000.0000 	 -1000.0000 	 -1000.0000 
	 92.6000 	 1.846761e-04 	 140.8618 	  1.3423 	 9.504299e+18 	 1.069477e+17 	 2.198637e-05 	 4.846947e-06 	 -1000.0000 	 -1000.0000 	 -1000.0000 	 -1000.0000 
	 92.8540 	 1.785967e-04 	 140.6380 	  1.3581 	 9.206079e+18 	 1.047256e+17 	 2.237151e-05 	 4.949897e-06 	 -1000.0000 	 -1000.0000 	 -1000.0000 	 -1000.0000 
	 92.9120 	 1.772367e-04 	 140.5796 	  1.3611 	 9.139769e+18 	 1.042028e+17 	 2.246996e-05 	 4.974386e-06 	 -1000.0000 	 -1000.0000 	 -1000.0000 	 -1000.0000 
	 92.9810 	 1.756320e-04 	 140.5065 	  1.3643 	 9.061730e+18 	 1.035674e+17 	 2.259179e-05 	 5.003857e-06 	 -1000.0000 	 -1000.0000 	 -1000.0000 	 -1000.0000 
	 93.0400 	 1.742712e-04 	 140.4407 	  1.3667 	 8.995722e+18 	 1.030100e+17 	 2.269989e-05 	 5.029290e-06 	 -1000.0000 	 -1000.0000 	 -1000.0000 	 -1000.0000 
	 93.1670 	 1.713765e-04 	 140.2888 	  1.3703 	 8.855858e+18 	 1.017556e+17 	 2.294418e-05 	 5.084520e-06 	 -1000.0000 	 -1000.0000 	 -1000.0000 	 -1000.0000 
	 93.8510 	 1.565527e-04 	 139.2769 	  1.3605 	 8.148555e+18 	 9.382629e+16 	 2.447843e-05 	 5.392297e-06 	 -1000.0000 	 -1000.0000 	 -1000.0000 	 -1000.0000 
	 93.9100 	 1.553319e-04 	 139.1827 	  1.3585 	 8.090497e+18 	 9.311475e+16 	 2.462366e-05 	 5.420663e-06 	 -1000.0000 	 -1000.0000 	 -1000.0000 	 -1000.0000 
	 94.0370 	 1.527339e-04 	 138.9813 	  1.3542 	 7.966733e+18 	 9.160742e+16 	 2.494083e-05 	 5.483320e-06 	 -1000.0000 	 -1000.0000 	 -1000.0000 	 -1000.0000 
