	 height_(km) 	 press_(mbar) 	 temp_(K) 	 temperr_(K) 	 numdens_(m-3) 	 numdenserr_(m-3) 	 H2Ovmr_() 	 H2Ovmrerr_() 	 D/H_(VSMOW) 	 D/Herr_(VSMOW) 	 18O/16O_(VSMOW) 	 18O/16Oerr_(VSMOW) 
	  2.8830 	 3.488694e+00 	 152.7319 	  7.8428 	 1.675329e+23 	 7.913034e+21 	 3.126496e-07 	 9.777860e-08 	 -1000.0000 	 -1000.0000 	 -1000.0000 	 -1000.0000 
	  3.0140 	 3.429112e+00 	 151.9515 	  7.3482 	 1.652287e+23 	 7.418250e+21 	 3.065380e-07 	 9.464855e-08 	 -1000.0000 	 -1000.0000 	 -1000.0000 	 -1000.0000 
	  3.1450 	 3.370449e+00 	 151.2163 	  6.8769 	 1.629312e+23 	 6.946426e+21 	 3.004791e-07 	 9.162635e-08 	 -1000.0000 	 -1000.0000 	 -1000.0000 	 -1000.0000 
	  3.2760 	 3.312696e+00 	 150.5253 	  6.4285 	 1.606409e+23 	 6.497013e+21 	 2.944725e-07 	 8.870939e-08 	 -1000.0000 	 -1000.0000 	 -1000.0000 	 -1000.0000 
	  5.0350 	 2.620699e+00 	 144.9472 	  2.3431 	 1.308789e+23 	 2.360306e+21 	 2.187427e-07 	 5.843242e-08 	 -1000.0000 	 -1000.0000 	 -1000.0000 	 -1000.0000 
	  5.1660 	 2.575032e+00 	 144.7647 	  2.1623 	 1.287575e+23 	 2.173230e+21 	 2.134581e-07 	 5.674263e-08 	 -1000.0000 	 -1000.0000 	 -1000.0000 	 -1000.0000 
	  5.2970 	 2.530131e+00 	 144.6086 	  1.9957 	 1.266522e+23 	 2.000108e+21 	 2.082212e-07 	 5.511772e-08 	 -1000.0000 	 -1000.0000 	 -1000.0000 	 -1000.0000 
	  5.4270 	 2.486320e+00 	 144.4786 	  1.8439 	 1.245796e+23 	 1.841563e+21 	 2.030711e-07 	 5.356677e-08 	 -1000.0000 	 -1000.0000 	 -1000.0000 	 -1000.0000 
	  5.5580 	 2.442915e+00 	 144.3715 	  1.7039 	 1.225082e+23 	 1.694611e+21 	 1.979282e-07 	 5.206333e-08 	 -1000.0000 	 -1000.0000 	 -1000.0000 	 -1000.0000 
	  7.3080 	 1.930095e+00 	 144.6859 	  0.8188 	 9.677709e+22 	 6.960079e+20 	 1.335915e-07 	 3.641710e-08 	 -1000.0000 	 -1000.0000 	 -1000.0000 	 -1000.0000 
	  7.4380 	 1.896633e+00 	 144.7968 	  0.8057 	 9.503066e+22 	 6.734638e+20 	 1.291251e-07 	 3.548899e-08 	 -1000.0000 	 -1000.0000 	 -1000.0000 	 -1000.0000 
	  7.5690 	 1.863514e+00 	 144.9149 	  0.7971 	 9.329682e+22 	 6.551761e+20 	 1.246667e-07 	 3.457317e-08 	 -1000.0000 	 -1000.0000 	 -1000.0000 	 -1000.0000 
	  7.6990 	 1.831235e+00 	 145.0373 	  0.7924 	 9.160260e+22 	 6.408849e+20 	 1.202839e-07 	 3.368104e-08 	 -1000.0000 	 -1000.0000 	 -1000.0000 	 -1000.0000 
	  7.8290 	 1.799531e+00 	 145.1638 	  0.7911 	 8.993523e+22 	 6.298987e+20 	 1.159422e-07 	 3.280299e-08 	 -1000.0000 	 -1000.0000 	 -1000.0000 	 -1000.0000 
	  9.5810 	 1.423759e+00 	 146.7261 	  0.8501 	 7.032405e+22 	 5.566831e+20 	 6.388779e-08 	 2.184407e-08 	 -1000.0000 	 -1000.0000 	 -1000.0000 	 -1000.0000 
	  9.7110 	 1.399361e+00 	 146.8025 	  0.8497 	 6.908300e+22 	 5.467529e+20 	 6.166578e-08 	 2.135648e-08 	 -1000.0000 	 -1000.0000 	 -1000.0000 	 -1000.0000 
	  9.8410 	 1.375398e+00 	 146.8713 	  0.8487 	 6.786896e+22 	 5.362879e+20 	 6.000462e-08 	 2.100266e-08 	 -1000.0000 	 -1000.0000 	 -1000.0000 	 -1000.0000 
	  9.9710 	 1.351862e+00 	 146.9322 	  0.8471 	 6.668127e+22 	 5.253983e+20 	 5.898006e-08 	 2.080317e-08 	 -1000.0000 	 -1000.0000 	 -1000.0000 	 -1000.0000 
	 10.1010 	 1.328744e+00 	 146.9850 	  0.8452 	 6.551923e+22 	 5.141941e+20 	 5.866789e-08 	 2.077856e-08 	 -1000.0000 	 -1000.0000 	 -1000.0000 	 -1000.0000 
	 11.8440 	 1.054882e+00 	 146.8060 	  0.8246 	 5.208680e+22 	 3.831782e+20 	 1.539010e-07 	 4.568373e-08 	 -1000.0000 	 -1000.0000 	 -1000.0000 	 -1000.0000 
	 11.9740 	 1.036876e+00 	 146.7332 	  0.8252 	 5.122210e+22 	 3.766366e+20 	 1.680616e-07 	 4.934537e-08 	 -1000.0000 	 -1000.0000 	 -1000.0000 	 -1000.0000 
	 12.1030 	 1.019311e+00 	 146.6562 	  0.8261 	 5.037999e+22 	 3.705020e+20 	 1.825701e-07 	 5.309298e-08 	 -1000.0000 	 -1000.0000 	 -1000.0000 	 -1000.0000 
	 12.2330 	 1.001910e+00 	 146.5746 	  0.8271 	 4.954687e+22 	 3.646412e+20 	 1.975218e-07 	 5.695073e-08 	 -1000.0000 	 -1000.0000 	 -1000.0000 	 -1000.0000 
	 12.3620 	 9.849341e-01 	 146.4906 	  0.8283 	 4.873503e+22 	 3.591066e+20 	 2.125583e-07 	 6.082569e-08 	 -1000.0000 	 -1000.0000 	 -1000.0000 	 -1000.0000 
	 14.1100 	 7.810114e-01 	 145.4361 	  0.8479 	 3.893490e+22 	 2.941065e+20 	 3.771167e-07 	 1.026602e-07 	 -1000.0000 	 -1000.0000 	 -1000.0000 	 -1000.0000 
	 14.2390 	 7.677166e-01 	 145.3820 	  0.8490 	 3.828670e+22 	 2.893392e+20 	 3.844312e-07 	 1.045079e-07 	 -1000.0000 	 -1000.0000 	 -1000.0000 	 -1000.0000 
	 14.3670 	 7.547434e-01 	 145.3319 	  0.8502 	 3.765285e+22 	 2.846206e+20 	 3.911923e-07 	 1.062302e-07 	 -1000.0000 	 -1000.0000 	 -1000.0000 	 -1000.0000 
	 14.4960 	 7.418852e-01 	 145.2850 	  0.8514 	 3.702334e+22 	 2.798853e+20 	 3.975638e-07 	 1.078729e-07 	 -1000.0000 	 -1000.0000 	 -1000.0000 	 -1000.0000 
	 14.6250 	 7.292408e-01 	 145.2417 	  0.8525 	 3.640306e+22 	 2.751784e+20 	 4.035493e-07 	 1.094408e-07 	 -1000.0000 	 -1000.0000 	 -1000.0000 	 -1000.0000 
	 16.3700 	 5.773888e-01 	 144.9935 	  0.8749 	 2.886509e+22 	 2.180629e+20 	 4.747336e-07 	 1.322459e-07 	 -1000.0000 	 -1000.0000 	 -1000.0000 	 -1000.0000 
	 16.4990 	 5.674716e-01 	 145.0029 	  0.8771 	 2.836714e+22 	 2.144469e+20 	 4.807626e-07 	 1.344622e-07 	 -1000.0000 	 -1000.0000 	 -1000.0000 	 -1000.0000 
	 16.6270 	 5.577986e-01 	 145.0170 	  0.8794 	 2.788065e+22 	 2.109305e+20 	 4.869481e-07 	 1.367460e-07 	 -1000.0000 	 -1000.0000 	 -1000.0000 	 -1000.0000 
	 16.7560 	 5.482166e-01 	 145.0364 	  0.8818 	 2.739793e+22 	 2.074548e+20 	 4.933993e-07 	 1.391327e-07 	 -1000.0000 	 -1000.0000 	 -1000.0000 	 -1000.0000 
	 16.8850 	 5.388000e-01 	 145.0611 	  0.8842 	 2.692273e+22 	 2.040436e+20 	 5.000815e-07 	 1.416042e-07 	 -1000.0000 	 -1000.0000 	 -1000.0000 	 -1000.0000 
	 18.6230 	 4.271005e-01 	 146.0157 	  0.9174 	 2.120924e+22 	 1.625701e+20 	 6.185917e-07 	 1.829954e-07 	 -1000.0000 	 -1000.0000 	 -1000.0000 	 -1000.0000 
	 18.7510 	 4.199112e-01 	 146.1292 	  0.9197 	 2.083651e+22 	 1.597777e+20 	 6.297073e-07 	 1.866233e-07 	 -1000.0000 	 -1000.0000 	 -1000.0000 	 -1000.0000 
	 18.8790 	 4.128518e-01 	 146.2465 	  0.9221 	 2.047009e+22 	 1.570235e+20 	 6.411641e-07 	 1.903281e-07 	 -1000.0000 	 -1000.0000 	 -1000.0000 	 -1000.0000 
	 19.0080 	 4.058662e-01 	 146.3680 	  0.9245 	 2.010716e+22 	 1.542873e+20 	 6.530566e-07 	 1.941391e-07 	 -1000.0000 	 -1000.0000 	 -1000.0000 	 -1000.0000 
	 19.1360 	 3.990601e-01 	 146.4914 	  0.9269 	 1.975330e+22 	 1.516129e+20 	 6.652013e-07 	 1.979967e-07 	 -1000.0000 	 -1000.0000 	 -1000.0000 	 -1000.0000 
	 20.8660 	 3.180893e-01 	 148.2103 	  0.9610 	 1.555502e+22 	 1.199098e+20 	 8.666509e-07 	 2.578165e-07 	 -1000.0000 	 -1000.0000 	 -1000.0000 	 -1000.0000 
	 20.9940 	 3.128341e-01 	 148.3391 	  0.9639 	 1.528447e+22 	 1.178977e+20 	 8.857756e-07 	 2.630216e-07 	 -1000.0000 	 -1000.0000 	 -1000.0000 	 -1000.0000 
	 21.1220 	 3.076714e-01 	 148.4702 	  0.9668 	 1.501879e+22 	 1.159265e+20 	 9.058935e-07 	 2.683972e-07 	 -1000.0000 	 -1000.0000 	 -1000.0000 	 -1000.0000 
	 21.2500 	 3.025995e-01 	 148.6044 	  0.9698 	 1.475786e+22 	 1.139951e+20 	 9.270975e-07 	 2.739576e-07 	 -1000.0000 	 -1000.0000 	 -1000.0000 	 -1000.0000 
	 21.3780 	 2.976169e-01 	 148.7422 	  0.9729 	 1.450151e+22 	 1.121021e+20 	 9.494804e-07 	 2.797173e-07 	 -1000.0000 	 -1000.0000 	 -1000.0000 	 -1000.0000 
	 23.1180 	 2.379381e-01 	 151.2593 	  1.0272 	 1.140517e+22 	 8.952300e+19 	 1.419847e-06 	 3.855457e-07 	 -1000.0000 	 -1000.0000 	 -1000.0000 	 -1000.0000 
	 23.2460 	 2.340887e-01 	 151.5061 	  1.0320 	 1.120243e+22 	 8.805095e+19 	 1.470760e-06 	 3.960663e-07 	 -1000.0000 	 -1000.0000 	 -1000.0000 	 -1000.0000 
	 23.3740 	 2.303077e-01 	 151.7622 	  1.0369 	 1.100288e+22 	 8.659985e+19 	 1.524553e-06 	 4.070839e-07 	 -1000.0000 	 -1000.0000 	 -1000.0000 	 -1000.0000 
	 23.5020 	 2.265939e-01 	 152.0275 	  1.0418 	 1.080651e+22 	 8.516881e+19 	 1.581358e-06 	 4.186237e-07 	 -1000.0000 	 -1000.0000 	 -1000.0000 	 -1000.0000 
	 23.6290 	 2.229747e-01 	 152.2999 	  1.0467 	 1.061479e+22 	 8.376790e+19 	 1.640822e-06 	 4.306140e-07 	 -1000.0000 	 -1000.0000 	 -1000.0000 	 -1000.0000 
	 25.3510 	 1.798331e-01 	 156.9215 	  1.1078 	 8.307745e+21 	 6.624598e+19 	 2.833828e-06 	 6.585436e-07 	 -1000.0000 	 -1000.0000 	 -1000.0000 	 -1000.0000 
	 25.4790 	 1.770310e-01 	 157.3301 	  1.1118 	 8.157043e+21 	 6.504495e+19 	 2.963683e-06 	 6.811164e-07 	 -1000.0000 	 -1000.0000 	 -1000.0000 	 -1000.0000 
	 25.6060 	 1.743014e-01 	 157.7429 	  1.1158 	 8.010234e+21 	 6.386973e+19 	 3.100970e-06 	 7.043640e-07 	 -1000.0000 	 -1000.0000 	 -1000.0000 	 -1000.0000 
	 25.7330 	 1.716214e-01 	 158.1627 	  1.1198 	 7.866104e+21 	 6.271160e+19 	 3.247283e-06 	 7.284736e-07 	 -1000.0000 	 -1000.0000 	 -1000.0000 	 -1000.0000 
	 25.8610 	 1.689694e-01 	 158.5926 	  1.1237 	 7.723528e+21 	 6.156238e+19 	 3.404502e-06 	 7.536596e-07 	 -1000.0000 	 -1000.0000 	 -1000.0000 	 -1000.0000 
	 27.5940 	 1.374677e-01 	 164.8857 	  1.1835 	 6.045617e+21 	 4.810846e+19 	 6.726338e-06 	 1.184148e-06 	 -1000.0000 	 -1000.0000 	 -1000.0000 	 -1000.0000 
	 27.7210 	 1.354495e-01 	 165.3613 	  1.1884 	 5.939992e+21 	 4.728039e+19 	 7.040116e-06 	 1.220323e-06 	 -1000.0000 	 -1000.0000 	 -1000.0000 	 -1000.0000 
	 27.8480 	 1.334667e-01 	 165.8351 	  1.1933 	 5.836544e+21 	 4.647078e+19 	 7.355115e-06 	 1.256498e-06 	 -1000.0000 	 -1000.0000 	 -1000.0000 	 -1000.0000 
	 27.9750 	 1.315187e-01 	 166.3063 	  1.1982 	 5.735234e+21 	 4.567882e+19 	 7.669337e-06 	 1.292527e-06 	 -1000.0000 	 -1000.0000 	 -1000.0000 	 -1000.0000 
	 28.1020 	 1.296047e-01 	 166.7740 	  1.2031 	 5.636022e+21 	 4.490367e+19 	 7.980787e-06 	 1.328266e-06 	 -1000.0000 	 -1000.0000 	 -1000.0000 	 -1000.0000 
	 29.8240 	 1.066251e-01 	 172.4935 	  1.2609 	 4.477093e+21 	 3.563885e+19 	 1.100569e-05 	 1.715438e-06 	 -1000.0000 	 -1000.0000 	 -1000.0000 	 -1000.0000 
	 29.9510 	 1.051276e-01 	 172.8948 	  1.2639 	 4.403470e+21 	 3.501942e+19 	 1.110905e-05 	 1.733816e-06 	 -1000.0000 	 -1000.0000 	 -1000.0000 	 -1000.0000 
	 30.0780 	 1.036552e-01 	 173.3051 	  1.2667 	 4.331151e+21 	 3.440539e+19 	 1.119820e-05 	 1.750754e-06 	 -1000.0000 	 -1000.0000 	 -1000.0000 	 -1000.0000 
	 30.2050 	 1.022077e-01 	 173.7271 	  1.2691 	 4.260072e+21 	 3.379613e+19 	 1.127399e-05 	 1.766269e-06 	 -1000.0000 	 -1000.0000 	 -1000.0000 	 -1000.0000 
	 30.3320 	 1.007847e-01 	 174.1637 	  1.2713 	 4.190166e+21 	 3.319102e+19 	 1.133727e-05 	 1.780374e-06 	 -1000.0000 	 -1000.0000 	 -1000.0000 	 -1000.0000 
	 32.0570 	 8.372268e-02 	 182.7440 	  1.2635 	 3.326349e+21 	 2.512584e+19 	 1.138333e-05 	 1.845239e-06 	 -1000.0000 	 -1000.0000 	 -1000.0000 	 -1000.0000 
	 32.1840 	 8.261933e-02 	 183.5741 	  1.2608 	 3.268178e+21 	 2.454871e+19 	 1.135411e-05 	 1.843462e-06 	 -1000.0000 	 -1000.0000 	 -1000.0000 	 -1000.0000 
	 32.3100 	 8.154313e-02 	 184.4098 	  1.2581 	 3.211323e+21 	 2.398339e+19 	 1.132368e-05 	 1.841511e-06 	 -1000.0000 	 -1000.0000 	 -1000.0000 	 -1000.0000 
	 32.4370 	 8.047653e-02 	 185.2606 	  1.2555 	 3.154918e+21 	 2.342214e+19 	 1.129208e-05 	 1.839513e-06 	 -1000.0000 	 -1000.0000 	 -1000.0000 	 -1000.0000 
	 32.5640 	 7.942768e-02 	 186.1159 	  1.2530 	 3.099458e+21 	 2.287074e+19 	 1.126009e-05 	 1.837639e-06 	 -1000.0000 	 -1000.0000 	 -1000.0000 	 -1000.0000 
	 34.2700 	 6.683806e-02 	 196.2547 	  1.2600 	 2.463373e+21 	 1.697814e+19 	 1.103975e-05 	 1.895121e-06 	 -1000.0000 	 -1000.0000 	 -1000.0000 	 -1000.0000 
	 34.3960 	 6.600575e-02 	 196.8199 	  1.2643 	 2.424877e+21 	 1.667155e+19 	 1.105022e-05 	 1.907627e-06 	 -1000.0000 	 -1000.0000 	 -1000.0000 	 -1000.0000 
	 34.5220 	 6.518560e-02 	 197.3568 	  1.2690 	 2.387462e+21 	 1.638065e+19 	 1.106468e-05 	 1.921029e-06 	 -1000.0000 	 -1000.0000 	 -1000.0000 	 -1000.0000 
	 34.6490 	 6.437106e-02 	 197.8695 	  1.2741 	 2.350816e+21 	 1.610263e+19 	 1.108327e-05 	 1.935361e-06 	 -1000.0000 	 -1000.0000 	 -1000.0000 	 -1000.0000 
	 34.7750 	 6.357474e-02 	 198.3497 	  1.2794 	 2.315491e+21 	 1.584120e+19 	 1.110569e-05 	 1.950316e-06 	 -1000.0000 	 -1000.0000 	 -1000.0000 	 -1000.0000 
	 38.6960 	 4.354457e-02 	 199.0682 	  1.3522 	 1.586763e+21 	 1.126413e+19 	 1.365836e-05 	 2.344599e-06 	 -1000.0000 	 -1000.0000 	 -1000.0000 	 -1000.0000 
	 38.8210 	 4.302305e-02 	 198.6536 	  1.3464 	 1.571044e+21 	 1.113758e+19 	 1.378193e-05 	 2.344748e-06 	 -1000.0000 	 -1000.0000 	 -1000.0000 	 -1000.0000 
	 38.9470 	 4.250294e-02 	 198.2146 	  1.3403 	 1.555471e+21 	 1.101096e+19 	 1.390460e-05 	 2.344495e-06 	 -1000.0000 	 -1000.0000 	 -1000.0000 	 -1000.0000 
	 39.0720 	 4.199236e-02 	 197.7590 	  1.3341 	 1.540281e+21 	 1.088685e+19 	 1.402364e-05 	 2.343984e-06 	 -1000.0000 	 -1000.0000 	 -1000.0000 	 -1000.0000 
	 39.1980 	 4.148304e-02 	 197.2808 	  1.3278 	 1.525220e+21 	 1.076384e+19 	 1.414019e-05 	 2.343348e-06 	 -1000.0000 	 -1000.0000 	 -1000.0000 	 -1000.0000 
	 40.8990 	 3.507680e-02 	 189.5313 	  1.2829 	 1.341246e+21 	 9.562285e+18 	 1.507287e-05 	 2.386588e-06 	 -1000.0000 	 -1000.0000 	 -1000.0000 	 -1000.0000 
	 41.0240 	 3.463770e-02 	 188.9154 	  1.2837 	 1.328748e+21 	 9.511460e+18 	 1.510798e-05 	 2.395167e-06 	 -1000.0000 	 -1000.0000 	 -1000.0000 	 -1000.0000 
	 41.1490 	 3.420278e-02 	 188.3008 	  1.2849 	 1.316334e+21 	 9.463640e+18 	 1.514674e-05 	 2.404154e-06 	 -1000.0000 	 -1000.0000 	 -1000.0000 	 -1000.0000 
	 41.2740 	 3.377202e-02 	 187.6892 	  1.2864 	 1.303992e+21 	 9.418249e+18 	 1.519113e-05 	 2.413451e-06 	 -1000.0000 	 -1000.0000 	 -1000.0000 	 -1000.0000 
	 41.3990 	 3.334540e-02 	 187.0820 	  1.2881 	 1.291711e+21 	 9.374713e+18 	 1.524315e-05 	 2.422961e-06 	 -1000.0000 	 -1000.0000 	 -1000.0000 	 -1000.0000 
	 43.1110 	 2.791041e-02 	 179.9544 	  1.3126 	 1.124599e+21 	 8.693363e+18 	 1.760800e-05 	 2.528944e-06 	 -1000.0000 	 -1000.0000 	 -1000.0000 	 -1000.0000 
	 43.2360 	 2.754289e-02 	 179.5423 	  1.3137 	 1.112353e+21 	 8.629675e+18 	 1.790469e-05 	 2.533952e-06 	 -1000.0000 	 -1000.0000 	 -1000.0000 	 -1000.0000 
	 43.3610 	 2.717933e-02 	 179.1421 	  1.3150 	 1.100129e+21 	 8.565214e+18 	 1.820769e-05 	 2.538884e-06 	 -1000.0000 	 -1000.0000 	 -1000.0000 	 -1000.0000 
	 43.4860 	 2.681971e-02 	 178.7528 	  1.3164 	 1.087935e+21 	 8.500338e+18 	 1.851428e-05 	 2.543825e-06 	 -1000.0000 	 -1000.0000 	 -1000.0000 	 -1000.0000 
	 43.6110 	 2.646403e-02 	 178.3736 	  1.3179 	 1.075780e+21 	 8.435400e+18 	 1.882173e-05 	 2.548859e-06 	 -1000.0000 	 -1000.0000 	 -1000.0000 	 -1000.0000 
	 45.3040 	 2.203089e-02 	 173.7905 	  1.3732 	 9.188749e+20 	 7.714090e+18 	 2.178855e-05 	 2.662225e-06 	 -1000.0000 	 -1000.0000 	 -1000.0000 	 -1000.0000 
	 45.4290 	 2.173124e-02 	 173.4729 	  1.3805 	 9.080287e+20 	 7.678075e+18 	 2.186690e-05 	 2.673995e-06 	 -1000.0000 	 -1000.0000 	 -1000.0000 	 -1000.0000 
	 45.5530 	 2.143756e-02 	 173.1601 	  1.3881 	 8.973712e+20 	 7.644284e+18 	 2.192590e-05 	 2.685681e-06 	 -1000.0000 	 -1000.0000 	 -1000.0000 	 -1000.0000 
	 45.6780 	 2.114510e-02 	 172.8470 	  1.3960 	 8.867297e+20 	 7.612021e+18 	 2.196705e-05 	 2.697356e-06 	 -1000.0000 	 -1000.0000 	 -1000.0000 	 -1000.0000 
	 45.8020 	 2.085849e-02 	 172.5388 	  1.4042 	 8.762732e+20 	 7.581648e+18 	 2.199024e-05 	 2.708715e-06 	 -1000.0000 	 -1000.0000 	 -1000.0000 	 -1000.0000 
	 49.6200 	 1.354772e-02 	 164.3463 	  1.6886 	 5.975356e+20 	 6.641289e+18 	 1.704228e-05 	 2.349599e-06 	 -1000.0000 	 -1000.0000 	 -1000.0000 	 -1000.0000 
	 49.7440 	 1.335372e-02 	 164.1453 	  1.6949 	 5.896949e+20 	 6.587467e+18 	 1.679388e-05 	 2.303302e-06 	 -1000.0000 	 -1000.0000 	 -1000.0000 	 -1000.0000 
	 49.8680 	 1.316227e-02 	 163.9543 	  1.7009 	 5.819149e+20 	 6.531492e+18 	 1.654628e-05 	 2.256180e-06 	 -1000.0000 	 -1000.0000 	 -1000.0000 	 -1000.0000 
	 49.9910 	 1.297489e-02 	 163.7758 	  1.7064 	 5.742560e+20 	 6.473860e+18 	 1.630206e-05 	 2.208966e-06 	 -1000.0000 	 -1000.0000 	 -1000.0000 	 -1000.0000 
	 50.1150 	 1.278854e-02 	 163.6079 	  1.7115 	 5.665919e+20 	 6.413653e+18 	 1.605787e-05 	 2.161235e-06 	 -1000.0000 	 -1000.0000 	 -1000.0000 	 -1000.0000 
	 51.8030 	 1.050640e-02 	 163.0391 	  1.7307 	 4.671212e+20 	 5.396730e+18 	 1.321350e-05 	 1.659518e-06 	 -1000.0000 	 -1000.0000 	 -1000.0000 	 -1000.0000 
	 51.9260 	 1.035820e-02 	 163.1536 	  1.7281 	 4.601984e+20 	 5.310520e+18 	 1.304837e-05 	 1.638829e-06 	 -1000.0000 	 -1000.0000 	 -1000.0000 	 -1000.0000 
	 52.0500 	 1.021115e-02 	 163.2934 	  1.7251 	 4.532659e+20 	 5.222492e+18 	 1.288631e-05 	 1.619648e-06 	 -1000.0000 	 -1000.0000 	 -1000.0000 	 -1000.0000 
	 52.1730 	 1.006757e-02 	 163.4570 	  1.7215 	 4.464362e+20 	 5.134184e+18 	 1.272951e-05 	 1.602111e-06 	 -1000.0000 	 -1000.0000 	 -1000.0000 	 -1000.0000 
	 52.2960 	 9.926231e-03 	 163.6457 	  1.7175 	 4.396541e+20 	 5.045010e+18 	 1.257623e-05 	 1.585887e-06 	 -1000.0000 	 -1000.0000 	 -1000.0000 	 -1000.0000 
	 53.9860 	 8.194780e-03 	 168.9759 	  1.6186 	 3.517432e+20 	 3.795362e+18 	 1.063347e-05 	 1.412345e-06 	 -1000.0000 	 -1000.0000 	 -1000.0000 	 -1000.0000 
	 54.1090 	 8.082988e-03 	 169.5463 	  1.6091 	 3.457959e+20 	 3.707477e+18 	 1.049949e-05 	 1.400111e-06 	 -1000.0000 	 -1000.0000 	 -1000.0000 	 -1000.0000 
	 54.2320 	 7.973005e-03 	 170.1337 	  1.5996 	 3.399249e+20 	 3.620707e+18 	 1.036763e-05 	 1.388015e-06 	 -1000.0000 	 -1000.0000 	 -1000.0000 	 -1000.0000 
	 54.3550 	 7.864810e-03 	 170.7364 	  1.5900 	 3.341333e+20 	 3.535187e+18 	 1.023823e-05 	 1.376106e-06 	 -1000.0000 	 -1000.0000 	 -1000.0000 	 -1000.0000 
	 54.4780 	 7.758382e-03 	 171.3525 	  1.5804 	 3.284244e+20 	 3.451052e+18 	 1.011160e-05 	 1.364433e-06 	 -1000.0000 	 -1000.0000 	 -1000.0000 	 -1000.0000 
	 56.1660 	 6.464762e-03 	 180.2339 	  1.4699 	 2.599694e+20 	 2.500299e+18 	 8.806040e-06 	 1.251561e-06 	 -1000.0000 	 -1000.0000 	 -1000.0000 	 -1000.0000 
	 56.2890 	 6.381703e-03 	 180.8581 	  1.4639 	 2.557442e+20 	 2.447477e+18 	 8.745621e-06 	 1.247493e-06 	 -1000.0000 	 -1000.0000 	 -1000.0000 	 -1000.0000 
	 56.4120 	 6.300015e-03 	 181.4743 	  1.4582 	 2.516159e+20 	 2.396561e+18 	 8.688951e-06 	 1.243906e-06 	 -1000.0000 	 -1000.0000 	 -1000.0000 	 -1000.0000 
	 56.5350 	 6.219666e-03 	 182.0817 	  1.4526 	 2.475824e+20 	 2.347452e+18 	 8.635753e-06 	 1.240773e-06 	 -1000.0000 	 -1000.0000 	 -1000.0000 	 -1000.0000 
	 56.6580 	 6.140627e-03 	 182.6795 	  1.4472 	 2.436415e+20 	 2.300052e+18 	 8.585753e-06 	 1.238066e-06 	 -1000.0000 	 -1000.0000 	 -1000.0000 	 -1000.0000 
	 58.3320 	 5.179748e-03 	 189.4951 	  1.3721 	 1.981445e+20 	 1.776979e+18 	 8.090337e-06 	 1.230077e-06 	 -1000.0000 	 -1000.0000 	 -1000.0000 	 -1000.0000 
	 58.4540 	 5.117101e-03 	 189.8819 	  1.3661 	 1.953463e+20 	 1.745372e+18 	 8.061579e-06 	 1.230883e-06 	 -1000.0000 	 -1000.0000 	 -1000.0000 	 -1000.0000 
	 58.5760 	 5.055347e-03 	 190.2541 	  1.3600 	 1.926088e+20 	 1.714527e+18 	 8.033620e-06 	 1.231829e-06 	 -1000.0000 	 -1000.0000 	 -1000.0000 	 -1000.0000 
	 58.6980 	 4.994467e-03 	 190.6122 	  1.3540 	 1.899301e+20 	 1.684431e+18 	 8.006461e-06 	 1.232909e-06 	 -1000.0000 	 -1000.0000 	 -1000.0000 	 -1000.0000 
	 58.8210 	 4.933953e-03 	 190.9589 	  1.3478 	 1.872873e+20 	 1.654837e+18 	 7.979891e-06 	 1.234126e-06 	 -1000.0000 	 -1000.0000 	 -1000.0000 	 -1000.0000 
	 60.5040 	 4.183095e-03 	 194.3699 	  1.2692 	 1.560314e+20 	 1.319457e+18 	 7.699356e-06 	 1.260585e-06 	 -1000.0000 	 -1000.0000 	 -1000.0000 	 -1000.0000 
	 60.6260 	 4.133648e-03 	 194.5160 	  1.2643 	 1.540724e+20 	 1.299749e+18 	 7.685039e-06 	 1.263024e-06 	 -1000.0000 	 -1000.0000 	 -1000.0000 	 -1000.0000 
	 60.7480 	 4.084816e-03 	 194.6456 	  1.2594 	 1.521515e+20 	 1.280603e+18 	 7.671525e-06 	 1.265517e-06 	 -1000.0000 	 -1000.0000 	 -1000.0000 	 -1000.0000 
	 60.8700 	 4.036588e-03 	 194.7583 	  1.2547 	 1.502684e+20 	 1.262007e+18 	 7.658810e-06 	 1.268060e-06 	 -1000.0000 	 -1000.0000 	 -1000.0000 	 -1000.0000 
	 60.9920 	 3.988955e-03 	 194.8533 	  1.2501 	 1.484226e+20 	 1.243951e+18 	 7.646890e-06 	 1.270651e-06 	 -1000.0000 	 -1000.0000 	 -1000.0000 	 -1000.0000 
	 62.6640 	 3.390870e-03 	 194.0808 	  1.1999 	 1.266407e+20 	 1.044493e+18 	 7.559440e-06 	 1.309331e-06 	 -1000.0000 	 -1000.0000 	 -1000.0000 	 -1000.0000 
	 62.7860 	 3.350851e-03 	 193.8702 	  1.1970 	 1.252807e+20 	 1.032889e+18 	 7.557274e-06 	 1.312207e-06 	 -1000.0000 	 -1000.0000 	 -1000.0000 	 -1000.0000 
	 62.9080 	 3.311274e-03 	 193.6417 	  1.1943 	 1.239465e+20 	 1.021594e+18 	 7.555319e-06 	 1.315055e-06 	 -1000.0000 	 -1000.0000 	 -1000.0000 	 -1000.0000 
	 63.0300 	 3.272132e-03 	 193.3958 	  1.1916 	 1.226370e+20 	 1.010590e+18 	 7.553494e-06 	 1.317868e-06 	 -1000.0000 	 -1000.0000 	 -1000.0000 	 -1000.0000 
	 63.1520 	 3.233413e-03 	 193.1335 	  1.1889 	 1.213511e+20 	 9.998576e+17 	 7.551719e-06 	 1.320639e-06 	 -1000.0000 	 -1000.0000 	 -1000.0000 	 -1000.0000 
	 64.8270 	 2.739951e-03 	 188.2678 	  1.1519 	 1.055061e+20 	 8.706821e+17 	 7.495770e-06 	 1.351243e-06 	 -1000.0000 	 -1000.0000 	 -1000.0000 	 -1000.0000 
	 64.9490 	 2.706541e-03 	 187.8464 	  1.1489 	 1.044530e+20 	 8.621168e+17 	 7.489144e-06 	 1.352991e-06 	 -1000.0000 	 -1000.0000 	 -1000.0000 	 -1000.0000 
	 65.0710 	 2.673459e-03 	 187.4185 	  1.1458 	 1.034114e+20 	 8.536370e+17 	 7.482572e-06 	 1.354735e-06 	 -1000.0000 	 -1000.0000 	 -1000.0000 	 -1000.0000 
	 65.1920 	 2.640971e-03 	 186.9881 	  1.1427 	 1.023894e+20 	 8.453081e+17 	 7.476213e-06 	 1.356475e-06 	 -1000.0000 	 -1000.0000 	 -1000.0000 	 -1000.0000 
	 65.3140 	 2.608538e-03 	 186.5487 	  1.1396 	 1.013698e+20 	 8.369893e+17 	 7.470065e-06 	 1.358254e-06 	 -1000.0000 	 -1000.0000 	 -1000.0000 	 -1000.0000 
	 66.9700 	 2.199497e-03 	 180.2511 	  1.0907 	 8.846178e+19 	 7.305986e+17 	 7.457068e-06 	 1.391397e-06 	 -1000.0000 	 -1000.0000 	 -1000.0000 	 -1000.0000 
	 67.0910 	 2.171811e-03 	 179.7762 	  1.0870 	 8.757923e+19 	 7.233276e+17 	 7.460843e-06 	 1.394480e-06 	 -1000.0000 	 -1000.0000 	 -1000.0000 	 -1000.0000 
	 67.2130 	 2.144187e-03 	 179.2955 	  1.0834 	 8.669728e+19 	 7.160915e+17 	 7.464582e-06 	 1.397595e-06 	 -1000.0000 	 -1000.0000 	 -1000.0000 	 -1000.0000 
	 67.3340 	 2.117075e-03 	 178.8168 	  1.0800 	 8.583033e+19 	 7.090152e+17 	 7.468044e-06 	 1.400671e-06 	 -1000.0000 	 -1000.0000 	 -1000.0000 	 -1000.0000 
	 67.4550 	 2.090247e-03 	 178.3363 	  1.0766 	 8.497107e+19 	 7.020451e+17 	 7.471084e-06 	 1.403712e-06 	 -1000.0000 	 -1000.0000 	 -1000.0000 	 -1000.0000 
	 69.1230 	 1.747914e-03 	 171.5108 	  1.0548 	 7.387676e+19 	 6.195402e+17 	 7.386071e-06 	 1.432064e-06 	 -1000.0000 	 -1000.0000 	 -1000.0000 	 -1000.0000 
	 69.2440 	 1.724974e-03 	 171.0061 	  1.0551 	 7.312187e+19 	 6.145138e+17 	 7.368943e-06 	 1.432945e-06 	 -1000.0000 	 -1000.0000 	 -1000.0000 	 -1000.0000 
	 69.3650 	 1.702276e-03 	 170.5018 	  1.0555 	 7.237273e+19 	 6.095728e+17 	 7.350878e-06 	 1.433738e-06 	 -1000.0000 	 -1000.0000 	 -1000.0000 	 -1000.0000 
	 69.4860 	 1.679815e-03 	 169.9983 	  1.0561 	 7.162913e+19 	 6.047061e+17 	 7.332029e-06 	 1.434461e-06 	 -1000.0000 	 -1000.0000 	 -1000.0000 	 -1000.0000 
	 69.6070 	 1.657590e-03 	 169.4959 	  1.0568 	 7.089086e+19 	 5.999027e+17 	 7.312550e-06 	 1.435135e-06 	 -1000.0000 	 -1000.0000 	 -1000.0000 	 -1000.0000 
	 71.2660 	 1.375153e-03 	 162.8969 	  1.0645 	 6.120531e+19 	 5.351563e+17 	 7.057759e-06 	 1.449026e-06 	 -1000.0000 	 -1000.0000 	 -1000.0000 	 -1000.0000 
	 71.3860 	 1.356257e-03 	 162.4421 	  1.0646 	 6.053407e+19 	 5.303945e+17 	 7.043533e-06 	 1.450814e-06 	 -1000.0000 	 -1000.0000 	 -1000.0000 	 -1000.0000 
	 71.5070 	 1.337407e-03 	 161.9848 	  1.0646 	 5.986184e+19 	 5.256007e+17 	 7.029824e-06 	 1.452738e-06 	 -1000.0000 	 -1000.0000 	 -1000.0000 	 -1000.0000 
	 71.6270 	 1.318914e-03 	 161.5321 	  1.0646 	 5.919992e+19 	 5.208603e+17 	 7.016844e-06 	 1.454766e-06 	 -1000.0000 	 -1000.0000 	 -1000.0000 	 -1000.0000 
	 71.7480 	 1.300470e-03 	 161.0761 	  1.0646 	 5.853744e+19 	 5.161003e+17 	 7.004364e-06 	 1.456933e-06 	 -1000.0000 	 -1000.0000 	 -1000.0000 	 -1000.0000 
	 73.4090 	 1.067407e-03 	 154.6586 	  1.0699 	 5.002355e+19 	 4.556330e+17 	 6.885113e-06 	 1.498526e-06 	 -1000.0000 	 -1000.0000 	 -1000.0000 	 -1000.0000 
	 73.5290 	 1.051982e-03 	 154.1889 	  1.0709 	 4.944979e+19 	 4.516629e+17 	 6.878694e-06 	 1.502188e-06 	 -1000.0000 	 -1000.0000 	 -1000.0000 	 -1000.0000 
	 73.6490 	 1.036740e-03 	 153.7225 	  1.0719 	 4.888042e+19 	 4.477242e+17 	 6.872205e-06 	 1.505882e-06 	 -1000.0000 	 -1000.0000 	 -1000.0000 	 -1000.0000 
	 73.7690 	 1.021681e-03 	 153.2606 	  1.0730 	 4.831515e+19 	 4.438105e+17 	 6.865564e-06 	 1.509596e-06 	 -1000.0000 	 -1000.0000 	 -1000.0000 	 -1000.0000 
	 73.8890 	 1.006801e-03 	 152.8041 	  1.0741 	 4.775369e+19 	 4.399160e+17 	 6.858693e-06 	 1.513318e-06 	 -1000.0000 	 -1000.0000 	 -1000.0000 	 -1000.0000 
	 75.5320 	 8.204546e-04 	 147.5778 	  1.0896 	 4.031369e+19 	 3.857216e+17 	 6.706364e-06 	 1.559852e-06 	 -1000.0000 	 -1000.0000 	 -1000.0000 	 -1000.0000 
	 75.6520 	 8.080676e-04 	 147.2820 	  1.0909 	 3.978586e+19 	 3.816578e+17 	 6.691041e-06 	 1.563095e-06 	 -1000.0000 	 -1000.0000 	 -1000.0000 	 -1000.0000 
	 75.7710 	 7.959437e-04 	 146.9975 	  1.0923 	 3.926549e+19 	 3.776366e+17 	 6.675755e-06 	 1.566408e-06 	 -1000.0000 	 -1000.0000 	 -1000.0000 	 -1000.0000 
	 75.8910 	 7.838783e-04 	 146.7187 	  1.0938 	 3.874411e+19 	 3.735969e+17 	 6.660367e-06 	 1.569877e-06 	 -1000.0000 	 -1000.0000 	 -1000.0000 	 -1000.0000 
	 76.0110 	 7.719732e-04 	 146.4472 	  1.0954 	 3.822639e+19 	 3.695786e+17 	 6.645130e-06 	 1.573504e-06 	 -1000.0000 	 -1000.0000 	 -1000.0000 	 -1000.0000 
	 77.6650 	 6.237598e-04 	 143.0890 	  1.1382 	 3.159205e+19 	 3.192462e+17 	 6.508511e-06 	 1.654148e-06 	 -1000.0000 	 -1000.0000 	 -1000.0000 	 -1000.0000 
	 77.7840 	 6.141921e-04 	 142.8732 	  1.1424 	 3.115361e+19 	 3.159901e+17 	 6.505437e-06 	 1.662782e-06 	 -1000.0000 	 -1000.0000 	 -1000.0000 	 -1000.0000 
	 77.9030 	 6.047630e-04 	 142.6650 	  1.1466 	 3.071959e+19 	 3.127467e+17 	 6.502982e-06 	 1.671805e-06 	 -1000.0000 	 -1000.0000 	 -1000.0000 	 -1000.0000 
	 78.0230 	 5.953931e-04 	 142.4639 	  1.1508 	 3.028617e+19 	 3.094793e+17 	 6.501045e-06 	 1.681294e-06 	 -1000.0000 	 -1000.0000 	 -1000.0000 	 -1000.0000 
	 78.1420 	 5.862370e-04 	 142.2742 	  1.1548 	 2.986034e+19 	 3.062333e+17 	 6.499571e-06 	 1.691087e-06 	 -1000.0000 	 -1000.0000 	 -1000.0000 	 -1000.0000 
	 79.7870 	 4.725749e-04 	 141.1781 	  1.1756 	 2.427192e+19 	 2.564435e+17 	 6.480005e-06 	 1.863320e-06 	 -1000.0000 	 -1000.0000 	 -1000.0000 	 -1000.0000 
	 79.9070 	 4.651700e-04 	 141.2271 	  1.1746 	 2.388350e+19 	 2.524030e+17 	 6.475989e-06 	 1.878235e-06 	 -1000.0000 	 -1000.0000 	 -1000.0000 	 -1000.0000 
	 80.0260 	 4.579406e-04 	 141.2915 	  1.1735 	 2.350155e+19 	 2.483823e+17 	 6.471417e-06 	 1.893265e-06 	 -1000.0000 	 -1000.0000 	 -1000.0000 	 -1000.0000 
	 80.1450 	 4.508236e-04 	 141.3713 	  1.1724 	 2.312298e+19 	 2.443587e+17 	 6.466219e-06 	 1.908515e-06 	 -1000.0000 	 -1000.0000 	 -1000.0000 	 -1000.0000 
	 80.2640 	 4.438181e-04 	 141.4659 	  1.1714 	 2.274799e+19 	 2.403430e+17 	 6.460356e-06 	 1.923971e-06 	 -1000.0000 	 -1000.0000 	 -1000.0000 	 -1000.0000 
	 81.9100 	 3.578690e-04 	 144.0259 	  1.1973 	 1.801934e+19 	 1.909672e+17 	 6.292980e-06 	 2.150132e-06 	 -1000.0000 	 -1000.0000 	 -1000.0000 	 -1000.0000 
	 82.0290 	 3.524041e-04 	 144.2818 	  1.2029 	 1.771433e+19 	 1.880427e+17 	 6.274388e-06 	 2.166885e-06 	 -1000.0000 	 -1000.0000 	 -1000.0000 	 -1000.0000 
	 82.1480 	 3.470330e-04 	 144.5446 	  1.2089 	 1.741428e+19 	 1.851977e+17 	 6.255078e-06 	 2.183650e-06 	 -1000.0000 	 -1000.0000 	 -1000.0000 	 -1000.0000 
	 82.2660 	 3.417983e-04 	 144.8116 	  1.2151 	 1.712160e+19 	 1.824516e+17 	 6.235263e-06 	 2.200279e-06 	 -1000.0000 	 -1000.0000 	 -1000.0000 	 -1000.0000 
	 82.3850 	 3.366099e-04 	 145.0867 	  1.2216 	 1.683129e+19 	 1.797543e+17 	 6.214649e-06 	 2.217046e-06 	 -1000.0000 	 -1000.0000 	 -1000.0000 	 -1000.0000 
	 86.0660 	 2.132668e-04 	 153.7876 	  1.2847 	 1.005206e+19 	 1.126485e+17 	 5.493069e-06 	 2.700666e-06 	 -1000.0000 	 -1000.0000 	 -1000.0000 	 -1000.0000 
	 86.1840 	 2.102602e-04 	 153.9769 	  1.2769 	 9.898296e+18 	 1.105736e+17 	 5.474426e-06 	 2.714718e-06 	 -1000.0000 	 -1000.0000 	 -1000.0000 	 -1000.0000 
	 86.3020 	 2.072991e-04 	 154.1525 	  1.2689 	 9.747953e+18 	 1.085216e+17 	 5.456465e-06 	 2.728862e-06 	 -1000.0000 	 -1000.0000 	 -1000.0000 	 -1000.0000 
	 86.4200 	 2.043824e-04 	 154.3133 	  1.2609 	 9.600974e+18 	 1.064992e+17 	 5.439219e-06 	 2.743137e-06 	 -1000.0000 	 -1000.0000 	 -1000.0000 	 -1000.0000 
	 86.5380 	 2.015090e-04 	 154.4585 	  1.2529 	 9.457301e+18 	 1.045130e+17 	 5.422718e-06 	 2.757581e-06 	 -1000.0000 	 -1000.0000 	 -1000.0000 	 -1000.0000 
	 88.1790 	 1.654981e-04 	 154.4066 	  1.2064 	 7.768519e+18 	 8.380031e+16 	 5.287889e-06 	 2.997030e-06 	 -1000.0000 	 -1000.0000 	 -1000.0000 	 -1000.0000 
	 88.2970 	 1.631615e-04 	 154.2551 	  1.2092 	 7.666184e+18 	 8.286561e+16 	 5.286149e-06 	 3.018587e-06 	 -1000.0000 	 -1000.0000 	 -1000.0000 	 -1000.0000 
	 88.4140 	 1.608755e-04 	 154.0914 	  1.2125 	 7.566701e+18 	 8.198939e+16 	 5.285613e-06 	 3.040752e-06 	 -1000.0000 	 -1000.0000 	 -1000.0000 	 -1000.0000 
	 88.5320 	 1.586006e-04 	 153.9144 	  1.2163 	 7.468256e+18 	 8.115031e+16 	 5.286296e-06 	 3.063945e-06 	 -1000.0000 	 -1000.0000 	 -1000.0000 	 -1000.0000 
	 88.6490 	 1.563751e-04 	 153.7286 	  1.2204 	 7.372407e+18 	 8.035630e+16 	 5.288211e-06 	 3.087814e-06 	 -1000.0000 	 -1000.0000 	 -1000.0000 	 -1000.0000 
	 90.2720 	 1.283766e-04 	 150.8921 	  1.2677 	 6.167273e+18 	 7.009349e+16 	 5.454282e-06 	 3.529809e-06 	 -1000.0000 	 -1000.0000 	 -1000.0000 	 -1000.0000 
	 90.3890 	 1.265519e-04 	 150.7117 	  1.2687 	 6.086697e+18 	 6.928303e+16 	 5.476911e-06 	 3.570816e-06 	 -1000.0000 	 -1000.0000 	 -1000.0000 	 -1000.0000 
	 90.5060 	 1.247517e-04 	 150.5377 	  1.2693 	 6.006862e+18 	 6.846466e+16 	 5.501001e-06 	 3.613138e-06 	 -1000.0000 	 -1000.0000 	 -1000.0000 	 -1000.0000 
	 90.6240 	 1.229607e-04 	 150.3689 	  1.2697 	 5.927090e+18 	 6.763281e+16 	 5.526778e-06 	 3.657166e-06 	 -1000.0000 	 -1000.0000 	 -1000.0000 	 -1000.0000 
	 90.7410 	 1.212090e-04 	 150.2087 	  1.2698 	 5.848730e+18 	 6.680308e+16 	 5.553808e-06 	 3.702167e-06 	 -1000.0000 	 -1000.0000 	 -1000.0000 	 -1000.0000 
	 92.3720 	 9.914589e-05 	 148.9059 	  1.2521 	 4.830848e+18 	 5.551511e+16 	 6.083367e-06 	 4.477312e-06 	 -1000.0000 	 -1000.0000 	 -1000.0000 	 -1000.0000 
	 92.4890 	 9.772212e-05 	 148.8793 	  1.2505 	 4.763144e+18 	 5.476810e+16 	 6.132030e-06 	 4.544829e-06 	 -1000.0000 	 -1000.0000 	 -1000.0000 	 -1000.0000 
	 92.6060 	 9.631834e-05 	 148.8592 	  1.2491 	 4.696168e+18 	 5.403269e+16 	 6.182031e-06 	 4.614244e-06 	 -1000.0000 	 -1000.0000 	 -1000.0000 	 -1000.0000 
	 92.7240 	 9.492257e-05 	 148.8450 	  1.2479 	 4.629359e+18 	 5.330318e+16 	 6.233792e-06 	 4.686240e-06 	 -1000.0000 	 -1000.0000 	 -1000.0000 	 -1000.0000 
	 92.8410 	 9.355821e-05 	 148.8361 	  1.2468 	 4.563855e+18 	 5.259240e+16 	 6.286415e-06 	 4.759664e-06 	 -1000.0000 	 -1000.0000 	 -1000.0000 	 -1000.0000 
