	 height_(km) 	 press_(mbar) 	 temp_(K) 	 temperr_(K) 	 numdens_(m-3) 	 numdenserr_(m-3) 	 H2Ovmr_() 	 H2Ovmrerr_() 	 D/H_(VSMOW) 	 D/Herr_(VSMOW) 	 18O/16O_(VSMOW) 	 18O/16Oerr_(VSMOW) 
	  1.4680 	 3.041285e+00 	 139.6117 	  2.6928 	 1.579015e+23 	 3.150500e+21 	 2.912015e-11 	 3.375304e-11 	 -1000.0000 	 -1000.0000 	 -1000.0000 	 -1000.0000 
	  1.6320 	 2.972963e+00 	 139.3603 	  2.4704 	 1.546311e+23 	 2.849248e+21 	 7.270124e-11 	 6.121048e-11 	 -1000.0000 	 -1000.0000 	 -1000.0000 	 -1000.0000 
	  1.7960 	 2.905995e+00 	 139.1458 	  2.2683 	 1.513818e+23 	 2.577082e+21 	 1.490767e-10 	 1.063618e-10 	 -1000.0000 	 -1000.0000 	 -1000.0000 	 -1000.0000 
	  1.9600 	 2.840372e+00 	 138.9673 	  2.0853 	 1.481562e+23 	 2.332312e+21 	 2.555459e-10 	 1.830714e-10 	 -1000.0000 	 -1000.0000 	 -1000.0000 	 -1000.0000 
	  2.1240 	 2.776087e+00 	 138.8235 	  1.9203 	 1.449567e+23 	 2.113248e+21 	 3.727161e-10 	 2.829637e-10 	 -1000.0000 	 -1000.0000 	 -1000.0000 	 -1000.0000 
	  2.9780 	 2.462694e+00 	 138.5940 	  1.3125 	 1.288192e+23 	 1.322370e+21 	 2.179578e-10 	 6.542975e-11 	 -1000.0000 	 -1000.0000 	 -1000.0000 	 -1000.0000 
	  3.1420 	 2.406558e+00 	 138.6415 	  1.2362 	 1.258397e+23 	 1.225079e+21 	 2.555473e-10 	 7.477607e-11 	 -1000.0000 	 -1000.0000 	 -1000.0000 	 -1000.0000 
	  3.3060 	 2.351708e+00 	 138.7157 	  1.1704 	 1.229047e+23 	 1.141317e+21 	 2.806373e-10 	 8.356966e-11 	 -1000.0000 	 -1000.0000 	 -1000.0000 	 -1000.0000 
	  3.4700 	 2.298137e+00 	 138.8156 	  1.1140 	 1.200170e+23 	 1.069393e+21 	 2.958658e-10 	 9.220476e-11 	 -1000.0000 	 -1000.0000 	 -1000.0000 	 -1000.0000 
	  3.6340 	 2.245839e+00 	 138.9402 	  1.0660 	 1.171790e+23 	 1.007620e+21 	 2.976070e-10 	 9.938226e-11 	 -1000.0000 	 -1000.0000 	 -1000.0000 	 -1000.0000 
	  4.4920 	 1.992605e+00 	 139.9391 	  0.9118 	 1.032390e+23 	 7.864685e+20 	 5.893802e-11 	 1.020988e-10 	 -1000.0000 	 -1000.0000 	 -1000.0000 	 -1000.0000 
	  4.6550 	 1.948193e+00 	 140.1701 	  0.8950 	 1.007773e+23 	 7.557608e+20 	 6.524022e-11 	 1.137993e-10 	 -1000.0000 	 -1000.0000 	 -1000.0000 	 -1000.0000 
	  4.8190 	 1.904605e+00 	 140.4020 	  0.8809 	 9.836345e+22 	 7.274882e+20 	 8.102035e-11 	 1.376237e-10 	 -1000.0000 	 -1000.0000 	 -1000.0000 	 -1000.0000 
	  4.9820 	 1.862330e+00 	 140.6260 	  0.8693 	 9.602800e+22 	 7.017210e+20 	 1.388659e-10 	 1.603077e-10 	 -1000.0000 	 -1000.0000 	 -1000.0000 	 -1000.0000 
	  5.1460 	 1.820805e+00 	 140.8386 	  0.8595 	 9.374333e+22 	 6.778667e+20 	 4.032519e-10 	 2.934817e-10 	 -1000.0000 	 -1000.0000 	 -1000.0000 	 -1000.0000 
	  6.0120 	 1.616654e+00 	 141.5238 	  0.8239 	 8.279275e+22 	 5.756260e+20 	 5.244218e-09 	 1.562995e-09 	 -1000.0000 	 -1000.0000 	 -1000.0000 	 -1000.0000 
	  6.1750 	 1.580849e+00 	 141.5641 	  0.8184 	 8.093093e+22 	 5.594393e+20 	 7.324819e-09 	 1.841123e-09 	 -1000.0000 	 -1000.0000 	 -1000.0000 	 -1000.0000 
	  6.3390 	 1.545630e+00 	 141.5885 	  0.8132 	 7.911185e+22 	 5.439274e+20 	 1.039082e-08 	 2.362154e-09 	 -1000.0000 	 -1000.0000 	 -1000.0000 	 -1000.0000 
	  6.5020 	 1.511414e+00 	 141.6031 	  0.8084 	 7.735319e+22 	 5.292193e+20 	 1.395507e-08 	 3.224375e-09 	 -1000.0000 	 -1000.0000 	 -1000.0000 	 -1000.0000 
	  6.6660 	 1.477773e+00 	 141.6143 	  0.8040 	 7.562885e+22 	 5.150741e+20 	 1.736370e-08 	 4.175367e-09 	 -1000.0000 	 -1000.0000 	 -1000.0000 	 -1000.0000 
	  7.5050 	 1.317556e+00 	 141.8336 	  0.7894 	 6.735745e+22 	 4.507896e+20 	 2.810577e-08 	 6.850789e-09 	 -1000.0000 	 -1000.0000 	 -1000.0000 	 -1000.0000 
	  7.6690 	 1.288444e+00 	 141.9202 	  0.7880 	 6.583251e+22 	 4.395053e+20 	 2.948756e-08 	 7.039738e-09 	 -1000.0000 	 -1000.0000 	 -1000.0000 	 -1000.0000 
	  7.8320 	 1.260172e+00 	 142.0128 	  0.7870 	 6.434744e+22 	 4.286573e+20 	 3.095437e-08 	 7.198726e-09 	 -1000.0000 	 -1000.0000 	 -1000.0000 	 -1000.0000 
	  7.9950 	 1.232538e+00 	 142.1077 	  0.7863 	 6.289373e+22 	 4.181601e+20 	 3.262708e-08 	 7.358873e-09 	 -1000.0000 	 -1000.0000 	 -1000.0000 	 -1000.0000 
	  8.1580 	 1.205517e+00 	 142.2006 	  0.7857 	 6.147224e+22 	 4.079979e+20 	 3.458403e-08 	 7.552347e-09 	 -1000.0000 	 -1000.0000 	 -1000.0000 	 -1000.0000 
	  9.0190 	 1.072081e+00 	 142.5066 	  0.7837 	 5.452727e+22 	 3.592591e+20 	 5.068847e-08 	 9.364830e-09 	 -1000.0000 	 -1000.0000 	 -1000.0000 	 -1000.0000 
	  9.1820 	 1.048466e+00 	 142.5254 	  0.7834 	 5.331676e+22 	 3.508635e+20 	 5.464966e-08 	 9.852579e-09 	 -1000.0000 	 -1000.0000 	 -1000.0000 	 -1000.0000 
	  9.3450 	 1.025362e+00 	 142.5404 	  0.7831 	 5.213550e+22 	 3.427048e+20 	 5.870955e-08 	 1.036547e-08 	 -1000.0000 	 -1000.0000 	 -1000.0000 	 -1000.0000 
	  9.5070 	 1.002903e+00 	 142.5559 	  0.7829 	 5.098858e+22 	 3.348201e+20 	 6.274538e-08 	 1.088110e-08 	 -1000.0000 	 -1000.0000 	 -1000.0000 	 -1000.0000 
	  9.6700 	 9.808070e-01 	 142.5766 	  0.7828 	 4.985992e+22 	 3.271011e+20 	 6.672583e-08 	 1.138488e-08 	 -1000.0000 	 -1000.0000 	 -1000.0000 	 -1000.0000 
	 10.5090 	 8.748999e-01 	 142.9172 	  0.7864 	 4.438493e+22 	 2.903761e+20 	 8.418834e-08 	 1.353221e-08 	 -1000.0000 	 -1000.0000 	 -1000.0000 	 -1000.0000 
	 10.6720 	 8.557850e-01 	 143.0393 	  0.7879 	 4.337938e+22 	 2.837682e+20 	 8.704930e-08 	 1.388066e-08 	 -1000.0000 	 -1000.0000 	 -1000.0000 	 -1000.0000 
	 10.8350 	 8.371142e-01 	 143.1753 	  0.7895 	 4.239298e+22 	 2.773211e+20 	 8.989185e-08 	 1.423031e-08 	 -1000.0000 	 -1000.0000 	 -1000.0000 	 -1000.0000 
	 10.9970 	 8.189839e-01 	 143.3218 	  0.7914 	 4.143192e+22 	 2.710691e+20 	 9.277902e-08 	 1.459285e-08 	 -1000.0000 	 -1000.0000 	 -1000.0000 	 -1000.0000 
	 11.1600 	 8.011561e-01 	 143.4782 	  0.7934 	 4.048464e+22 	 2.649312e+20 	 9.582054e-08 	 1.498663e-08 	 -1000.0000 	 -1000.0000 	 -1000.0000 	 -1000.0000 
	 12.0130 	 7.141076e-01 	 144.3503 	  0.8049 	 3.586134e+22 	 2.351683e+20 	 1.159000e-07 	 1.766970e-08 	 -1000.0000 	 -1000.0000 	 -1000.0000 	 -1000.0000 
	 12.1750 	 6.986888e-01 	 144.5149 	  0.8073 	 3.504696e+22 	 2.299468e+20 	 1.205860e-07 	 1.828495e-08 	 -1000.0000 	 -1000.0000 	 -1000.0000 	 -1000.0000 
	 12.3370 	 6.836141e-01 	 144.6781 	  0.8097 	 3.425228e+22 	 2.248619e+20 	 1.254761e-07 	 1.891571e-08 	 -1000.0000 	 -1000.0000 	 -1000.0000 	 -1000.0000 
	 12.5000 	 6.687901e-01 	 144.8407 	  0.8122 	 3.347225e+22 	 2.198833e+20 	 1.305568e-07 	 1.955583e-08 	 -1000.0000 	 -1000.0000 	 -1000.0000 	 -1000.0000 
	 12.6620 	 6.543951e-01 	 145.0005 	  0.8148 	 3.271612e+22 	 2.150722e+20 	 1.357219e-07 	 2.018793e-08 	 -1000.0000 	 -1000.0000 	 -1000.0000 	 -1000.0000 
	 13.4970 	 5.853963e-01 	 145.7922 	  0.8304 	 2.910787e+22 	 1.924079e+20 	 1.632730e-07 	 2.328662e-08 	 -1000.0000 	 -1000.0000 	 -1000.0000 	 -1000.0000 
	 13.6590 	 5.729711e-01 	 145.9439 	  0.8337 	 2.846014e+22 	 1.883810e+20 	 1.689344e-07 	 2.387493e-08 	 -1000.0000 	 -1000.0000 	 -1000.0000 	 -1000.0000 
	 13.8200 	 5.609099e-01 	 146.0974 	  0.8370 	 2.783155e+22 	 1.844694e+20 	 1.748133e-07 	 2.447370e-08 	 -1000.0000 	 -1000.0000 	 -1000.0000 	 -1000.0000 
	 13.9820 	 5.490530e-01 	 146.2563 	  0.8403 	 2.721356e+22 	 1.806111e+20 	 1.810594e-07 	 2.509905e-08 	 -1000.0000 	 -1000.0000 	 -1000.0000 	 -1000.0000 
	 14.1440 	 5.374662e-01 	 146.4210 	  0.8435 	 2.660934e+22 	 1.768170e+20 	 1.877134e-07 	 2.575517e-08 	 -1000.0000 	 -1000.0000 	 -1000.0000 	 -1000.0000 
	 14.9970 	 4.805236e-01 	 147.4460 	  0.8564 	 2.362654e+22 	 1.574028e+20 	 2.320253e-07 	 2.989353e-08 	 -1000.0000 	 -1000.0000 	 -1000.0000 	 -1000.0000 
	 15.1590 	 4.704284e-01 	 147.6747 	  0.8581 	 2.309457e+22 	 1.537870e+20 	 2.425166e-07 	 3.083547e-08 	 -1000.0000 	 -1000.0000 	 -1000.0000 	 -1000.0000 
	 15.3200 	 4.606140e-01 	 147.9114 	  0.8595 	 2.257666e+22 	 1.502280e+20 	 2.536419e-07 	 3.182455e-08 	 -1000.0000 	 -1000.0000 	 -1000.0000 	 -1000.0000 
	 15.4820 	 4.509556e-01 	 148.1581 	  0.8607 	 2.206640e+22 	 1.466887e+20 	 2.655564e-07 	 3.287595e-08 	 -1000.0000 	 -1000.0000 	 -1000.0000 	 -1000.0000 
	 15.6440 	 4.415119e-01 	 148.4127 	  0.8618 	 2.156708e+22 	 1.431985e+20 	 2.782183e-07 	 3.398738e-08 	 -1000.0000 	 -1000.0000 	 -1000.0000 	 -1000.0000 
	 16.4910 	 3.955111e-01 	 149.8388 	  0.8658 	 1.913488e+22 	 1.260121e+20 	 3.581499e-07 	 4.084925e-08 	 -1000.0000 	 -1000.0000 	 -1000.0000 	 -1000.0000 
	 16.6520 	 3.873802e-01 	 150.1248 	  0.8664 	 1.870572e+22 	 1.229738e+20 	 3.766380e-07 	 4.235609e-08 	 -1000.0000 	 -1000.0000 	 -1000.0000 	 -1000.0000 
	 16.8130 	 3.794343e-01 	 150.4154 	  0.8670 	 1.828659e+22 	 1.200078e+20 	 3.965481e-07 	 4.392669e-08 	 -1000.0000 	 -1000.0000 	 -1000.0000 	 -1000.0000 
	 16.9740 	 3.716688e-01 	 150.7110 	  0.8675 	 1.787724e+22 	 1.171130e+20 	 4.180548e-07 	 4.556370e-08 	 -1000.0000 	 -1000.0000 	 -1000.0000 	 -1000.0000 
	 17.1350 	 3.640790e-01 	 151.0114 	  0.8681 	 1.747741e+22 	 1.142885e+20 	 4.413318e-07 	 4.727689e-08 	 -1000.0000 	 -1000.0000 	 -1000.0000 	 -1000.0000 
	 17.9710 	 3.273163e-01 	 152.6521 	  0.8710 	 1.554473e+22 	 1.007163e+20 	 5.954183e-07 	 5.742958e-08 	 -1000.0000 	 -1000.0000 	 -1000.0000 	 -1000.0000 
	 18.1320 	 3.207159e-01 	 152.9800 	  0.8719 	 1.519876e+22 	 9.831909e+19 	 6.314109e-07 	 5.955796e-08 	 -1000.0000 	 -1000.0000 	 -1000.0000 	 -1000.0000 
	 18.2930 	 3.142620e-01 	 153.3093 	  0.8730 	 1.486100e+22 	 9.599847e+19 	 6.690342e-07 	 6.169405e-08 	 -1000.0000 	 -1000.0000 	 -1000.0000 	 -1000.0000 
	 18.4540 	 3.079513e-01 	 153.6386 	  0.8743 	 1.453134e+22 	 9.375765e+19 	 7.080756e-07 	 6.383298e-08 	 -1000.0000 	 -1000.0000 	 -1000.0000 	 -1000.0000 
	 18.6150 	 3.017803e-01 	 153.9667 	  0.8761 	 1.420971e+22 	 9.159983e+19 	 7.483108e-07 	 6.597949e-08 	 -1000.0000 	 -1000.0000 	 -1000.0000 	 -1000.0000 
	 19.4550 	 2.717207e-01 	 155.6171 	  0.8932 	 1.265761e+22 	 8.178793e+19 	 9.643119e-07 	 7.690236e-08 	 -1000.0000 	 -1000.0000 	 -1000.0000 	 -1000.0000 
	 19.6150 	 2.663784e-01 	 155.9170 	  0.8980 	 1.238476e+22 	 8.017987e+19 	 1.002907e-06 	 7.879887e-08 	 -1000.0000 	 -1000.0000 	 -1000.0000 	 -1000.0000 
	 19.7760 	 2.611196e-01 	 156.2154 	  0.9032 	 1.211704e+22 	 7.862816e+19 	 1.039370e-06 	 8.058172e-08 	 -1000.0000 	 -1000.0000 	 -1000.0000 	 -1000.0000 
	 19.9370 	 2.559754e-01 	 156.5111 	  0.9087 	 1.185590e+22 	 7.713441e+19 	 1.072750e-06 	 8.216614e-08 	 -1000.0000 	 -1000.0000 	 -1000.0000 	 -1000.0000 
	 20.0970 	 2.509737e-01 	 156.8031 	  0.9143 	 1.160269e+22 	 7.569876e+19 	 1.102249e-06 	 8.345796e-08 	 -1000.0000 	 -1000.0000 	 -1000.0000 	 -1000.0000 
	 20.9290 	 2.266369e-01 	 158.3170 	  0.9439 	 1.037814e+22 	 6.870384e+19 	 1.189934e-06 	 8.681054e-08 	 -1000.0000 	 -1000.0000 	 -1000.0000 	 -1000.0000 
	 21.0890 	 2.222598e-01 	 158.6094 	  0.9492 	 1.015903e+22 	 6.740954e+19 	 1.195581e-06 	 8.696849e-08 	 -1000.0000 	 -1000.0000 	 -1000.0000 	 -1000.0000 
	 21.2490 	 2.179754e-01 	 158.9020 	  0.9543 	 9.944907e+21 	 6.612699e+19 	 1.198995e-06 	 8.701566e-08 	 -1000.0000 	 -1000.0000 	 -1000.0000 	 -1000.0000 
	 21.4090 	 2.137816e-01 	 159.1943 	  0.9590 	 9.735664e+21 	 6.485499e+19 	 1.200909e-06 	 8.697984e-08 	 -1000.0000 	 -1000.0000 	 -1000.0000 	 -1000.0000 
	 21.5690 	 2.096762e-01 	 159.4861 	  0.9635 	 9.531194e+21 	 6.359234e+19 	 1.202070e-06 	 8.690489e-08 	 -1000.0000 	 -1000.0000 	 -1000.0000 	 -1000.0000 
	 22.4130 	 1.894021e-01 	 161.0121 	  0.9803 	 8.527152e+21 	 5.704386e+19 	 1.225741e-06 	 8.931462e-08 	 -1000.0000 	 -1000.0000 	 -1000.0000 	 -1000.0000 
	 22.5720 	 1.858290e-01 	 161.3021 	  0.9821 	 8.351073e+21 	 5.583052e+19 	 1.238337e-06 	 9.102282e-08 	 -1000.0000 	 -1000.0000 	 -1000.0000 	 -1000.0000 
	 22.7320 	 1.823087e-01 	 161.5989 	  0.9836 	 8.177715e+21 	 5.461874e+19 	 1.254752e-06 	 9.324073e-08 	 -1000.0000 	 -1000.0000 	 -1000.0000 	 -1000.0000 
	 22.8920 	 1.788623e-01 	 161.9026 	  0.9848 	 8.008047e+21 	 5.341754e+19 	 1.275191e-06 	 9.588662e-08 	 -1000.0000 	 -1000.0000 	 -1000.0000 	 -1000.0000 
	 23.0510 	 1.755093e-01 	 162.2131 	  0.9857 	 7.842946e+21 	 5.223570e+19 	 1.299670e-06 	 9.884482e-08 	 -1000.0000 	 -1000.0000 	 -1000.0000 	 -1000.0000 
	 23.8930 	 1.588882e-01 	 164.0664 	  0.9874 	 7.021338e+21 	 4.623150e+19 	 1.500044e-06 	 1.173349e-07 	 -1000.0000 	 -1000.0000 	 -1000.0000 	 -1000.0000 
	 24.0520 	 1.559519e-01 	 164.4503 	  0.9874 	 6.875709e+21 	 4.515980e+19 	 1.549876e-06 	 1.212990e-07 	 -1000.0000 	 -1000.0000 	 -1000.0000 	 -1000.0000 
	 24.2120 	 1.530579e-01 	 164.8386 	  0.9875 	 6.732326e+21 	 4.410710e+19 	 1.602419e-06 	 1.253617e-07 	 -1000.0000 	 -1000.0000 	 -1000.0000 	 -1000.0000 
	 24.3720 	 1.502232e-01 	 165.2247 	  0.9877 	 6.592182e+21 	 4.308273e+19 	 1.656481e-06 	 1.294311e-07 	 -1000.0000 	 -1000.0000 	 -1000.0000 	 -1000.0000 
	 24.5310 	 1.474630e-01 	 165.6020 	  0.9880 	 6.456189e+21 	 4.209535e+19 	 1.710753e-06 	 1.334136e-07 	 -1000.0000 	 -1000.0000 	 -1000.0000 	 -1000.0000 
	 25.3560 	 1.339879e-01 	 167.3071 	  0.9935 	 5.805113e+21 	 3.754409e+19 	 1.961010e-06 	 1.503080e-07 	 -1000.0000 	 -1000.0000 	 -1000.0000 	 -1000.0000 
	 25.5160 	 1.315300e-01 	 167.5788 	  0.9952 	 5.689244e+21 	 3.677065e+19 	 1.996158e-06 	 1.524023e-07 	 -1000.0000 	 -1000.0000 	 -1000.0000 	 -1000.0000 
	 25.6750 	 1.291360e-01 	 167.8338 	  0.9971 	 5.577153e+21 	 3.602968e+19 	 2.025005e-06 	 1.540615e-07 	 -1000.0000 	 -1000.0000 	 -1000.0000 	 -1000.0000 
	 25.8340 	 1.267898e-01 	 168.0762 	  0.9989 	 5.467961e+21 	 3.531250e+19 	 2.047205e-06 	 1.552999e-07 	 -1000.0000 	 -1000.0000 	 -1000.0000 	 -1000.0000 
	 25.9930 	 1.244911e-01 	 168.3084 	  1.0006 	 5.361525e+21 	 3.461535e+19 	 2.062179e-06 	 1.561075e-07 	 -1000.0000 	 -1000.0000 	 -1000.0000 	 -1000.0000 
	 26.8300 	 1.131489e-01 	 169.4479 	  1.0059 	 4.841162e+21 	 3.113981e+19 	 2.003008e-06 	 1.528473e-07 	 -1000.0000 	 -1000.0000 	 -1000.0000 	 -1000.0000 
	 26.9890 	 1.111307e-01 	 169.6527 	  1.0062 	 4.749150e+21 	 3.050933e+19 	 1.966282e-06 	 1.508585e-07 	 -1000.0000 	 -1000.0000 	 -1000.0000 	 -1000.0000 
	 27.1480 	 1.091522e-01 	 169.8503 	  1.0066 	 4.659202e+21 	 2.989348e+19 	 1.923661e-06 	 1.485556e-07 	 -1000.0000 	 -1000.0000 	 -1000.0000 	 -1000.0000 
	 27.3060 	 1.072238e-01 	 170.0376 	  1.0071 	 4.571826e+21 	 2.929878e+19 	 1.876644e-06 	 1.460202e-07 	 -1000.0000 	 -1000.0000 	 -1000.0000 	 -1000.0000 
	 27.4650 	 1.053195e-01 	 170.2152 	  1.0078 	 4.485879e+21 	 2.872051e+19 	 1.825836e-06 	 1.432820e-07 	 -1000.0000 	 -1000.0000 	 -1000.0000 	 -1000.0000 
	 28.2900 	 9.595978e-02 	 170.8981 	  1.0206 	 4.070301e+21 	 2.614061e+19 	 1.551595e-06 	 1.285470e-07 	 -1000.0000 	 -1000.0000 	 -1000.0000 	 -1000.0000 
	 28.4490 	 9.424974e-02 	 170.9848 	  1.0250 	 3.995673e+21 	 2.572555e+19 	 1.502690e-06 	 1.259275e-07 	 -1000.0000 	 -1000.0000 	 -1000.0000 	 -1000.0000 
	 28.6080 	 9.256992e-02 	 171.0627 	  1.0298 	 3.922649e+21 	 2.533060e+19 	 1.455836e-06 	 1.234160e-07 	 -1000.0000 	 -1000.0000 	 -1000.0000 	 -1000.0000 
	 28.7660 	 9.093075e-02 	 171.1340 	  1.0349 	 3.851603e+21 	 2.495477e+19 	 1.411499e-06 	 1.210347e-07 	 -1000.0000 	 -1000.0000 	 -1000.0000 	 -1000.0000 
	 28.9250 	 8.931165e-02 	 171.2023 	  1.0403 	 3.781566e+21 	 2.459002e+19 	 1.369304e-06 	 1.187608e-07 	 -1000.0000 	 -1000.0000 	 -1000.0000 	 -1000.0000 
	 29.7540 	 8.136751e-02 	 171.6058 	  1.0691 	 3.437445e+21 	 2.278535e+19 	 1.194806e-06 	 1.091023e-07 	 -1000.0000 	 -1000.0000 	 -1000.0000 	 -1000.0000 
	 29.9120 	 7.994518e-02 	 171.7003 	  1.0743 	 3.375500e+21 	 2.244654e+19 	 1.170665e-06 	 1.077195e-07 	 -1000.0000 	 -1000.0000 	 -1000.0000 	 -1000.0000 
	 30.0710 	 7.854111e-02 	 171.7999 	  1.0794 	 3.314278e+21 	 2.210684e+19 	 1.149176e-06 	 1.064880e-07 	 -1000.0000 	 -1000.0000 	 -1000.0000 	 -1000.0000 
	 30.2290 	 7.717182e-02 	 171.9022 	  1.0843 	 3.254531e+21 	 2.177073e+19 	 1.130521e-06 	 1.054283e-07 	 -1000.0000 	 -1000.0000 	 -1000.0000 	 -1000.0000 
	 30.3870 	 7.582731e-02 	 172.0071 	  1.0892 	 3.195847e+21 	 2.143625e+19 	 1.114471e-06 	 1.045371e-07 	 -1000.0000 	 -1000.0000 	 -1000.0000 	 -1000.0000 
	 31.2240 	 6.907504e-02 	 172.5584 	  1.1119 	 2.902069e+21 	 1.969885e+19 	 1.069847e-06 	 1.027863e-07 	 -1000.0000 	 -1000.0000 	 -1000.0000 	 -1000.0000 
	 31.3820 	 6.786551e-02 	 172.6431 	  1.1154 	 2.849911e+21 	 1.937787e+19 	 1.069292e-06 	 1.030123e-07 	 -1000.0000 	 -1000.0000 	 -1000.0000 	 -1000.0000 
	 31.5410 	 6.666897e-02 	 172.7123 	  1.1185 	 2.798581e+21 	 1.905692e+19 	 1.071660e-06 	 1.034019e-07 	 -1000.0000 	 -1000.0000 	 -1000.0000 	 -1000.0000 
	 31.6990 	 6.550050e-02 	 172.7606 	  1.1211 	 2.748776e+21 	 1.873990e+19 	 1.077117e-06 	 1.039425e-07 	 -1000.0000 	 -1000.0000 	 -1000.0000 	 -1000.0000 
	 31.8570 	 6.435254e-02 	 172.7839 	  1.1230 	 2.700217e+21 	 1.842469e+19 	 1.085862e-06 	 1.046276e-07 	 -1000.0000 	 -1000.0000 	 -1000.0000 	 -1000.0000 
	 32.6680 	 5.878259e-02 	 172.3693 	  1.1214 	 2.472041e+21 	 1.683225e+19 	 1.187019e-06 	 1.099684e-07 	 -1000.0000 	 -1000.0000 	 -1000.0000 	 -1000.0000 
	 32.8260 	 5.775811e-02 	 172.1867 	  1.1188 	 2.431481e+21 	 1.652803e+19 	 1.215590e-06 	 1.112311e-07 	 -1000.0000 	 -1000.0000 	 -1000.0000 	 -1000.0000 
	 32.9840 	 5.675190e-02 	 171.9834 	  1.1158 	 2.391929e+21 	 1.622673e+19 	 1.245194e-06 	 1.125050e-07 	 -1000.0000 	 -1000.0000 	 -1000.0000 	 -1000.0000 
	 33.1410 	 5.576946e-02 	 171.7671 	  1.1126 	 2.353499e+21 	 1.593071e+19 	 1.274746e-06 	 1.137552e-07 	 -1000.0000 	 -1000.0000 	 -1000.0000 	 -1000.0000 
	 33.2990 	 5.479757e-02 	 171.5414 	  1.1090 	 2.315576e+21 	 1.563665e+19 	 1.303732e-06 	 1.149710e-07 	 -1000.0000 	 -1000.0000 	 -1000.0000 	 -1000.0000 
	 34.1320 	 4.992570e-02 	 170.4602 	  1.0923 	 2.123271e+21 	 1.416689e+19 	 1.410725e-06 	 1.197044e-07 	 -1000.0000 	 -1000.0000 	 -1000.0000 	 -1000.0000 
	 34.2890 	 4.905204e-02 	 170.3092 	  1.0899 	 2.087935e+21 	 1.390568e+19 	 1.419313e-06 	 1.201686e-07 	 -1000.0000 	 -1000.0000 	 -1000.0000 	 -1000.0000 
	 34.4460 	 4.819243e-02 	 170.1798 	  1.0879 	 2.052871e+21 	 1.364867e+19 	 1.424629e-06 	 1.204906e-07 	 -1000.0000 	 -1000.0000 	 -1000.0000 	 -1000.0000 
	 34.6040 	 4.734159e-02 	 170.0730 	  1.0860 	 2.017865e+21 	 1.339385e+19 	 1.426971e-06 	 1.206708e-07 	 -1000.0000 	 -1000.0000 	 -1000.0000 	 -1000.0000 
	 34.7610 	 4.651035e-02 	 169.9916 	  1.0844 	 1.983369e+21 	 1.314400e+19 	 1.426606e-06 	 1.207067e-07 	 -1000.0000 	 -1000.0000 	 -1000.0000 	 -1000.0000 
	 35.5720 	 4.244311e-02 	 170.0024 	  1.0785 	 1.810126e+21 	 1.189347e+19 	 1.392780e-06 	 1.186947e-07 	 -1000.0000 	 -1000.0000 	 -1000.0000 	 -1000.0000 
	 35.7290 	 4.169881e-02 	 170.0705 	  1.0778 	 1.777755e+21 	 1.166024e+19 	 1.381401e-06 	 1.179919e-07 	 -1000.0000 	 -1000.0000 	 -1000.0000 	 -1000.0000 
	 35.8860 	 4.096782e-02 	 170.1447 	  1.0772 	 1.745882e+21 	 1.143167e+19 	 1.368610e-06 	 1.172620e-07 	 -1000.0000 	 -1000.0000 	 -1000.0000 	 -1000.0000 
	 36.0440 	 4.024529e-02 	 170.2181 	  1.0767 	 1.714363e+21 	 1.120726e+19 	 1.354350e-06 	 1.165351e-07 	 -1000.0000 	 -1000.0000 	 -1000.0000 	 -1000.0000 
	 36.2010 	 3.954006e-02 	 170.2825 	  1.0763 	 1.683653e+21 	 1.099071e+19 	 1.338843e-06 	 1.158552e-07 	 -1000.0000 	 -1000.0000 	 -1000.0000 	 -1000.0000 
	 37.0260 	 3.603065e-02 	 170.2222 	  1.0750 	 1.534171e+21 	 9.987421e+18 	 1.238548e-06 	 1.141915e-07 	 -1000.0000 	 -1000.0000 	 -1000.0000 	 -1000.0000 
	 37.1830 	 3.539848e-02 	 170.1287 	  1.0744 	 1.507992e+21 	 9.819437e+18 	 1.218081e-06 	 1.142029e-07 	 -1000.0000 	 -1000.0000 	 -1000.0000 	 -1000.0000 
	 37.3390 	 3.478133e-02 	 170.0246 	  1.0734 	 1.482559e+21 	 9.655739e+18 	 1.198631e-06 	 1.142043e-07 	 -1000.0000 	 -1000.0000 	 -1000.0000 	 -1000.0000 
	 37.4960 	 3.417117e-02 	 169.9164 	  1.0719 	 1.457477e+21 	 9.492247e+18 	 1.180553e-06 	 1.141395e-07 	 -1000.0000 	 -1000.0000 	 -1000.0000 	 -1000.0000 
	 37.6530 	 3.357190e-02 	 169.8125 	  1.0696 	 1.432839e+21 	 9.328024e+18 	 1.164584e-06 	 1.139521e-07 	 -1000.0000 	 -1000.0000 	 -1000.0000 	 -1000.0000 
	 38.4800 	 3.059001e-02 	 169.6140 	  1.0415 	 1.307776e+21 	 8.381224e+18 	 1.136131e-06 	 1.088876e-07 	 -1000.0000 	 -1000.0000 	 -1000.0000 	 -1000.0000 
	 38.6360 	 3.005898e-02 	 169.6498 	  1.0337 	 1.284904e+21 	 8.187556e+18 	 1.141504e-06 	 1.071755e-07 	 -1000.0000 	 -1000.0000 	 -1000.0000 	 -1000.0000 
	 38.7920 	 2.953721e-02 	 169.6934 	  1.0258 	 1.262333e+21 	 7.994552e+18 	 1.148903e-06 	 1.053874e-07 	 -1000.0000 	 -1000.0000 	 -1000.0000 	 -1000.0000 
	 38.9490 	 2.902114e-02 	 169.7371 	  1.0182 	 1.239964e+21 	 7.803754e+18 	 1.157679e-06 	 1.035965e-07 	 -1000.0000 	 -1000.0000 	 -1000.0000 	 -1000.0000 
	 39.1050 	 2.851703e-02 	 169.7722 	  1.0114 	 1.218124e+21 	 7.620345e+18 	 1.167008e-06 	 1.019114e-07 	 -1000.0000 	 -1000.0000 	 -1000.0000 	 -1000.0000 
	 39.9140 	 2.602972e-02 	 169.5352 	  0.9997 	 1.112519e+21 	 6.864948e+18 	 1.199501e-06 	 9.776938e-08 	 -1000.0000 	 -1000.0000 	 -1000.0000 	 -1000.0000 
	 40.0690 	 2.557586e-02 	 169.3820 	  1.0030 	 1.093869e+21 	 6.765246e+18 	 1.200071e-06 	 9.811059e-08 	 -1000.0000 	 -1000.0000 	 -1000.0000 	 -1000.0000 
	 40.2250 	 2.512618e-02 	 169.1947 	  1.0076 	 1.075585e+21 	 6.677663e+18 	 1.198855e-06 	 9.877065e-08 	 -1000.0000 	 -1000.0000 	 -1000.0000 	 -1000.0000 
	 40.3810 	 2.468352e-02 	 168.9758 	  1.0136 	 1.057774e+21 	 6.601711e+18 	 1.195946e-06 	 9.971364e-08 	 -1000.0000 	 -1000.0000 	 -1000.0000 	 -1000.0000 
	 40.5370 	 2.424779e-02 	 168.7271 	  1.0206 	 1.040417e+21 	 6.536216e+18 	 1.191448e-06 	 1.009043e-07 	 -1000.0000 	 -1000.0000 	 -1000.0000 	 -1000.0000 
	 44.1670 	 1.584488e-02 	 158.6774 	  1.0308 	 7.240449e+20 	 5.182958e+18 	 8.919749e-07 	 1.173771e-07 	 -1000.0000 	 -1000.0000 	 -1000.0000 	 -1000.0000 
	 44.3230 	 1.554902e-02 	 158.2270 	  1.0089 	 7.125671e+20 	 5.031321e+18 	 8.817325e-07 	 1.148682e-07 	 -1000.0000 	 -1000.0000 	 -1000.0000 	 -1000.0000 
	 44.4780 	 1.525974e-02 	 157.7819 	  0.9867 	 7.012807e+20 	 4.878047e+18 	 8.726848e-07 	 1.122970e-07 	 -1000.0000 	 -1000.0000 	 -1000.0000 	 -1000.0000 
	 44.6330 	 1.497508e-02 	 157.3372 	  0.9649 	 6.901242e+20 	 4.725929e+18 	 8.648766e-07 	 1.097649e-07 	 -1000.0000 	 -1000.0000 	 -1000.0000 	 -1000.0000 
	 44.7890 	 1.469319e-02 	 156.8884 	  0.9440 	 6.790393e+20 	 4.577788e+18 	 8.583844e-07 	 1.073749e-07 	 -1000.0000 	 -1000.0000 	 -1000.0000 	 -1000.0000 
	 45.5910 	 1.331517e-02 	 154.4916 	  0.8828 	 6.247680e+20 	 4.024943e+18 	 8.499741e-07 	 1.016945e-07 	 -1000.0000 	 -1000.0000 	 -1000.0000 	 -1000.0000 
	 45.7460 	 1.306217e-02 	 154.0008 	  0.8813 	 6.148478e+20 	 3.965837e+18 	 8.525453e-07 	 1.020739e-07 	 -1000.0000 	 -1000.0000 	 -1000.0000 	 -1000.0000 
	 45.9010 	 1.281332e-02 	 153.4989 	  0.8820 	 6.051099e+20 	 3.917669e+18 	 8.557726e-07 	 1.027625e-07 	 -1000.0000 	 -1000.0000 	 -1000.0000 	 -1000.0000 
	 46.0560 	 1.256857e-02 	 152.9849 	  0.8843 	 5.955521e+20 	 3.877916e+18 	 8.593142e-07 	 1.036673e-07 	 -1000.0000 	 -1000.0000 	 -1000.0000 	 -1000.0000 
	 46.2110 	 1.232784e-02 	 152.4581 	  0.8878 	 5.861723e+20 	 3.844055e+18 	 8.628296e-07 	 1.046957e-07 	 -1000.0000 	 -1000.0000 	 -1000.0000 	 -1000.0000 
	 47.0250 	 1.112697e-02 	 149.4529 	  0.9021 	 5.397260e+20 	 3.669732e+18 	 8.687015e-07 	 1.087546e-07 	 -1000.0000 	 -1000.0000 	 -1000.0000 	 -1000.0000 
	 47.1800 	 1.090975e-02 	 148.8384 	  0.9023 	 5.313714e+20 	 3.628787e+18 	 8.666274e-07 	 1.089809e-07 	 -1000.0000 	 -1000.0000 	 -1000.0000 	 -1000.0000 
	 47.3340 	 1.069733e-02 	 148.2186 	  0.9021 	 5.232012e+20 	 3.586667e+18 	 8.638992e-07 	 1.090778e-07 	 -1000.0000 	 -1000.0000 	 -1000.0000 	 -1000.0000 
	 47.4880 	 1.048821e-02 	 147.5917 	  0.9017 	 5.151500e+20 	 3.543872e+18 	 8.607045e-07 	 1.090788e-07 	 -1000.0000 	 -1000.0000 	 -1000.0000 	 -1000.0000 
	 47.6430 	 1.028094e-02 	 146.9557 	  0.9012 	 5.071554e+20 	 3.500884e+18 	 8.572195e-07 	 1.090142e-07 	 -1000.0000 	 -1000.0000 	 -1000.0000 	 -1000.0000 
	 48.4550 	 9.244323e-03 	 143.6122 	  0.9073 	 4.666576e+20 	 3.305835e+18 	 8.419615e-07 	 1.087783e-07 	 -1000.0000 	 -1000.0000 	 -1000.0000 	 -1000.0000 
	 48.6100 	 9.055426e-03 	 142.9727 	  0.9111 	 4.591701e+20 	 3.277541e+18 	 8.402103e-07 	 1.088595e-07 	 -1000.0000 	 -1000.0000 	 -1000.0000 	 -1000.0000 
	 48.7640 	 8.870589e-03 	 142.3322 	  0.9157 	 4.518233e+20 	 3.252368e+18 	 8.386975e-07 	 1.089672e-07 	 -1000.0000 	 -1000.0000 	 -1000.0000 	 -1000.0000 
	 48.9180 	 8.688589e-03 	 141.6841 	  0.9212 	 4.445770e+20 	 3.230083e+18 	 8.373202e-07 	 1.090922e-07 	 -1000.0000 	 -1000.0000 	 -1000.0000 	 -1000.0000 
	 49.0730 	 8.508281e-03 	 141.0217 	  0.9276 	 4.373934e+20 	 3.210524e+18 	 8.359777e-07 	 1.092259e-07 	 -1000.0000 	 -1000.0000 	 -1000.0000 	 -1000.0000 
	 49.8690 	 7.627855e-03 	 137.3749 	  0.9738 	 4.025241e+20 	 3.153887e+18 	 8.261273e-07 	 1.096377e-07 	 -1000.0000 	 -1000.0000 	 -1000.0000 	 -1000.0000 
	 50.0230 	 7.466196e-03 	 136.6161 	  0.9853 	 3.961816e+20 	 3.151137e+18 	 8.230408e-07 	 1.096072e-07 	 -1000.0000 	 -1000.0000 	 -1000.0000 	 -1000.0000 
	 50.1770 	 7.307249e-03 	 135.8422 	  0.9977 	 3.899576e+20 	 3.150984e+18 	 8.194139e-07 	 1.095301e-07 	 -1000.0000 	 -1000.0000 	 -1000.0000 	 -1000.0000 
	 50.3310 	 7.150966e-03 	 135.0544 	  1.0109 	 3.838454e+20 	 3.153401e+18 	 8.151846e-07 	 1.094026e-07 	 -1000.0000 	 -1000.0000 	 -1000.0000 	 -1000.0000 
	 50.4850 	 6.997299e-03 	 134.2540 	  1.0250 	 3.778384e+20 	 3.158363e+18 	 8.102915e-07 	 1.092207e-07 	 -1000.0000 	 -1000.0000 	 -1000.0000 	 -1000.0000 
	 51.2930 	 6.232020e-03 	 129.9081 	  1.1137 	 3.477611e+20 	 3.225206e+18 	 7.716082e-07 	 1.072474e-07 	 -1000.0000 	 -1000.0000 	 -1000.0000 	 -1000.0000 
	 51.4460 	 6.094499e-03 	 129.0818 	  1.1340 	 3.422599e+20 	 3.245547e+18 	 7.616975e-07 	 1.066702e-07 	 -1000.0000 	 -1000.0000 	 -1000.0000 	 -1000.0000 
	 51.6000 	 5.958338e-03 	 128.2618 	  1.1560 	 3.367499e+20 	 3.268536e+18 	 7.509610e-07 	 1.060260e-07 	 -1000.0000 	 -1000.0000 	 -1000.0000 	 -1000.0000 
	 51.7530 	 5.825256e-03 	 127.4648 	  1.1798 	 3.312875e+20 	 3.293896e+18 	 7.395783e-07 	 1.053244e-07 	 -1000.0000 	 -1000.0000 	 -1000.0000 	 -1000.0000 
	 51.9060 	 5.694315e-03 	 126.6910 	  1.2055 	 3.258216e+20 	 3.321791e+18 	 7.275232e-07 	 1.045629e-07 	 -1000.0000 	 -1000.0000 	 -1000.0000 	 -1000.0000 
	 52.7030 	 5.045211e-03 	 123.2479 	  1.3797 	 2.967552e+20 	 3.506183e+18 	 6.558789e-07 	 9.978056e-08 	 -1000.0000 	 -1000.0000 	 -1000.0000 	 -1000.0000 
	 52.8560 	 4.926956e-03 	 122.7234 	  1.4199 	 2.910345e+20 	 3.544974e+18 	 6.412106e-07 	 9.893096e-08 	 -1000.0000 	 -1000.0000 	 -1000.0000 	 -1000.0000 
	 53.0100 	 4.810132e-03 	 122.2408 	  1.4613 	 2.852518e+20 	 3.582309e+18 	 6.264272e-07 	 9.806695e-08 	 -1000.0000 	 -1000.0000 	 -1000.0000 	 -1000.0000 
	 53.1630 	 4.696325e-03 	 121.8062 	  1.5028 	 2.794937e+20 	 3.616403e+18 	 6.118648e-07 	 9.721121e-08 	 -1000.0000 	 -1000.0000 	 -1000.0000 	 -1000.0000 
	 53.3160 	 4.584838e-03 	 121.4162 	  1.5442 	 2.737342e+20 	 3.646215e+18 	 5.975706e-07 	 9.636965e-08 	 -1000.0000 	 -1000.0000 	 -1000.0000 	 -1000.0000 
	 54.1170 	 4.041418e-03 	 120.0875 	  1.7371 	 2.439963e+20 	 3.685773e+18 	 5.324557e-07 	 9.264815e-08 	 -1000.0000 	 -1000.0000 	 -1000.0000 	 -1000.0000 
	 54.2700 	 3.945350e-03 	 119.9577 	  1.7672 	 2.384630e+20 	 3.667855e+18 	 5.224603e-07 	 9.214233e-08 	 -1000.0000 	 -1000.0000 	 -1000.0000 	 -1000.0000 
	 54.4230 	 3.851615e-03 	 119.8602 	  1.7952 	 2.329922e+20 	 3.642975e+18 	 5.132635e-07 	 9.172083e-08 	 -1000.0000 	 -1000.0000 	 -1000.0000 	 -1000.0000 
	 54.5750 	 3.760727e-03 	 119.7917 	  1.8210 	 2.276250e+20 	 3.612065e+18 	 5.049050e-07 	 9.139229e-08 	 -1000.0000 	 -1000.0000 	 -1000.0000 	 -1000.0000 
	 54.7280 	 3.671413e-03 	 119.7479 	  1.8451 	 2.222964e+20 	 3.575422e+18 	 4.972602e-07 	 9.115884e-08 	 -1000.0000 	 -1000.0000 	 -1000.0000 	 -1000.0000 
	 55.5370 	 3.232453e-03 	 119.8080 	  1.9435 	 1.955701e+20 	 3.316619e+18 	 4.688169e-07 	 9.175720e-08 	 -1000.0000 	 -1000.0000 	 -1000.0000 	 -1000.0000 
	 55.6900 	 3.155354e-03 	 119.8690 	  1.9569 	 1.908040e+20 	 3.258612e+18 	 4.654586e-07 	 9.223201e-08 	 -1000.0000 	 -1000.0000 	 -1000.0000 	 -1000.0000 
	 55.8430 	 3.080090e-03 	 119.9515 	  1.9686 	 1.861239e+20 	 3.197994e+18 	 4.626331e-07 	 9.281697e-08 	 -1000.0000 	 -1000.0000 	 -1000.0000 	 -1000.0000 
	 55.9950 	 3.007120e-03 	 120.0576 	  1.9786 	 1.815561e+20 	 3.135230e+18 	 4.603057e-07 	 9.350423e-08 	 -1000.0000 	 -1000.0000 	 -1000.0000 	 -1000.0000 
	 56.1480 	 2.935471e-03 	 120.1918 	  1.9869 	 1.770372e+20 	 3.069534e+18 	 4.583978e-07 	 9.429988e-08 	 -1000.0000 	 -1000.0000 	 -1000.0000 	 -1000.0000 
	 56.9350 	 2.594947e-03 	 121.4281 	  2.0005 	 1.549232e+20 	 2.693585e+18 	 4.537777e-07 	 9.993555e-08 	 -1000.0000 	 -1000.0000 	 -1000.0000 	 -1000.0000 
	 57.0860 	 2.534823e-03 	 121.7902 	  1.9972 	 1.508822e+20 	 2.614993e+18 	 4.536561e-07 	 1.012962e-07 	 -1000.0000 	 -1000.0000 	 -1000.0000 	 -1000.0000 
	 57.2380 	 2.475926e-03 	 122.2013 	  1.9916 	 1.468788e+20 	 2.534223e+18 	 4.537452e-07 	 1.027530e-07 	 -1000.0000 	 -1000.0000 	 -1000.0000 	 -1000.0000 
	 57.3900 	 2.418630e-03 	 122.6617 	  1.9838 	 1.429397e+20 	 2.451996e+18 	 4.540345e-07 	 1.042957e-07 	 -1000.0000 	 -1000.0000 	 -1000.0000 	 -1000.0000 
	 57.5420 	 2.362903e-03 	 123.1740 	  1.9736 	 1.390647e+20 	 2.368512e+18 	 4.545119e-07 	 1.059230e-07 	 -1000.0000 	 -1000.0000 	 -1000.0000 	 -1000.0000 
	 58.3450 	 2.093312e-03 	 126.8346 	  1.8775 	 1.196531e+20 	 1.915351e+18 	 4.596030e-07 	 1.158512e-07 	 -1000.0000 	 -1000.0000 	 -1000.0000 	 -1000.0000 
	 58.4960 	 2.047049e-03 	 127.7084 	  1.8520 	 1.162094e+20 	 1.830199e+18 	 4.608846e-07 	 1.179419e-07 	 -1000.0000 	 -1000.0000 	 -1000.0000 	 -1000.0000 
	 58.6480 	 2.001823e-03 	 128.6447 	  1.8246 	 1.128146e+20 	 1.745533e+18 	 4.622055e-07 	 1.201046e-07 	 -1000.0000 	 -1000.0000 	 -1000.0000 	 -1000.0000 
	 58.8000 	 1.957918e-03 	 129.6366 	  1.7957 	 1.094942e+20 	 1.662372e+18 	 4.635241e-07 	 1.223189e-07 	 -1000.0000 	 -1000.0000 	 -1000.0000 	 -1000.0000 
	 58.9520 	 1.915303e-03 	 130.6826 	  1.7656 	 1.062510e+20 	 1.581169e+18 	 4.648067e-07 	 1.245784e-07 	 -1000.0000 	 -1000.0000 	 -1000.0000 	 -1000.0000 
	 59.7380 	 1.714384e-03 	 136.8889 	  1.6024 	 9.080643e+19 	 1.208652e+18 	 4.695492e-07 	 1.366984e-07 	 -1000.0000 	 -1000.0000 	 -1000.0000 	 -1000.0000 
	 59.8900 	 1.679048e-03 	 138.2167 	  1.5712 	 8.808727e+19 	 1.147400e+18 	 4.698783e-07 	 1.390527e-07 	 -1000.0000 	 -1000.0000 	 -1000.0000 	 -1000.0000 
	 60.0410 	 1.644990e-03 	 139.5626 	  1.5407 	 8.547261e+19 	 1.089949e+18 	 4.699589e-07 	 1.413641e-07 	 -1000.0000 	 -1000.0000 	 -1000.0000 	 -1000.0000 
	 60.1930 	 1.611720e-03 	 140.9382 	  1.5107 	 8.292789e+19 	 1.035459e+18 	 4.697701e-07 	 1.436499e-07 	 -1000.0000 	 -1000.0000 	 -1000.0000 	 -1000.0000 
	 60.3440 	 1.579641e-03 	 142.3191 	  1.4817 	 8.048663e+19 	 9.845677e+17 	 4.692936e-07 	 1.458669e-07 	 -1000.0000 	 -1000.0000 	 -1000.0000 	 -1000.0000 
	 61.1420 	 1.424769e-03 	 149.6167 	  1.3497 	 6.901475e+19 	 7.658116e+17 	 4.614304e-07 	 1.562622e-07 	 -1000.0000 	 -1000.0000 	 -1000.0000 	 -1000.0000 
	 61.2930 	 1.398000e-03 	 150.9769 	  1.3290 	 6.710233e+19 	 7.329421e+17 	 4.589934e-07 	 1.579636e-07 	 -1000.0000 	 -1000.0000 	 -1000.0000 	 -1000.0000 
	 61.4440 	 1.371978e-03 	 152.3333 	  1.3096 	 6.526382e+19 	 7.023456e+17 	 4.563394e-07 	 1.596014e-07 	 -1000.0000 	 -1000.0000 	 -1000.0000 	 -1000.0000 
	 61.5950 	 1.346677e-03 	 153.6880 	  1.2912 	 6.349540e+19 	 6.738290e+17 	 4.535107e-07 	 1.611868e-07 	 -1000.0000 	 -1000.0000 	 -1000.0000 	 -1000.0000 
	 61.7460 	 1.322074e-03 	 155.0431 	  1.2739 	 6.179324e+19 	 6.471990e+17 	 4.505492e-07 	 1.627312e-07 	 -1000.0000 	 -1000.0000 	 -1000.0000 	 -1000.0000 
	 62.5420 	 1.202940e-03 	 162.2406 	  1.1952 	 5.377242e+19 	 5.306525e+17 	 4.342761e-07 	 1.706002e-07 	 -1000.0000 	 -1000.0000 	 -1000.0000 	 -1000.0000 
	 62.6930 	 1.182155e-03 	 163.5764 	  1.1824 	 5.241795e+19 	 5.121930e+17 	 4.311971e-07 	 1.720633e-07 	 -1000.0000 	 -1000.0000 	 -1000.0000 	 -1000.0000 
	 62.8440 	 1.161888e-03 	 164.8706 	  1.1704 	 5.111783e+19 	 4.948270e+17 	 4.281006e-07 	 1.735021e-07 	 -1000.0000 	 -1000.0000 	 -1000.0000 	 -1000.0000 
	 62.9950 	 1.142113e-03 	 166.1082 	  1.1592 	 4.987303e+19 	 4.785448e+17 	 4.249713e-07 	 1.749081e-07 	 -1000.0000 	 -1000.0000 	 -1000.0000 	 -1000.0000 
	 63.1460 	 1.122804e-03 	 167.2743 	  1.1489 	 4.868449e+19 	 4.633369e+17 	 4.217933e-07 	 1.762725e-07 	 -1000.0000 	 -1000.0000 	 -1000.0000 	 -1000.0000 
	 63.9320 	 1.028856e-03 	 171.6601 	  1.1109 	 4.343107e+19 	 4.009301e+17 	 4.038680e-07 	 1.823726e-07 	 -1000.0000 	 -1000.0000 	 -1000.0000 	 -1000.0000 
	 64.0830 	 1.011919e-03 	 172.1531 	  1.1059 	 4.258923e+19 	 3.917469e+17 	 4.001149e-07 	 1.833196e-07 	 -1000.0000 	 -1000.0000 	 -1000.0000 	 -1000.0000 
	 64.2340 	 9.953064e-04 	 172.5545 	  1.1011 	 4.179100e+19 	 3.832174e+17 	 3.962771e-07 	 1.841964e-07 	 -1000.0000 	 -1000.0000 	 -1000.0000 	 -1000.0000 
	 64.3850 	 9.790060e-04 	 172.8758 	  1.0961 	 4.103146e+19 	 3.752266e+17 	 3.923645e-07 	 1.850056e-07 	 -1000.0000 	 -1000.0000 	 -1000.0000 	 -1000.0000 
	 64.5360 	 9.630049e-04 	 173.1286 	  1.0908 	 4.030571e+19 	 3.676595e+17 	 3.883876e-07 	 1.857501e-07 	 -1000.0000 	 -1000.0000 	 -1000.0000 	 -1000.0000 
	 65.3260 	 8.836857e-04 	 173.7584 	  1.0471 	 3.687680e+19 	 3.308085e+17 	 3.670074e-07 	 1.887422e-07 	 -1000.0000 	 -1000.0000 	 -1000.0000 	 -1000.0000 
	 65.4770 	 8.692943e-04 	 173.7909 	  1.0360 	 3.627077e+19 	 3.239702e+17 	 3.628974e-07 	 1.891815e-07 	 -1000.0000 	 -1000.0000 	 -1000.0000 	 -1000.0000 
	 65.6270 	 8.552289e-04 	 173.7949 	  1.0249 	 3.568324e+19 	 3.173293e+17 	 3.588320e-07 	 1.895920e-07 	 -1000.0000 	 -1000.0000 	 -1000.0000 	 -1000.0000 
	 65.7780 	 8.412971e-04 	 173.7690 	  1.0141 	 3.510638e+19 	 3.108510e+17 	 3.547666e-07 	 1.899862e-07 	 -1000.0000 	 -1000.0000 	 -1000.0000 	 -1000.0000 
	 65.9280 	 8.276785e-04 	 173.7121 	  1.0043 	 3.454784e+19 	 3.046743e+17 	 3.507643e-07 	 1.903655e-07 	 -1000.0000 	 -1000.0000 	 -1000.0000 	 -1000.0000 
	 66.7000 	 7.608874e-04 	 172.8785 	  0.9811 	 3.190109e+19 	 2.787639e+17 	 3.310326e-07 	 1.923441e-07 	 -1000.0000 	 -1000.0000 	 -1000.0000 	 -1000.0000 
	 66.8500 	 7.485170e-04 	 172.6085 	  0.9828 	 3.142947e+19 	 2.749574e+17 	 3.273940e-07 	 1.927525e-07 	 -1000.0000 	 -1000.0000 	 -1000.0000 	 -1000.0000 
	 67.0000 	 7.363337e-04 	 172.3051 	  0.9859 	 3.097064e+19 	 2.714757e+17 	 3.238162e-07 	 1.931660e-07 	 -1000.0000 	 -1000.0000 	 -1000.0000 	 -1000.0000 
	 67.1500 	 7.243333e-04 	 171.9693 	  0.9901 	 3.052407e+19 	 2.682783e+17 	 3.202970e-07 	 1.935826e-07 	 -1000.0000 	 -1000.0000 	 -1000.0000 	 -1000.0000 
	 67.3000 	 7.125114e-04 	 171.6019 	  0.9953 	 3.008925e+19 	 2.653248e+17 	 3.168340e-07 	 1.940002e-07 	 -1000.0000 	 -1000.0000 	 -1000.0000 	 -1000.0000 
	 69.4540 	 5.598487e-04 	 163.4322 	  0.9849 	 2.483340e+19 	 2.256255e+17 	 2.717493e-07 	 1.989150e-07 	 -1000.0000 	 -1000.0000 	 -1000.0000 	 -1000.0000 
	 69.6030 	 5.503103e-04 	 162.7248 	  0.9695 	 2.451613e+19 	 2.217596e+17 	 2.688755e-07 	 1.991262e-07 	 -1000.0000 	 -1000.0000 	 -1000.0000 	 -1000.0000 
	 69.7530 	 5.408323e-04 	 162.0131 	  0.9532 	 2.419944e+19 	 2.177873e+17 	 2.660228e-07 	 1.993323e-07 	 -1000.0000 	 -1000.0000 	 -1000.0000 	 -1000.0000 
	 69.9020 	 5.315418e-04 	 161.3125 	  0.9368 	 2.388685e+19 	 2.138219e+17 	 2.632349e-07 	 1.995360e-07 	 -1000.0000 	 -1000.0000 	 -1000.0000 	 -1000.0000 
	 70.0520 	 5.223150e-04 	 160.6192 	  0.9207 	 2.357347e+19 	 2.098712e+17 	 2.604801e-07 	 1.997458e-07 	 -1000.0000 	 -1000.0000 	 -1000.0000 	 -1000.0000 
	 70.8240 	 4.768530e-04 	 157.4446 	  0.8682 	 2.195736e+19 	 1.923159e+17 	 2.473587e-07 	 2.011382e-07 	 -1000.0000 	 -1000.0000 	 -1000.0000 	 -1000.0000 
	 70.9730 	 4.684699e-04 	 156.9175 	  0.8655 	 2.164409e+19 	 1.896219e+17 	 2.450747e-07 	 2.015208e-07 	 -1000.0000 	 -1000.0000 	 -1000.0000 	 -1000.0000 
	 71.1230 	 4.601570e-04 	 156.4068 	  0.8647 	 2.132957e+19 	 1.870905e+17 	 2.428707e-07 	 2.019630e-07 	 -1000.0000 	 -1000.0000 	 -1000.0000 	 -1000.0000 
	 71.2720 	 4.520243e-04 	 155.9150 	  0.8654 	 2.101865e+19 	 1.847272e+17 	 2.407815e-07 	 2.024674e-07 	 -1000.0000 	 -1000.0000 	 -1000.0000 	 -1000.0000 
	 71.4220 	 4.439619e-04 	 155.4309 	  0.8673 	 2.070782e+19 	 1.824722e+17 	 2.387842e-07 	 2.030490e-07 	 -1000.0000 	 -1000.0000 	 -1000.0000 	 -1000.0000 
	 72.2020 	 4.040228e-04 	 152.9325 	  0.8848 	 1.915137e+19 	 1.717067e+17 	 2.302697e-07 	 2.075400e-07 	 -1000.0000 	 -1000.0000 	 -1000.0000 	 -1000.0000 
	 72.3500 	 3.968063e-04 	 152.4440 	  0.8880 	 1.886956e+19 	 1.697210e+17 	 2.290055e-07 	 2.086878e-07 	 -1000.0000 	 -1000.0000 	 -1000.0000 	 -1000.0000 
	 72.4990 	 3.896501e-04 	 151.9467 	  0.8910 	 1.858995e+19 	 1.677292e+17 	 2.278322e-07 	 2.099312e-07 	 -1000.0000 	 -1000.0000 	 -1000.0000 	 -1000.0000 
	 72.6470 	 3.826469e-04 	 151.4476 	  0.8938 	 1.831609e+19 	 1.657561e+17 	 2.267586e-07 	 2.112492e-07 	 -1000.0000 	 -1000.0000 	 -1000.0000 	 -1000.0000 
	 72.7960 	 3.756986e-04 	 150.9400 	  0.8964 	 1.804408e+19 	 1.637729e+17 	 2.257631e-07 	 2.126551e-07 	 -1000.0000 	 -1000.0000 	 -1000.0000 	 -1000.0000 
	 73.5820 	 3.406162e-04 	 148.1851 	  0.9046 	 1.666327e+19 	 1.533033e+17 	 2.216459e-07 	 2.212048e-07 	 -1000.0000 	 -1000.0000 	 -1000.0000 	 -1000.0000 
	 73.7300 	 3.342956e-04 	 147.6555 	  0.9053 	 1.641261e+19 	 1.513370e+17 	 2.210428e-07 	 2.230019e-07 	 -1000.0000 	 -1000.0000 	 -1000.0000 	 -1000.0000 
	 73.8790 	 3.280258e-04 	 147.1210 	  0.9058 	 1.616322e+19 	 1.493686e+17 	 2.204827e-07 	 2.248660e-07 	 -1000.0000 	 -1000.0000 	 -1000.0000 	 -1000.0000 
	 74.0270 	 3.218922e-04 	 146.5896 	  0.9062 	 1.591844e+19 	 1.474292e+17 	 2.199705e-07 	 2.267705e-07 	 -1000.0000 	 -1000.0000 	 -1000.0000 	 -1000.0000 
	 74.1760 	 3.158134e-04 	 146.0552 	  0.9067 	 1.567498e+19 	 1.454973e+17 	 2.194965e-07 	 2.287393e-07 	 -1000.0000 	 -1000.0000 	 -1000.0000 	 -1000.0000 
	 74.9420 	 2.861293e-04 	 143.3458 	  0.9115 	 1.447074e+19 	 1.360645e+17 	 2.176401e-07 	 2.396252e-07 	 -1000.0000 	 -1000.0000 	 -1000.0000 	 -1000.0000 
	 75.0900 	 2.806923e-04 	 142.8289 	  0.9134 	 1.424727e+19 	 1.343700e+17 	 2.173906e-07 	 2.418802e-07 	 -1000.0000 	 -1000.0000 	 -1000.0000 	 -1000.0000 
	 75.2390 	 2.753100e-04 	 142.3078 	  0.9158 	 1.402532e+19 	 1.327154e+17 	 2.171796e-07 	 2.442069e-07 	 -1000.0000 	 -1000.0000 	 -1000.0000 	 -1000.0000 
	 75.3870 	 2.700516e-04 	 141.7880 	  0.9187 	 1.380788e+19 	 1.311270e+17 	 2.170124e-07 	 2.465782e-07 	 -1000.0000 	 -1000.0000 	 -1000.0000 	 -1000.0000 
	 75.5360 	 2.648430e-04 	 141.2611 	  0.9223 	 1.359202e+19 	 1.295872e+17 	 2.168899e-07 	 2.490306e-07 	 -1000.0000 	 -1000.0000 	 -1000.0000 	 -1000.0000 
	 76.3150 	 2.388918e-04 	 138.3947 	  0.9525 	 1.251343e+19 	 1.226320e+17 	 2.171765e-07 	 2.631862e-07 	 -1000.0000 	 -1000.0000 	 -1000.0000 	 -1000.0000 
	 76.4640 	 2.341580e-04 	 137.8214 	  0.9603 	 1.231642e+19 	 1.214962e+17 	 2.174742e-07 	 2.662611e-07 	 -1000.0000 	 -1000.0000 	 -1000.0000 	 -1000.0000 
	 76.6120 	 2.295271e-04 	 137.2454 	  0.9685 	 1.212348e+19 	 1.204097e+17 	 2.178793e-07 	 2.694901e-07 	 -1000.0000 	 -1000.0000 	 -1000.0000 	 -1000.0000 
	 76.7600 	 2.249666e-04 	 136.6634 	  0.9769 	 1.193321e+19 	 1.193550e+17 	 2.184077e-07 	 2.729193e-07 	 -1000.0000 	 -1000.0000 	 -1000.0000 	 -1000.0000 
	 76.9080 	 2.204757e-04 	 136.0765 	  0.9855 	 1.174549e+19 	 1.183223e+17 	 2.190728e-07 	 2.765738e-07 	 -1000.0000 	 -1000.0000 	 -1000.0000 	 -1000.0000 
	 77.6690 	 1.984649e-04 	 133.0053 	  1.0264 	 1.081753e+19 	 1.130244e+17 	 2.250334e-07 	 2.996871e-07 	 -1000.0000 	 -1000.0000 	 -1000.0000 	 -1000.0000 
	 77.8170 	 1.943905e-04 	 132.4004 	  1.0335 	 1.064393e+19 	 1.119720e+17 	 2.266756e-07 	 3.050408e-07 	 -1000.0000 	 -1000.0000 	 -1000.0000 	 -1000.0000 
	 77.9650 	 1.903822e-04 	 131.7930 	  1.0404 	 1.047255e+19 	 1.109205e+17 	 2.284393e-07 	 3.106305e-07 	 -1000.0000 	 -1000.0000 	 -1000.0000 	 -1000.0000 
	 78.1120 	 1.864659e-04 	 131.1869 	  1.0472 	 1.030452e+19 	 1.098816e+17 	 2.302939e-07 	 3.163937e-07 	 -1000.0000 	 -1000.0000 	 -1000.0000 	 -1000.0000 
	 78.2600 	 1.825878e-04 	 130.5738 	  1.0541 	 1.013755e+19 	 1.088460e+17 	 2.322482e-07 	 3.223878e-07 	 -1000.0000 	 -1000.0000 	 -1000.0000 	 -1000.0000 
	 79.0330 	 1.633730e-04 	 127.3324 	  1.0924 	 9.300834e+18 	 1.037600e+17 	 2.434973e-07 	 3.564591e-07 	 -1000.0000 	 -1000.0000 	 -1000.0000 	 -1000.0000 
	 79.1800 	 1.599140e-04 	 126.7272 	  1.1002 	 9.147276e+18 	 1.028365e+17 	 2.459625e-07 	 3.637522e-07 	 -1000.0000 	 -1000.0000 	 -1000.0000 	 -1000.0000 
	 79.3270 	 1.565169e-04 	 126.1384 	  1.1081 	 8.994726e+18 	 1.019028e+17 	 2.486499e-07 	 3.715365e-07 	 -1000.0000 	 -1000.0000 	 -1000.0000 	 -1000.0000 
	 79.4750 	 1.531589e-04 	 125.5681 	  1.1159 	 8.841796e+18 	 1.009407e+17 	 2.516366e-07 	 3.799803e-07 	 -1000.0000 	 -1000.0000 	 -1000.0000 	 -1000.0000 
	 79.6220 	 1.498853e-04 	 125.0302 	  1.1236 	 8.690196e+18 	 9.995121e+16 	 2.549367e-07 	 3.890765e-07 	 -1000.0000 	 -1000.0000 	 -1000.0000 	 -1000.0000 
	 80.3970 	 1.336354e-04 	 122.8950 	  1.1591 	 7.882458e+18 	 9.373670e+16 	 2.793152e-07 	 4.518223e-07 	 -1000.0000 	 -1000.0000 	 -1000.0000 	 -1000.0000 
	 80.5440 	 1.307424e-04 	 122.6600 	  1.1646 	 7.726275e+18 	 9.232217e+16 	 2.849385e-07 	 4.660627e-07 	 -1000.0000 	 -1000.0000 	 -1000.0000 	 -1000.0000 
	 80.6900 	 1.279279e-04 	 122.4893 	  1.1696 	 7.570249e+18 	 9.084287e+16 	 2.904980e-07 	 4.803821e-07 	 -1000.0000 	 -1000.0000 	 -1000.0000 	 -1000.0000 
	 80.8370 	 1.251528e-04 	 122.3838 	  1.1742 	 7.412298e+18 	 8.927995e+16 	 2.959020e-07 	 4.946963e-07 	 -1000.0000 	 -1000.0000 	 -1000.0000 	 -1000.0000 
	 80.9840 	 1.224363e-04 	 122.3484 	  1.1784 	 7.253546e+18 	 8.764468e+16 	 3.009429e-07 	 5.086248e-07 	 -1000.0000 	 -1000.0000 	 -1000.0000 	 -1000.0000 
	 81.7470 	 1.092621e-04 	 123.4039 	  1.1934 	 6.419862e+18 	 7.807101e+16 	 3.152761e-07 	 5.645504e-07 	 -1000.0000 	 -1000.0000 	 -1000.0000 	 -1000.0000 
	 81.8940 	 1.069009e-04 	 123.8404 	  1.1949 	 6.259310e+18 	 7.606195e+16 	 3.152266e-07 	 5.711204e-07 	 -1000.0000 	 -1000.0000 	 -1000.0000 	 -1000.0000 
	 82.0400 	 1.046125e-04 	 124.3361 	  1.1959 	 6.101002e+18 	 7.403979e+16 	 3.143573e-07 	 5.763296e-07 	 -1000.0000 	 -1000.0000 	 -1000.0000 	 -1000.0000 
	 82.1870 	 1.023658e-04 	 124.8917 	  1.1964 	 5.943290e+18 	 7.198875e+16 	 3.127181e-07 	 5.803037e-07 	 -1000.0000 	 -1000.0000 	 -1000.0000 	 -1000.0000 
	 82.3340 	 1.001767e-04 	 125.4978 	  1.1963 	 5.787789e+18 	 6.993461e+16 	 3.103779e-07 	 5.830621e-07 	 -1000.0000 	 -1000.0000 	 -1000.0000 	 -1000.0000 
	 83.1010 	 8.968848e-05 	 129.2282 	  1.1859 	 5.031806e+18 	 5.961940e+16 	 2.895340e-07 	 5.805179e-07 	 -1000.0000 	 -1000.0000 	 -1000.0000 	 -1000.0000 
	 83.2470 	 8.786233e-05 	 129.9874 	  1.1822 	 4.900880e+18 	 5.779856e+16 	 2.842987e-07 	 5.771913e-07 	 -1000.0000 	 -1000.0000 	 -1000.0000 	 -1000.0000 
	 83.3930 	 8.608546e-05 	 130.7390 	  1.1782 	 4.774390e+18 	 5.603658e+16 	 2.787114e-07 	 5.729998e-07 	 -1000.0000 	 -1000.0000 	 -1000.0000 	 -1000.0000 
	 83.5390 	 8.435544e-05 	 131.4730 	  1.1739 	 4.652405e+18 	 5.433820e+16 	 2.727837e-07 	 5.679486e-07 	 -1000.0000 	 -1000.0000 	 -1000.0000 	 -1000.0000 
	 83.6850 	 8.266987e-05 	 132.1793 	  1.1693 	 4.534998e+18 	 5.270818e+16 	 2.665226e-07 	 5.620340e-07 	 -1000.0000 	 -1000.0000 	 -1000.0000 	 -1000.0000 
	 84.4410 	 7.456332e-05 	 135.0344 	  1.1463 	 4.002288e+18 	 4.552189e+16 	 2.284574e-07 	 5.159901e-07 	 -1000.0000 	 -1000.0000 	 -1000.0000 	 -1000.0000 
	 84.5870 	 7.310426e-05 	 135.3957 	  1.1423 	 3.913371e+18 	 4.437959e+16 	 2.198895e-07 	 5.034566e-07 	 -1000.0000 	 -1000.0000 	 -1000.0000 	 -1000.0000 
	 84.7330 	 7.167676e-05 	 135.6974 	  1.1386 	 3.828415e+18 	 4.330704e+16 	 2.108712e-07 	 4.894172e-07 	 -1000.0000 	 -1000.0000 	 -1000.0000 	 -1000.0000 
	 84.8790 	 7.027973e-05 	 135.9415 	  1.1352 	 3.747155e+18 	 4.229921e+16 	 2.013839e-07 	 4.737379e-07 	 -1000.0000 	 -1000.0000 	 -1000.0000 	 -1000.0000 
	 85.0250 	 6.891208e-05 	 136.1301 	  1.1321 	 3.669322e+18 	 4.135105e+16 	 1.914190e-07 	 4.563088e-07 	 -1000.0000 	 -1000.0000 	 -1000.0000 	 -1000.0000 
	 85.7950 	 6.214295e-05 	 136.3000 	  1.1215 	 3.304953e+18 	 3.713717e+16 	 1.321170e-07 	 3.353968e-07 	 -1000.0000 	 -1000.0000 	 -1000.0000 	 -1000.0000 
	 85.9400 	 6.094538e-05 	 136.2131 	  1.1206 	 3.243165e+18 	 3.645630e+16 	 1.206319e-07 	 3.096229e-07 	 -1000.0000 	 -1000.0000 	 -1000.0000 	 -1000.0000 
	 86.0860 	 5.976287e-05 	 136.1065 	  1.1200 	 3.182602e+18 	 3.579645e+16 	 1.095553e-07 	 2.844435e-07 	 -1000.0000 	 -1000.0000 	 -1000.0000 	 -1000.0000 
	 86.2320 	 5.860324e-05 	 135.9892 	  1.1197 	 3.123482e+18 	 3.515819e+16 	 9.923667e-08 	 2.608439e-07 	 -1000.0000 	 -1000.0000 	 -1000.0000 	 -1000.0000 
	 86.3770 	 5.747369e-05 	 135.8706 	  1.1196 	 3.065980e+18 	 3.454152e+16 	 9.000086e-08 	 2.397587e-07 	 -1000.0000 	 -1000.0000 	 -1000.0000 	 -1000.0000 
	 87.1390 	 5.188110e-05 	 135.5131 	  1.1217 	 2.775981e+18 	 3.143256e+16 	 6.707685e-08 	 1.949524e-07 	 -1000.0000 	 -1000.0000 	 -1000.0000 	 -1000.0000 
	 87.2840 	 5.087940e-05 	 135.5092 	  1.1225 	 2.722616e+18 	 3.085556e+16 	 6.782482e-08 	 2.000742e-07 	 -1000.0000 	 -1000.0000 	 -1000.0000 	 -1000.0000 
	 87.4290 	 4.989711e-05 	 135.5129 	  1.1234 	 2.670052e+18 	 3.028701e+16 	 6.969860e-08 	 2.082952e-07 	 -1000.0000 	 -1000.0000 	 -1000.0000 	 -1000.0000 
	 87.5740 	 4.893402e-05 	 135.5174 	  1.1244 	 2.618416e+18 	 2.972916e+16 	 7.243536e-08 	 2.189502e-07 	 -1000.0000 	 -1000.0000 	 -1000.0000 	 -1000.0000 
	 87.7190 	 4.798994e-05 	 135.5155 	  1.1256 	 2.567834e+18 	 2.918423e+16 	 7.577309e-08 	 2.313743e-07 	 -1000.0000 	 -1000.0000 	 -1000.0000 	 -1000.0000 
	 88.4690 	 4.340145e-05 	 135.1687 	  1.1338 	 2.327289e+18 	 2.664629e+16 	 9.304042e-08 	 2.992044e-07 	 -1000.0000 	 -1000.0000 	 -1000.0000 	 -1000.0000 
	 88.6140 	 4.256853e-05 	 135.0247 	  1.1357 	 2.284958e+18 	 2.620994e+16 	 9.539355e-08 	 3.104399e-07 	 -1000.0000 	 -1000.0000 	 -1000.0000 	 -1000.0000 
	 88.7590 	 4.175182e-05 	 134.8654 	  1.1374 	 2.243730e+18 	 2.578563e+16 	 9.746441e-08 	 3.211543e-07 	 -1000.0000 	 -1000.0000 	 -1000.0000 	 -1000.0000 
	 88.9040 	 4.095075e-05 	 134.6961 	  1.1389 	 2.203473e+18 	 2.537054e+16 	 9.931017e-08 	 3.314932e-07 	 -1000.0000 	 -1000.0000 	 -1000.0000 	 -1000.0000 
	 89.0490 	 4.016470e-05 	 134.5219 	  1.1402 	 2.164057e+18 	 2.496184e+16 	 1.009940e-07 	 3.416207e-07 	 -1000.0000 	 -1000.0000 	 -1000.0000 	 -1000.0000 
	 89.8130 	 3.624869e-05 	 133.7187 	  1.1402 	 1.965407e+18 	 2.281081e+16 	 1.100459e-07 	 3.992949e-07 	 -1000.0000 	 -1000.0000 	 -1000.0000 	 -1000.0000 
	 89.9570 	 3.555061e-05 	 133.6058 	  1.1389 	 1.929228e+18 	 2.239957e+16 	 1.120906e-07 	 4.118449e-07 	 -1000.0000 	 -1000.0000 	 -1000.0000 	 -1000.0000 
	 90.1020 	 3.486043e-05 	 133.5020 	  1.1375 	 1.893255e+18 	 2.198687e+16 	 1.142516e-07 	 4.250186e-07 	 -1000.0000 	 -1000.0000 	 -1000.0000 	 -1000.0000 
	 90.2470 	 3.418307e-05 	 133.4064 	  1.1359 	 1.857779e+18 	 2.157742e+16 	 1.164990e-07 	 4.386937e-07 	 -1000.0000 	 -1000.0000 	 -1000.0000 	 -1000.0000 
	 90.3910 	 3.352310e-05 	 133.3179 	  1.1344 	 1.823078e+18 	 2.117581e+16 	 1.187982e-07 	 4.527256e-07 	 -1000.0000 	 -1000.0000 	 -1000.0000 	 -1000.0000 
	 91.1360 	 3.031132e-05 	 132.8993 	  1.1309 	 1.653328e+18 	 1.924155e+16 	 1.308731e-07 	 5.298890e-07 	 -1000.0000 	 -1000.0000 	 -1000.0000 	 -1000.0000 
	 91.2810 	 2.972428e-05 	 132.8181 	  1.1313 	 1.622276e+18 	 1.889782e+16 	 1.331504e-07 	 5.454607e-07 	 -1000.0000 	 -1000.0000 	 -1000.0000 	 -1000.0000 
	 91.4250 	 2.915255e-05 	 132.7367 	  1.1319 	 1.592036e+18 	 1.856563e+16 	 1.353852e-07 	 5.610893e-07 	 -1000.0000 	 -1000.0000 	 -1000.0000 	 -1000.0000 
	 91.5690 	 2.859155e-05 	 132.6546 	  1.1328 	 1.562367e+18 	 1.824173e+16 	 1.375966e-07 	 5.768912e-07 	 -1000.0000 	 -1000.0000 	 -1000.0000 	 -1000.0000 
	 91.7130 	 2.804083e-05 	 132.5715 	  1.1338 	 1.533245e+18 	 1.792527e+16 	 1.397893e-07 	 5.928809e-07 	 -1000.0000 	 -1000.0000 	 -1000.0000 	 -1000.0000 
	 92.4760 	 2.527617e-05 	 132.1128 	  1.1393 	 1.387127e+18 	 1.633881e+16 	 1.514021e-07 	 6.819927e-07 	 -1000.0000 	 -1000.0000 	 -1000.0000 	 -1000.0000 
	 92.6210 	 2.477833e-05 	 132.0226 	  1.1399 	 1.360800e+18 	 1.604870e+16 	 1.536586e-07 	 7.000372e-07 	 -1000.0000 	 -1000.0000 	 -1000.0000 	 -1000.0000 
	 92.7650 	 2.429284e-05 	 131.9326 	  1.1403 	 1.335096e+18 	 1.576260e+16 	 1.559249e-07 	 7.183902e-07 	 -1000.0000 	 -1000.0000 	 -1000.0000 	 -1000.0000 
	 92.9090 	 2.381637e-05 	 131.8426 	  1.1402 	 1.309831e+18 	 1.547787e+16 	 1.582192e-07 	 7.372027e-07 	 -1000.0000 	 -1000.0000 	 -1000.0000 	 -1000.0000 
	 93.0530 	 2.334908e-05 	 131.7529 	  1.1398 	 1.285001e+18 	 1.519389e+16 	 1.605436e-07 	 7.565010e-07 	 -1000.0000 	 -1000.0000 	 -1000.0000 	 -1000.0000 
	 93.7900 	 2.110578e-05 	 131.3372 	  1.1281 	 1.164469e+18 	 1.372857e+16 	 1.729260e-07 	 8.636102e-07 	 -1000.0000 	 -1000.0000 	 -1000.0000 	 -1000.0000 
	 93.9340 	 2.069639e-05 	 131.3071 	  1.1233 	 1.141948e+18 	 1.343478e+16 	 1.754306e-07 	 8.862293e-07 	 -1000.0000 	 -1000.0000 	 -1000.0000 	 -1000.0000 
