	 height_(km) 	 press_(mbar) 	 temp_(K) 	 temperr_(K) 	 numdens_(m-3) 	 numdenserr_(m-3) 	 H2Ovmr_() 	 H2Ovmrerr_() 	 D/H_(VSMOW) 	 D/Herr_(VSMOW) 	 18O/16O_(VSMOW) 	 18O/16Oerr_(VSMOW) 
	  6.9780 	 1.848171e+00 	 159.4921 	  5.2687 	 8.364078e+22 	 2.814729e+21 	 1.028780e-05 	 9.509793e-07 	  2.4444 	  1.9141 	  0.8028 	  0.6103 
	  7.1340 	 1.813246e+00 	 160.1894 	  5.2122 	 8.181188e+22 	 2.705567e+21 	 7.675604e-06 	 7.764695e-07 	  2.4778 	  2.0130 	  0.8177 	  0.6640 
	  7.2910 	 1.778842e+00 	 160.8243 	  5.1422 	 8.002797e+22 	 2.596019e+21 	 5.514270e-06 	 6.338885e-07 	  2.4992 	  2.2580 	  0.8287 	  0.7622 
	  7.4470 	 1.745384e+00 	 161.3944 	  5.0607 	 7.830951e+22 	 2.487659e+21 	 3.789271e-06 	 5.199483e-07 	  2.5102 	  2.4870 	  0.8363 	  0.8513 
	  7.6040 	 1.712431e+00 	 161.9131 	  4.9674 	 7.663217e+22 	 2.379278e+21 	 2.418014e-06 	 4.256847e-07 	  2.5127 	  2.6338 	  0.8410 	  0.9111 
	  8.3410 	 1.566962e+00 	 163.7850 	  4.4048 	 6.938895e+22 	 1.884952e+21 	 5.164655e-07 	 2.650242e-07 	  2.4464 	  2.0418 	  0.8358 	  0.7457 
	  8.4970 	 1.538034e+00 	 164.0996 	  4.2649 	 6.797465e+22 	 1.784515e+21 	 5.819041e-07 	 2.371931e-07 	  2.4219 	  1.7314 	  0.8308 	  0.6447 
	  8.6530 	 1.509726e+00 	 164.3988 	  4.1196 	 6.659682e+22 	 1.685943e+21 	 7.824489e-07 	 2.308987e-07 	  2.3954 	  1.4001 	  0.8249 	  0.5352 
	  8.8100 	 1.481851e+00 	 164.6902 	  3.9688 	 6.524470e+22 	 1.588802e+21 	 1.147103e-06 	 2.400753e-07 	  2.3673 	  1.0699 	  0.8184 	  0.4243 
	  8.9660 	 1.454748e+00 	 164.9759 	  3.8154 	 6.393325e+22 	 1.494509e+21 	 1.628944e-06 	 2.484626e-07 	  2.3386 	  0.7775 	  0.8115 	  0.3233 
	  9.6950 	 1.335568e+00 	 166.4328 	  3.0754 	 5.816175e+22 	 1.088574e+21 	 7.527339e-06 	 9.365729e-07 	  2.2147 	  0.7769 	  0.7826 	  0.2667 
	  9.8500 	 1.311731e+00 	 166.8048 	  2.9186 	 5.699633e+22 	 1.010748e+21 	 9.128020e-06 	 1.098244e-06 	  2.1960 	  0.8260 	  0.7794 	  0.2788 
	 10.0060 	 1.288241e+00 	 167.2141 	  2.7629 	 5.584025e+22 	 9.358182e+20 	 1.076683e-05 	 1.252122e-06 	  2.1831 	  0.8227 	  0.7782 	  0.2777 
	 10.1620 	 1.265242e+00 	 167.6644 	  2.6101 	 5.469883e+22 	 8.644752e+20 	 1.244050e-05 	 1.401859e-06 	  2.1760 	  0.7828 	  0.7789 	  0.2671 
	 10.3170 	 1.242862e+00 	 168.1579 	  2.4621 	 5.357702e+22 	 7.973178e+20 	 1.413077e-05 	 1.547588e-06 	  2.1742 	  0.7246 	  0.7812 	  0.2517 
	 11.0410 	 1.144236e+00 	 171.1841 	  1.8434 	 4.846101e+22 	 5.363797e+20 	 2.202541e-05 	 2.089456e-06 	  2.2424 	  0.4910 	  0.8077 	  0.1707 
	 11.1970 	 1.124219e+00 	 171.9878 	  1.7298 	 4.738995e+22 	 4.915238e+20 	 2.371169e-05 	 2.147265e-06 	  2.2780 	  0.4545 	  0.8166 	  0.1593 
	 11.3530 	 1.104630e+00 	 172.8404 	  1.6245 	 4.633324e+22 	 4.505964e+20 	 2.540336e-05 	 2.190705e-06 	  2.3224 	  0.4264 	  0.8264 	  0.1512 
	 11.5100 	 1.085342e+00 	 173.7454 	  1.5275 	 4.528575e+22 	 4.133244e+20 	 2.714033e-05 	 2.226492e-06 	  2.3772 	  0.4050 	  0.8375 	  0.1430 
	 11.6660 	 1.066597e+00 	 174.6891 	  1.4405 	 4.426235e+22 	 3.801342e+20 	 2.893859e-05 	 2.251138e-06 	  2.4428 	  0.3873 	  0.8500 	  0.1350 
	 12.3950 	 9.843691e-01 	 179.5429 	  1.1655 	 3.975444e+22 	 2.721672e+20 	 3.815746e-05 	 2.104516e-06 	  2.8960 	  0.3199 	  0.9247 	  0.1102 
	 12.5500 	 9.679698e-01 	 180.6020 	  1.1303 	 3.886387e+22 	 2.573621e+20 	 3.981571e-05 	 2.102161e-06 	  3.0206 	  0.3162 	  0.9430 	  0.1118 
	 12.7060 	 9.518260e-01 	 181.6490 	  1.1009 	 3.799502e+22 	 2.445475e+20 	 4.127422e-05 	 2.090369e-06 	  3.1538 	  0.3130 	  0.9616 	  0.1151 
	 12.8620 	 9.360345e-01 	 182.6641 	  1.0762 	 3.715525e+22 	 2.334623e+20 	 4.248095e-05 	 2.070675e-06 	  3.2925 	  0.3105 	  0.9798 	  0.1197 
	 13.0170 	 9.206828e-01 	 183.6281 	  1.0555 	 3.635119e+22 	 2.238011e+20 	 4.340957e-05 	 2.045349e-06 	  3.4337 	  0.3087 	  0.9973 	  0.1242 
	 13.7280 	 8.543228e-01 	 187.2611 	  0.9856 	 3.306566e+22 	 1.890281e+20 	 4.477511e-05 	 2.392290e-06 	  4.0751 	  0.3739 	  1.0664 	  0.1463 
	 13.8830 	 8.406903e-01 	 187.8983 	  0.9744 	 3.242773e+22 	 1.829353e+20 	 4.487429e-05 	 2.420814e-06 	  4.2004 	  0.3857 	  1.0790 	  0.1476 
	 14.0390 	 8.272539e-01 	 188.4981 	  0.9645 	 3.180897e+22 	 1.772621e+20 	 4.495022e-05 	 2.413627e-06 	  4.3162 	  0.3907 	  1.0907 	  0.1469 
	 14.1940 	 8.141779e-01 	 189.0593 	  0.9559 	 3.121502e+22 	 1.720480e+20 	 4.500951e-05 	 2.376426e-06 	  4.4198 	  0.3892 	  1.1014 	  0.1446 
	 14.3490 	 8.013676e-01 	 189.5926 	  0.9485 	 3.063953e+22 	 1.672221e+20 	 4.506751e-05 	 2.316611e-06 	  4.5120 	  0.3832 	  1.1111 	  0.1415 
	 15.0780 	 7.444319e-01 	 191.9050 	  0.9291 	 2.812236e+22 	 1.487877e+20 	 4.564355e-05 	 1.915196e-06 	  4.8137 	  0.3405 	  1.1443 	  0.1251 
	 15.2330 	 7.329718e-01 	 192.3837 	  0.9278 	 2.762011e+22 	 1.455965e+20 	 4.602140e-05 	 1.934801e-06 	  4.8571 	  0.3446 	  1.1489 	  0.1234 
	 15.3890 	 7.216447e-01 	 192.8698 	  0.9274 	 2.712438e+22 	 1.425823e+20 	 4.642033e-05 	 1.955944e-06 	  4.8961 	  0.3528 	  1.1529 	  0.1214 
	 15.5440 	 7.105861e-01 	 193.3610 	  0.9278 	 2.664066e+22 	 1.397572e+20 	 4.681895e-05 	 1.977637e-06 	  4.9312 	  0.3645 	  1.1562 	  0.1192 
	 15.6990 	 6.997130e-01 	 193.8643 	  0.9289 	 2.616492e+22 	 1.370748e+20 	 4.720753e-05 	 1.999466e-06 	  4.9628 	  0.3736 	  1.1589 	  0.1166 
	 16.4320 	 6.505926e-01 	 196.4717 	  0.9423 	 2.400698e+22 	 1.256754e+20 	 4.890605e-05 	 2.101400e-06 	  5.0682 	  0.3829 	  1.1651 	  0.1024 
	 16.5870 	 6.406847e-01 	 197.0567 	  0.9463 	 2.357129e+22 	 1.234801e+20 	 4.933775e-05 	 2.124102e-06 	  5.0806 	  0.3785 	  1.1656 	  0.1001 
	 16.7410 	 6.310090e-01 	 197.6410 	  0.9507 	 2.314656e+22 	 1.213641e+20 	 4.983752e-05 	 2.147711e-06 	  5.0893 	  0.3723 	  1.1658 	  0.0983 
	 16.8960 	 6.214411e-01 	 198.2281 	  0.9552 	 2.272775e+22 	 1.192962e+20 	 5.043446e-05 	 2.172908e-06 	  5.0937 	  0.3645 	  1.1660 	  0.0973 
	 17.0510 	 6.120458e-01 	 198.8104 	  0.9600 	 2.231811e+22 	 1.172865e+20 	 5.114479e-05 	 2.199944e-06 	  5.0931 	  0.3612 	  1.1660 	  0.0970 
	 17.7620 	 5.711591e-01 	 201.3497 	  0.9813 	 2.056327e+22 	 1.086664e+20 	 5.591363e-05 	 2.349310e-06 	  5.0298 	  0.3492 	  1.1679 	  0.1039 
	 17.9170 	 5.627100e-01 	 201.8797 	  0.9854 	 2.020599e+22 	 1.068680e+20 	 5.719059e-05 	 2.386221e-06 	  5.0057 	  0.3459 	  1.1694 	  0.1061 
	 18.0710 	 5.544715e-01 	 202.4022 	  0.9890 	 1.985897e+22 	 1.050900e+20 	 5.849576e-05 	 2.423836e-06 	  4.9794 	  0.3427 	  1.1716 	  0.1082 
	 18.2260 	 5.463329e-01 	 202.9260 	  0.9922 	 1.951721e+22 	 1.033002e+20 	 5.981510e-05 	 2.462147e-06 	  4.9521 	  0.3395 	  1.1747 	  0.1102 
	 18.3810 	 5.383442e-01 	 203.4497 	  0.9948 	 1.918251e+22 	 1.015011e+20 	 6.110758e-05 	 2.500254e-06 	  4.9255 	  0.3367 	  1.1787 	  0.1121 
	 19.1050 	 5.028915e-01 	 205.9631 	  0.9984 	 1.769948e+22 	 9.285495e+19 	 6.614333e-05 	 2.660476e-06 	  4.8393 	  0.3289 	  1.2046 	  0.1199 
	 19.2600 	 4.956698e-01 	 206.5347 	  0.9982 	 1.739678e+22 	 9.100086e+19 	 6.691156e-05 	 2.688230e-06 	  4.8335 	  0.3287 	  1.2099 	  0.1214 
	 19.4140 	 4.886122e-01 	 207.1216 	  0.9981 	 1.710042e+22 	 8.918433e+19 	 6.754084e-05 	 2.712671e-06 	  4.8335 	  0.3290 	  1.2143 	  0.1228 
	 19.5680 	 4.816668e-01 	 207.7306 	  0.9982 	 1.680808e+22 	 8.740544e+19 	 6.803766e-05 	 2.733985e-06 	  4.8395 	  0.3299 	  1.2176 	  0.1238 
	 19.7230 	 4.747845e-01 	 208.3692 	  0.9987 	 1.651756e+22 	 8.566524e+19 	 6.841467e-05 	 2.752674e-06 	  4.8513 	  0.3313 	  1.2194 	  0.1242 
	 20.4350 	 4.444758e-01 	 211.6190 	  1.0108 	 1.522900e+22 	 7.860035e+19 	 6.919907e-05 	 2.826173e-06 	  4.9712 	  0.3436 	  1.2038 	  0.1189 
	 20.5900 	 4.381678e-01 	 212.3408 	  1.0157 	 1.496199e+22 	 7.729406e+19 	 6.936663e-05 	 2.846567e-06 	  5.0095 	  0.3473 	  1.1952 	  0.1169 
	 20.7440 	 4.320085e-01 	 213.0372 	  1.0214 	 1.470321e+22 	 7.608472e+19 	 6.961029e-05 	 2.871098e-06 	  5.0511 	  0.3512 	  1.1849 	  0.1150 
	 20.8980 	 4.259593e-01 	 213.7014 	  1.0279 	 1.445169e+22 	 7.496647e+19 	 6.996389e-05 	 2.900835e-06 	  5.0951 	  0.3553 	  1.1730 	  0.1131 
	 21.0530 	 4.199844e-01 	 214.3253 	  1.0353 	 1.420668e+22 	 7.393583e+19 	 7.045744e-05 	 2.936448e-06 	  5.1404 	  0.3594 	  1.1595 	  0.1113 
	 21.7690 	 3.938638e-01 	 216.3985 	  1.0778 	 1.319301e+22 	 7.032279e+19 	 7.588727e-05 	 3.916881e-06 	  5.3092 	  0.4249 	  1.0906 	  0.1123 
	 21.9230 	 3.885295e-01 	 216.6749 	  1.0870 	 1.299783e+22 	 6.969164e+19 	 7.741913e-05 	 4.079665e-06 	  5.3241 	  0.4325 	  1.0769 	  0.1118 
	 22.0770 	 3.832792e-01 	 216.8999 	  1.0955 	 1.280917e+22 	 6.906608e+19 	 7.904753e-05 	 4.190472e-06 	  5.3270 	  0.4341 	  1.0645 	  0.1106 
	 22.2300 	 3.781387e-01 	 217.0763 	  1.1030 	 1.262749e+22 	 6.842937e+19 	 8.075792e-05 	 4.246444e-06 	  5.3175 	  0.4297 	  1.0537 	  0.1086 
	 22.3840 	 3.730336e-01 	 217.2104 	  1.1092 	 1.244970e+22 	 6.775232e+19 	 8.256552e-05 	 4.247372e-06 	  5.2952 	  0.4198 	  1.0445 	  0.1061 
	 23.1120 	 3.496767e-01 	 217.4173 	  1.1154 	 1.165869e+22 	 6.371194e+19 	 9.177376e-05 	 3.597326e-06 	  5.0541 	  0.3348 	  1.0237 	  0.0925 
	 23.2660 	 3.449007e-01 	 217.4272 	  1.1140 	 1.149877e+22 	 6.274895e+19 	 9.399790e-05 	 3.640409e-06 	  4.9842 	  0.3280 	  1.0233 	  0.0919 
	 23.4190 	 3.402177e-01 	 217.4477 	  1.1128 	 1.134155e+22 	 6.179783e+19 	 9.614876e-05 	 3.684822e-06 	  4.9117 	  0.3217 	  1.0239 	  0.0916 
	 23.5730 	 3.355686e-01 	 217.4891 	  1.1122 	 1.118456e+22 	 6.086588e+19 	 9.822151e-05 	 3.732162e-06 	  4.8371 	  0.3160 	  1.0254 	  0.0914 
	 23.7260 	 3.310160e-01 	 217.5610 	  1.1127 	 1.102943e+22 	 5.998475e+19 	 1.001598e-04 	 3.782125e-06 	  4.7631 	  0.3111 	  1.0275 	  0.0914 
	 24.4320 	 3.109025e-01 	 218.4476 	  1.1365 	 1.031867e+22 	 5.675021e+19 	 1.068707e-04 	 4.002560e-06 	  4.4633 	  0.2958 	  1.0376 	  0.0927 
	 24.5860 	 3.067062e-01 	 218.7366 	  1.1438 	 1.016598e+22 	 5.613739e+19 	 1.077374e-04 	 4.030348e-06 	  4.4147 	  0.2934 	  1.0388 	  0.0930 
	 24.7390 	 3.026019e-01 	 219.0410 	  1.1504 	 1.001589e+22 	 5.551216e+19 	 1.083550e-04 	 4.044004e-06 	  4.3749 	  0.2911 	  1.0392 	  0.0930 
	 24.8930 	 2.985345e-01 	 219.3573 	  1.1558 	 9.866781e+21 	 5.484344e+19 	 1.087297e-04 	 4.041640e-06 	  4.3437 	  0.2888 	  1.0389 	  0.0928 
	 25.0460 	 2.945554e-01 	 219.6736 	  1.1592 	 9.720949e+21 	 5.411722e+19 	 1.088576e-04 	 4.022488e-06 	  4.3211 	  0.2864 	  1.0376 	  0.0921 
	 25.7660 	 2.766171e-01 	 221.0101 	  1.1398 	 9.073059e+21 	 4.953131e+19 	 1.063785e-04 	 3.755175e-06 	  4.3158 	  0.2769 	  1.0265 	  0.0851 
	 25.9190 	 2.729631e-01 	 221.2470 	  1.1303 	 8.943662e+21 	 4.840057e+19 	 1.052563e-04 	 3.678025e-06 	  4.3333 	  0.2757 	  1.0246 	  0.0838 
	 26.0720 	 2.693612e-01 	 221.4652 	  1.1202 	 8.817017e+21 	 4.726892e+19 	 1.039501e-04 	 3.599994e-06 	  4.3565 	  0.2751 	  1.0234 	  0.0830 
	 26.2250 	 2.658099e-01 	 221.6639 	  1.1102 	 8.693053e+21 	 4.616089e+19 	 1.024758e-04 	 3.523496e-06 	  4.3852 	  0.2752 	  1.0233 	  0.0826 
	 26.3780 	 2.623078e-01 	 221.8421 	  1.1008 	 8.571698e+21 	 4.510104e+19 	 1.008648e-04 	 3.450424e-06 	  4.4183 	  0.2758 	  1.0244 	  0.0829 
	 27.0860 	 2.467036e-01 	 222.3962 	  1.0773 	 8.041695e+21 	 4.127155e+19 	 9.284248e-05 	 3.174162e-06 	  4.5882 	  0.2845 	  1.0415 	  0.0905 
	 27.2390 	 2.434548e-01 	 222.4663 	  1.0761 	 7.933284e+21 	 4.065020e+19 	 9.123954e-05 	 3.127381e-06 	  4.6178 	  0.2867 	  1.0467 	  0.0931 
	 27.3920 	 2.402478e-01 	 222.5231 	  1.0758 	 7.826779e+21 	 4.007740e+19 	 8.975942e-05 	 3.084798e-06 	  4.6411 	  0.2887 	  1.0521 	  0.0958 
	 27.5450 	 2.370815e-01 	 222.5687 	  1.0761 	 7.722059e+21 	 3.954166e+19 	 8.842726e-05 	 3.046138e-06 	  4.6571 	  0.2904 	  1.0574 	  0.0987 
	 27.6980 	 2.339549e-01 	 222.6051 	  1.0768 	 7.619001e+21 	 3.903149e+19 	 8.725623e-05 	 3.011121e-06 	  4.6655 	  0.2916 	  1.0626 	  0.1018 
	 28.4190 	 2.197395e-01 	 222.7048 	  1.0806 	 7.152888e+21 	 3.671386e+19 	 8.397274e-05 	 2.893996e-06 	  4.6317 	  0.2924 	  1.0841 	  0.1136 
	 28.5720 	 2.168355e-01 	 222.7176 	  1.0812 	 7.057944e+21 	 3.622935e+19 	 8.373970e-05 	 2.879766e-06 	  4.6172 	  0.2919 	  1.0881 	  0.1145 
	 28.7240 	 2.139912e-01 	 222.7294 	  1.0818 	 6.964991e+21 	 3.575246e+19 	 8.366268e-05 	 2.869437e-06 	  4.6032 	  0.2912 	  1.0919 	  0.1145 
	 28.8770 	 2.111699e-01 	 222.7411 	  1.0823 	 6.872804e+21 	 3.527790e+19 	 8.373470e-05 	 2.862920e-06 	  4.5905 	  0.2904 	  1.0954 	  0.1134 
	 29.0300 	 2.083913e-01 	 222.7535 	  1.0828 	 6.781997e+21 	 3.480982e+19 	 8.395026e-05 	 2.860245e-06 	  4.5798 	  0.2896 	  1.0986 	  0.1115 
	 29.7430 	 1.960064e-01 	 222.8400 	  1.0856 	 6.376441e+21 	 3.273043e+19 	 8.686436e-05 	 3.401497e-06 	  4.5515 	  0.3049 	  1.1067 	  0.1015 
	 29.8950 	 1.934756e-01 	 222.8668 	  1.0862 	 6.293347e+21 	 3.230614e+19 	 8.765463e-05 	 3.488867e-06 	  4.5485 	  0.3070 	  1.1067 	  0.0995 
	 30.0470 	 1.909782e-01 	 222.8971 	  1.0868 	 6.211263e+21 	 3.188678e+19 	 8.842275e-05 	 3.522573e-06 	  4.5459 	  0.3069 	  1.1060 	  0.0977 
	 30.1990 	 1.885118e-01 	 222.9311 	  1.0873 	 6.130114e+21 	 3.147153e+19 	 8.914121e-05 	 3.498087e-06 	  4.5436 	  0.3045 	  1.1048 	  0.0961 
	 30.3510 	 1.860742e-01 	 222.9690 	  1.0879 	 6.049821e+21 	 3.105962e+19 	 8.978821e-05 	 3.418528e-06 	  4.5420 	  0.3001 	  1.1035 	  0.0948 
	 31.0630 	 1.749959e-01 	 223.1999 	  1.0900 	 5.683795e+21 	 2.916181e+19 	 9.198267e-05 	 3.020281e-06 	  4.5526 	  0.2835 	  1.1003 	  0.0964 
	 31.2150 	 1.727067e-01 	 223.2579 	  1.0904 	 5.607988e+21 	 2.876617e+19 	 9.231260e-05 	 3.077735e-06 	  4.5603 	  0.2856 	  1.1006 	  0.0988 
	 31.3670 	 1.704469e-01 	 223.3177 	  1.0908 	 5.533126e+21 	 2.837555e+19 	 9.258132e-05 	 3.186951e-06 	  4.5704 	  0.2898 	  1.1014 	  0.1015 
	 31.5190 	 1.682179e-01 	 223.3788 	  1.0913 	 5.459267e+21 	 2.799070e+19 	 9.278395e-05 	 3.316377e-06 	  4.5827 	  0.2951 	  1.1024 	  0.1041 
	 31.6710 	 1.660208e-01 	 223.4404 	  1.0918 	 5.386467e+21 	 2.761239e+19 	 9.292184e-05 	 3.433816e-06 	  4.5970 	  0.3005 	  1.1033 	  0.1062 
	 32.3830 	 1.561727e-01 	 223.7303 	  1.0951 	 5.060331e+21 	 2.593684e+19 	 9.330113e-05 	 3.632784e-06 	  4.6762 	  0.3149 	  1.1012 	  0.1062 
	 32.5350 	 1.541586e-01 	 223.7959 	  1.0958 	 4.993610e+21 	 2.559543e+19 	 9.344747e-05 	 3.579267e-06 	  4.6943 	  0.3141 	  1.0994 	  0.1040 
	 32.6870 	 1.521721e-01 	 223.8647 	  1.0965 	 4.927756e+21 	 2.525742e+19 	 9.365334e-05 	 3.472159e-06 	  4.7128 	  0.3110 	  1.0972 	  0.1012 
	 32.8390 	 1.502116e-01 	 223.9375 	  1.0972 	 4.862700e+21 	 2.492175e+19 	 9.394174e-05 	 3.329164e-06 	  4.7321 	  0.3066 	  1.0947 	  0.0979 
	 32.9910 	 1.482756e-01 	 224.0151 	  1.0977 	 4.798373e+21 	 2.458733e+19 	 9.432787e-05 	 3.178074e-06 	  4.7525 	  0.3020 	  1.0920 	  0.0949 
	 33.6960 	 1.395838e-01 	 224.4542 	  1.0982 	 4.508244e+21 	 2.303404e+19 	 9.665593e-05 	 2.972064e-06 	  4.8580 	  0.3328 	  1.0775 	  0.0904 
	 33.8480 	 1.377726e-01 	 224.5650 	  1.0979 	 4.447536e+21 	 2.270041e+19 	 9.698135e-05 	 3.063190e-06 	  4.8809 	  0.3432 	  1.0736 	  0.0919 
	 34.0000 	 1.359848e-01 	 224.6806 	  1.0975 	 4.387552e+21 	 2.236860e+19 	 9.713318e-05 	 3.155738e-06 	  4.9029 	  0.3517 	  1.0694 	  0.0943 
	 34.1510 	 1.342325e-01 	 224.7999 	  1.0970 	 4.328712e+21 	 2.204139e+19 	 9.708481e-05 	 3.213380e-06 	  4.9231 	  0.3561 	  1.0649 	  0.0973 
	 34.3030 	 1.324930e-01 	 224.9240 	  1.0965 	 4.270269e+21 	 2.171508e+19 	 9.682264e-05 	 3.212033e-06 	  4.9416 	  0.3548 	  1.0604 	  0.1008 
	 35.0100 	 1.247300e-01 	 225.5094 	  1.0931 	 4.009832e+21 	 2.025583e+19 	 9.307126e-05 	 2.811095e-06 	  4.9958 	  0.3105 	  1.0403 	  0.1232 
	 35.1610 	 1.231384e-01 	 225.6109 	  1.0923 	 3.956904e+21 	 1.996045e+19 	 9.180330e-05 	 2.788731e-06 	  5.0000 	  0.3132 	  1.0363 	  0.1295 
	 35.3120 	 1.215684e-01 	 225.6931 	  1.0915 	 3.905024e+21 	 1.967212e+19 	 9.042858e-05 	 2.766018e-06 	  5.0011 	  0.3161 	  1.0326 	  0.1359 
	 35.4630 	 1.200191e-01 	 225.7511 	  1.0907 	 3.854236e+21 	 1.939144e+19 	 8.898906e-05 	 2.743230e-06 	  4.9985 	  0.3191 	  1.0289 	  0.1424 
	 35.6150 	 1.184796e-01 	 225.7800 	  1.0898 	 3.804259e+21 	 1.911722e+19 	 8.752145e-05 	 2.720464e-06 	  4.9916 	  0.3220 	  1.0251 	  0.1487 
	 36.3300 	 1.114880e-01 	 225.4244 	  1.0864 	 3.585189e+21 	 1.795261e+19 	 8.108315e-05 	 3.139436e-06 	  4.9064 	  0.3536 	  1.0087 	  0.1750 
	 36.4810 	 1.100627e-01 	 225.2532 	  1.0858 	 3.542044e+21 	 1.773355e+19 	 8.002847e-05 	 3.212147e-06 	  4.8803 	  0.3592 	  1.0065 	  0.1793 
	 36.6320 	 1.086552e-01 	 225.0547 	  1.0854 	 3.499848e+21 	 1.752370e+19 	 7.916153e-05 	 3.214921e-06 	  4.8529 	  0.3612 	  1.0052 	  0.1827 
	 36.7830 	 1.072653e-01 	 224.8320 	  1.0850 	 3.458536e+21 	 1.732300e+19 	 7.848324e-05 	 3.156256e-06 	  4.8251 	  0.3598 	  1.0049 	  0.1856 
	 36.9350 	 1.058840e-01 	 224.5861 	  1.0849 	 3.417778e+21 	 1.713012e+19 	 7.798065e-05 	 3.046800e-06 	  4.7973 	  0.3557 	  1.0059 	  0.1883 
	 37.6330 	 9.976359e-02 	 223.2401 	  1.0862 	 3.239738e+21 	 1.635754e+19 	 7.727134e-05 	 2.534773e-06 	  4.6803 	  0.3358 	  1.0245 	  0.2011 
	 37.7840 	 9.848414e-02 	 222.9054 	  1.0871 	 3.202987e+21 	 1.621250e+19 	 7.730167e-05 	 2.532583e-06 	  4.6581 	  0.3355 	  1.0308 	  0.2037 
	 37.9350 	 9.721900e-02 	 222.5552 	  1.0881 	 3.166809e+21 	 1.607434e+19 	 7.739328e-05 	 2.531795e-06 	  4.6375 	  0.3387 	  1.0376 	  0.2060 
	 38.0860 	 9.596747e-02 	 222.1892 	  1.0894 	 3.131177e+21 	 1.594259e+19 	 7.753423e-05 	 2.532264e-06 	  4.6187 	  0.3437 	  1.0448 	  0.2078 
	 38.2370 	 9.472884e-02 	 221.8076 	  1.0910 	 3.096067e+21 	 1.581680e+19 	 7.771299e-05 	 2.533778e-06 	  4.6018 	  0.3479 	  1.0523 	  0.2089 
	 38.9470 	 8.906370e-02 	 219.8083 	  1.1009 	 2.937345e+21 	 1.528742e+19 	 7.864394e-05 	 2.547946e-06 	  4.5657 	  0.3578 	  1.0922 	  0.2055 
	 39.0970 	 8.790075e-02 	 219.3475 	  1.1032 	 2.905083e+21 	 1.518282e+19 	 7.878198e-05 	 2.551131e-06 	  4.5704 	  0.3577 	  1.1022 	  0.2030 
	 39.2470 	 8.675022e-02 	 218.8754 	  1.1054 	 2.873248e+21 	 1.507842e+19 	 7.887390e-05 	 2.553956e-06 	  4.5804 	  0.3569 	  1.1130 	  0.1998 
	 39.3980 	 8.560484e-02 	 218.3898 	  1.1073 	 2.841624e+21 	 1.497249e+19 	 7.882742e-05 	 2.635179e-06 	  4.5960 	  0.3580 	  1.1245 	  0.1963 
	 39.5480 	 8.448004e-02 	 217.8980 	  1.1089 	 2.810622e+21 	 1.486537e+19 	 7.874404e-05 	 2.699918e-06 	  4.6164 	  0.3579 	  1.1366 	  0.1922 
	 40.2470 	 7.941298e-02 	 215.5144 	  1.1112 	 2.671250e+21 	 1.432551e+19 	 7.838223e-05 	 2.647058e-06 	  4.7448 	  0.3601 	  1.1941 	  0.1648 
	 40.3970 	 7.836183e-02 	 214.9905 	  1.1109 	 2.642309e+21 	 1.420436e+19 	 7.831857e-05 	 2.600485e-06 	  4.7713 	  0.3613 	  1.2049 	  0.1575 
	 40.5470 	 7.732276e-02 	 214.4651 	  1.1106 	 2.613658e+21 	 1.408344e+19 	 7.825469e-05 	 2.561074e-06 	  4.7944 	  0.3626 	  1.2144 	  0.1501 
	 40.6980 	 7.628866e-02 	 213.9358 	  1.1104 	 2.585086e+21 	 1.396290e+19 	 7.816091e-05 	 2.560669e-06 	  4.8134 	  0.3648 	  1.2225 	  0.1426 
	 40.8480 	 7.527289e-02 	 213.4109 	  1.1102 	 2.556948e+21 	 1.384532e+19 	 7.809086e-05 	 2.560286e-06 	  4.8272 	  0.3667 	  1.2289 	  0.1349 
	 41.5570 	 7.061842e-02 	 210.9484 	  1.1134 	 2.426918e+21 	 1.333960e+19 	 7.830243e-05 	 2.560565e-06 	  4.8266 	  0.3702 	  1.2361 	  0.0997 
	 41.7070 	 6.966377e-02 	 210.4176 	  1.1149 	 2.400155e+21 	 1.324376e+19 	 7.851319e-05 	 2.561866e-06 	  4.8145 	  0.3699 	  1.2331 	  0.0937 
	 41.8570 	 6.871938e-02 	 209.8764 	  1.1165 	 2.373719e+21 	 1.315150e+19 	 7.879998e-05 	 2.563916e-06 	  4.7990 	  0.3692 	  1.2287 	  0.0912 
	 42.0080 	 6.777895e-02 	 209.3181 	  1.1182 	 2.347468e+21 	 1.306209e+19 	 7.916876e-05 	 2.566738e-06 	  4.7807 	  0.3682 	  1.2229 	  0.0908 
	 42.1580 	 6.685483e-02 	 208.7470 	  1.1201 	 2.321779e+21 	 1.297656e+19 	 7.961104e-05 	 2.570198e-06 	  4.7608 	  0.3670 	  1.2162 	  0.0904 
	 42.8500 	 6.271937e-02 	 205.8557 	  1.1290 	 2.208666e+21 	 1.261751e+19 	 8.206613e-05 	 2.590547e-06 	  4.6855 	  0.3621 	  1.1844 	  0.0880 
	 43.0000 	 6.185046e-02 	 205.1854 	  1.1308 	 2.185179e+21 	 1.254471e+19 	 8.253089e-05 	 2.594508e-06 	  4.6813 	  0.3619 	  1.1802 	  0.0877 
	 43.1500 	 6.099132e-02 	 204.5066 	  1.1326 	 2.161984e+21 	 1.247259e+19 	 8.290886e-05 	 2.597815e-06 	  4.6847 	  0.3624 	  1.1778 	  0.0875 
	 43.3000 	 6.014195e-02 	 203.8226 	  1.1343 	 2.139043e+21 	 1.240066e+19 	 8.317938e-05 	 2.600388e-06 	  4.6960 	  0.3636 	  1.1776 	  0.0875 
	 43.4500 	 5.930232e-02 	 203.1364 	  1.1360 	 2.116322e+21 	 1.232840e+19 	 8.333766e-05 	 2.602239e-06 	  4.7149 	  0.3654 	  1.1794 	  0.0877 
	 44.1600 	 5.545827e-02 	 199.9359 	  1.1427 	 2.010881e+21 	 1.197698e+19 	 8.325421e-05 	 2.601512e-06 	  4.8408 	  0.3779 	  1.2000 	  0.0896 
	 44.3100 	 5.467240e-02 	 199.2748 	  1.1445 	 1.988964e+21 	 1.190472e+19 	 8.320233e-05 	 2.599866e-06 	  4.8614 	  0.3803 	  1.2035 	  0.0900 
	 44.4600 	 5.389513e-02 	 198.6193 	  1.1467 	 1.967156e+21 	 1.183522e+19 	 8.317697e-05 	 2.597896e-06 	  4.8758 	  0.3822 	  1.2057 	  0.0903 
	 44.6100 	 5.312621e-02 	 197.9694 	  1.1493 	 1.945449e+21 	 1.176941e+19 	 8.318730e-05 	 2.595583e-06 	  4.8829 	  0.3837 	  1.2063 	  0.0905 
	 44.7600 	 5.236541e-02 	 197.3253 	  1.1525 	 1.923838e+21 	 1.170821e+19 	 8.323174e-05 	 2.592818e-06 	  4.8830 	  0.3847 	  1.2056 	  0.0906 
	 45.4630 	 4.890403e-02 	 194.4190 	  1.1769 	 1.823462e+21 	 1.148914e+19 	 8.371621e-05 	 2.572421e-06 	  4.8143 	  0.3852 	  1.1899 	  0.0902 
	 45.6130 	 4.818861e-02 	 193.8470 	  1.1833 	 1.802089e+21 	 1.144755e+19 	 8.386564e-05 	 2.565709e-06 	  4.7888 	  0.3847 	  1.1849 	  0.0900 
	 45.7630 	 4.748186e-02 	 193.3024 	  1.1898 	 1.780669e+21 	 1.140310e+19 	 8.401844e-05 	 2.557754e-06 	  4.7610 	  0.3843 	  1.1797 	  0.0898 
	 45.9120 	 4.678866e-02 	 192.7935 	  1.1960 	 1.759318e+21 	 1.135402e+19 	 8.415605e-05 	 2.548418e-06 	  4.7323 	  0.3839 	  1.1746 	  0.0897 
	 46.0620 	 4.609995e-02 	 192.3180 	  1.2020 	 1.737722e+21 	 1.129753e+19 	 8.425613e-05 	 2.537365e-06 	  4.7031 	  0.3837 	  1.1696 	  0.0896 
	 46.7570 	 4.303248e-02 	 190.7115 	  1.2214 	 1.635731e+21 	 1.090122e+19 	 8.307825e-05 	 2.457744e-06 	  4.5886 	  0.3879 	  1.1548 	  0.0908 
	 46.9060 	 4.240058e-02 	 190.5063 	  1.2239 	 1.613434e+21 	 1.078774e+19 	 8.220539e-05 	 2.434115e-06 	  4.5749 	  0.3907 	  1.1551 	  0.0915 
	 47.0550 	 4.177730e-02 	 190.3527 	  1.2258 	 1.590993e+21 	 1.066549e+19 	 8.103573e-05 	 2.408174e-06 	  4.5669 	  0.3943 	  1.1572 	  0.0926 
	 47.2040 	 4.116243e-02 	 190.2519 	  1.2272 	 1.568411e+21 	 1.053509e+19 	 7.955884e-05 	 2.379993e-06 	  4.5651 	  0.3990 	  1.1613 	  0.0939 
	 47.3530 	 4.055576e-02 	 190.2049 	  1.2282 	 1.545692e+21 	 1.039715e+19 	 7.779263e-05 	 2.349753e-06 	  4.5693 	  0.4045 	  1.1671 	  0.0954 
	 48.0570 	 3.779691e-02 	 190.6845 	  1.2282 	 1.437078e+21 	 9.664471e+18 	 6.742141e-05 	 2.189425e-06 	  4.6238 	  0.4382 	  1.2058 	  0.1050 
	 48.2060 	 3.723657e-02 	 190.9004 	  1.2273 	 1.414178e+21 	 9.498047e+18 	 6.523383e-05 	 2.154109e-06 	  4.6301 	  0.4453 	  1.2125 	  0.1071 
	 48.3550 	 3.668494e-02 	 191.1406 	  1.2260 	 1.391465e+21 	 9.329841e+18 	 6.317593e-05 	 2.119383e-06 	  4.6302 	  0.4516 	  1.2174 	  0.1089 
	 48.5040 	 3.614224e-02 	 191.3979 	  1.2244 	 1.369009e+21 	 9.160834e+18 	 6.129412e-05 	 2.085891e-06 	  4.6224 	  0.4571 	  1.2199 	  0.1106 
	 48.6530 	 3.560870e-02 	 191.6652 	  1.2224 	 1.346879e+21 	 8.992004e+18 	 5.962024e-05 	 2.054211e-06 	  4.6059 	  0.4614 	  1.2199 	  0.1119 
	 49.3400 	 3.326894e-02 	 192.8608 	  1.2096 	 1.250504e+21 	 8.238680e+18 	 5.468119e-05 	 1.941195e-06 	  4.4390 	  0.4888 	  1.1922 	  0.1520 
	 49.4890 	 3.278592e-02 	 193.0928 	  1.2061 	 1.230874e+21 	 8.083252e+18 	 5.416142e-05 	 1.925205e-06 	  4.3919 	  0.5077 	  1.1825 	  0.1604 
	 49.6380 	 3.231077e-02 	 193.3104 	  1.2026 	 1.211677e+21 	 7.931247e+18 	 5.381284e-05 	 1.912443e-06 	  4.3444 	  0.5257 	  1.1722 	  0.1682 
	 49.7870 	 3.184309e-02 	 193.5114 	  1.1990 	 1.192907e+21 	 7.782926e+18 	 5.361171e-05 	 1.902750e-06 	  4.2981 	  0.5425 	  1.1619 	  0.1755 
	 49.9350 	 3.138557e-02 	 193.6926 	  1.1953 	 1.174675e+21 	 7.639505e+18 	 5.352855e-05 	 1.895902e-06 	  4.2547 	  0.5590 	  1.1520 	  0.1826 
	 50.6400 	 2.929283e-02 	 194.2460 	  1.1785 	 1.093245e+21 	 7.015406e+18 	 5.372962e-05 	 1.887900e-06 	  4.1079 	  0.6485 	  1.1145 	  0.2167 
	 50.7890 	 2.886814e-02 	 194.2889 	  1.1752 	 1.077157e+21 	 6.896102e+18 	 5.367895e-05 	 1.887925e-06 	  4.0926 	  0.6712 	  1.1095 	  0.2243 
	 50.9380 	 2.844949e-02 	 194.3034 	  1.1719 	 1.061456e+21 	 6.781078e+18 	 5.352254e-05 	 1.887347e-06 	  4.0841 	  0.6958 	  1.1057 	  0.2320 
	 51.0870 	 2.803686e-02 	 194.2884 	  1.1687 	 1.046138e+21 	 6.670279e+18 	 5.324151e-05 	 1.885720e-06 	  4.0822 	  0.7225 	  1.1032 	  0.2397 
	 51.2350 	 2.763291e-02 	 194.2433 	  1.1656 	 1.031301e+21 	 6.564353e+18 	 5.283472e-05 	 1.882715e-06 	  4.0868 	  0.7504 	  1.1018 	  0.2470 
	 51.9340 	 2.580244e-02 	 193.6097 	  1.1524 	 9.661119e+20 	 6.117981e+18 	 4.975314e-05 	 1.850961e-06 	  4.1631 	  0.8864 	  1.1029 	  0.2771 
	 52.0820 	 2.543022e-02 	 193.3945 	  1.1502 	 9.532350e+20 	 6.034501e+18 	 4.902830e-05 	 1.842219e-06 	  4.1824 	  0.9146 	  1.1030 	  0.2830 
	 52.2300 	 2.506292e-02 	 193.1551 	  1.1482 	 9.406348e+20 	 5.954739e+18 	 4.833652e-05 	 1.833540e-06 	  4.1998 	  0.9419 	  1.1025 	  0.2888 
	 52.3790 	 2.469791e-02 	 192.8914 	  1.1466 	 9.282076e+20 	 5.878129e+18 	 4.769671e-05 	 1.825314e-06 	  4.2143 	  0.9683 	  1.1011 	  0.2946 
	 52.5270 	 2.433990e-02 	 192.6090 	  1.1454 	 9.160992e+20 	 5.805640e+18 	 4.713415e-05 	 1.818102e-06 	  4.2249 	  0.9935 	  1.0989 	  0.3004 
	 53.2140 	 2.273355e-02 	 191.0854 	  1.1447 	 8.624593e+20 	 5.509808e+18 	 4.555527e-05 	 1.803340e-06 	  4.2375 	  1.0982 	  1.0820 	  0.3273 
	 53.3620 	 2.239959e-02 	 190.7239 	  1.1449 	 8.513984e+20 	 5.451266e+18 	 4.541732e-05 	 1.804529e-06 	  4.2380 	  1.1188 	  1.0786 	  0.3331 
	 53.5100 	 2.207006e-02 	 190.3551 	  1.1449 	 8.404987e+20 	 5.393021e+18 	 4.534164e-05 	 1.807272e-06 	  4.2398 	  1.1390 	  1.0759 	  0.3389 
	 53.6590 	 2.174288e-02 	 189.9785 	  1.1445 	 8.296819e+20 	 5.333971e+18 	 4.532161e-05 	 1.811470e-06 	  4.2439 	  1.1591 	  1.0741 	  0.3449 
	 53.8070 	 2.142251e-02 	 189.6013 	  1.1437 	 8.190868e+20 	 5.274204e+18 	 4.535292e-05 	 1.816876e-06 	  4.2505 	  1.1791 	  1.0734 	  0.3512 
	 54.4970 	 1.998974e-02 	 187.8444 	  1.1305 	 7.714672e+20 	 4.968884e+18 	 4.612890e-05 	 1.852960e-06 	 -1000.0000 	 -1000.0000 	 -1000.0000 	 -1000.0000 
	 54.6450 	 1.969455e-02 	 187.4697 	  1.1261 	 7.615940e+20 	 4.899263e+18 	 4.637490e-05 	 1.904642e-06 	 -1000.0000 	 -1000.0000 	 -1000.0000 	 -1000.0000 
	 54.7930 	 1.940318e-02 	 187.0953 	  1.1214 	 7.518270e+20 	 4.829284e+18 	 4.665144e-05 	 1.961942e-06 	 -1000.0000 	 -1000.0000 	 -1000.0000 	 -1000.0000 
	 54.9410 	 1.911544e-02 	 186.7210 	  1.1166 	 7.421598e+20 	 4.759453e+18 	 4.698204e-05 	 1.999701e-06 	 -1000.0000 	 -1000.0000 	 -1000.0000 	 -1000.0000 
	 55.0890 	 1.883111e-02 	 186.3468 	  1.1118 	 7.325859e+20 	 4.690277e+18 	 4.735754e-05 	 2.020887e-06 	 -1000.0000 	 -1000.0000 	 -1000.0000 	 -1000.0000 
	 55.7770 	 1.755041e-02 	 184.6047 	  1.0923 	 6.891917e+20 	 4.388979e+18 	 4.941018e-05 	 1.937538e-06 	 -1000.0000 	 -1000.0000 	 -1000.0000 	 -1000.0000 
	 55.9250 	 1.728402e-02 	 184.2311 	  1.0891 	 6.801065e+20 	 4.329559e+18 	 4.977389e-05 	 1.947321e-06 	 -1000.0000 	 -1000.0000 	 -1000.0000 	 -1000.0000 
	 56.0730 	 1.702111e-02 	 183.8589 	  1.0863 	 6.711178e+20 	 4.272225e+18 	 5.009845e-05 	 1.956842e-06 	 -1000.0000 	 -1000.0000 	 -1000.0000 	 -1000.0000 
	 56.2210 	 1.676178e-02 	 183.4883 	  1.0839 	 6.622295e+20 	 4.217052e+18 	 5.037513e-05 	 1.965983e-06 	 -1000.0000 	 -1000.0000 	 -1000.0000 	 -1000.0000 
	 56.3690 	 1.650615e-02 	 183.1199 	  1.0821 	 6.534453e+20 	 4.164116e+18 	 5.059799e-05 	 1.974566e-06 	 -1000.0000 	 -1000.0000 	 -1000.0000 	 -1000.0000 
	 57.0610 	 1.536136e-02 	 181.4203 	  1.0806 	 6.138427e+20 	 3.947033e+18 	 5.094148e-05 	 2.004517e-06 	 -1000.0000 	 -1000.0000 	 -1000.0000 	 -1000.0000 
	 57.2080 	 1.512829e-02 	 181.0553 	  1.0817 	 6.057487e+20 	 3.906824e+18 	 5.089259e-05 	 2.008832e-06 	 -1000.0000 	 -1000.0000 	 -1000.0000 	 -1000.0000 
	 57.3560 	 1.489689e-02 	 180.6823 	  1.0832 	 5.977133e+20 	 3.868142e+18 	 5.081010e-05 	 2.012526e-06 	 -1000.0000 	 -1000.0000 	 -1000.0000 	 -1000.0000 
	 57.5030 	 1.467014e-02 	 180.3044 	  1.0851 	 5.898454e+20 	 3.831379e+18 	 5.070055e-05 	 2.015605e-06 	 -1000.0000 	 -1000.0000 	 -1000.0000 	 -1000.0000 
	 57.6500 	 1.444631e-02 	 179.9173 	  1.0872 	 5.820908e+20 	 3.796138e+18 	 5.057240e-05 	 2.018243e-06 	 -1000.0000 	 -1000.0000 	 -1000.0000 	 -1000.0000 
	 58.3510 	 1.341571e-02 	 177.9109 	  1.1000 	 5.466423e+20 	 3.643037e+18 	 4.999092e-05 	 2.031206e-06 	 -1000.0000 	 -1000.0000 	 -1000.0000 	 -1000.0000 
	 58.4980 	 1.320715e-02 	 177.4620 	  1.1025 	 5.395059e+20 	 3.611851e+18 	 4.991904e-05 	 2.034850e-06 	 -1000.0000 	 -1000.0000 	 -1000.0000 	 -1000.0000 
	 58.6460 	 1.299984e-02 	 177.0038 	  1.1046 	 5.324142e+20 	 3.579869e+18 	 4.987824e-05 	 2.039097e-06 	 -1000.0000 	 -1000.0000 	 -1000.0000 	 -1000.0000 
	 58.7930 	 1.279659e-02 	 176.5439 	  1.1062 	 5.254582e+20 	 3.547118e+18 	 4.987280e-05 	 2.044004e-06 	 -1000.0000 	 -1000.0000 	 -1000.0000 	 -1000.0000 
	 58.9400 	 1.259601e-02 	 176.0811 	  1.1071 	 5.185847e+20 	 3.512985e+18 	 4.990077e-05 	 2.049640e-06 	 -1000.0000 	 -1000.0000 	 -1000.0000 	 -1000.0000 
	 59.6180 	 1.170540e-02 	 173.9542 	  1.1010 	 4.878137e+20 	 3.331353e+18 	 5.023740e-05 	 2.079340e-06 	 -1000.0000 	 -1000.0000 	 -1000.0000 	 -1000.0000 
	 59.7640 	 1.152090e-02 	 173.5086 	  1.0979 	 4.813579e+20 	 3.288105e+18 	 5.029163e-05 	 2.085158e-06 	 -1000.0000 	 -1000.0000 	 -1000.0000 	 -1000.0000 
	 59.9110 	 1.133768e-02 	 173.0682 	  1.0944 	 4.749083e+20 	 3.243772e+18 	 5.031612e-05 	 2.090322e-06 	 -1000.0000 	 -1000.0000 	 -1000.0000 	 -1000.0000 
	 60.0570 	 1.115821e-02 	 172.6408 	  1.0907 	 4.685478e+20 	 3.199275e+18 	 5.030178e-05 	 2.094517e-06 	 -1000.0000 	 -1000.0000 	 -1000.0000 	 -1000.0000 
	 60.2040 	 1.097998e-02 	 172.2223 	  1.0869 	 4.621844e+20 	 3.154322e+18 	 5.024282e-05 	 2.097573e-06 	 -1000.0000 	 -1000.0000 	 -1000.0000 	 -1000.0000 
	 60.8980 	 1.017139e-02 	 170.4565 	  1.0711 	 4.325750e+20 	 2.948146e+18 	 4.938300e-05 	 2.097489e-06 	 -1000.0000 	 -1000.0000 	 -1000.0000 	 -1000.0000 
	 61.0440 	 1.000807e-02 	 170.1374 	  1.0687 	 4.264263e+20 	 2.906943e+18 	 4.911760e-05 	 2.095577e-06 	 -1000.0000 	 -1000.0000 	 -1000.0000 	 -1000.0000 
	 61.1910 	 9.845991e-03 	 169.8372 	  1.0668 	 4.202617e+20 	 2.866430e+18 	 4.883449e-05 	 2.093414e-06 	 -1000.0000 	 -1000.0000 	 -1000.0000 	 -1000.0000 
	 61.3370 	 9.687336e-03 	 169.5610 	  1.0656 	 4.141645e+20 	 2.827246e+18 	 4.853986e-05 	 2.091124e-06 	 -1000.0000 	 -1000.0000 	 -1000.0000 	 -1000.0000 
	 61.4840 	 9.529922e-03 	 169.3063 	  1.0650 	 4.080502e+20 	 2.788947e+18 	 4.823026e-05 	 2.088719e-06 	 -1000.0000 	 -1000.0000 	 -1000.0000 	 -1000.0000 
	 62.1680 	 8.827905e-03 	 168.4366 	  1.0711 	 3.799632e+20 	 2.625847e+18 	 4.652645e-05 	 2.126137e-06 	 -1000.0000 	 -1000.0000 	 -1000.0000 	 -1000.0000 
	 62.3140 	 8.684532e-03 	 168.3069 	  1.0735 	 3.740812e+20 	 2.592912e+18 	 4.605493e-05 	 2.167199e-06 	 -1000.0000 	 -1000.0000 	 -1000.0000 	 -1000.0000 
	 62.4610 	 8.542478e-03 	 168.1905 	  1.0758 	 3.682157e+20 	 2.559769e+18 	 4.554479e-05 	 2.200906e-06 	 -1000.0000 	 -1000.0000 	 -1000.0000 	 -1000.0000 
	 62.6070 	 8.403675e-03 	 168.0864 	  1.0778 	 3.624538e+20 	 2.526576e+18 	 4.500144e-05 	 2.230441e-06 	 -1000.0000 	 -1000.0000 	 -1000.0000 	 -1000.0000 
	 62.7540 	 8.266223e-03 	 167.9906 	  1.0795 	 3.567240e+20 	 2.492583e+18 	 4.442067e-05 	 2.256777e-06 	 -1000.0000 	 -1000.0000 	 -1000.0000 	 -1000.0000 
	 63.4410 	 7.653912e-03 	 167.6032 	  1.0778 	 3.310475e+20 	 2.321179e+18 	 4.147904e-05 	 2.323464e-06 	 -1000.0000 	 -1000.0000 	 -1000.0000 	 -1000.0000 
	 63.5870 	 7.529784e-03 	 167.5301 	  1.0759 	 3.258203e+20 	 2.282935e+18 	 4.087410e-05 	 2.329580e-06 	 -1000.0000 	 -1000.0000 	 -1000.0000 	 -1000.0000 
	 63.7330 	 7.407588e-03 	 167.4601 	  1.0736 	 3.206673e+20 	 2.244597e+18 	 4.030200e-05 	 2.334729e-06 	 -1000.0000 	 -1000.0000 	 -1000.0000 	 -1000.0000 
	 63.8800 	 7.286432e-03 	 167.3928 	  1.0711 	 3.155511e+20 	 2.206153e+18 	 3.977057e-05 	 2.339723e-06 	 -1000.0000 	 -1000.0000 	 -1000.0000 	 -1000.0000 
	 64.0260 	 7.167885e-03 	 167.3290 	  1.0686 	 3.105385e+20 	 2.168377e+18 	 3.929771e-05 	 2.345257e-06 	 -1000.0000 	 -1000.0000 	 -1000.0000 	 -1000.0000 
	 64.7150 	 6.630847e-03 	 167.0382 	  1.0593 	 2.877928e+20 	 2.002474e+18 	 3.802910e-05 	 2.385786e-06 	 -1000.0000 	 -1000.0000 	 -1000.0000 	 -1000.0000 
	 64.8600 	 6.522546e-03 	 166.9574 	  1.0585 	 2.832301e+20 	 1.971312e+18 	 3.799062e-05 	 2.393163e-06 	 -1000.0000 	 -1000.0000 	 -1000.0000 	 -1000.0000 
	 65.0060 	 6.415206e-03 	 166.8596 	  1.0583 	 2.787309e+20 	 1.941618e+18 	 3.803779e-05 	 2.398059e-06 	 -1000.0000 	 -1000.0000 	 -1000.0000 	 -1000.0000 
	 65.1520 	 6.309602e-03 	 166.7407 	  1.0587 	 2.743345e+20 	 1.913775e+18 	 3.817169e-05 	 2.400110e-06 	 -1000.0000 	 -1000.0000 	 -1000.0000 	 -1000.0000 
	 65.2970 	 6.206462e-03 	 166.5977 	  1.0600 	 2.700772e+20 	 1.888116e+18 	 3.838988e-05 	 2.400762e-06 	 -1000.0000 	 -1000.0000 	 -1000.0000 	 -1000.0000 
	 65.9750 	 5.747092e-03 	 165.5044 	  1.0766 	 2.517277e+20 	 1.795988e+18 	 4.041373e-05 	 2.418185e-06 	 -1000.0000 	 -1000.0000 	 -1000.0000 	 -1000.0000 
	 66.1200 	 5.653329e-03 	 165.1762 	  1.0818 	 2.481137e+20 	 1.781030e+18 	 4.099108e-05 	 2.429634e-06 	 -1000.0000 	 -1000.0000 	 -1000.0000 	 -1000.0000 
	 66.2660 	 5.560317e-03 	 164.8129 	  1.0871 	 2.445710e+20 	 1.767029e+18 	 4.159420e-05 	 2.446079e-06 	 -1000.0000 	 -1000.0000 	 -1000.0000 	 -1000.0000 
	 66.4120 	 5.468615e-03 	 164.4171 	  1.0925 	 2.411183e+20 	 1.753803e+18 	 4.220624e-05 	 2.468273e-06 	 -1000.0000 	 -1000.0000 	 -1000.0000 	 -1000.0000 
	 66.5570 	 5.378750e-03 	 163.9921 	  1.0978 	 2.377719e+20 	 1.741148e+18 	 4.281033e-05 	 2.495644e-06 	 -1000.0000 	 -1000.0000 	 -1000.0000 	 -1000.0000 
	 67.2480 	 4.965067e-03 	 161.5733 	  1.1177 	 2.227634e+20 	 1.681392e+18 	 4.536015e-05 	 2.670878e-06 	 -1000.0000 	 -1000.0000 	 -1000.0000 	 -1000.0000 
	 67.3930 	 4.881302e-03 	 161.0072 	  1.1213 	 2.197743e+20 	 1.669067e+18 	 4.583041e-05 	 2.709652e-06 	 -1000.0000 	 -1000.0000 	 -1000.0000 	 -1000.0000 
	 67.5390 	 4.798074e-03 	 160.4272 	  1.1250 	 2.168085e+20 	 1.656954e+18 	 4.629361e-05 	 2.746468e-06 	 -1000.0000 	 -1000.0000 	 -1000.0000 	 -1000.0000 
	 67.6840 	 4.716545e-03 	 159.8459 	  1.1289 	 2.139012e+20 	 1.645320e+18 	 4.675051e-05 	 2.779664e-06 	 -1000.0000 	 -1000.0000 	 -1000.0000 	 -1000.0000 
	 67.8290 	 4.636164e-03 	 159.2641 	  1.1331 	 2.110264e+20 	 1.634182e+18 	 4.721126e-05 	 2.808945e-06 	 -1000.0000 	 -1000.0000 	 -1000.0000 	 -1000.0000 
	 68.4980 	 4.280469e-03 	 156.6738 	  1.1611 	 1.980639e+20 	 1.591913e+18 	 4.949655e-05 	 2.915913e-06 	 -1000.0000 	 -1000.0000 	 -1000.0000 	 -1000.0000 
	 68.6430 	 4.206563e-03 	 156.1402 	  1.1697 	 1.953093e+20 	 1.585215e+18 	 5.000831e-05 	 2.940510e-06 	 -1000.0000 	 -1000.0000 	 -1000.0000 	 -1000.0000 
	 68.7890 	 4.133238e-03 	 155.6135 	  1.1796 	 1.925539e+20 	 1.579521e+18 	 5.051759e-05 	 2.967740e-06 	 -1000.0000 	 -1000.0000 	 -1000.0000 	 -1000.0000 
	 68.9340 	 4.061474e-03 	 155.1015 	  1.1906 	 1.898346e+20 	 1.574982e+18 	 5.101218e-05 	 2.997607e-06 	 -1000.0000 	 -1000.0000 	 -1000.0000 	 -1000.0000 
	 69.0790 	 3.990738e-03 	 154.6008 	  1.2030 	 1.871318e+20 	 1.571630e+18 	 5.149036e-05 	 3.030421e-06 	 -1000.0000 	 -1000.0000 	 -1000.0000 	 -1000.0000 
	 69.7680 	 3.668104e-03 	 152.3882 	  1.2816 	 1.744981e+20 	 1.571512e+18 	 5.325766e-05 	 3.185745e-06 	 -1000.0000 	 -1000.0000 	 -1000.0000 	 -1000.0000 
	 69.9130 	 3.603028e-03 	 151.9620 	  1.3012 	 1.718832e+20 	 1.573430e+18 	 5.341760e-05 	 3.206597e-06 	 -1000.0000 	 -1000.0000 	 -1000.0000 	 -1000.0000 
	 70.0590 	 3.538506e-03 	 151.5486 	  1.3215 	 1.692660e+20 	 1.575382e+18 	 5.345806e-05 	 3.220315e-06 	 -1000.0000 	 -1000.0000 	 -1000.0000 	 -1000.0000 
	 70.2040 	 3.475424e-03 	 151.1542 	  1.3419 	 1.666825e+20 	 1.577041e+18 	 5.335654e-05 	 3.225894e-06 	 -1000.0000 	 -1000.0000 	 -1000.0000 	 -1000.0000 
	 70.3490 	 3.413342e-03 	 150.7769 	  1.3623 	 1.641149e+20 	 1.578127e+18 	 5.309156e-05 	 3.222665e-06 	 -1000.0000 	 -1000.0000 	 -1000.0000 	 -1000.0000 
	 71.0320 	 3.134402e-03 	 149.2641 	  1.4523 	 1.522282e+20 	 1.567896e+18 	 4.944309e-05 	 3.096678e-06 	 -1000.0000 	 -1000.0000 	 -1000.0000 	 -1000.0000 
	 71.1770 	 3.078007e-03 	 149.0123 	  1.4690 	 1.497419e+20 	 1.561459e+18 	 4.834184e-05 	 3.053052e-06 	 -1000.0000 	 -1000.0000 	 -1000.0000 	 -1000.0000 
	 71.3210 	 3.022960e-03 	 148.7916 	  1.4845 	 1.472824e+20 	 1.553319e+18 	 4.723081e-05 	 3.006523e-06 	 -1000.0000 	 -1000.0000 	 -1000.0000 	 -1000.0000 
	 71.4660 	 2.968488e-03 	 148.6014 	  1.4988 	 1.448144e+20 	 1.543244e+18 	 4.613940e-05 	 2.957585e-06 	 -1000.0000 	 -1000.0000 	 -1000.0000 	 -1000.0000 
	 71.6110 	 2.914966e-03 	 148.4457 	  1.5118 	 1.423533e+20 	 1.531166e+18 	 4.512048e-05 	 2.907680e-06 	 -1000.0000 	 -1000.0000 	 -1000.0000 	 -1000.0000 
	 72.2850 	 2.678397e-03 	 148.2510 	  1.5502 	 1.309704e+20 	 1.446632e+18 	 4.213249e-05 	 2.686595e-06 	 -1000.0000 	 -1000.0000 	 -1000.0000 	 -1000.0000 
	 72.4300 	 2.630068e-03 	 148.3418 	  1.5536 	 1.285286e+20 	 1.422568e+18 	 4.178224e-05 	 2.642549e-06 	 -1000.0000 	 -1000.0000 	 -1000.0000 	 -1000.0000 
	 72.5740 	 2.582950e-03 	 148.4852 	  1.5553 	 1.261046e+20 	 1.396779e+18 	 4.147349e-05 	 2.599840e-06 	 -1000.0000 	 -1000.0000 	 -1000.0000 	 -1000.0000 
	 72.7180 	 2.536696e-03 	 148.6850 	  1.5553 	 1.236809e+20 	 1.369181e+18 	 4.117374e-05 	 2.557983e-06 	 -1000.0000 	 -1000.0000 	 -1000.0000 	 -1000.0000 
	 72.8630 	 2.490983e-03 	 148.9461 	  1.5536 	 1.212400e+20 	 1.339643e+18 	 4.085053e-05 	 2.516511e-06 	 -1000.0000 	 -1000.0000 	 -1000.0000 	 -1000.0000 
	 73.5450 	 2.287467e-03 	 151.0728 	  1.5233 	 1.097596e+20 	 1.180503e+18 	 3.833960e-05 	 2.325504e-06 	 -1000.0000 	 -1000.0000 	 -1000.0000 	 -1000.0000 
	 73.6900 	 2.246702e-03 	 151.7338 	  1.5127 	 1.073321e+20 	 1.143572e+18 	 3.755890e-05 	 2.285486e-06 	 -1000.0000 	 -1000.0000 	 -1000.0000 	 -1000.0000 
	 73.8340 	 2.207119e-03 	 152.4688 	  1.5009 	 1.049321e+20 	 1.106302e+18 	 3.670089e-05 	 2.245989e-06 	 -1000.0000 	 -1000.0000 	 -1000.0000 	 -1000.0000 
	 73.9780 	 2.168449e-03 	 153.2846 	  1.4879 	 1.025458e+20 	 1.068655e+18 	 3.576242e-05 	 2.206769e-06 	 -1000.0000 	 -1000.0000 	 -1000.0000 	 -1000.0000 
	 74.1230 	 2.130449e-03 	 154.1905 	  1.4739 	 1.001594e+20 	 1.030584e+18 	 3.473810e-05 	 2.167579e-06 	 -1000.0000 	 -1000.0000 	 -1000.0000 	 -1000.0000 
	 74.7890 	 1.968093e-03 	 159.4327 	  1.3993 	 8.950719e+19 	 8.592924e+17 	 2.920983e-05 	 1.993636e-06 	 -1000.0000 	 -1000.0000 	 -1000.0000 	 -1000.0000 
	 74.9330 	 1.935481e-03 	 160.7591 	  1.3816 	 8.729792e+19 	 8.240153e+17 	 2.794674e-05 	 1.958531e-06 	 -1000.0000 	 -1000.0000 	 -1000.0000 	 -1000.0000 
	 75.0770 	 1.903686e-03 	 162.1347 	  1.3637 	 8.513260e+19 	 7.896840e+17 	 2.670703e-05 	 1.924829e-06 	 -1000.0000 	 -1000.0000 	 -1000.0000 	 -1000.0000 
	 75.2200 	 1.872888e-03 	 163.5407 	  1.3456 	 8.303056e+19 	 7.566698e+17 	 2.552040e-05 	 1.892979e-06 	 -1000.0000 	 -1000.0000 	 -1000.0000 	 -1000.0000 
	 75.3640 	 1.842626e-03 	 164.9879 	  1.3272 	 8.096717e+19 	 7.246546e+17 	 2.439170e-05 	 1.862776e-06 	 -1000.0000 	 -1000.0000 	 -1000.0000 	 -1000.0000 
	 76.0490 	 1.708072e-03 	 171.9869 	  1.2411 	 7.200874e+19 	 5.924614e+17 	 2.038054e-05 	 1.749159e-06 	 -1000.0000 	 -1000.0000 	 -1000.0000 	 -1000.0000 
	 76.1930 	 1.681605e-03 	 173.3944 	  1.2234 	 7.031997e+19 	 5.689527e+17 	 1.981130e-05 	 1.730971e-06 	 -1000.0000 	 -1000.0000 	 -1000.0000 	 -1000.0000 
	 76.3370 	 1.655720e-03 	 174.7462 	  1.2059 	 6.870214e+19 	 5.468667e+17 	 1.931903e-05 	 1.714337e-06 	 -1000.0000 	 -1000.0000 	 -1000.0000 	 -1000.0000 
	 76.4800 	 1.630567e-03 	 176.0188 	  1.1888 	 6.716718e+19 	 5.263119e+17 	 1.889806e-05 	 1.699160e-06 	 -1000.0000 	 -1000.0000 	 -1000.0000 	 -1000.0000 
	 76.6240 	 1.605773e-03 	 177.2152 	  1.1717 	 6.569508e+19 	 5.069704e+17 	 1.853415e-05 	 1.685035e-06 	 -1000.0000 	 -1000.0000 	 -1000.0000 	 -1000.0000 
	 77.2920 	 1.497156e-03 	 181.3721 	  1.0971 	 5.982543e+19 	 4.339811e+17 	 1.742406e-05 	 1.631474e-06 	 -1000.0000 	 -1000.0000 	 -1000.0000 	 -1000.0000 
	 77.4360 	 1.474998e-03 	 181.9836 	  1.0831 	 5.874185e+19 	 4.215274e+17 	 1.728029e-05 	 1.623049e-06 	 -1000.0000 	 -1000.0000 	 -1000.0000 	 -1000.0000 
	 77.5790 	 1.453391e-03 	 182.5061 	  1.0703 	 5.771779e+19 	 4.101852e+17 	 1.716293e-05 	 1.616131e-06 	 -1000.0000 	 -1000.0000 	 -1000.0000 	 -1000.0000 
	 77.7230 	 1.432017e-03 	 182.9538 	  1.0589 	 5.673350e+19 	 3.997379e+17 	 1.706671e-05 	 1.610784e-06 	 -1000.0000 	 -1000.0000 	 -1000.0000 	 -1000.0000 
	 77.8660 	 1.411151e-03 	 183.3277 	  1.0491 	 5.579728e+19 	 3.902736e+17 	 1.698936e-05 	 1.607246e-06 	 -1000.0000 	 -1000.0000 	 -1000.0000 	 -1000.0000 
	 78.5360 	 1.317704e-03 	 184.3081 	  1.0278 	 5.183002e+19 	 3.563524e+17 	 1.677866e-05 	 1.616612e-06 	 -1000.0000 	 -1000.0000 	 -1000.0000 	 -1000.0000 
	 78.6790 	 1.298620e-03 	 184.3707 	  1.0280 	 5.106027e+19 	 3.509979e+17 	 1.675489e-05 	 1.623526e-06 	 -1000.0000 	 -1000.0000 	 -1000.0000 	 -1000.0000 
	 78.8220 	 1.279822e-03 	 184.3856 	  1.0294 	 5.031513e+19 	 3.461892e+17 	 1.673567e-05 	 1.631799e-06 	 -1000.0000 	 -1000.0000 	 -1000.0000 	 -1000.0000 
	 78.9650 	 1.261304e-03 	 184.3545 	  1.0318 	 4.959355e+19 	 3.418737e+17 	 1.671973e-05 	 1.641264e-06 	 -1000.0000 	 -1000.0000 	 -1000.0000 	 -1000.0000 
	 79.1080 	 1.243058e-03 	 184.2791 	  1.0352 	 4.889444e+19 	 3.379989e+17 	 1.670578e-05 	 1.651748e-06 	 -1000.0000 	 -1000.0000 	 -1000.0000 	 -1000.0000 
	 81.0260 	 1.021136e-03 	 179.8327 	  1.0856 	 4.116619e+19 	 3.028849e+17 	 1.610658e-05 	 1.808239e-06 	 -1000.0000 	 -1000.0000 	 -1000.0000 	 -1000.0000 
	 81.1690 	 1.006058e-03 	 179.2998 	  1.0845 	 4.067898e+19 	 2.999741e+17 	 1.600694e-05 	 1.815770e-06 	 -1000.0000 	 -1000.0000 	 -1000.0000 	 -1000.0000 
	 81.3120 	 9.911627e-04 	 178.7436 	  1.0826 	 4.020142e+19 	 2.969498e+17 	 1.590428e-05 	 1.822310e-06 	 -1000.0000 	 -1000.0000 	 -1000.0000 	 -1000.0000 
	 81.4550 	 9.764478e-04 	 178.1643 	  1.0797 	 3.973322e+19 	 2.938164e+17 	 1.580053e-05 	 1.827820e-06 	 -1000.0000 	 -1000.0000 	 -1000.0000 	 -1000.0000 
	 81.5980 	 9.619103e-04 	 177.5626 	  1.0758 	 3.927414e+19 	 2.905784e+17 	 1.569764e-05 	 1.832262e-06 	 -1000.0000 	 -1000.0000 	 -1000.0000 	 -1000.0000 
	 83.5030 	 7.838925e-04 	 167.6698 	  0.9404 	 3.389169e+19 	 2.398372e+17 	 1.530903e-05 	 1.776385e-06 	 -1000.0000 	 -1000.0000 	 -1000.0000 	 -1000.0000 
	 83.6450 	 7.716851e-04 	 166.8421 	  0.9262 	 3.352935e+19 	 2.358428e+17 	 1.536956e-05 	 1.765262e-06 	 -1000.0000 	 -1000.0000 	 -1000.0000 	 -1000.0000 
	 83.7870 	 7.596075e-04 	 166.0202 	  0.9125 	 3.316803e+19 	 2.319368e+17 	 1.542490e-05 	 1.754382e-06 	 -1000.0000 	 -1000.0000 	 -1000.0000 	 -1000.0000 
	 83.9290 	 7.476560e-04 	 165.2093 	  0.8995 	 3.280660e+19 	 2.281510e+17 	 1.546900e-05 	 1.744115e-06 	 -1000.0000 	 -1000.0000 	 -1000.0000 	 -1000.0000 
	 84.0710 	 7.358268e-04 	 164.4144 	  0.8876 	 3.244392e+19 	 2.245173e+17 	 1.549577e-05 	 1.734831e-06 	 -1000.0000 	 -1000.0000 	 -1000.0000 	 -1000.0000 
	 84.7460 	 6.812093e-04 	 160.9592 	  0.8508 	 3.068125e+19 	 2.098859e+17 	 1.528730e-05 	 1.711935e-06 	 -1000.0000 	 -1000.0000 	 -1000.0000 	 -1000.0000 
	 84.8880 	 6.700745e-04 	 160.2967 	  0.8465 	 3.030444e+19 	 2.072722e+17 	 1.519623e-05 	 1.711424e-06 	 -1000.0000 	 -1000.0000 	 -1000.0000 	 -1000.0000 
	 85.0300 	 6.590727e-04 	 159.6518 	  0.8430 	 2.992719e+19 	 2.047595e+17 	 1.510290e-05 	 1.712108e-06 	 -1000.0000 	 -1000.0000 	 -1000.0000 	 -1000.0000 
	 85.1710 	 6.482841e-04 	 159.0266 	  0.8401 	 2.955291e+19 	 2.023376e+17 	 1.501433e-05 	 1.713834e-06 	 -1000.0000 	 -1000.0000 	 -1000.0000 	 -1000.0000 
	 85.3130 	 6.375598e-04 	 158.4101 	  0.8375 	 2.917705e+19 	 1.999447e+17 	 1.493564e-05 	 1.716492e-06 	 -1000.0000 	 -1000.0000 	 -1000.0000 	 -1000.0000 
	 85.9760 	 5.894304e-04 	 155.6408 	  0.8255 	 2.745493e+19 	 1.888980e+17 	 1.483689e-05 	 1.738069e-06 	 -1000.0000 	 -1000.0000 	 -1000.0000 	 -1000.0000 
	 86.1180 	 5.795268e-04 	 155.0566 	  0.8233 	 2.709540e+19 	 1.866075e+17 	 1.487263e-05 	 1.744442e-06 	 -1000.0000 	 -1000.0000 	 -1000.0000 	 -1000.0000 
	 86.2600 	 5.697584e-04 	 154.4706 	  0.8213 	 2.673975e+19 	 1.843809e+17 	 1.492455e-05 	 1.751417e-06 	 -1000.0000 	 -1000.0000 	 -1000.0000 	 -1000.0000 
	 86.4010 	 5.601893e-04 	 153.8845 	  0.8199 	 2.639070e+19 	 1.822499e+17 	 1.499033e-05 	 1.758933e-06 	 -1000.0000 	 -1000.0000 	 -1000.0000 	 -1000.0000 
	 86.5430 	 5.506803e-04 	 153.2878 	  0.8189 	 2.604354e+19 	 1.802015e+17 	 1.506908e-05 	 1.767086e-06 	 -1000.0000 	 -1000.0000 	 -1000.0000 	 -1000.0000 
	 87.2100 	 5.076492e-04 	 150.3646 	  0.8230 	 2.447437e+19 	 1.720962e+17 	 1.554055e-05 	 1.811947e-06 	 -1000.0000 	 -1000.0000 	 -1000.0000 	 -1000.0000 
	 87.3510 	 4.988888e-04 	 149.7314 	  0.8250 	 2.415375e+19 	 1.705977e+17 	 1.564148e-05 	 1.821997e-06 	 -1000.0000 	 -1000.0000 	 -1000.0000 	 -1000.0000 
	 87.4920 	 4.902438e-04 	 149.0986 	  0.8271 	 2.383603e+19 	 1.691177e+17 	 1.573499e-05 	 1.831881e-06 	 -1000.0000 	 -1000.0000 	 -1000.0000 	 -1000.0000 
	 87.6330 	 4.817132e-04 	 148.4688 	  0.8291 	 2.352075e+19 	 1.676308e+17 	 1.581755e-05 	 1.841434e-06 	 -1000.0000 	 -1000.0000 	 -1000.0000 	 -1000.0000 
	 87.7750 	 4.732371e-04 	 147.8404 	  0.8307 	 2.320525e+19 	 1.661003e+17 	 1.588608e-05 	 1.850553e-06 	 -1000.0000 	 -1000.0000 	 -1000.0000 	 -1000.0000 
	 88.4330 	 4.354515e-04 	 145.0714 	  0.8320 	 2.175979e+19 	 1.580936e+17 	 1.596441e-05 	 1.883884e-06 	 -1000.0000 	 -1000.0000 	 -1000.0000 	 -1000.0000 
	 88.5740 	 4.276761e-04 	 144.5183 	  0.8312 	 2.145294e+19 	 1.562090e+17 	 1.594685e-05 	 1.889864e-06 	 -1000.0000 	 -1000.0000 	 -1000.0000 	 -1000.0000 
	 88.7150 	 4.200156e-04 	 143.9823 	  0.8302 	 2.114708e+19 	 1.542914e+17 	 1.592661e-05 	 1.895863e-06 	 -1000.0000 	 -1000.0000 	 -1000.0000 	 -1000.0000 
	 88.8560 	 4.124708e-04 	 143.4645 	  0.8292 	 2.084219e+19 	 1.523528e+17 	 1.590799e-05 	 1.902077e-06 	 -1000.0000 	 -1000.0000 	 -1000.0000 	 -1000.0000 
	 88.9970 	 4.050424e-04 	 142.9662 	  0.8282 	 2.053829e+19 	 1.504055e+17 	 1.589531e-05 	 1.908713e-06 	 -1000.0000 	 -1000.0000 	 -1000.0000 	 -1000.0000 
	 89.6700 	 3.711830e-04 	 140.8688 	  0.8265 	 1.910270e+19 	 1.413135e+17 	 1.598992e-05 	 1.949943e-06 	 -1000.0000 	 -1000.0000 	 -1000.0000 	 -1000.0000 
	 89.8110 	 3.644085e-04 	 140.4777 	  0.8270 	 1.880634e+19 	 1.394890e+17 	 1.602837e-05 	 1.960123e-06 	 -1000.0000 	 -1000.0000 	 -1000.0000 	 -1000.0000 
	 89.9520 	 3.577375e-04 	 140.0977 	  0.8279 	 1.851207e+19 	 1.377015e+17 	 1.606456e-05 	 1.970512e-06 	 -1000.0000 	 -1000.0000 	 -1000.0000 	 -1000.0000 
	 90.0930 	 3.511669e-04 	 139.7266 	  0.8292 	 1.822016e+19 	 1.359550e+17 	 1.609456e-05 	 1.980956e-06 	 -1000.0000 	 -1000.0000 	 -1000.0000 	 -1000.0000 
	 90.2350 	 3.446478e-04 	 139.3593 	  0.8309 	 1.792880e+19 	 1.342417e+17 	 1.611446e-05 	 1.991357e-06 	 -1000.0000 	 -1000.0000 	 -1000.0000 	 -1000.0000 
	 90.8870 	 3.159187e-04 	 137.7164 	  0.8439 	 1.662954e+19 	 1.269952e+17 	 1.602342e-05 	 2.034737e-06 	 -1000.0000 	 -1000.0000 	 -1000.0000 	 -1000.0000 
	 91.0270 	 3.100096e-04 	 137.3798 	  0.8476 	 1.635852e+19 	 1.255408e+17 	 1.598402e-05 	 2.043380e-06 	 -1000.0000 	 -1000.0000 	 -1000.0000 	 -1000.0000 
	 91.1670 	 3.041948e-04 	 137.0532 	  0.8516 	 1.609005e+19 	 1.241065e+17 	 1.594810e-05 	 2.051994e-06 	 -1000.0000 	 -1000.0000 	 -1000.0000 	 -1000.0000 
	 91.3080 	 2.984351e-04 	 136.7364 	  0.8557 	 1.582212e+19 	 1.226748e+17 	 1.592032e-05 	 2.060750e-06 	 -1000.0000 	 -1000.0000 	 -1000.0000 	 -1000.0000 
	 91.4480 	 2.928133e-04 	 136.4359 	  0.8600 	 1.555840e+19 	 1.212588e+17 	 1.590598e-05 	 2.069657e-06 	 -1000.0000 	 -1000.0000 	 -1000.0000 	 -1000.0000 
	 92.1170 	 2.673052e-04 	 135.2429 	  0.8807 	 1.432767e+19 	 1.143805e+17 	 1.610332e-05 	 2.117522e-06 	 -1000.0000 	 -1000.0000 	 -1000.0000 	 -1000.0000 
	 92.2570 	 2.622468e-04 	 135.0490 	  0.8848 	 1.407649e+19 	 1.128979e+17 	 1.618592e-05 	 2.128498e-06 	 -1000.0000 	 -1000.0000 	 -1000.0000 	 -1000.0000 
	 92.3970 	 2.572825e-04 	 134.8753 	  0.8889 	 1.382768e+19 	 1.113963e+17 	 1.627368e-05 	 2.139679e-06 	 -1000.0000 	 -1000.0000 	 -1000.0000 	 -1000.0000 
	 92.5380 	 2.523769e-04 	 134.7212 	  0.8928 	 1.357957e+19 	 1.098628e+17 	 1.637048e-05 	 2.152910e-06 	 -1000.0000 	 -1000.0000 	 -1000.0000 	 -1000.0000 
	 92.6780 	 2.475983e-04 	 134.5892 	  0.8964 	 1.333574e+19 	 1.083173e+17 	 1.647430e-05 	 2.168813e-06 	 -1000.0000 	 -1000.0000 	 -1000.0000 	 -1000.0000 
	 93.3470 	 2.259854e-04 	 134.2318 	  0.9093 	 1.220790e+19 	 1.005462e+17 	 1.684719e-05 	 2.247559e-06 	 -1000.0000 	 -1000.0000 	 -1000.0000 	 -1000.0000 
	 93.4870 	 2.217036e-04 	 134.1968 	  0.9103 	 1.198028e+19 	 9.881665e+16 	 1.690263e-05 	 2.265290e-06 	 -1000.0000 	 -1000.0000 	 -1000.0000 	 -1000.0000 
	 93.6270 	 2.174994e-04 	 134.1677 	  0.9105 	 1.175577e+19 	 9.704242e+16 	 1.695428e-05 	 2.283788e-06 	 -1000.0000 	 -1000.0000 	 -1000.0000 	 -1000.0000 
	 93.7680 	 2.133412e-04 	 134.1407 	  0.9096 	 1.153291e+19 	 9.520641e+16 	 1.700449e-05 	 2.303362e-06 	 -1000.0000 	 -1000.0000 	 -1000.0000 	 -1000.0000 
	 93.9080 	 2.092852e-04 	 134.1127 	  0.9076 	 1.131496e+19 	 9.333071e+16 	 1.705466e-05 	 2.323916e-06 	 -1000.0000 	 -1000.0000 	 -1000.0000 	 -1000.0000 
