	 height_(km) 	 press_(mbar) 	 temp_(K) 	 temperr_(K) 	 numdens_(m-3) 	 numdenserr_(m-3) 	 H2Ovmr_() 	 H2Ovmrerr_() 	 D/H_(VSMOW) 	 D/Herr_(VSMOW) 	 18O/16O_(VSMOW) 	 18O/16Oerr_(VSMOW) 
	 16.2950 	 1.405885e+00 	 217.2629 	  3.0833 	 4.685876e+22 	 7.252371e+20 	 1.473228e-04 	 1.045787e-05 	  3.8669 	  1.0376 	 -1000.0000 	 -1000.0000 
	 16.4470 	 1.387950e+00 	 217.1524 	  3.2317 	 4.629875e+22 	 7.349280e+20 	 1.443579e-04 	 1.043222e-05 	  3.8585 	  1.0303 	 -1000.0000 	 -1000.0000 
	 16.5990 	 1.370108e+00 	 217.0064 	  3.3426 	 4.574575e+22 	 7.390412e+20 	 1.417279e-04 	 1.037775e-05 	  3.8522 	  1.0209 	 -1000.0000 	 -1000.0000 
	 16.7510 	 1.352366e+00 	 216.8274 	  3.4183 	 4.519957e+22 	 7.379720e+20 	 1.394148e-04 	 1.029717e-05 	  3.8480 	  1.0096 	 -1000.0000 	 -1000.0000 
	 16.9030 	 1.334729e+00 	 216.6181 	  3.4613 	 4.466002e+22 	 7.321162e+20 	 1.374008e-04 	 1.019303e-05 	  3.8459 	  0.9965 	 -1000.0000 	 -1000.0000 
	 17.6390 	 1.251015e+00 	 215.2579 	  3.2858 	 4.213556e+22 	 6.488171e+20 	 1.313292e-04 	 9.428297e-06 	  3.8626 	  0.9132 	 -1000.0000 	 -1000.0000 
	 17.7900 	 1.234226e+00 	 214.9248 	  3.1873 	 4.163448e+22 	 6.230797e+20 	 1.307302e-04 	 9.230966e-06 	  3.8712 	  0.8930 	 -1000.0000 	 -1000.0000 
	 17.9420 	 1.217472e+00 	 214.5767 	  3.0722 	 4.113547e+22 	 5.950965e+20 	 1.303141e-04 	 9.022232e-06 	  3.8815 	  0.8721 	 -1000.0000 	 -1000.0000 
	 18.0930 	 1.200980e+00 	 214.2209 	  2.9445 	 4.064490e+22 	 5.656257e+20 	 1.300719e-04 	 8.806199e-06 	  3.8933 	  0.8507 	 -1000.0000 	 -1000.0000 
	 18.2450 	 1.184538e+00 	 213.8550 	  2.8050 	 4.015611e+22 	 5.346703e+20 	 1.299855e-04 	 8.581248e-06 	  3.9069 	  0.8289 	 -1000.0000 	 -1000.0000 
	 18.9730 	 1.108181e+00 	 212.0774 	  2.0593 	 3.787921e+22 	 3.808731e+20 	 1.313163e-04 	 7.430429e-06 	  3.9938 	  0.7243 	 -1000.0000 	 -1000.0000 
	 19.1240 	 1.092879e+00 	 211.7202 	  1.9046 	 3.741905e+22 	 3.503945e+20 	 1.318655e-04 	 7.181411e-06 	  4.0164 	  0.7038 	 -1000.0000 	 -1000.0000 
	 19.2750 	 1.077775e+00 	 211.3726 	  1.7553 	 3.696265e+22 	 3.212860e+20 	 1.324774e-04 	 6.929553e-06 	  4.0408 	  0.6841 	 -1000.0000 	 -1000.0000 
	 19.4250 	 1.062972e+00 	 211.0394 	  1.6147 	 3.651281e+22 	 2.941099e+20 	 1.331301e-04 	 6.676417e-06 	  4.0666 	  0.6656 	 -1000.0000 	 -1000.0000 
	 19.5760 	 1.048280e+00 	 210.7186 	  1.4834 	 3.606337e+22 	 2.688896e+20 	 1.342597e-04 	 6.567174e-06 	  4.0944 	  0.6521 	 -1000.0000 	 -1000.0000 
	 20.3060 	 9.803261e-01 	 209.4319 	  1.0517 	 3.393466e+22 	 1.864195e+20 	 1.398587e-04 	 6.172663e-06 	  4.2531 	  0.6033 	 -1000.0000 	 -1000.0000 
	 20.4570 	 9.668780e-01 	 209.2139 	  1.0030 	 3.350403e+22 	 1.769858e+20 	 1.407701e-04 	 6.103062e-06 	  4.2907 	  0.5964 	 -1000.0000 	 -1000.0000 
	 20.6070 	 9.537043e-01 	 209.0076 	  0.9649 	 3.308002e+22 	 1.694920e+20 	 1.415048e-04 	 6.036472e-06 	  4.3293 	  0.5904 	 -1000.0000 	 -1000.0000 
	 20.7580 	 9.406195e-01 	 208.8074 	  0.9354 	 3.265722e+22 	 1.635010e+20 	 1.420406e-04 	 5.971556e-06 	  4.3692 	  0.5852 	 -1000.0000 	 -1000.0000 
	 20.9080 	 9.277873e-01 	 208.6129 	  0.9131 	 3.224144e+22 	 1.587579e+20 	 1.423452e-04 	 5.908713e-06 	  4.4099 	  0.5812 	 -1000.0000 	 -1000.0000 
	 21.6360 	 8.675797e-01 	 207.6383 	  0.8583 	 3.029115e+22 	 1.434712e+20 	 1.408794e-04 	 5.799512e-06 	  4.6267 	  0.5857 	 -1000.0000 	 -1000.0000 
	 21.7870 	 8.554929e-01 	 207.4085 	  0.8531 	 2.990252e+22 	 1.410368e+20 	 1.400839e-04 	 5.829309e-06 	  4.6769 	  0.5916 	 -1000.0000 	 -1000.0000 
	 21.9370 	 8.436189e-01 	 207.1632 	  0.8493 	 2.952256e+22 	 1.388046e+20 	 1.389920e-04 	 5.822096e-06 	  4.7288 	  0.5975 	 -1000.0000 	 -1000.0000 
	 22.0880 	 8.317981e-01 	 206.8958 	  0.8468 	 2.914650e+22 	 1.367269e+20 	 1.376036e-04 	 5.771563e-06 	  4.7827 	  0.6030 	 -1000.0000 	 -1000.0000 
	 22.2380 	 8.201857e-01 	 206.6064 	  0.8451 	 2.877964e+22 	 1.348132e+20 	 1.360000e-04 	 5.683213e-06 	  4.8372 	  0.6079 	 -1000.0000 	 -1000.0000 
	 22.9700 	 7.653540e-01 	 204.7953 	  0.8430 	 2.709017e+22 	 1.270145e+20 	 1.287359e-04 	 5.253172e-06 	  5.0666 	  0.6225 	 -1000.0000 	 -1000.0000 
	 23.1200 	 7.545056e-01 	 204.3667 	  0.8427 	 2.676182e+22 	 1.255931e+20 	 1.279592e-04 	 5.241369e-06 	  5.0955 	  0.6212 	 -1000.0000 	 -1000.0000 
	 23.2700 	 7.437963e-01 	 203.9349 	  0.8422 	 2.643775e+22 	 1.241813e+20 	 1.276446e-04 	 5.288611e-06 	  5.1156 	  0.6186 	 -1000.0000 	 -1000.0000 
	 23.4200 	 7.332295e-01 	 203.5074 	  0.8414 	 2.611716e+22 	 1.227569e+20 	 1.277369e-04 	 5.371637e-06 	  5.1264 	  0.6142 	 -1000.0000 	 -1000.0000 
	 23.5700 	 7.228085e-01 	 203.0917 	  0.8401 	 2.579922e+22 	 1.212979e+20 	 1.281472e-04 	 5.463894e-06 	  5.1282 	  0.6074 	 -1000.0000 	 -1000.0000 
	 24.3000 	 6.742380e-01 	 201.4253 	  0.8248 	 2.426854e+22 	 1.131722e+20 	 1.330650e-04 	 5.766928e-06 	  5.0485 	  0.5434 	  1.1988 	  0.1485 
	 24.4500 	 6.646780e-01 	 201.1528 	  0.8203 	 2.395721e+22 	 1.113298e+20 	 1.342861e-04 	 5.777179e-06 	  5.0212 	  0.5269 	  1.1990 	  0.1436 
	 24.6000 	 6.552470e-01 	 200.8935 	  0.8155 	 2.364780e+22 	 1.094736e+20 	 1.353862e-04 	 5.759289e-06 	  4.9927 	  0.5097 	  1.1977 	  0.1383 
	 24.7500 	 6.459382e-01 	 200.6427 	  0.8108 	 2.334070e+22 	 1.076245e+20 	 1.362835e-04 	 5.709421e-06 	  4.9642 	  0.4919 	  1.1953 	  0.1326 
	 24.9000 	 6.367451e-01 	 200.3953 	  0.8062 	 2.303633e+22 	 1.058037e+20 	 1.369431e-04 	 5.631171e-06 	  4.9373 	  0.4742 	  1.1919 	  0.1266 
	 25.6240 	 5.938335e-01 	 199.1486 	  0.7901 	 2.161377e+22 	 9.793080e+19 	 1.390889e-04 	 5.555211e-06 	  4.8672 	  0.4189 	  1.1730 	  0.1041 
	 25.7730 	 5.853020e-01 	 198.9045 	  0.7880 	 2.132891e+22 	 9.648828e+19 	 1.392751e-04 	 5.567731e-06 	  4.8734 	  0.4135 	  1.1712 	  0.1013 
	 25.9230 	 5.768237e-01 	 198.6807 	  0.7861 	 2.104355e+22 	 9.506831e+19 	 1.394321e-04 	 5.580644e-06 	  4.8887 	  0.4101 	  1.1708 	  0.0993 
	 26.0720 	 5.685151e-01 	 198.4882 	  0.7844 	 2.076089e+22 	 9.367604e+19 	 1.396060e-04 	 5.594121e-06 	  4.9126 	  0.4088 	  1.1721 	  0.0982 
	 26.2220 	 5.602682e-01 	 198.3325 	  0.7827 	 2.047654e+22 	 9.227893e+19 	 1.398488e-04 	 5.608202e-06 	  4.9441 	  0.4092 	  1.1752 	  0.0980 
	 26.9470 	 5.221509e-01 	 198.2981 	  0.7736 	 1.909234e+22 	 8.528106e+19 	 1.433219e-04 	 5.662153e-06 	  5.1397 	  0.4272 	  1.2031 	  0.1064 
	 27.0960 	 5.146685e-01 	 198.4115 	  0.7720 	 1.880848e+22 	 8.383409e+19 	 1.445324e-04 	 5.665603e-06 	  5.1737 	  0.4322 	  1.2087 	  0.1090 
	 27.2450 	 5.072988e-01 	 198.5429 	  0.7709 	 1.852688e+22 	 8.242118e+19 	 1.458508e-04 	 5.665129e-06 	  5.2008 	  0.4370 	  1.2132 	  0.1115 
	 27.3950 	 4.999899e-01 	 198.6825 	  0.7703 	 1.824663e+22 	 8.105065e+19 	 1.472408e-04 	 5.660902e-06 	  5.2201 	  0.4417 	  1.2165 	  0.1138 
	 27.5440 	 4.928359e-01 	 198.8178 	  0.7706 	 1.797241e+22 	 7.975808e+19 	 1.486246e-04 	 5.653944e-06 	  5.2310 	  0.4462 	  1.2185 	  0.1159 
	 28.2610 	 4.597926e-01 	 199.1306 	  0.7861 	 1.673584e+22 	 7.491601e+19 	 1.572355e-04 	 6.625140e-06 	  5.1904 	  0.4922 	  1.2150 	  0.1297 
	 28.4100 	 4.531993e-01 	 199.1027 	  0.7920 	 1.649746e+22 	 7.418629e+19 	 1.585233e-04 	 6.868688e-06 	  5.1687 	  0.5016 	  1.2132 	  0.1327 
	 28.5580 	 4.467402e-01 	 199.0438 	  0.7984 	 1.626664e+22 	 7.353167e+19 	 1.593426e-04 	 7.063051e-06 	  5.1446 	  0.5093 	  1.2113 	  0.1352 
	 28.7070 	 4.403265e-01 	 198.9535 	  0.8052 	 1.604008e+22 	 7.293180e+19 	 1.596875e-04 	 7.204670e-06 	  5.1188 	  0.5154 	  1.2096 	  0.1371 
	 28.8550 	 4.340431e-01 	 198.8335 	  0.8122 	 1.582062e+22 	 7.238330e+19 	 1.596025e-04 	 7.297256e-06 	  5.0923 	  0.5201 	  1.2079 	  0.1384 
	 30.8610 	 3.567487e-01 	 194.5258 	  0.8496 	 1.329416e+22 	 6.392954e+19 	 1.433746e-04 	 6.355723e-06 	  4.8276 	  0.4950 	  1.1968 	  0.1171 
	 31.0100 	 3.515408e-01 	 194.0771 	  0.8451 	 1.313011e+22 	 6.296271e+19 	 1.427479e-04 	 6.336084e-06 	  4.8282 	  0.4885 	  1.1968 	  0.1143 
	 31.1580 	 3.464339e-01 	 193.6462 	  0.8405 	 1.296804e+22 	 6.199400e+19 	 1.423035e-04 	 6.305575e-06 	  4.8333 	  0.4807 	  1.1970 	  0.1113 
	 31.3070 	 3.413575e-01 	 193.2370 	  0.8362 	 1.280512e+22 	 6.102939e+19 	 1.420755e-04 	 6.266193e-06 	  4.8432 	  0.4715 	  1.1973 	  0.1082 
	 31.4550 	 3.363785e-01 	 192.8649 	  0.8326 	 1.264294e+22 	 6.010075e+19 	 1.420982e-04 	 6.221938e-06 	  4.8578 	  0.4612 	  1.1978 	  0.1051 
	 32.1650 	 3.133388e-01 	 191.7711 	  0.8349 	 1.184660e+22 	 5.651711e+19 	 1.460879e-04 	 6.064499e-06 	  4.9865 	  0.4008 	  1.2036 	  0.0902 
	 32.3130 	 3.087146e-01 	 191.6638 	  0.8392 	 1.167853e+22 	 5.595123e+19 	 1.476508e-04 	 6.063249e-06 	  5.0226 	  0.3883 	  1.2053 	  0.0871 
	 32.4610 	 3.041545e-01 	 191.5758 	  0.8442 	 1.151131e+22 	 5.542712e+19 	 1.493951e-04 	 6.077912e-06 	  5.0607 	  0.3765 	  1.2071 	  0.0841 
	 32.6090 	 2.996596e-01 	 191.4964 	  0.8498 	 1.134566e+22 	 5.493476e+19 	 1.512726e-04 	 6.108864e-06 	  5.0999 	  0.3660 	  1.2090 	  0.0813 
	 32.7570 	 2.952312e-01 	 191.4151 	  0.8556 	 1.118231e+22 	 5.446413e+19 	 1.532340e-04 	 6.154835e-06 	  5.1392 	  0.3575 	  1.2109 	  0.0798 
	 33.4850 	 2.744361e-01 	 190.7005 	  0.8808 	 1.043164e+22 	 5.218081e+19 	 1.625712e-04 	 6.499415e-06 	  5.3049 	  0.3445 	  1.2176 	  0.0790 
	 33.6330 	 2.703992e-01 	 190.4836 	  0.8849 	 1.028986e+22 	 5.170447e+19 	 1.641760e-04 	 6.573299e-06 	  5.3278 	  0.3444 	  1.2181 	  0.0791 
	 33.7810 	 2.664199e-01 	 190.2512 	  0.8887 	 1.015091e+22 	 5.122641e+19 	 1.656363e-04 	 6.642450e-06 	  5.3458 	  0.3436 	  1.2183 	  0.0791 
	 33.9290 	 2.624954e-01 	 190.0074 	  0.8924 	 1.001440e+22 	 5.074806e+19 	 1.669539e-04 	 6.705463e-06 	  5.3589 	  0.3416 	  1.2182 	  0.0791 
	 34.0770 	 2.586225e-01 	 189.7566 	  0.8960 	 9.879935e+21 	 5.027087e+19 	 1.681426e-04 	 6.762191e-06 	  5.3674 	  0.3385 	  1.2177 	  0.0791 
	 34.7880 	 2.406597e-01 	 188.5767 	  0.9138 	 9.251687e+21 	 4.802914e+19 	 1.728040e-04 	 6.973443e-06 	  5.3619 	  0.3326 	  1.2118 	  0.0787 
	 34.9360 	 2.370526e-01 	 188.3546 	  0.9178 	 9.123702e+21 	 4.757241e+19 	 1.736665e-04 	 7.009393e-06 	  5.3546 	  0.3322 	  1.2100 	  0.0786 
	 35.0840 	 2.334934e-01 	 188.1452 	  0.9218 	 8.996656e+21 	 4.711717e+19 	 1.745110e-04 	 7.043941e-06 	  5.3464 	  0.3317 	  1.2081 	  0.0784 
	 35.2310 	 2.300068e-01 	 187.9516 	  0.9259 	 8.871399e+21 	 4.666556e+19 	 1.753278e-04 	 7.077212e-06 	  5.3375 	  0.3311 	  1.2062 	  0.0782 
	 35.3790 	 2.265467e-01 	 187.7733 	  0.9302 	 8.746229e+21 	 4.621052e+19 	 1.761127e-04 	 7.109475e-06 	  5.3279 	  0.3305 	  1.2042 	  0.0780 
	 36.0980 	 2.104797e-01 	 187.1810 	  0.9513 	 8.152120e+21 	 4.395658e+19 	 1.785660e-04 	 7.239510e-06 	  5.2709 	  0.3284 	  1.1967 	  0.0775 
	 36.2460 	 2.073211e-01 	 187.1031 	  0.9552 	 8.033198e+21 	 4.346964e+19 	 1.786447e-04 	 7.259813e-06 	  5.2565 	  0.3283 	  1.1961 	  0.0776 
	 36.3940 	 2.042097e-01 	 187.0317 	  0.9587 	 7.915676e+21 	 4.296870e+19 	 1.785432e-04 	 7.277676e-06 	  5.2409 	  0.3284 	  1.1959 	  0.0777 
	 36.5410 	 2.011645e-01 	 186.9632 	  0.9617 	 7.800446e+21 	 4.245455e+19 	 1.782639e-04 	 7.292995e-06 	  5.2240 	  0.3286 	  1.1961 	  0.0779 
	 36.6890 	 1.981424e-01 	 186.8928 	  0.9639 	 7.686053e+21 	 4.191746e+19 	 1.778212e-04 	 7.306351e-06 	  5.2054 	  0.3290 	  1.1966 	  0.0782 
	 37.4120 	 1.839649e-01 	 186.4233 	  0.9625 	 7.153514e+21 	 3.896526e+19 	 1.746115e-04 	 7.352816e-06 	  5.0909 	  0.3440 	  1.1962 	  0.0794 
	 37.5590 	 1.811980e-01 	 186.3003 	  0.9601 	 7.050545e+21 	 3.832096e+19 	 1.740662e-04 	 7.362172e-06 	  5.0637 	  0.3486 	  1.1944 	  0.0796 
	 37.7060 	 1.784704e-01 	 186.1717 	  0.9574 	 6.949222e+21 	 3.767657e+19 	 1.736734e-04 	 7.373116e-06 	  5.0357 	  0.3517 	  1.1917 	  0.0796 
	 37.8540 	 1.757640e-01 	 186.0383 	  0.9544 	 6.848801e+21 	 3.703454e+19 	 1.734725e-04 	 7.386232e-06 	  5.0072 	  0.3526 	  1.1880 	  0.0795 
	 38.0010 	 1.731156e-01 	 185.9036 	  0.9515 	 6.750567e+21 	 3.641033e+19 	 1.734795e-04 	 7.401297e-06 	  4.9800 	  0.3512 	  1.1836 	  0.0812 
	 38.7050 	 1.609802e-01 	 185.2710 	  0.9424 	 6.299099e+21 	 3.377808e+19 	 1.758239e-04 	 7.496665e-06 	  4.8909 	  0.3272 	  1.1599 	  0.0861 
	 38.8520 	 1.585569e-01 	 185.1404 	  0.9417 	 6.208662e+21 	 3.330803e+19 	 1.765492e-04 	 7.518054e-06 	  4.8843 	  0.3220 	  1.1563 	  0.0864 
	 38.9990 	 1.561698e-01 	 185.0079 	  0.9414 	 6.119558e+21 	 3.286065e+19 	 1.772903e-04 	 7.773142e-06 	  4.8826 	  0.3277 	  1.1536 	  0.0877 
	 39.1460 	 1.538180e-01 	 184.8721 	  0.9415 	 6.031794e+21 	 3.243352e+19 	 1.779507e-04 	 8.054220e-06 	  4.8852 	  0.3350 	  1.1521 	  0.0890 
	 39.2930 	 1.515004e-01 	 184.7320 	  0.9418 	 5.945377e+21 	 3.202422e+19 	 1.784994e-04 	 8.298938e-06 	  4.8907 	  0.3418 	  1.1516 	  0.0900 
	 40.0090 	 1.406734e-01 	 183.9501 	  0.9472 	 5.543878e+21 	 3.021711e+19 	 1.793966e-04 	 8.939621e-06 	  4.9213 	  0.3637 	  1.1562 	  0.0901 
	 40.1550 	 1.385556e-01 	 183.7642 	  0.9489 	 5.465955e+21 	 2.988075e+19 	 1.792706e-04 	 8.936126e-06 	  4.9228 	  0.3641 	  1.1570 	  0.0891 
	 40.3020 	 1.364531e-01 	 183.5660 	  0.9508 	 5.388835e+21 	 2.955289e+19 	 1.790888e-04 	 8.878944e-06 	  4.9212 	  0.3628 	  1.1573 	  0.0876 
	 40.4480 	 1.343942e-01 	 183.3575 	  0.9528 	 5.313564e+21 	 2.923797e+19 	 1.788729e-04 	 8.781226e-06 	  4.9171 	  0.3600 	  1.1571 	  0.0858 
	 40.5950 	 1.323501e-01 	 183.1352 	  0.9551 	 5.239105e+21 	 2.893167e+19 	 1.786280e-04 	 8.652953e-06 	  4.9118 	  0.3564 	  1.1564 	  0.0844 
	 41.2990 	 1.229516e-01 	 181.8809 	  0.9680 	 4.900549e+21 	 2.760903e+19 	 1.771841e-04 	 8.067224e-06 	  4.9002 	  0.3419 	  1.1513 	  0.0805 
	 41.4450 	 1.210805e-01 	 181.5857 	  0.9709 	 4.833811e+21 	 2.735940e+19 	 1.767768e-04 	 8.036339e-06 	  4.9067 	  0.3423 	  1.1506 	  0.0804 
	 41.5920 	 1.192228e-01 	 181.2792 	  0.9739 	 4.767692e+21 	 2.711393e+19 	 1.762952e-04 	 8.042794e-06 	  4.9179 	  0.3441 	  1.1503 	  0.0806 
	 41.7380 	 1.174032e-01 	 180.9671 	  0.9769 	 4.703035e+21 	 2.687476e+19 	 1.757389e-04 	 8.067908e-06 	  4.9338 	  0.3468 	  1.1504 	  0.0810 
	 41.8850 	 1.155963e-01 	 180.6465 	  0.9800 	 4.638894e+21 	 2.663737e+19 	 1.750951e-04 	 8.088735e-06 	  4.9544 	  0.3497 	  1.1510 	  0.0814 
	 42.6030 	 1.071207e-01 	 179.0269 	  0.9940 	 4.337738e+21 	 2.549350e+19 	 1.702797e-04 	 7.697258e-06 	  5.0978 	  0.3802 	  1.1619 	  0.0871 
	 42.7490 	 1.054660e-01 	 178.6892 	  0.9967 	 4.278808e+21 	 2.526230e+19 	 1.688709e-04 	 7.474060e-06 	  5.1299 	  0.3871 	  1.1664 	  0.0896 
	 42.8950 	 1.038341e-01 	 178.3483 	  0.9993 	 4.220646e+21 	 2.503212e+19 	 1.672765e-04 	 7.213503e-06 	  5.1606 	  0.3925 	  1.1716 	  0.0922 
	 43.0400 	 1.022356e-01 	 178.0064 	  1.0018 	 4.163641e+21 	 2.480479e+19 	 1.653093e-04 	 7.114508e-06 	  5.1888 	  0.4010 	  1.1775 	  0.0957 
	 43.1860 	 1.006481e-01 	 177.6585 	  1.0044 	 4.107002e+21 	 2.457747e+19 	 1.631088e-04 	 7.026012e-06 	  5.2133 	  0.4083 	  1.1840 	  0.0992 
	 43.9030 	 9.316496e-02 	 175.8964 	  1.0166 	 3.839681e+21 	 2.348581e+19 	 1.505110e-04 	 6.531336e-06 	  5.2703 	  0.4365 	  1.2183 	  0.1117 
	 44.0490 	 9.170257e-02 	 175.5304 	  1.0188 	 3.787290e+21 	 2.326301e+19 	 1.478368e-04 	 6.426833e-06 	  5.2699 	  0.4400 	  1.2243 	  0.1129 
	 44.1950 	 9.026004e-02 	 175.1643 	  1.0206 	 3.735511e+21 	 2.303686e+19 	 1.452205e-04 	 6.324085e-06 	  5.2657 	  0.4418 	  1.2295 	  0.1133 
	 44.3400 	 8.884667e-02 	 174.8016 	  1.0222 	 3.684656e+21 	 2.280752e+19 	 1.427226e-04 	 6.225021e-06 	  5.2580 	  0.4414 	  1.2338 	  0.1130 
	 44.4860 	 8.744255e-02 	 174.4382 	  1.0233 	 3.633990e+21 	 2.257040e+19 	 1.403218e-04 	 6.142733e-06 	  5.2477 	  0.4389 	  1.2374 	  0.1121 
	 45.1860 	 8.096506e-02 	 172.7536 	  1.0219 	 3.397584e+21 	 2.131525e+19 	 1.318770e-04 	 5.757273e-06 	  5.1717 	  0.3964 	  1.2451 	  0.1010 
	 45.3320 	 7.966657e-02 	 172.4212 	  1.0204 	 3.349529e+21 	 2.103226e+19 	 1.308784e-04 	 5.702180e-06 	  5.1512 	  0.3849 	  1.2450 	  0.0979 
	 45.4770 	 7.839507e-02 	 172.0999 	  1.0185 	 3.302216e+21 	 2.074732e+19 	 1.301698e-04 	 5.655591e-06 	  5.1299 	  0.3749 	  1.2445 	  0.0948 
	 45.6230 	 7.713309e-02 	 171.7865 	  1.0165 	 3.254988e+21 	 2.045806e+19 	 1.297300e-04 	 5.616255e-06 	  5.1078 	  0.3741 	  1.2436 	  0.0916 
	 45.7680 	 7.589802e-02 	 171.4863 	  1.0145 	 3.208485e+21 	 2.017002e+19 	 1.295446e-04 	 5.583709e-06 	  5.0857 	  0.3731 	  1.2425 	  0.0882 
	 46.4800 	 7.009852e-02 	 170.1954 	  1.0053 	 2.985887e+21 	 1.879303e+19 	 1.311823e-04 	 5.471247e-06 	  4.9655 	  0.3645 	  1.2333 	  0.0867 
	 46.6250 	 6.897061e-02 	 169.9663 	  1.0041 	 2.941810e+21 	 1.852732e+19 	 1.318044e-04 	 5.448640e-06 	  4.9355 	  0.3619 	  1.2310 	  0.0863 
	 46.7700 	 6.786017e-02 	 169.7456 	  1.0031 	 2.898208e+21 	 1.826839e+19 	 1.324447e-04 	 5.423344e-06 	  4.9027 	  0.3591 	  1.2285 	  0.0858 
	 46.9150 	 6.676697e-02 	 169.5319 	  1.0026 	 2.855103e+21 	 1.801698e+19 	 1.329218e-04 	 5.468441e-06 	  4.8667 	  0.3585 	  1.2259 	  0.0859 
	 47.0600 	 6.569075e-02 	 169.3238 	  1.0024 	 2.812518e+21 	 1.777386e+19 	 1.333154e-04 	 5.520262e-06 	  4.8272 	  0.3580 	  1.2234 	  0.0862 
	 47.7600 	 6.072627e-02 	 168.3578 	  1.0083 	 2.614824e+21 	 1.673024e+19 	 1.329960e-04 	 5.751460e-06 	  4.6106 	  0.3573 	  1.2137 	  0.0883 
	 47.9050 	 5.974376e-02 	 168.1623 	  1.0106 	 2.575508e+21 	 1.653600e+19 	 1.322544e-04 	 5.796832e-06 	  4.5668 	  0.3583 	  1.2126 	  0.0891 
	 48.0500 	 5.877623e-02 	 167.9682 	  1.0130 	 2.536728e+21 	 1.634588e+19 	 1.312389e-04 	 5.841848e-06 	  4.5250 	  0.3601 	  1.2118 	  0.0902 
	 48.1950 	 5.782334e-02 	 167.7754 	  1.0154 	 2.498472e+21 	 1.615830e+19 	 1.300008e-04 	 5.871383e-06 	  4.4851 	  0.3619 	  1.2113 	  0.0912 
	 48.3400 	 5.688475e-02 	 167.5840 	  1.0178 	 2.460729e+21 	 1.597170e+19 	 1.286039e-04 	 5.872178e-06 	  4.4474 	  0.3634 	  1.2109 	  0.0929 
	 49.0540 	 5.246104e-02 	 166.6595 	  1.0254 	 2.281975e+21 	 1.502467e+19 	 1.211190e-04 	 5.311245e-06 	  4.2828 	  0.3547 	  1.2046 	  0.0914 
	 49.1980 	 5.160721e-02 	 166.4764 	  1.0261 	 2.247306e+21 	 1.482742e+19 	 1.197986e-04 	 5.032338e-06 	  4.2514 	  0.3479 	  1.2015 	  0.0895 
	 49.3430 	 5.076007e-02 	 166.2931 	  1.0266 	 2.212853e+21 	 1.462827e+19 	 1.186073e-04 	 4.665460e-06 	  4.2198 	  0.3391 	  1.1976 	  0.0869 
	 49.4870 	 4.993113e-02 	 166.1120 	  1.0270 	 2.179089e+21 	 1.443075e+19 	 1.172732e-04 	 4.325809e-06 	  4.1884 	  0.3323 	  1.1929 	  0.0848 
	 49.6320 	 4.910873e-02 	 165.9305 	  1.0273 	 2.145539e+21 	 1.423287e+19 	 1.152906e-04 	 4.252173e-06 	  4.1570 	  0.3331 	  1.1873 	  0.0850 
	 50.3440 	 4.524458e-02 	 165.0530 	  1.0293 	 1.987203e+21 	 1.329888e+19 	 1.055574e-04 	 3.906599e-06 	  4.0017 	  0.3387 	  1.1516 	  0.0863 
	 50.4880 	 4.449778e-02 	 164.8795 	  1.0300 	 1.956456e+21 	 1.311974e+19 	 1.036054e-04 	 3.840891e-06 	  3.9702 	  0.3402 	  1.1439 	  0.0866 
	 50.6330 	 4.375757e-02 	 164.7070 	  1.0309 	 1.925925e+21 	 1.294286e+19 	 1.016513e-04 	 3.776447e-06 	  3.9385 	  0.3417 	  1.1364 	  0.0869 
	 50.7770 	 4.303413e-02 	 164.5381 	  1.0318 	 1.896029e+21 	 1.277074e+19 	 9.973770e-05 	 3.714385e-06 	  3.9064 	  0.3432 	  1.1291 	  0.0873 
	 50.9220 	 4.231741e-02 	 164.3708 	  1.0330 	 1.866352e+21 	 1.260103e+19 	 9.784801e-05 	 3.654026e-06 	  3.8728 	  0.3447 	  1.1221 	  0.0876 
	 51.6140 	 3.905747e-02 	 163.6177 	  1.0412 	 1.730532e+21 	 1.184072e+19 	 8.955813e-05 	 3.399725e-06 	  3.6923 	  0.3498 	  1.0948 	  0.0898 
	 51.7580 	 3.841108e-02 	 163.4693 	  1.0433 	 1.703439e+21 	 1.169125e+19 	 8.802734e-05 	 3.354113e-06 	  3.6508 	  0.3504 	  1.0908 	  0.0903 
	 51.9030 	 3.777063e-02 	 163.3220 	  1.0455 	 1.676549e+21 	 1.154292e+19 	 8.656798e-05 	 3.310663e-06 	  3.6080 	  0.3508 	  1.0874 	  0.0909 
	 52.0470 	 3.714463e-02 	 163.1772 	  1.0477 	 1.650223e+21 	 1.139737e+19 	 8.520116e-05 	 3.269905e-06 	  3.5650 	  0.3510 	  1.0849 	  0.0914 
	 52.1920 	 3.652407e-02 	 163.0326 	  1.0499 	 1.624090e+21 	 1.125219e+19 	 8.391064e-05 	 3.231217e-06 	  3.5218 	  0.3511 	  1.0831 	  0.0921 
	 52.8970 	 3.363779e-02 	 162.3333 	  1.0594 	 1.502177e+21 	 1.055599e+19 	 7.897858e-05 	 3.075410e-06 	  3.3251 	  0.3581 	  1.0844 	  0.0955 
	 53.0410 	 3.307424e-02 	 162.1895 	  1.0611 	 1.478319e+21 	 1.041600e+19 	 7.823235e-05 	 3.050217e-06 	  3.2893 	  0.3663 	  1.0862 	  0.0966 
	 53.1850 	 3.251950e-02 	 162.0449 	  1.0628 	 1.454819e+21 	 1.027733e+19 	 7.755665e-05 	 3.027244e-06 	  3.2556 	  0.3746 	  1.0883 	  0.1004 
	 53.3300 	 3.196983e-02 	 161.8984 	  1.0644 	 1.431523e+21 	 1.013931e+19 	 7.693735e-05 	 3.006391e-06 	  3.2236 	  0.3827 	  1.0906 	  0.1043 
	 53.4740 	 3.143281e-02 	 161.7518 	  1.0660 	 1.408752e+21 	 1.000413e+19 	 7.631879e-05 	 3.027947e-06 	  3.1937 	  0.3914 	  1.0930 	  0.1083 
	 54.1610 	 2.899182e-02 	 161.0313 	  1.0741 	 1.305175e+21 	 9.393229e+18 	 7.417531e-05 	 2.931428e-06 	  3.0628 	  0.4224 	  1.0987 	  0.1224 
	 54.3050 	 2.850465e-02 	 160.8740 	  1.0762 	 1.284500e+21 	 9.273721e+18 	 7.386610e-05 	 2.906169e-06 	  3.0351 	  0.4274 	  1.0975 	  0.1243 
	 54.4480 	 2.802881e-02 	 160.7148 	  1.0786 	 1.264309e+21 	 9.158393e+18 	 7.360152e-05 	 2.896674e-06 	  3.0067 	  0.4321 	  1.0950 	  0.1260 
	 54.5920 	 2.755741e-02 	 160.5512 	  1.0813 	 1.244312e+21 	 9.045818e+18 	 7.340073e-05 	 2.888444e-06 	  2.9771 	  0.4362 	  1.0913 	  0.1274 
	 54.7350 	 2.709680e-02 	 160.3851 	  1.0844 	 1.224780e+21 	 8.937744e+18 	 7.325625e-05 	 2.881663e-06 	  2.9471 	  0.4395 	  1.0865 	  0.1284 
	 55.4450 	 2.491424e-02 	 159.5009 	  1.1054 	 1.132362e+21 	 8.453824e+18 	 7.259944e-05 	 2.867590e-06 	  2.8101 	  0.4496 	  1.0593 	  0.1322 
	 55.5880 	 2.449480e-02 	 159.3143 	  1.1097 	 1.114603e+21 	 8.360058e+18 	 7.226706e-05 	 2.867280e-06 	  2.7894 	  0.4512 	  1.0557 	  0.1333 
	 55.7310 	 2.408194e-02 	 159.1272 	  1.1132 	 1.097109e+21 	 8.263769e+18 	 7.179315e-05 	 2.866914e-06 	  2.7725 	  0.4533 	  1.0536 	  0.1347 
	 55.8740 	 2.367557e-02 	 158.9403 	  1.1158 	 1.079867e+21 	 8.163268e+18 	 7.116423e-05 	 2.865663e-06 	  2.7596 	  0.4560 	  1.0531 	  0.1364 
	 56.0170 	 2.327562e-02 	 158.7549 	  1.1170 	 1.062868e+21 	 8.056864e+18 	 7.039189e-05 	 2.862373e-06 	  2.7501 	  0.4594 	  1.0540 	  0.1385 
	 56.7050 	 2.143877e-02 	 157.9139 	  1.0989 	 9.841750e+20 	 7.428385e+18 	 6.555543e-05 	 2.786212e-06 	  2.7244 	  0.4818 	  1.0688 	  0.1532 
	 56.8480 	 2.107466e-02 	 157.7565 	  1.0917 	 9.684159e+20 	 7.280998e+18 	 6.451649e-05 	 2.755602e-06 	  2.7178 	  0.4858 	  1.0719 	  0.1573 
	 56.9910 	 2.071647e-02 	 157.6076 	  1.0843 	 9.528504e+20 	 7.133516e+18 	 6.352918e-05 	 2.720924e-06 	  2.7092 	  0.4889 	  1.0744 	  0.1616 
	 57.1340 	 2.036413e-02 	 157.4681 	  1.0774 	 9.374733e+20 	 6.988570e+18 	 6.261200e-05 	 2.683706e-06 	  2.6983 	  0.4911 	 -1000.0000 	 -1000.0000 
	 57.2770 	 2.001756e-02 	 157.3392 	  1.0715 	 9.222796e+20 	 6.848791e+18 	 6.177286e-05 	 2.646045e-06 	  2.6850 	  0.4923 	 -1000.0000 	 -1000.0000 
	 57.9780 	 1.839984e-02 	 156.8850 	  1.0697 	 8.503162e+20 	 6.308279e+18 	 5.870262e-05 	 2.520639e-06 	  2.6005 	  0.4890 	 -1000.0000 	 -1000.0000 
	 58.1210 	 1.808589e-02 	 156.8270 	  1.0749 	 8.361492e+20 	 6.228359e+18 	 5.823756e-05 	 2.515422e-06 	  2.5818 	  0.4882 	 -1000.0000 	 -1000.0000 
	 58.2640 	 1.777721e-02 	 156.7785 	  1.0814 	 8.221620e+20 	 6.156013e+18 	 5.745100e-05 	 2.627498e-06 	  2.5633 	  0.4899 	 -1000.0000 	 -1000.0000 
	 58.4060 	 1.747583e-02 	 156.7389 	  1.0889 	 8.084531e+20 	 6.090371e+18 	 5.643873e-05 	 2.808703e-06 	  2.5457 	  0.4939 	 -1000.0000 	 -1000.0000 
	 58.5490 	 1.717744e-02 	 156.7065 	  1.0971 	 7.948323e+20 	 6.029201e+18 	 5.548610e-05 	 2.965965e-06 	  2.5290 	  0.4984 	 -1000.0000 	 -1000.0000 
	 60.5020 	 1.357572e-02 	 156.5103 	  1.1297 	 6.287684e+20 	 5.018166e+18 	 4.477050e-05 	 3.427033e-06 	  2.4789 	  0.5532 	 -1000.0000 	 -1000.0000 
	 60.6440 	 1.334538e-02 	 156.4881 	  1.1194 	 6.181848e+20 	 4.900357e+18 	 4.385844e-05 	 3.354541e-06 	  2.4923 	  0.5562 	 -1000.0000 	 -1000.0000 
	 60.7860 	 1.311889e-02 	 156.4668 	  1.1082 	 6.077792e+20 	 4.780432e+18 	 4.294638e-05 	 3.273590e-06 	  2.5085 	  0.5652 	 -1000.0000 	 -1000.0000 
	 60.9290 	 1.289462e-02 	 156.4474 	  1.0965 	 5.974707e+20 	 4.659578e+18 	 4.205455e-05 	 3.185167e-06 	  2.5274 	  0.5745 	 -1000.0000 	 -1000.0000 
	 61.0710 	 1.267563e-02 	 156.4315 	  1.0850 	 5.873943e+20 	 4.541525e+18 	 4.123091e-05 	 3.091497e-06 	  2.5482 	  0.5834 	 -1000.0000 	 -1000.0000 
	 61.7650 	 1.165593e-02 	 156.4303 	  1.0434 	 5.401961e+20 	 4.049013e+18 	 3.871841e-05 	 2.626643e-06 	  2.6575 	  0.6201 	 -1000.0000 	 -1000.0000 
	 61.9070 	 1.145732e-02 	 156.4420 	  1.0391 	 5.309540e+20 	 3.968973e+18 	 3.857369e-05 	 2.530806e-06 	  2.6770 	  0.6257 	 -1000.0000 	 -1000.0000 
	 62.0490 	 1.126206e-02 	 156.4545 	  1.0364 	 5.218619e+20 	 3.895361e+18 	 3.856409e-05 	 2.430429e-06 	  2.6942 	  0.6306 	 -1000.0000 	 -1000.0000 
	 62.1910 	 1.107011e-02 	 156.4663 	  1.0352 	 5.129241e+20 	 3.827831e+18 	 3.868598e-05 	 2.323656e-06 	  2.7086 	  0.6348 	 -1000.0000 	 -1000.0000 
	 62.3330 	 1.088145e-02 	 156.4757 	  1.0356 	 5.041448e+20 	 3.766034e+18 	 3.891928e-05 	 2.212465e-06 	  2.7206 	  0.6388 	 -1000.0000 	 -1000.0000 
	 63.0150 	 1.002017e-02 	 156.4472 	  1.0590 	 4.642908e+20 	 3.537242e+18 	 3.996088e-05 	 2.293018e-06 	  2.7537 	  0.6764 	 -1000.0000 	 -1000.0000 
	 63.1570 	 9.849842e-03 	 156.4221 	  1.0675 	 4.564677e+20 	 3.500651e+18 	 4.039555e-05 	 2.323609e-06 	  2.7571 	  0.6835 	 -1000.0000 	 -1000.0000 
	 63.2990 	 9.682471e-03 	 156.3902 	  1.0766 	 4.488002e+20 	 3.466655e+18 	 4.087973e-05 	 2.357128e-06 	  2.7599 	  0.6905 	 -1000.0000 	 -1000.0000 
	 63.4410 	 9.517996e-03 	 156.3515 	  1.0863 	 4.412845e+20 	 3.434715e+18 	 4.140264e-05 	 2.392820e-06 	  2.7623 	  0.6973 	 -1000.0000 	 -1000.0000 
	 63.5830 	 9.356353e-03 	 156.3058 	  1.0961 	 4.339168e+20 	 3.404289e+18 	 4.195504e-05 	 2.430111e-06 	  2.7641 	  0.7040 	 -1000.0000 	 -1000.0000 
	 65.5290 	 7.393301e-03 	 154.9652 	  1.1339 	 3.458599e+20 	 2.862518e+18 	 4.752106e-05 	 2.791049e-06 	  2.7685 	  0.7930 	 -1000.0000 	 -1000.0000 
	 65.6700 	 7.267202e-03 	 154.8241 	  1.1250 	 3.402694e+20 	 2.802857e+18 	 4.740658e-05 	 2.784280e-06 	  2.7705 	  0.8003 	 -1000.0000 	 -1000.0000 
	 65.8120 	 7.142258e-03 	 154.6814 	  1.1158 	 3.347271e+20 	 2.742609e+18 	 4.719190e-05 	 2.772374e-06 	  2.7731 	  0.8079 	 -1000.0000 	 -1000.0000 
	 65.9530 	 7.020222e-03 	 154.5410 	  1.1069 	 3.293075e+20 	 2.683775e+18 	 4.688612e-05 	 2.756331e-06 	  2.7764 	  0.8157 	 -1000.0000 	 -1000.0000 
	 66.0950 	 6.899354e-03 	 154.4025 	  1.0989 	 3.239297e+20 	 2.626682e+18 	 4.649687e-05 	 2.737085e-06 	  2.7802 	  0.8239 	 -1000.0000 	 -1000.0000 
	 66.7830 	 6.342308e-03 	 153.8232 	  1.0872 	 2.989052e+20 	 2.409736e+18 	 4.394374e-05 	 2.640820e-06 	  2.8045 	  0.8665 	 -1000.0000 	 -1000.0000 
	 66.9240 	 6.233863e-03 	 153.7283 	  1.0900 	 2.939758e+20 	 2.376829e+18 	 4.338155e-05 	 2.625258e-06 	  2.8112 	  0.8761 	 -1000.0000 	 -1000.0000 
	 67.0650 	 6.127305e-03 	 153.6423 	  1.0938 	 2.891125e+20 	 2.346180e+18 	 4.283791e-05 	 2.611809e-06 	  2.8187 	  0.8860 	 -1000.0000 	 -1000.0000 
	 67.2050 	 6.023345e-03 	 153.5657 	  1.0981 	 2.843484e+20 	 2.317198e+18 	 4.232900e-05 	 2.600657e-06 	  2.8269 	  0.8962 	 -1000.0000 	 -1000.0000 
	 67.3460 	 5.920470e-03 	 153.4978 	  1.1026 	 2.796147e+20 	 2.288678e+18 	 4.185801e-05 	 2.591574e-06 	  2.8361 	  0.9068 	 -1000.0000 	 -1000.0000 
	 68.0260 	 5.449193e-03 	 153.3110 	  1.1164 	 2.576650e+20 	 2.139392e+18 	 4.042168e-05 	 2.573002e-06 	  2.8918 	  0.9629 	 -1000.0000 	 -1000.0000 
	 68.1670 	 5.356370e-03 	 153.3063 	  1.1169 	 2.532833e+20 	 2.104754e+18 	 4.032302e-05 	 2.574757e-06 	  2.9048 	  0.9752 	 -1000.0000 	 -1000.0000 
	 68.3070 	 5.265769e-03 	 153.3153 	  1.1166 	 2.489845e+20 	 2.069365e+18 	 4.029385e-05 	 2.578765e-06 	  2.9179 	  0.9876 	 -1000.0000 	 -1000.0000 
	 68.4480 	 5.176050e-03 	 153.3392 	  1.1155 	 2.447046e+20 	 2.032862e+18 	 4.033168e-05 	 2.585205e-06 	  2.9312 	  1.0001 	 -1000.0000 	 -1000.0000 
	 68.5880 	 5.088441e-03 	 153.3787 	  1.1138 	 2.405017e+20 	 1.995905e+18 	 4.043321e-05 	 2.594149e-06 	  2.9445 	  1.0126 	 -1000.0000 	 -1000.0000 
	 69.2860 	 4.672258e-03 	 153.8398 	  1.0968 	 2.201721e+20 	 1.806125e+18 	 4.181991e-05 	 2.682623e-06 	 -1000.0000 	 -1000.0000 	 -1000.0000 	 -1000.0000 
	 69.4270 	 4.592290e-03 	 153.9892 	  1.0925 	 2.161934e+20 	 1.767843e+18 	 4.228602e-05 	 2.709485e-06 	 -1000.0000 	 -1000.0000 	 -1000.0000 	 -1000.0000 
	 69.5670 	 4.514278e-03 	 154.1565 	  1.0882 	 2.122897e+20 	 1.730272e+18 	 4.281820e-05 	 2.738916e-06 	 -1000.0000 	 -1000.0000 	 -1000.0000 	 -1000.0000 
	 69.7080 	 4.437117e-03 	 154.3441 	  1.0840 	 2.084070e+20 	 1.693061e+18 	 4.338985e-05 	 2.797292e-06 	 -1000.0000 	 -1000.0000 	 -1000.0000 	 -1000.0000 
	 69.8480 	 4.361916e-03 	 154.5494 	  1.0803 	 2.046023e+20 	 1.656919e+18 	 4.398730e-05 	 2.886649e-06 	 -1000.0000 	 -1000.0000 	 -1000.0000 	 -1000.0000 
	 70.5200 	 4.020677e-03 	 155.7898 	  1.0706 	 1.870993e+20 	 1.499156e+18 	 4.774058e-05 	 3.317280e-06 	 -1000.0000 	 -1000.0000 	 -1000.0000 	 -1000.0000 
	 70.6600 	 3.953562e-03 	 156.0910 	  1.0704 	 1.836214e+20 	 1.469607e+18 	 4.863032e-05 	 3.400253e-06 	 -1000.0000 	 -1000.0000 	 -1000.0000 	 -1000.0000 
	 70.8000 	 3.887735e-03 	 156.4016 	  1.0706 	 1.802051e+20 	 1.441024e+18 	 4.951067e-05 	 3.477789e-06 	 -1000.0000 	 -1000.0000 	 -1000.0000 	 -1000.0000 
	 70.9400 	 3.823159e-03 	 156.7191 	  1.0711 	 1.768516e+20 	 1.413322e+18 	 5.035645e-05 	 3.548434e-06 	 -1000.0000 	 -1000.0000 	 -1000.0000 	 -1000.0000 
	 71.0800 	 3.759797e-03 	 157.0412 	  1.0719 	 1.735625e+20 	 1.386413e+18 	 5.114123e-05 	 3.610963e-06 	 -1000.0000 	 -1000.0000 	 -1000.0000 	 -1000.0000 
	 71.7700 	 3.464045e-03 	 158.6070 	  1.0768 	 1.583370e+20 	 1.262756e+18 	 5.328220e-05 	 3.783529e-06 	 -1000.0000 	 -1000.0000 	 -1000.0000 	 -1000.0000 
	 71.9100 	 3.407205e-03 	 158.8989 	  1.0774 	 1.554550e+20 	 1.239168e+18 	 5.327134e-05 	 3.790533e-06 	 -1000.0000 	 -1000.0000 	 -1000.0000 	 -1000.0000 
	 72.0500 	 3.351384e-03 	 159.1739 	  1.0777 	 1.526449e+20 	 1.216028e+18 	 5.309986e-05 	 3.789200e-06 	 -1000.0000 	 -1000.0000 	 -1000.0000 	 -1000.0000 
	 72.1900 	 3.296561e-03 	 159.4286 	  1.0777 	 1.499077e+20 	 1.193312e+18 	 5.276773e-05 	 3.780152e-06 	 -1000.0000 	 -1000.0000 	 -1000.0000 	 -1000.0000 
	 72.3300 	 3.242714e-03 	 159.6593 	  1.0772 	 1.472441e+20 	 1.170999e+18 	 5.227647e-05 	 3.763531e-06 	 -1000.0000 	 -1000.0000 	 -1000.0000 	 -1000.0000 
	 73.0140 	 2.992955e-03 	 160.3606 	  1.0662 	 1.352898e+20 	 1.067218e+18 	 4.778119e-05 	 3.591996e-06 	 -1000.0000 	 -1000.0000 	 -1000.0000 	 -1000.0000 
	 73.1530 	 2.944745e-03 	 160.4262 	  1.0626 	 1.330545e+20 	 1.047250e+18 	 4.658363e-05 	 3.544687e-06 	 -1000.0000 	 -1000.0000 	 -1000.0000 	 -1000.0000 
	 73.2930 	 2.896999e-03 	 160.4751 	  1.0588 	 1.308573e+20 	 1.027580e+18 	 4.535294e-05 	 3.495398e-06 	 -1000.0000 	 -1000.0000 	 -1000.0000 	 -1000.0000 
	 73.4320 	 2.850375e-03 	 160.5109 	  1.0551 	 1.287245e+20 	 1.008516e+18 	 4.413974e-05 	 3.446030e-06 	 -1000.0000 	 -1000.0000 	 -1000.0000 	 -1000.0000 
	 73.5720 	 2.804176e-03 	 160.5382 	  1.0513 	 1.266200e+20 	 9.898087e+17 	 4.295993e-05 	 3.396991e-06 	 -1000.0000 	 -1000.0000 	 -1000.0000 	 -1000.0000 
	 74.2470 	 2.591440e-03 	 160.6575 	  1.0382 	 1.169424e+20 	 9.071781e+17 	 3.873760e-05 	 3.197564e-06 	 -1000.0000 	 -1000.0000 	 -1000.0000 	 -1000.0000 
	 74.3860 	 2.549620e-03 	 160.6827 	  1.0365 	 1.150377e+20 	 8.916376e+17 	 3.820435e-05 	 3.165901e-06 	 -1000.0000 	 -1000.0000 	 -1000.0000 	 -1000.0000 
	 74.5250 	 2.508471e-03 	 160.7051 	  1.0350 	 1.131650e+20 	 8.765292e+17 	 3.776411e-05 	 3.136971e-06 	 -1000.0000 	 -1000.0000 	 -1000.0000 	 -1000.0000 
	 74.6650 	 2.467701e-03 	 160.7230 	  1.0336 	 1.113120e+20 	 8.617153e+17 	 3.740195e-05 	 3.110284e-06 	 -1000.0000 	 -1000.0000 	 -1000.0000 	 -1000.0000 
	 74.8040 	 2.427891e-03 	 160.7348 	  1.0324 	 1.095063e+20 	 8.473740e+17 	 3.710991e-05 	 3.086054e-06 	 -1000.0000 	 -1000.0000 	 -1000.0000 	 -1000.0000 
	 75.4870 	 2.241795e-03 	 160.6656 	  1.0258 	 1.011479e+20 	 7.812640e+17 	 3.622919e-05 	 2.990917e-06 	 -1000.0000 	 -1000.0000 	 -1000.0000 	 -1000.0000 
	 75.6260 	 2.205786e-03 	 160.6269 	  1.0244 	 9.954681e+19 	 7.686287e+17 	 3.609482e-05 	 2.974830e-06 	 -1000.0000 	 -1000.0000 	 -1000.0000 	 -1000.0000 
	 75.7650 	 2.170373e-03 	 160.5824 	  1.0231 	 9.797600e+19 	 7.562751e+17 	 3.595698e-05 	 2.959405e-06 	 -1000.0000 	 -1000.0000 	 -1000.0000 	 -1000.0000 
	 75.9050 	 2.135292e-03 	 160.5328 	  1.0219 	 9.642282e+19 	 7.441208e+17 	 3.580690e-05 	 2.944349e-06 	 -1000.0000 	 -1000.0000 	 -1000.0000 	 -1000.0000 
	 76.0440 	 2.101028e-03 	 160.4801 	  1.0209 	 9.490781e+19 	 7.323428e+17 	 3.563918e-05 	 2.929665e-06 	 -1000.0000 	 -1000.0000 	 -1000.0000 	 -1000.0000 
	 76.7170 	 1.942643e-03 	 160.2063 	  1.0188 	 8.790795e+19 	 6.793562e+17 	 3.437978e-05 	 2.857012e-06 	 -1000.0000 	 -1000.0000 	 -1000.0000 	 -1000.0000 
	 76.8560 	 1.911402e-03 	 160.1462 	  1.0188 	 8.652693e+19 	 6.691272e+17 	 3.402830e-05 	 2.840467e-06 	 -1000.0000 	 -1000.0000 	 -1000.0000 	 -1000.0000 
	 76.9950 	 1.880642e-03 	 160.0837 	  1.0189 	 8.516758e+19 	 6.590780e+17 	 3.365454e-05 	 2.822966e-06 	 -1000.0000 	 -1000.0000 	 -1000.0000 	 -1000.0000 
	 77.1350 	 1.850135e-03 	 160.0178 	  1.0189 	 8.382021e+19 	 6.491081e+17 	 3.326012e-05 	 2.804188e-06 	 -1000.0000 	 -1000.0000 	 -1000.0000 	 -1000.0000 
	 77.2740 	 1.820309e-03 	 159.9489 	  1.0188 	 8.250388e+19 	 6.393303e+17 	 3.285522e-05 	 2.784206e-06 	 -1000.0000 	 -1000.0000 	 -1000.0000 	 -1000.0000 
	 77.9550 	 1.680530e-03 	 159.5481 	  1.0150 	 7.635648e+19 	 5.923808e+17 	 3.079495e-05 	 2.662403e-06 	 -1000.0000 	 -1000.0000 	 -1000.0000 	 -1000.0000 
	 78.0930 	 1.653462e-03 	 159.4569 	  1.0136 	 7.516929e+19 	 5.830511e+17 	 3.035859e-05 	 2.633486e-06 	 -1000.0000 	 -1000.0000 	 -1000.0000 	 -1000.0000 
	 78.2310 	 1.626814e-03 	 159.3645 	  1.0120 	 7.400074e+19 	 5.738138e+17 	 2.990868e-05 	 2.603666e-06 	 -1000.0000 	 -1000.0000 	 -1000.0000 	 -1000.0000 
	 78.3690 	 1.600587e-03 	 159.2718 	  1.0103 	 7.285034e+19 	 5.646836e+17 	 2.944165e-05 	 2.573178e-06 	 -1000.0000 	 -1000.0000 	 -1000.0000 	 -1000.0000 
	 78.5070 	 1.574778e-03 	 159.1798 	  1.0085 	 7.171761e+19 	 5.556751e+17 	 2.895395e-05 	 2.542267e-06 	 -1000.0000 	 -1000.0000 	 -1000.0000 	 -1000.0000 
	 79.1750 	 1.455704e-03 	 158.7676 	  1.0000 	 6.647013e+19 	 5.142704e+17 	 2.623149e-05 	 2.394537e-06 	 -1000.0000 	 -1000.0000 	 -1000.0000 	 -1000.0000 
	 79.3130 	 1.432272e-03 	 158.6888 	  0.9989 	 6.543294e+19 	 5.062787e+17 	 2.561460e-05 	 2.366166e-06 	 -1000.0000 	 -1000.0000 	 -1000.0000 	 -1000.0000 
	 79.4510 	 1.409218e-03 	 158.6109 	  0.9981 	 6.441144e+19 	 4.985176e+17 	 2.499367e-05 	 2.339192e-06 	 -1000.0000 	 -1000.0000 	 -1000.0000 	 -1000.0000 
	 79.5890 	 1.386533e-03 	 158.5333 	  0.9979 	 6.340546e+19 	 4.910040e+17 	 2.437564e-05 	 2.313915e-06 	 -1000.0000 	 -1000.0000 	 -1000.0000 	 -1000.0000 
	 79.7270 	 1.364209e-03 	 158.4552 	  0.9982 	 6.241485e+19 	 4.837548e+17 	 2.376755e-05 	 2.290616e-06 	 -1000.0000 	 -1000.0000 	 -1000.0000 	 -1000.0000 
	 80.4080 	 1.259020e-03 	 158.0550 	  1.0101 	 5.774374e+19 	 4.518356e+17 	 2.117121e-05 	 2.213836e-06 	 -1000.0000 	 -1000.0000 	 -1000.0000 	 -1000.0000 
	 80.5460 	 1.238677e-03 	 157.9787 	  1.0127 	 5.683767e+19 	 4.456948e+17 	 2.079088e-05 	 2.206621e-06 	 -1000.0000 	 -1000.0000 	 -1000.0000 	 -1000.0000 
	 80.6840 	 1.218656e-03 	 157.9088 	  1.0144 	 5.594361e+19 	 4.394105e+17 	 2.048357e-05 	 2.202117e-06 	 -1000.0000 	 -1000.0000 	 -1000.0000 	 -1000.0000 
	 80.8210 	 1.199096e-03 	 157.8479 	  1.0146 	 5.506718e+19 	 4.329166e+17 	 2.026083e-05 	 2.200274e-06 	 -1000.0000 	 -1000.0000 	 -1000.0000 	 -1000.0000 
	 80.9590 	 1.179707e-03 	 157.7973 	  1.0130 	 5.419488e+19 	 4.260046e+17 	 2.012941e-05 	 2.201020e-06 	 -1000.0000 	 -1000.0000 	 -1000.0000 	 -1000.0000 
	 81.6380 	 1.088807e-03 	 157.7544 	  0.9670 	 5.003858e+19 	 3.840039e+17 	 2.105587e-05 	 2.240619e-06 	 -1000.0000 	 -1000.0000 	 -1000.0000 	 -1000.0000 
	 81.7760 	 1.071213e-03 	 157.7800 	  0.9519 	 4.922258e+19 	 3.742946e+17 	 2.151809e-05 	 2.256916e-06 	 -1000.0000 	 -1000.0000 	 -1000.0000 	 -1000.0000 
	 81.9140 	 1.053902e-03 	 157.8108 	  0.9365 	 4.841777e+19 	 3.645592e+17 	 2.203698e-05 	 2.276608e-06 	 -1000.0000 	 -1000.0000 	 -1000.0000 	 -1000.0000 
	 82.0510 	 1.036992e-03 	 157.8435 	  0.9215 	 4.763052e+19 	 3.550369e+17 	 2.259155e-05 	 2.299781e-06 	 -1000.0000 	 -1000.0000 	 -1000.0000 	 -1000.0000 
	 82.1890 	 1.020228e-03 	 157.8756 	  0.9075 	 4.685004e+19 	 3.457582e+17 	 2.317307e-05 	 2.327054e-06 	 -1000.0000 	 -1000.0000 	 -1000.0000 	 -1000.0000 
	 82.8520 	 9.432884e-04 	 157.9369 	  0.8738 	 4.329295e+19 	 3.099708e+17 	 2.582189e-05 	 2.518652e-06 	 -1000.0000 	 -1000.0000 	 -1000.0000 	 -1000.0000 
	 82.9890 	 9.281046e-04 	 157.9240 	  0.8744 	 4.259814e+19 	 3.045677e+17 	 2.629616e-05 	 2.568980e-06 	 -1000.0000 	 -1000.0000 	 -1000.0000 	 -1000.0000 
	 83.1260 	 9.131581e-04 	 157.9023 	  0.8772 	 4.191658e+19 	 2.997499e+17 	 2.674219e-05 	 2.621761e-06 	 -1000.0000 	 -1000.0000 	 -1000.0000 	 -1000.0000 
	 83.2640 	 8.983391e-04 	 157.8717 	  0.8819 	 4.124319e+19 	 2.954385e+17 	 2.716219e-05 	 2.676839e-06 	 -1000.0000 	 -1000.0000 	 -1000.0000 	 -1000.0000 
	 83.4010 	 8.838591e-04 	 157.8327 	  0.8883 	 4.058746e+19 	 2.916464e+17 	 2.754937e-05 	 2.732839e-06 	 -1000.0000 	 -1000.0000 	 -1000.0000 	 -1000.0000 
	 86.4750 	 6.127182e-04 	 154.9346 	  0.9633 	 2.866752e+19 	 2.292932e+17 	 2.740426e-05 	 3.183067e-06 	 -1000.0000 	 -1000.0000 	 -1000.0000 	 -1000.0000 
	 86.6120 	 6.027279e-04 	 154.7477 	  0.9468 	 2.823371e+19 	 2.237783e+17 	 2.705515e-05 	 3.135135e-06 	 -1000.0000 	 -1000.0000 	 -1000.0000 	 -1000.0000 
	 86.7490 	 5.928937e-04 	 154.5707 	  0.9300 	 2.780465e+19 	 2.182148e+17 	 2.673151e-05 	 3.088514e-06 	 -1000.0000 	 -1000.0000 	 -1000.0000 	 -1000.0000 
	 86.8860 	 5.832135e-04 	 154.4077 	  0.9139 	 2.737966e+19 	 2.127217e+17 	 2.644991e-05 	 3.045984e-06 	 -1000.0000 	 -1000.0000 	 -1000.0000 	 -1000.0000 
	 87.0230 	 5.736849e-04 	 154.2628 	  0.8990 	 2.695807e+19 	 2.074182e+17 	 2.622703e-05 	 3.010328e-06 	 -1000.0000 	 -1000.0000 	 -1000.0000 	 -1000.0000 
	 87.6930 	 5.292029e-04 	 153.9066 	  0.8654 	 2.492975e+19 	 1.873210e+17 	 2.642534e-05 	 3.007831e-06 	 -1000.0000 	 -1000.0000 	 -1000.0000 	 -1000.0000 
	 87.8290 	 5.205911e-04 	 153.8905 	  0.8660 	 2.452703e+19 	 1.844226e+17 	 2.673172e-05 	 3.041960e-06 	 -1000.0000 	 -1000.0000 	 -1000.0000 	 -1000.0000 
	 87.9650 	 5.121166e-04 	 153.8807 	  0.8681 	 2.412929e+19 	 1.817808e+17 	 2.711043e-05 	 3.084311e-06 	 -1000.0000 	 -1000.0000 	 -1000.0000 	 -1000.0000 
	 88.1000 	 5.038387e-04 	 153.8715 	  0.8712 	 2.374027e+19 	 1.793453e+17 	 2.754921e-05 	 3.132821e-06 	 -1000.0000 	 -1000.0000 	 -1000.0000 	 -1000.0000 
	 88.2360 	 4.956333e-04 	 153.8568 	  0.8747 	 2.335510e+19 	 1.770123e+17 	 2.804564e-05 	 3.186546e-06 	 -1000.0000 	 -1000.0000 	 -1000.0000 	 -1000.0000 
	 88.8990 	 4.574962e-04 	 153.5562 	  0.8841 	 2.159647e+19 	 1.655212e+17 	 3.095432e-05 	 3.468702e-06 	 -1000.0000 	 -1000.0000 	 -1000.0000 	 -1000.0000 
	 89.0350 	 4.500370e-04 	 153.4453 	  0.8839 	 2.125956e+19 	 1.630428e+17 	 3.159694e-05 	 3.525786e-06 	 -1000.0000 	 -1000.0000 	 -1000.0000 	 -1000.0000 
	 89.1720 	 4.426404e-04 	 153.3224 	  0.8832 	 2.092702e+19 	 1.605335e+17 	 3.224287e-05 	 3.582500e-06 	 -1000.0000 	 -1000.0000 	 -1000.0000 	 -1000.0000 
	 89.3080 	 4.354107e-04 	 153.1920 	  0.8822 	 2.060309e+19 	 1.580451e+17 	 3.287546e-05 	 3.637857e-06 	 -1000.0000 	 -1000.0000 	 -1000.0000 	 -1000.0000 
	 89.4450 	 4.282381e-04 	 153.0549 	  0.8810 	 2.028234e+19 	 1.555567e+17 	 3.349688e-05 	 3.692507e-06 	 -1000.0000 	 -1000.0000 	 -1000.0000 	 -1000.0000 
	 90.1130 	 3.947550e-04 	 152.3810 	  0.8767 	 1.878094e+19 	 1.441234e+17 	 3.609525e-05 	 3.938643e-06 	 -1000.0000 	 -1000.0000 	 -1000.0000 	 -1000.0000 
	 90.2490 	 3.882366e-04 	 152.2466 	  0.8766 	 1.848712e+19 	 1.419717e+17 	 3.651521e-05 	 3.983606e-06 	 -1000.0000 	 -1000.0000 	 -1000.0000 	 -1000.0000 
	 90.3850 	 3.818211e-04 	 152.1118 	  0.8766 	 1.819764e+19 	 1.398786e+17 	 3.689559e-05 	 4.026455e-06 	 -1000.0000 	 -1000.0000 	 -1000.0000 	 -1000.0000 
	 90.5200 	 3.755554e-04 	 151.9771 	  0.8770 	 1.791472e+19 	 1.378581e+17 	 3.723314e-05 	 4.066741e-06 	 -1000.0000 	 -1000.0000 	 -1000.0000 	 -1000.0000 
	 90.6560 	 3.693477e-04 	 151.8397 	  0.8775 	 1.763434e+19 	 1.358791e+17 	 3.753198e-05 	 4.104905e-06 	 -1000.0000 	 -1000.0000 	 -1000.0000 	 -1000.0000 
	 91.3060 	 3.411330e-04 	 151.1446 	  0.8839 	 1.636177e+19 	 1.271578e+17 	 3.839528e-05 	 4.251277e-06 	 -1000.0000 	 -1000.0000 	 -1000.0000 	 -1000.0000 
	 91.4420 	 3.355180e-04 	 150.9915 	  0.8859 	 1.610884e+19 	 1.254639e+17 	 3.848430e-05 	 4.275694e-06 	 -1000.0000 	 -1000.0000 	 -1000.0000 	 -1000.0000 
	 91.5770 	 3.300336e-04 	 150.8379 	  0.8880 	 1.586174e+19 	 1.238164e+17 	 3.855581e-05 	 4.298656e-06 	 -1000.0000 	 -1000.0000 	 -1000.0000 	 -1000.0000 
	 91.7130 	 3.245946e-04 	 150.6819 	  0.8901 	 1.561655e+19 	 1.221861e+17 	 3.861760e-05 	 4.320901e-06 	 -1000.0000 	 -1000.0000 	 -1000.0000 	 -1000.0000 
	 91.8480 	 3.192766e-04 	 150.5263 	  0.8924 	 1.537661e+19 	 1.205919e+17 	 3.867547e-05 	 4.342496e-06 	 -1000.0000 	 -1000.0000 	 -1000.0000 	 -1000.0000 
	 92.5200 	 2.938865e-04 	 149.7626 	  0.9033 	 1.422499e+19 	 1.128608e+17 	 3.910332e-05 	 4.454361e-06 	 -1000.0000 	 -1000.0000 	 -1000.0000 	 -1000.0000 
	 92.6550 	 2.889980e-04 	 149.6213 	  0.9053 	 1.400136e+19 	 1.113283e+17 	 3.922441e-05 	 4.478291e-06 	 -1000.0000 	 -1000.0000 	 -1000.0000 	 -1000.0000 
	 92.7900 	 2.841831e-04 	 149.4885 	  0.9071 	 1.378021e+19 	 1.097982e+17 	 3.935240e-05 	 4.502480e-06 	 -1000.0000 	 -1000.0000 	 -1000.0000 	 -1000.0000 
	 92.9250 	 2.794430e-04 	 149.3662 	  0.9089 	 1.356148e+19 	 1.082689e+17 	 3.948454e-05 	 4.526798e-06 	 -1000.0000 	 -1000.0000 	 -1000.0000 	 -1000.0000 
	 93.0600 	 2.747791e-04 	 149.2565 	  0.9105 	 1.334515e+19 	 1.067384e+17 	 3.961784e-05 	 4.551110e-06 	 -1000.0000 	 -1000.0000 	 -1000.0000 	 -1000.0000 
	 93.7240 	 2.529769e-04 	 148.9374 	  0.9157 	 1.231565e+19 	 9.914393e+16 	 4.015284e-05 	 4.663398e-06 	 -1000.0000 	 -1000.0000 	 -1000.0000 	 -1000.0000 
	 93.8580 	 2.488003e-04 	 148.9028 	  0.9158 	 1.211562e+19 	 9.759521e+16 	 4.018620e-05 	 4.682729e-06 	 -1000.0000 	 -1000.0000 	 -1000.0000 	 -1000.0000 
	 93.9930 	 2.446635e-04 	 148.8682 	  0.9156 	 1.191715e+19 	 9.603023e+16 	 4.017259e-05 	 4.700391e-06 	 -1000.0000 	 -1000.0000 	 -1000.0000 	 -1000.0000 
