	 height_(km) 	 press_(mbar) 	 temp_(K) 	 temperr_(K) 	 numdens_(m-3) 	 numdenserr_(m-3) 	 H2Ovmr_() 	 H2Ovmrerr_() 	 D/H_(VSMOW) 	 D/Herr_(VSMOW) 	 18O/16O_(VSMOW) 	 18O/16Oerr_(VSMOW) 
	 20.4030 	 8.428621e-01 	 205.5140 	  3.7853 	 2.973103e+22 	 5.711401e+20 	 1.344747e-04 	 1.068908e-05 	 -1000.0000 	 -1000.0000 	 -1000.0000 	 -1000.0000 
	 20.5360 	 8.323535e-01 	 205.2981 	  3.7949 	 2.939144e+22 	 5.627667e+20 	 1.335267e-04 	 1.064718e-05 	 -1000.0000 	 -1000.0000 	 -1000.0000 	 -1000.0000 
	 20.6690 	 8.219698e-01 	 205.0796 	  3.7870 	 2.905586e+22 	 5.528401e+20 	 1.324928e-04 	 1.059200e-05 	 -1000.0000 	 -1000.0000 	 -1000.0000 	 -1000.0000 
	 21.4780 	 7.614056e-01 	 203.7059 	  3.4314 	 2.709663e+22 	 4.663577e+20 	 1.251066e-04 	 1.002293e-05 	 -1000.0000 	 -1000.0000 	 -1000.0000 	 -1000.0000 
	 21.6100 	 7.519321e-01 	 203.4765 	  3.3345 	 2.678964e+22 	 4.491904e+20 	 1.238342e-04 	 9.900895e-06 	 -1000.0000 	 -1000.0000 	 -1000.0000 	 -1000.0000 
	 21.7430 	 7.424984e-01 	 203.2445 	  3.2290 	 2.648372e+22 	 4.313657e+20 	 1.225629e-04 	 9.772583e-06 	 -1000.0000 	 -1000.0000 	 -1000.0000 	 -1000.0000 
	 21.8760 	 7.331752e-01 	 203.0119 	  3.1168 	 2.618114e+22 	 4.131381e+20 	 1.213128e-04 	 9.640142e-06 	 -1000.0000 	 -1000.0000 	 -1000.0000 	 -1000.0000 
	 22.0090 	 7.239609e-01 	 202.7787 	  2.9992 	 2.588182e+22 	 3.946343e+20 	 1.200942e-04 	 9.504850e-06 	 -1000.0000 	 -1000.0000 	 -1000.0000 	 -1000.0000 
	 22.8310 	 6.693336e-01 	 201.3400 	  2.2222 	 2.409998e+22 	 2.818145e+20 	 1.138465e-04 	 8.682736e-06 	 -1000.0000 	 -1000.0000 	 -1000.0000 	 -1000.0000 
	 22.9630 	 6.609185e-01 	 201.1115 	  2.1010 	 2.382405e+22 	 2.651739e+20 	 1.131376e-04 	 8.564773e-06 	 -1000.0000 	 -1000.0000 	 -1000.0000 	 -1000.0000 
	 23.0960 	 6.525352e-01 	 200.8825 	  1.9831 	 2.354869e+22 	 2.491644e+20 	 1.125296e-04 	 8.453021e-06 	 -1000.0000 	 -1000.0000 	 -1000.0000 	 -1000.0000 
	 23.2280 	 6.443083e-01 	 200.6567 	  1.8715 	 2.327796e+22 	 2.341516e+20 	 1.120404e-04 	 8.350218e-06 	 -1000.0000 	 -1000.0000 	 -1000.0000 	 -1000.0000 
	 23.3600 	 6.361729e-01 	 200.4326 	  1.7663 	 2.300972e+22 	 2.201360e+20 	 1.116753e-04 	 8.256263e-06 	 -1000.0000 	 -1000.0000 	 -1000.0000 	 -1000.0000 
	 24.1810 	 5.875630e-01 	 199.1062 	  1.3052 	 2.139252e+22 	 1.596405e+20 	 1.126170e-04 	 7.931226e-06 	  4.8428 	  1.0993 	 -1000.0000 	 -1000.0000 
	 24.3130 	 5.800676e-01 	 198.9144 	  1.2610 	 2.113996e+22 	 1.537587e+20 	 1.131543e-04 	 7.912293e-06 	  4.8514 	  1.0834 	 -1000.0000 	 -1000.0000 
	 24.4460 	 5.726062e-01 	 198.7308 	  1.2236 	 2.088736e+22 	 1.486585e+20 	 1.137344e-04 	 7.896068e-06 	  4.8570 	  1.0654 	 -1000.0000 	 -1000.0000 
	 24.5780 	 5.652915e-01 	 198.5594 	  1.1931 	 2.063842e+22 	 1.443224e+20 	 1.143183e-04 	 7.879642e-06 	  4.8592 	  1.0446 	 -1000.0000 	 -1000.0000 
	 24.7100 	 5.580676e-01 	 198.4001 	  1.1687 	 2.039118e+22 	 1.406159e+20 	 1.148852e-04 	 7.861194e-06 	  4.8583 	  1.0204 	 -1000.0000 	 -1000.0000 
	 25.5140 	 5.160258e-01 	 197.7285 	  1.1210 	 1.891988e+22 	 1.268334e+20 	 1.167219e-04 	 7.580539e-06 	  4.7894 	  0.8184 	 -1000.0000 	 -1000.0000 
	 25.6460 	 5.094356e-01 	 197.6598 	  1.1237 	 1.868473e+22 	 1.254400e+20 	 1.167487e-04 	 7.498653e-06 	  4.7692 	  0.7810 	 -1000.0000 	 -1000.0000 
	 25.7780 	 5.029298e-01 	 197.5993 	  1.1275 	 1.845169e+22 	 1.241523e+20 	 1.167148e-04 	 7.404199e-06 	  4.7470 	  0.7431 	 -1000.0000 	 -1000.0000 
	 25.9100 	 4.965070e-01 	 197.5456 	  1.1319 	 1.822088e+22 	 1.229193e+20 	 1.166295e-04 	 7.296639e-06 	  4.7229 	  0.7049 	 -1000.0000 	 -1000.0000 
	 26.0420 	 4.901660e-01 	 197.4975 	  1.1360 	 1.799242e+22 	 1.216897e+20 	 1.165086e-04 	 7.177362e-06 	  4.6971 	  0.6666 	 -1000.0000 	 -1000.0000 
	 26.8570 	 4.527446e-01 	 197.2596 	  1.1312 	 1.663851e+22 	 1.122169e+20 	 1.159432e-04 	 6.446737e-06 	  4.5271 	  0.4563 	 -1000.0000 	 -1000.0000 
	 26.9890 	 4.469519e-01 	 197.2265 	  1.1265 	 1.642842e+22 	 1.104506e+20 	 1.159329e-04 	 6.391289e-06 	  4.5022 	  0.4429 	 -1000.0000 	 -1000.0000 
	 27.1200 	 4.412738e-01 	 197.1946 	  1.1216 	 1.622238e+22 	 1.086962e+20 	 1.158991e-04 	 6.367967e-06 	  4.4793 	  0.4360 	 -1000.0000 	 -1000.0000 
	 27.2520 	 4.356224e-01 	 197.1632 	  1.1168 	 1.601720e+22 	 1.069510e+20 	 1.158025e-04 	 6.370435e-06 	  4.4584 	  0.4315 	 -1000.0000 	 -1000.0000 
	 27.3840 	 4.300401e-01 	 197.1324 	  1.1124 	 1.581445e+22 	 1.052526e+20 	 1.156119e-04 	 6.385760e-06 	  4.4398 	  0.4285 	 -1000.0000 	 -1000.0000 
	 28.1900 	 3.974017e-01 	 196.9571 	  1.1072 	 1.462713e+22 	 9.679641e+19 	 1.127965e-04 	 6.503956e-06 	  4.3671 	  0.4293 	 -1000.0000 	 -1000.0000 
	 28.3220 	 3.922906e-01 	 196.9333 	  1.1096 	 1.444073e+22 	 9.569333e+19 	 1.121317e-04 	 6.508179e-06 	  4.3601 	  0.4307 	 -1000.0000 	 -1000.0000 
	 28.4530 	 3.872830e-01 	 196.9122 	  1.1125 	 1.425792e+22 	 9.464902e+19 	 1.114277e-04 	 6.505931e-06 	  4.3540 	  0.4323 	 -1000.0000 	 -1000.0000 
	 28.5840 	 3.823401e-01 	 196.8941 	  1.1159 	 1.407725e+22 	 9.364422e+19 	 1.106835e-04 	 6.497173e-06 	  4.3485 	  0.4339 	 -1000.0000 	 -1000.0000 
	 28.7150 	 3.774618e-01 	 196.8793 	  1.1196 	 1.389870e+22 	 9.266826e+19 	 1.099031e-04 	 6.483535e-06 	  4.3437 	  0.4356 	 -1000.0000 	 -1000.0000 
	 29.5300 	 3.485428e-01 	 196.8766 	  1.1425 	 1.283419e+22 	 8.671302e+19 	 1.045120e-04 	 6.308207e-06 	  4.3300 	  0.4463 	  1.0162 	  0.1673 
	 29.6620 	 3.440827e-01 	 196.8886 	  1.1454 	 1.266918e+22 	 8.572495e+19 	 1.036834e-04 	 6.264272e-06 	  4.3307 	  0.4473 	  1.0174 	  0.1662 
	 29.7930 	 3.397150e-01 	 196.9029 	  1.1479 	 1.250744e+22 	 8.473101e+19 	 1.029208e-04 	 6.217302e-06 	  4.3324 	  0.4478 	  1.0189 	  0.1646 
	 29.9240 	 3.354049e-01 	 196.9192 	  1.1498 	 1.234771e+22 	 8.372138e+19 	 1.022375e-04 	 6.169224e-06 	  4.3351 	  0.4480 	  1.0207 	  0.1625 
	 30.0550 	 3.311511e-01 	 196.9371 	  1.1512 	 1.218997e+22 	 8.269369e+19 	 1.016510e-04 	 6.121853e-06 	  4.3389 	  0.4480 	  1.0226 	  0.1599 
	 30.8600 	 3.061864e-01 	 197.0628 	  1.1448 	 1.126376e+22 	 7.592808e+19 	 1.005153e-04 	 5.791022e-06 	  4.3859 	  0.4370 	  1.0360 	  0.1363 
	 30.9920 	 3.022756e-01 	 197.0838 	  1.1416 	 1.111871e+22 	 7.476587e+19 	 1.007209e-04 	 5.718823e-06 	  4.3973 	  0.4326 	  1.0380 	  0.1316 
	 31.1230 	 2.984424e-01 	 197.1043 	  1.1379 	 1.097657e+22 	 7.360685e+19 	 1.010335e-04 	 5.645011e-06 	  4.4095 	  0.4277 	  1.0397 	  0.1270 
	 31.2540 	 2.946562e-01 	 197.1243 	  1.1339 	 1.083622e+22 	 7.244564e+19 	 1.014567e-04 	 5.576704e-06 	  4.4227 	  0.4228 	  1.0412 	  0.1223 
	 31.3850 	 2.909158e-01 	 197.1436 	  1.1296 	 1.069761e+22 	 7.128565e+19 	 1.019836e-04 	 5.519758e-06 	  4.4371 	  0.4182 	  1.0424 	  0.1177 
	 32.1940 	 2.687947e-01 	 197.2385 	  1.0979 	 9.879395e+21 	 6.432310e+19 	 1.058561e-04 	 5.340674e-06 	  4.5596 	  0.3994 	  1.0461 	  0.0946 
	 32.3240 	 2.653989e-01 	 197.2489 	  1.0925 	 9.754069e+21 	 6.325385e+19 	 1.062358e-04 	 5.316882e-06 	  4.5866 	  0.3979 	  1.0466 	  0.0922 
	 32.4550 	 2.620230e-01 	 197.2578 	  1.0869 	 9.629558e+21 	 6.219395e+19 	 1.064482e-04 	 5.280466e-06 	  4.6163 	  0.3964 	  1.0474 	  0.0902 
	 32.5860 	 2.586937e-01 	 197.2651 	  1.0814 	 9.506857e+21 	 6.115300e+19 	 1.064546e-04 	 5.217018e-06 	  4.6485 	  0.3942 	  1.0483 	  0.0884 
	 32.7170 	 2.554117e-01 	 197.2707 	  1.0758 	 9.385986e+21 	 6.013234e+19 	 1.062337e-04 	 5.116299e-06 	  4.6828 	  0.3910 	  1.0494 	  0.0867 
	 33.5270 	 2.361610e-01 	 197.2556 	  1.0445 	 8.679319e+21 	 5.434826e+19 	 1.013419e-04 	 4.208009e-06 	  4.9059 	  0.3698 	  1.0581 	  0.0824 
	 33.6570 	 2.332238e-01 	 197.2411 	  1.0404 	 8.572010e+21 	 5.351529e+19 	 1.004390e-04 	 4.146278e-06 	  4.9364 	  0.3707 	  1.0593 	  0.0830 
	 33.7880 	 2.303010e-01 	 197.2216 	  1.0368 	 8.465418e+21 	 5.270546e+19 	 9.962946e-05 	 4.142401e-06 	  4.9637 	  0.3738 	  1.0602 	  0.0840 
	 33.9180 	 2.274352e-01 	 197.1969 	  1.0336 	 8.361111e+21 	 5.193219e+19 	 9.897085e-05 	 4.204156e-06 	  4.9866 	  0.3795 	  1.0609 	  0.0853 
	 34.0480 	 2.246019e-01 	 197.1664 	  1.0310 	 8.258207e+21 	 5.119021e+19 	 9.849155e-05 	 4.333258e-06 	  5.0049 	  0.3880 	  1.0612 	  0.0872 
	 34.8500 	 2.077574e-01 	 196.8357 	  1.0287 	 7.651573e+21 	 4.730819e+19 	 9.958960e-05 	 5.763337e-06 	  5.0272 	  0.4771 	  1.0576 	  0.1043 
	 34.9800 	 2.051306e-01 	 196.7631 	  1.0302 	 7.557624e+21 	 4.677223e+19 	 1.002724e-04 	 5.970260e-06 	  5.0190 	  0.4899 	  1.0567 	  0.1071 
	 35.1100 	 2.025344e-01 	 196.6871 	  1.0319 	 7.464873e+21 	 4.625470e+19 	 1.010364e-04 	 6.153239e-06 	  5.0086 	  0.5005 	  1.0559 	  0.1096 
	 35.2400 	 1.999695e-01 	 196.6082 	  1.0339 	 7.373315e+21 	 4.575275e+19 	 1.018625e-04 	 6.316412e-06 	  4.9966 	  0.5089 	  1.0553 	  0.1117 
	 35.3700 	 1.974365e-01 	 196.5272 	  1.0361 	 7.282941e+21 	 4.526355e+19 	 1.027298e-04 	 6.463364e-06 	  4.9833 	  0.5156 	  1.0548 	  0.1135 
	 36.1800 	 1.823942e-01 	 196.0158 	  1.0507 	 6.745548e+21 	 4.236524e+19 	 1.078496e-04 	 7.104471e-06 	  4.8799 	  0.5281 	  1.0496 	  0.1174 
	 36.3100 	 1.800946e-01 	 195.9389 	  1.0531 	 6.663101e+21 	 4.191535e+19 	 1.085133e-04 	 7.177266e-06 	  4.8611 	  0.5272 	  1.0475 	  0.1170 
	 36.4400 	 1.778248e-01 	 195.8650 	  1.0554 	 6.581598e+21 	 4.146872e+19 	 1.091148e-04 	 7.242500e-06 	  4.8421 	  0.5257 	  1.0448 	  0.1164 
	 36.5700 	 1.755839e-01 	 195.7948 	  1.0578 	 6.500999e+21 	 4.102505e+19 	 1.096544e-04 	 7.295389e-06 	  4.8228 	  0.5230 	  1.0417 	  0.1155 
	 36.7000 	 1.733714e-01 	 195.7289 	  1.0601 	 6.421263e+21 	 4.058402e+19 	 1.101396e-04 	 7.331358e-06 	  4.8034 	  0.5189 	  1.0381 	  0.1142 
	 37.4930 	 1.604493e-01 	 195.4188 	  1.0745 	 5.952381e+21 	 3.795091e+19 	 1.127301e-04 	 7.309385e-06 	  4.6836 	  0.4779 	  1.0092 	  0.1024 
	 37.6230 	 1.584207e-01 	 195.3707 	  1.0769 	 5.878578e+21 	 3.753467e+19 	 1.131892e-04 	 7.297621e-06 	  4.6632 	  0.4719 	  1.0035 	  0.1005 
	 37.7520 	 1.564316e-01 	 195.3190 	  1.0792 	 5.806290e+21 	 3.712824e+19 	 1.136661e-04 	 7.296586e-06 	  4.6427 	  0.4671 	  0.9977 	  0.0989 
	 37.8820 	 1.544507e-01 	 195.2610 	  1.0815 	 5.734433e+21 	 3.672621e+19 	 1.141634e-04 	 7.314583e-06 	  4.6219 	  0.4636 	  0.9915 	  0.0976 
	 38.0120 	 1.524933e-01 	 195.1955 	  1.0839 	 5.663607e+21 	 3.633265e+19 	 1.146657e-04 	 7.358283e-06 	  4.6011 	  0.4620 	  0.9851 	  0.0967 
	 38.8160 	 1.408888e-01 	 194.5556 	  1.0982 	 5.249539e+21 	 3.411757e+19 	 1.167212e-04 	 7.882269e-06 	  4.4950 	  0.4823 	  0.9455 	  0.0997 
	 38.9460 	 1.390921e-01 	 194.4194 	  1.1006 	 5.186231e+21 	 3.379189e+19 	 1.166954e-04 	 7.953795e-06 	  4.4863 	  0.4892 	  0.9404 	  0.1016 
	 39.0750 	 1.373309e-01 	 194.2782 	  1.1030 	 5.124306e+21 	 3.347597e+19 	 1.165431e-04 	 8.010502e-06 	  4.4810 	  0.4967 	  0.9362 	  0.1038 
	 39.2040 	 1.355913e-01 	 194.1324 	  1.1055 	 5.063231e+21 	 3.316664e+19 	 1.162722e-04 	 8.050116e-06 	  4.4795 	  0.5044 	  0.9327 	  0.1063 
	 39.3330 	 1.338732e-01 	 193.9830 	  1.1081 	 5.002968e+21 	 3.286326e+19 	 1.158965e-04 	 8.071998e-06 	  4.4818 	  0.5121 	  0.9300 	  0.1090 
	 40.1360 	 1.236537e-01 	 193.0279 	  1.1265 	 4.644046e+21 	 3.107368e+19 	 1.120377e-04 	 8.030042e-06 	  4.5626 	  0.5465 	  0.9222 	  0.1225 
	 40.2660 	 1.220734e-01 	 192.8720 	  1.1297 	 4.588393e+21 	 3.079559e+19 	 1.113110e-04 	 7.998844e-06 	  4.5817 	  0.5485 	  0.9203 	  0.1228 
	 40.3950 	 1.205246e-01 	 192.7170 	  1.1328 	 4.533813e+21 	 3.052178e+19 	 1.106023e-04 	 7.954480e-06 	  4.6008 	  0.5490 	  0.9178 	  0.1224 
	 40.5240 	 1.189950e-01 	 192.5617 	  1.1360 	 4.479867e+21 	 3.024972e+19 	 1.099181e-04 	 7.892804e-06 	  4.6197 	  0.5478 	  0.9148 	  0.1212 
	 40.6530 	 1.174840e-01 	 192.4061 	  1.1391 	 4.426542e+21 	 2.997902e+19 	 1.092680e-04 	 7.809814e-06 	  4.6383 	  0.5447 	  0.9114 	  0.1195 
	 41.4460 	 1.085856e-01 	 191.4459 	  1.1562 	 4.111749e+21 	 2.833321e+19 	 1.062294e-04 	 6.807479e-06 	  4.7523 	  0.4966 	  0.8944 	  0.1034 
	 41.5760 	 1.071878e-01 	 191.2882 	  1.1589 	 4.062165e+21 	 2.806826e+19 	 1.059188e-04 	 6.579449e-06 	  4.7721 	  0.4861 	  0.8941 	  0.1008 
	 41.7050 	 1.058168e-01 	 191.1319 	  1.1616 	 4.013493e+21 	 2.780763e+19 	 1.056729e-04 	 6.341942e-06 	  4.7925 	  0.4755 	  0.8948 	  0.0985 
	 41.8340 	 1.044616e-01 	 190.9757 	  1.1643 	 3.965337e+21 	 2.754962e+19 	 1.054936e-04 	 6.097435e-06 	  4.8140 	  0.4651 	  0.8965 	  0.0962 
	 41.9630 	 1.031219e-01 	 190.8198 	  1.1671 	 3.917686e+21 	 2.729457e+19 	 1.053867e-04 	 5.850836e-06 	  4.8363 	  0.4551 	  0.8991 	  0.0941 
	 42.7630 	 9.514711e-02 	 189.8575 	  1.1868 	 3.633061e+21 	 2.579200e+19 	 1.065978e-04 	 4.481724e-06 	  4.9741 	  0.4069 	  0.9304 	  0.0841 
	 42.8910 	 9.392513e-02 	 189.7034 	  1.1903 	 3.589315e+21 	 2.556345e+19 	 1.069833e-04 	 4.469405e-06 	  4.9935 	  0.4070 	  0.9369 	  0.0839 
	 43.0200 	 9.270912e-02 	 189.5476 	  1.1938 	 3.545756e+21 	 2.533588e+19 	 1.074877e-04 	 4.473379e-06 	  5.0114 	  0.4074 	  0.9437 	  0.0839 
	 43.1480 	 9.151814e-02 	 189.3924 	  1.1973 	 3.503069e+21 	 2.511261e+19 	 1.081104e-04 	 4.481551e-06 	  5.0274 	  0.4076 	  0.9505 	  0.0839 
	 43.2760 	 9.034285e-02 	 189.2365 	  1.2008 	 3.460926e+21 	 2.489167e+19 	 1.088473e-04 	 4.493686e-06 	  5.0415 	  0.4077 	  0.9573 	  0.0839 
	 44.0630 	 8.345969e-02 	 188.2659 	  1.2215 	 3.213697e+21 	 2.357279e+19 	 1.151331e-04 	 4.628190e-06 	  5.0932 	  0.4054 	  0.9922 	  0.0848 
	 44.1910 	 8.239150e-02 	 188.1108 	  1.2249 	 3.175182e+21 	 2.336297e+19 	 1.162996e-04 	 4.655149e-06 	  5.0965 	  0.4048 	  0.9958 	  0.0849 
	 44.3200 	 8.132776e-02 	 187.9572 	  1.2282 	 3.136754e+21 	 2.315236e+19 	 1.174793e-04 	 4.682523e-06 	  5.0981 	  0.4042 	  0.9986 	  0.0850 
	 44.4480 	 8.028432e-02 	 187.8081 	  1.2316 	 3.098974e+21 	 2.294405e+19 	 1.186413e-04 	 4.709569e-06 	  5.0980 	  0.4035 	  1.0005 	  0.0850 
	 44.5760 	 7.925226e-02 	 187.6629 	  1.2350 	 3.061509e+21 	 2.273623e+19 	 1.197806e-04 	 4.736274e-06 	  5.0963 	  0.4029 	  1.0017 	  0.0850 
	 45.3830 	 7.298322e-02 	 186.8767 	  1.2563 	 2.831163e+21 	 2.141209e+19 	 1.258922e-04 	 4.898924e-06 	  5.0843 	  0.4007 	  1.0013 	  0.0839 
	 45.5110 	 7.202841e-02 	 186.7772 	  1.2587 	 2.795605e+21 	 2.119099e+19 	 1.266224e-04 	 4.923843e-06 	  5.0886 	  0.4012 	  1.0015 	  0.0834 
	 45.6400 	 7.107826e-02 	 186.6852 	  1.2606 	 2.760085e+21 	 2.096205e+19 	 1.272731e-04 	 4.948456e-06 	  5.0969 	  0.4021 	  1.0023 	  0.0828 
	 45.7680 	 7.014793e-02 	 186.6024 	  1.2618 	 2.725170e+21 	 2.072774e+19 	 1.278414e-04 	 4.972121e-06 	  5.1094 	  0.4033 	  1.0037 	  0.0821 
	 45.8960 	 6.923043e-02 	 186.5285 	  1.2621 	 2.690600e+21 	 2.048522e+19 	 1.283518e-04 	 4.994685e-06 	  5.1260 	  0.4049 	  1.0057 	  0.0814 
	 46.6860 	 6.386326e-02 	 186.2635 	  1.2440 	 2.485659e+21 	 1.880235e+19 	 1.318105e-04 	 5.080589e-06 	  5.2558 	  0.4141 	  1.0213 	  0.0778 
	 46.8140 	 6.303851e-02 	 186.2401 	  1.2396 	 2.453870e+21 	 1.851985e+19 	 1.326835e-04 	 5.083392e-06 	  5.2703 	  0.4140 	  1.0226 	  0.0774 
	 46.9420 	 6.222489e-02 	 186.2178 	  1.2355 	 2.422481e+21 	 1.824256e+19 	 1.337072e-04 	 5.083067e-06 	  5.2798 	  0.4132 	  1.0232 	  0.0770 
	 47.0700 	 6.142189e-02 	 186.1951 	  1.2320 	 2.391497e+21 	 1.797345e+19 	 1.348876e-04 	 5.080086e-06 	  5.2840 	  0.4116 	  1.0228 	  0.0766 
	 47.1980 	 6.062899e-02 	 186.1702 	  1.2292 	 2.360918e+21 	 1.771551e+19 	 1.362181e-04 	 5.075144e-06 	  5.2828 	  0.4093 	  1.0215 	  0.0763 
	 47.9860 	 5.594672e-02 	 185.8976 	  1.2396 	 2.181658e+21 	 1.647980e+19 	 1.464198e-04 	 5.065163e-06 	  5.1964 	  0.4101 	  1.0002 	  0.0754 
	 48.1140 	 5.521724e-02 	 185.8300 	  1.2450 	 2.153985e+21 	 1.632938e+19 	 1.481248e-04 	 5.076745e-06 	  5.1762 	  0.4113 	  0.9958 	  0.0755 
	 48.2420 	 5.449639e-02 	 185.7557 	  1.2508 	 2.126707e+21 	 1.618845e+19 	 1.497623e-04 	 5.094691e-06 	  5.1559 	  0.4123 	  0.9914 	  0.0757 
	 48.3700 	 5.378414e-02 	 185.6747 	  1.2571 	 2.099824e+21 	 1.605527e+19 	 1.513104e-04 	 5.119464e-06 	  5.1355 	  0.4131 	  0.9870 	  0.0759 
	 48.4980 	 5.308047e-02 	 185.5869 	  1.2635 	 2.073332e+21 	 1.592811e+19 	 1.527526e-04 	 5.151166e-06 	  5.1154 	  0.4136 	  0.9828 	  0.0762 
	 50.5820 	 4.281189e-02 	 183.1541 	  1.2518 	 1.694531e+21 	 1.328986e+19 	 1.573993e-04 	 6.154285e-06 	  4.9068 	  0.4696 	  0.9433 	  0.0884 
	 50.7100 	 4.225033e-02 	 182.9459 	  1.2406 	 1.674206e+21 	 1.305565e+19 	 1.566856e-04 	 6.117694e-06 	  4.9047 	  0.4766 	  0.9427 	  0.0888 
	 50.8370 	 4.169985e-02 	 182.7345 	  1.2295 	 1.654303e+21 	 1.282556e+19 	 1.559645e-04 	 6.043351e-06 	  4.9040 	  0.4835 	  0.9423 	  0.0890 
	 50.9640 	 4.115576e-02 	 182.5189 	  1.2190 	 1.634648e+21 	 1.260109e+19 	 1.552727e-04 	 5.922771e-06 	  4.9047 	  0.4899 	  0.9420 	  0.0890 
	 51.0910 	 4.061777e-02 	 182.2993 	  1.2092 	 1.615224e+21 	 1.238556e+19 	 1.546493e-04 	 5.750067e-06 	  4.9061 	  0.4959 	  0.9419 	  0.0889 
	 51.8720 	 3.743216e-02 	 180.8783 	  1.1821 	 1.500255e+21 	 1.137763e+19 	 1.516038e-04 	 5.178163e-06 	  4.8963 	  0.5439 	  0.9390 	  0.0919 
	 52.0000 	 3.693020e-02 	 180.6306 	  1.1823 	 1.482167e+21 	 1.125810e+19 	 1.515998e-04 	 5.131554e-06 	  4.8856 	  0.5509 	  0.9373 	  0.0929 
	 52.1270 	 3.643795e-02 	 180.3792 	  1.1833 	 1.464447e+21 	 1.114761e+19 	 1.518008e-04 	 5.092957e-06 	  4.8712 	  0.5572 	  0.9352 	  0.0939 
	 52.2540 	 3.595156e-02 	 180.1218 	  1.1849 	 1.446961e+21 	 1.104344e+19 	 1.521979e-04 	 5.062244e-06 	  4.8534 	  0.5627 	  0.9325 	  0.0949 
	 52.3810 	 3.547110e-02 	 179.8576 	  1.1869 	 1.429716e+21 	 1.094382e+19 	 1.527648e-04 	 5.039130e-06 	  4.8331 	  0.5670 	  0.9295 	  0.0959 
	 53.1660 	 3.263417e-02 	 178.0599 	  1.1978 	 1.328622e+21 	 1.034628e+19 	 1.564527e-04 	 4.991249e-06 	  4.7227 	  0.5720 	  0.9149 	  0.1003 
	 53.2920 	 3.219923e-02 	 177.7474 	  1.1986 	 1.313219e+21 	 1.024780e+19 	 1.564216e-04 	 4.986403e-06 	  4.7191 	  0.5721 	  0.9154 	  0.1012 
	 53.4190 	 3.176618e-02 	 177.4270 	  1.1990 	 1.297899e+21 	 1.014715e+19 	 1.560606e-04 	 4.979336e-06 	  4.7220 	  0.5728 	  0.9172 	  0.1023 
	 53.5460 	 3.133836e-02 	 177.1017 	  1.1989 	 1.282774e+21 	 1.004488e+19 	 1.553619e-04 	 4.969510e-06 	  4.7311 	  0.5742 	  0.9203 	  0.1036 
	 53.6730 	 3.091563e-02 	 176.7718 	  1.1982 	 1.267835e+21 	 9.940751e+18 	 1.541494e-04 	 5.108404e-06 	  4.7456 	  0.5792 	  0.9246 	  0.1057 
	 54.4660 	 2.838409e-02 	 174.6382 	  1.1815 	 1.178266e+21 	 9.245001e+18 	 1.454667e-04 	 4.988870e-06 	  4.8666 	  0.6444 	  0.9619 	  0.1226 
	 54.5920 	 2.799846e-02 	 174.2905 	  1.1773 	 1.164579e+21 	 9.130230e+18 	 1.447144e-04 	 4.809247e-06 	  4.8734 	  0.6572 	  0.9660 	  0.1251 
	 54.7190 	 2.761430e-02 	 173.9383 	  1.1728 	 1.150926e+21 	 9.014621e+18 	 1.441215e-04 	 4.788777e-06 	  4.8725 	  0.6723 	  0.9688 	  0.1279 
	 54.8460 	 2.723465e-02 	 173.5848 	  1.1682 	 1.137415e+21 	 8.899545e+18 	 1.438947e-04 	 4.769660e-06 	  4.8639 	  0.6868 	  0.9700 	  0.1304 
	 54.9730 	 2.685948e-02 	 173.2300 	  1.1636 	 1.124041e+21 	 8.785469e+18 	 1.440332e-04 	 4.751806e-06 	  4.8479 	  0.6995 	  0.9697 	  0.1325 
	 55.7490 	 2.466279e-02 	 171.0790 	  1.1383 	 1.045032e+21 	 8.129493e+18 	 1.490355e-04 	 4.706964e-06 	  4.6799 	  0.7463 	  0.9536 	  0.1390 
	 55.8750 	 2.432134e-02 	 170.7481 	  1.1351 	 1.032558e+21 	 8.030117e+18 	 1.497414e-04 	 4.620961e-06 	  4.6564 	  0.7540 	  0.9520 	  0.1402 
	 56.0020 	 2.398140e-02 	 170.4251 	  1.1321 	 1.020057e+21 	 7.931815e+18 	 1.500635e-04 	 4.584400e-06 	  4.6377 	  0.7642 	  0.9514 	  0.1420 
	 56.1280 	 2.364831e-02 	 170.1173 	  1.1296 	 1.007715e+21 	 7.836072e+18 	 1.499637e-04 	 4.553873e-06 	  4.6247 	  0.7769 	  0.9520 	  0.1443 
	 56.2540 	 2.331933e-02 	 169.8238 	  1.1274 	 9.954244e+20 	 7.742046e+18 	 1.493944e-04 	 4.520147e-06 	  4.6176 	  0.7931 	  0.9540 	  0.1473 
	 57.0420 	 2.135345e-02 	 168.3814 	  1.1224 	 9.193910e+20 	 7.187064e+18 	 1.351410e-04 	 4.229238e-06 	  4.6864 	  0.9614 	  0.9869 	  0.1775 
	 57.1680 	 2.105347e-02 	 168.2037 	  1.1224 	 9.074326e+20 	 7.101996e+18 	 1.314720e-04 	 4.168898e-06 	  4.7109 	  0.9929 	  0.9939 	  0.1823 
	 57.2940 	 2.075736e-02 	 168.0356 	  1.1226 	 8.955604e+20 	 7.017420e+18 	 1.275718e-04 	 4.104797e-06 	  4.7377 	  1.0241 	  1.0008 	  0.1867 
	 57.4200 	 2.046511e-02 	 167.8752 	  1.1227 	 8.837860e+20 	 6.933144e+18 	 1.235288e-04 	 4.037492e-06 	  4.7654 	  1.0551 	  1.0075 	  0.1907 
	 57.5460 	 2.017668e-02 	 167.7207 	  1.1227 	 8.721211e+20 	 6.848978e+18 	 1.194332e-04 	 3.967846e-06 	  4.7928 	  1.0859 	  1.0137 	  0.1943 
	 58.3150 	 1.849751e-02 	 166.8295 	  1.1175 	 8.037608e+20 	 6.330725e+18 	 9.732236e-05 	 3.550989e-06 	  4.9078 	  1.2710 	  1.0366 	  0.2111 
	 58.4410 	 1.823535e-02 	 166.6918 	  1.1158 	 7.930242e+20 	 6.245366e+18 	 9.459408e-05 	 3.493382e-06 	  4.9122 	  1.2994 	  1.0370 	  0.2132 
	 58.5660 	 1.797878e-02 	 166.5587 	  1.1139 	 7.824940e+20 	 6.160799e+18 	 9.220049e-05 	 3.441426e-06 	  4.9113 	  1.3265 	  1.0364 	  0.2150 
	 58.6920 	 1.772366e-02 	 166.4286 	  1.1119 	 7.719986e+20 	 6.075762e+18 	 9.010257e-05 	 3.394708e-06 	  4.9057 	  1.3523 	  1.0347 	  0.2166 
	 58.8180 	 1.747203e-02 	 166.3029 	  1.1097 	 7.616196e+20 	 5.991025e+18 	 8.831129e-05 	 3.353819e-06 	  4.8957 	  1.3757 	  1.0320 	  0.2178 
	 59.6050 	 1.597653e-02 	 165.6252 	  1.0942 	 6.993153e+20 	 5.474287e+18 	 8.290520e-05 	 3.220198e-06 	 -1000.0000 	 -1000.0000 	 -1000.0000 	 -1000.0000 
	 59.7310 	 1.574874e-02 	 165.5258 	  1.0915 	 6.897578e+20 	 5.394473e+18 	 8.276999e-05 	 3.215462e-06 	 -1000.0000 	 -1000.0000 	 -1000.0000 	 -1000.0000 
	 59.8560 	 1.552576e-02 	 165.4266 	  1.0888 	 6.803970e+20 	 5.316336e+18 	 8.278533e-05 	 3.214422e-06 	 -1000.0000 	 -1000.0000 	 -1000.0000 	 -1000.0000 
	 59.9820 	 1.530397e-02 	 165.3248 	  1.0862 	 6.710861e+20 	 5.238716e+18 	 8.293270e-05 	 3.221691e-06 	 -1000.0000 	 -1000.0000 	 -1000.0000 	 -1000.0000 
	 60.1080 	 1.508510e-02 	 165.2200 	  1.0835 	 6.619029e+20 	 5.162333e+18 	 8.319574e-05 	 3.237296e-06 	 -1000.0000 	 -1000.0000 	 -1000.0000 	 -1000.0000 
	 60.8880 	 1.379216e-02 	 164.4429 	  1.0681 	 6.080249e+20 	 4.721022e+18 	 8.655565e-05 	 3.295548e-06 	 -1000.0000 	 -1000.0000 	 -1000.0000 	 -1000.0000 
	 61.0140 	 1.359312e-02 	 164.2905 	  1.0658 	 5.998078e+20 	 4.654937e+18 	 8.722677e-05 	 3.309841e-06 	 -1000.0000 	 -1000.0000 	 -1000.0000 	 -1000.0000 
	 61.1390 	 1.339834e-02 	 164.1307 	  1.0636 	 5.917898e+20 	 4.590777e+18 	 8.788336e-05 	 3.323488e-06 	 -1000.0000 	 -1000.0000 	 -1000.0000 	 -1000.0000 
	 61.2640 	 1.320621e-02 	 163.9617 	  1.0614 	 5.839053e+20 	 4.527999e+18 	 8.850730e-05 	 3.336121e-06 	 -1000.0000 	 -1000.0000 	 -1000.0000 	 -1000.0000 
	 61.3890 	 1.301674e-02 	 163.7832 	  1.0592 	 5.761543e+20 	 4.466592e+18 	 8.907217e-05 	 3.347289e-06 	 -1000.0000 	 -1000.0000 	 -1000.0000 	 -1000.0000 
	 62.1580 	 1.190812e-02 	 162.4796 	  1.0465 	 5.312873e+20 	 4.116454e+18 	 8.964141e-05 	 3.364899e-06 	 -1000.0000 	 -1000.0000 	 -1000.0000 	 -1000.0000 
	 62.2840 	 1.173530e-02 	 162.2439 	  1.0444 	 5.243365e+20 	 4.062601e+18 	 8.902186e-05 	 3.357033e-06 	 -1000.0000 	 -1000.0000 	 -1000.0000 	 -1000.0000 
	 62.4090 	 1.156613e-02 	 162.0082 	  1.0423 	 5.175308e+20 	 4.009806e+18 	 8.817179e-05 	 3.345748e-06 	 -1000.0000 	 -1000.0000 	 -1000.0000 	 -1000.0000 
	 62.5340 	 1.139916e-02 	 161.7723 	  1.0402 	 5.108066e+20 	 3.957510e+18 	 8.710059e-05 	 3.331052e-06 	 -1000.0000 	 -1000.0000 	 -1000.0000 	 -1000.0000 
	 62.6590 	 1.123433e-02 	 161.5379 	  1.0379 	 5.041558e+20 	 3.905584e+18 	 8.583338e-05 	 3.313106e-06 	 -1000.0000 	 -1000.0000 	 -1000.0000 	 -1000.0000 
	 63.4380 	 1.025224e-02 	 160.1658 	  1.0214 	 4.640564e+20 	 3.584562e+18 	 7.583838e-05 	 3.149525e-06 	 -1000.0000 	 -1000.0000 	 -1000.0000 	 -1000.0000 
	 63.5640 	 1.010060e-02 	 159.9519 	  1.0180 	 4.578042e+20 	 3.532893e+18 	 7.428054e-05 	 3.119650e-06 	 -1000.0000 	 -1000.0000 	 -1000.0000 	 -1000.0000 
	 63.6890 	 9.952162e-03 	 159.7385 	  1.0144 	 4.516773e+20 	 3.481744e+18 	 7.284655e-05 	 3.090711e-06 	 -1000.0000 	 -1000.0000 	 -1000.0000 	 -1000.0000 
	 63.8140 	 9.805724e-03 	 159.5225 	  1.0106 	 4.456302e+20 	 3.430722e+18 	 7.154696e-05 	 3.063069e-06 	 -1000.0000 	 -1000.0000 	 -1000.0000 	 -1000.0000 
	 63.9390 	 9.661290e-03 	 159.3027 	  1.0064 	 4.396672e+20 	 3.379842e+18 	 7.039910e-05 	 3.037243e-06 	 -1000.0000 	 -1000.0000 	 -1000.0000 	 -1000.0000 
	 64.7020 	 8.822761e-03 	 157.8338 	  0.9743 	 4.052197e+20 	 3.074795e+18 	 6.689082e-05 	 2.933993e-06 	 -1000.0000 	 -1000.0000 	 -1000.0000 	 -1000.0000 
	 64.8260 	 8.693177e-03 	 157.5778 	  0.9685 	 3.999168e+20 	 3.026987e+18 	 6.681595e-05 	 2.926290e-06 	 -1000.0000 	 -1000.0000 	 -1000.0000 	 -1000.0000 
	 64.9510 	 8.564330e-03 	 157.3168 	  0.9627 	 3.946443e+20 	 2.979593e+18 	 6.684382e-05 	 2.920694e-06 	 -1000.0000 	 -1000.0000 	 -1000.0000 	 -1000.0000 
	 65.0760 	 8.437227e-03 	 157.0537 	  0.9570 	 3.894412e+20 	 2.933112e+18 	 6.695184e-05 	 2.916830e-06 	 -1000.0000 	 -1000.0000 	 -1000.0000 	 -1000.0000 
	 65.2010 	 8.311828e-03 	 156.7893 	  0.9515 	 3.843035e+20 	 2.887657e+18 	 6.711236e-05 	 2.914165e-06 	 -1000.0000 	 -1000.0000 	 -1000.0000 	 -1000.0000 
	 65.9750 	 7.571112e-03 	 155.1377 	  0.9248 	 3.538022e+20 	 2.633941e+18 	 6.740293e-05 	 2.886535e-06 	 -1000.0000 	 -1000.0000 	 -1000.0000 	 -1000.0000 
	 66.0990 	 7.457962e-03 	 154.8614 	  0.9219 	 3.491361e+20 	 2.597866e+18 	 6.706838e-05 	 2.874960e-06 	 -1000.0000 	 -1000.0000 	 -1000.0000 	 -1000.0000 
	 66.2240 	 7.345400e-03 	 154.5757 	  0.9193 	 3.445009e+20 	 2.562743e+18 	 6.656987e-05 	 2.860156e-06 	 -1000.0000 	 -1000.0000 	 -1000.0000 	 -1000.0000 
	 66.3480 	 7.235215e-03 	 154.2836 	  0.9170 	 3.399730e+20 	 2.529118e+18 	 6.591269e-05 	 2.842246e-06 	 -1000.0000 	 -1000.0000 	 -1000.0000 	 -1000.0000 
	 66.4720 	 7.126483e-03 	 153.9816 	  0.9151 	 3.355178e+20 	 2.496691e+18 	 6.509912e-05 	 2.821160e-06 	 -1000.0000 	 -1000.0000 	 -1000.0000 	 -1000.0000 
	 67.2480 	 6.477859e-03 	 151.7927 	  0.9086 	 3.093738e+20 	 2.317686e+18 	 5.779702e-05 	 2.642522e-06 	 -1000.0000 	 -1000.0000 	 -1000.0000 	 -1000.0000 
	 67.3720 	 6.378997e-03 	 151.3901 	  0.9076 	 3.054637e+20 	 2.291569e+18 	 5.659144e-05 	 2.612617e-06 	 -1000.0000 	 -1000.0000 	 -1000.0000 	 -1000.0000 
	 67.4960 	 6.281359e-03 	 150.9722 	  0.9064 	 3.016217e+20 	 2.265676e+18 	 5.546215e-05 	 2.584127e-06 	 -1000.0000 	 -1000.0000 	 -1000.0000 	 -1000.0000 
	 67.6200 	 6.184910e-03 	 150.5388 	  0.9048 	 2.978459e+20 	 2.239838e+18 	 5.443339e-05 	 2.557561e-06 	 -1000.0000 	 -1000.0000 	 -1000.0000 	 -1000.0000 
	 67.7440 	 6.089614e-03 	 150.0896 	  0.9027 	 2.941342e+20 	 2.213885e+18 	 5.352474e-05 	 2.533295e-06 	 -1000.0000 	 -1000.0000 	 -1000.0000 	 -1000.0000 
	 68.5080 	 5.526518e-03 	 147.0006 	  0.8766 	 2.725303e+20 	 2.045928e+18 	 5.076200e-05 	 2.432653e-06 	 -1000.0000 	 -1000.0000 	 -1000.0000 	 -1000.0000 
	 68.6320 	 5.439030e-03 	 146.4647 	  0.8709 	 2.691967e+20 	 2.018037e+18 	 5.060548e-05 	 2.420982e-06 	 -1000.0000 	 -1000.0000 	 -1000.0000 	 -1000.0000 
	 68.7560 	 5.352657e-03 	 145.9256 	  0.8650 	 2.659013e+20 	 1.990331e+18 	 5.045968e-05 	 2.409418e-06 	 -1000.0000 	 -1000.0000 	 -1000.0000 	 -1000.0000 
	 68.8800 	 5.267409e-03 	 145.3856 	  0.8593 	 2.626406e+20 	 1.962945e+18 	 5.029711e-05 	 2.397564e-06 	 -1000.0000 	 -1000.0000 	 -1000.0000 	 -1000.0000 
	 69.0040 	 5.183297e-03 	 144.8471 	  0.8536 	 2.594106e+20 	 1.936016e+18 	 5.009190e-05 	 2.385118e-06 	 -1000.0000 	 -1000.0000 	 -1000.0000 	 -1000.0000 
	 69.7710 	 4.688262e-03 	 141.6376 	  0.8275 	 2.399692e+20 	 1.785601e+18 	 4.731492e-05 	 2.295942e-06 	 -1000.0000 	 -1000.0000 	 -1000.0000 	 -1000.0000 
	 69.8950 	 4.612108e-03 	 141.1329 	  0.8249 	 2.369151e+20 	 1.764085e+18 	 4.679760e-05 	 2.282739e-06 	 -1000.0000 	 -1000.0000 	 -1000.0000 	 -1000.0000 
	 70.0180 	 4.537555e-03 	 140.6326 	  0.8227 	 2.339134e+20 	 1.743478e+18 	 4.634189e-05 	 2.271095e-06 	 -1000.0000 	 -1000.0000 	 -1000.0000 	 -1000.0000 
	 70.1420 	 4.463363e-03 	 140.1270 	  0.8209 	 2.309168e+20 	 1.723431e+18 	 4.596662e-05 	 2.261092e-06 	 -1000.0000 	 -1000.0000 	 -1000.0000 	 -1000.0000 
	 70.2660 	 4.390112e-03 	 139.6190 	  0.8196 	 2.279511e+20 	 1.704101e+18 	 4.569902e-05 	 2.252937e-06 	 -1000.0000 	 -1000.0000 	 -1000.0000 	 -1000.0000 
	 71.0310 	 3.957594e-03 	 136.3726 	  0.8182 	 2.103804e+20 	 1.598448e+18 	 4.736690e-05 	 2.405584e-06 	 -1000.0000 	 -1000.0000 	 -1000.0000 	 -1000.0000 
	 71.1550 	 3.890527e-03 	 135.8290 	  0.8185 	 2.076439e+20 	 1.582700e+18 	 4.793036e-05 	 2.436029e-06 	 -1000.0000 	 -1000.0000 	 -1000.0000 	 -1000.0000 
	 71.2780 	 3.824824e-03 	 135.2863 	  0.8188 	 2.049572e+20 	 1.567181e+18 	 4.843324e-05 	 2.454487e-06 	 -1000.0000 	 -1000.0000 	 -1000.0000 	 -1000.0000 
	 71.4020 	 3.759413e-03 	 134.7361 	  0.8189 	 2.022754e+20 	 1.551533e+18 	 4.882911e-05 	 2.459924e-06 	 -1000.0000 	 -1000.0000 	 -1000.0000 	 -1000.0000 
	 71.5260 	 3.694824e-03 	 134.1834 	  0.8188 	 1.996192e+20 	 1.535778e+18 	 4.905915e-05 	 2.451626e-06 	 -1000.0000 	 -1000.0000 	 -1000.0000 	 -1000.0000 
	 72.2940 	 3.312966e-03 	 130.7642 	  0.8107 	 1.836518e+20 	 1.431860e+18 	 4.536332e-05 	 2.205343e-06 	 -1000.0000 	 -1000.0000 	 -1000.0000 	 -1000.0000 
	 72.4180 	 3.254271e-03 	 130.2331 	  0.8086 	 1.811322e+20 	 1.414262e+18 	 4.411942e-05 	 2.153400e-06 	 -1000.0000 	 -1000.0000 	 -1000.0000 	 -1000.0000 
	 72.5410 	 3.196875e-03 	 129.7189 	  0.8065 	 1.786432e+20 	 1.396732e+18 	 4.279625e-05 	 2.102037e-06 	 -1000.0000 	 -1000.0000 	 -1000.0000 	 -1000.0000 
	 72.6640 	 3.140306e-03 	 129.2197 	  0.8045 	 1.761620e+20 	 1.379184e+18 	 4.141252e-05 	 2.050763e-06 	 -1000.0000 	 -1000.0000 	 -1000.0000 	 -1000.0000 
	 72.7870 	 3.084568e-03 	 128.7378 	  0.8026 	 1.736866e+20 	 1.361674e+18 	 3.999585e-05 	 1.999222e-06 	 -1000.0000 	 -1000.0000 	 -1000.0000 	 -1000.0000 
	 73.5540 	 2.755716e-03 	 126.1867 	  0.7981 	 1.583398e+20 	 1.256752e+18 	 3.164685e-05 	 1.649486e-06 	 -1000.0000 	 -1000.0000 	 -1000.0000 	 -1000.0000 
	 73.6780 	 2.705459e-03 	 125.8249 	  0.7988 	 1.558998e+20 	 1.240991e+18 	 3.039619e-05 	 1.588179e-06 	 -1000.0000 	 -1000.0000 	 -1000.0000 	 -1000.0000 
	 73.8010 	 2.656361e-03 	 125.4701 	  0.7998 	 1.535017e+20 	 1.225824e+18 	 2.916739e-05 	 1.526939e-06 	 -1000.0000 	 -1000.0000 	 -1000.0000 	 -1000.0000 
	 73.9240 	 2.607996e-03 	 125.1157 	  0.8013 	 1.511299e+20 	 1.211171e+18 	 2.794412e-05 	 1.465844e-06 	 -1000.0000 	 -1000.0000 	 -1000.0000 	 -1000.0000 
	 74.0470 	 2.560348e-03 	 124.7580 	  0.8033 	 1.487884e+20 	 1.197082e+18 	 2.671986e-05 	 1.405401e-06 	 -1000.0000 	 -1000.0000 	 -1000.0000 	 -1000.0000 
	 74.7980 	 2.284214e-03 	 122.3776 	  0.8236 	 1.352909e+20 	 1.124051e+18 	 1.907216e-05 	 1.070077e-06 	 -1000.0000 	 -1000.0000 	 -1000.0000 	 -1000.0000 
	 74.9200 	 2.241720e-03 	 121.9685 	  0.8279 	 1.332189e+20 	 1.113717e+18 	 1.785774e-05 	 1.022681e-06 	 -1000.0000 	 -1000.0000 	 -1000.0000 	 -1000.0000 
	 75.0430 	 2.199546e-03 	 121.5555 	  0.8323 	 1.311582e+20 	 1.103492e+18 	 1.666482e-05 	 9.769587e-07 	 -1000.0000 	 -1000.0000 	 -1000.0000 	 -1000.0000 
	 75.1660 	 2.158041e-03 	 121.1443 	  0.8368 	 1.291234e+20 	 1.093370e+18 	 1.551140e-05 	 9.330480e-07 	 -1000.0000 	 -1000.0000 	 -1000.0000 	 -1000.0000 
	 75.2890 	 2.117205e-03 	 120.7370 	  0.8412 	 1.271123e+20 	 1.083262e+18 	 1.440553e-05 	 8.906809e-07 	 -1000.0000 	 -1000.0000 	 -1000.0000 	 -1000.0000 
	 76.0510 	 1.878895e-03 	 118.3476 	  0.8661 	 1.151156e+20 	 1.018247e+18 	 9.005382e-06 	 6.626624e-07 	 -1000.0000 	 -1000.0000 	 -1000.0000 	 -1000.0000 
	 76.1730 	 1.842965e-03 	 117.9625 	  0.8700 	 1.132835e+20 	 1.007998e+18 	 8.388665e-06 	 6.347363e-07 	 -1000.0000 	 -1000.0000 	 -1000.0000 	 -1000.0000 
	 76.2960 	 1.807320e-03 	 117.5632 	  0.8740 	 1.114682e+20 	 9.979719e+17 	 7.831492e-06 	 6.095031e-07 	 -1000.0000 	 -1000.0000 	 -1000.0000 	 -1000.0000 
	 76.4180 	 1.772523e-03 	 117.1526 	  0.8782 	 1.097017e+20 	 9.884278e+17 	 7.336227e-06 	 5.863999e-07 	 -1000.0000 	 -1000.0000 	 -1000.0000 	 -1000.0000 
	 76.5400 	 1.738266e-03 	 116.7236 	  0.8826 	 1.079717e+20 	 9.793795e+17 	 6.895176e-06 	 5.652010e-07 	 -1000.0000 	 -1000.0000 	 -1000.0000 	 -1000.0000 
	 77.2940 	 1.537831e-03 	 113.5889 	  0.9181 	 9.812695e+19 	 9.375700e+17 	 5.159533e-06 	 4.725604e-07 	 -1000.0000 	 -1000.0000 	 -1000.0000 	 -1000.0000 
	 77.4160 	 1.507190e-03 	 113.0427 	  0.9255 	 9.663687e+19 	 9.326666e+17 	 4.996680e-06 	 4.626653e-07 	 -1000.0000 	 -1000.0000 	 -1000.0000 	 -1000.0000 
	 77.5380 	 1.477046e-03 	 112.5021 	  0.9335 	 9.516147e+19 	 9.280628e+17 	 4.854298e-06 	 4.538321e-07 	 -1000.0000 	 -1000.0000 	 -1000.0000 	 -1000.0000 
	 77.6600 	 1.447399e-03 	 111.9734 	  0.9421 	 9.369554e+19 	 9.236758e+17 	 4.727821e-06 	 4.459236e-07 	 -1000.0000 	 -1000.0000 	 -1000.0000 	 -1000.0000 
	 77.7820 	 1.418249e-03 	 111.4627 	  0.9513 	 9.223384e+19 	 9.194232e+17 	 4.612671e-06 	 4.388022e-07 	 -1000.0000 	 -1000.0000 	 -1000.0000 	 -1000.0000 
	 78.5440 	 1.247365e-03 	 109.0166 	  1.0202 	 8.295007e+19 	 8.891768e+17 	 3.935275e-06 	 4.046585e-07 	 -1000.0000 	 -1000.0000 	 -1000.0000 	 -1000.0000 
	 78.6660 	 1.221774e-03 	 108.7801 	  1.0312 	 8.142476e+19 	 8.821208e+17 	 3.823264e-06 	 3.999440e-07 	 -1000.0000 	 -1000.0000 	 -1000.0000 	 -1000.0000 
	 78.7880 	 1.196663e-03 	 108.5945 	  1.0413 	 7.988767e+19 	 8.739443e+17 	 3.710326e-06 	 3.952251e-07 	 -1000.0000 	 -1000.0000 	 -1000.0000 	 -1000.0000 
	 78.9100 	 1.172030e-03 	 108.4626 	  1.0505 	 7.833850e+19 	 8.644603e+17 	 3.596688e-06 	 3.904352e-07 	 -1000.0000 	 -1000.0000 	 -1000.0000 	 -1000.0000 
	 79.0320 	 1.147871e-03 	 108.3872 	  1.0583 	 7.677693e+19 	 8.534820e+17 	 3.482644e-06 	 3.855148e-07 	 -1000.0000 	 -1000.0000 	 -1000.0000 	 -1000.0000 
	 79.7840 	 1.009382e-03 	 109.3258 	  1.0675 	 6.691156e+19 	 7.475560e+17 	 2.800986e-06 	 3.516960e-07 	 -1000.0000 	 -1000.0000 	 -1000.0000 	 -1000.0000 
	 79.9060 	 9.886388e-04 	 109.7245 	  1.0625 	 6.529519e+19 	 7.253341e+17 	 2.701259e-06 	 3.463326e-07 	 -1000.0000 	 -1000.0000 	 -1000.0000 	 -1000.0000 
	 80.0280 	 9.683913e-04 	 110.1965 	  1.0559 	 6.368276e+19 	 7.022527e+17 	 2.606836e-06 	 3.412775e-07 	 -1000.0000 	 -1000.0000 	 -1000.0000 	 -1000.0000 
	 80.1500 	 9.486445e-04 	 110.7435 	  1.0477 	 6.207737e+19 	 6.785178e+17 	 2.518536e-06 	 3.366334e-07 	 -1000.0000 	 -1000.0000 	 -1000.0000 	 -1000.0000 
	 80.2720 	 9.294035e-04 	 111.3672 	  1.0380 	 6.048214e+19 	 6.543354e+17 	 2.437162e-06 	 3.325015e-07 	 -1000.0000 	 -1000.0000 	 -1000.0000 	 -1000.0000 
	 81.0270 	 8.215655e-04 	 116.8156 	  0.9510 	 5.103934e+19 	 5.062312e+17 	 2.116061e-06 	 3.225225e-07 	 -1000.0000 	 -1000.0000 	 -1000.0000 	 -1000.0000 
	 81.1490 	 8.058388e-04 	 117.8590 	  0.9349 	 4.962060e+19 	 4.840634e+17 	 2.092093e-06 	 3.235140e-07 	 -1000.0000 	 -1000.0000 	 -1000.0000 	 -1000.0000 
	 81.2700 	 7.906632e-04 	 118.9046 	  0.9191 	 4.825381e+19 	 4.629398e+17 	 2.074879e-06 	 3.251694e-07 	 -1000.0000 	 -1000.0000 	 -1000.0000 	 -1000.0000 
	 81.3920 	 7.757711e-04 	 119.9571 	  0.9036 	 4.692043e+19 	 4.426497e+17 	 2.063663e-06 	 3.274908e-07 	 -1000.0000 	 -1000.0000 	 -1000.0000 	 -1000.0000 
	 81.5140 	 7.612728e-04 	 120.9950 	  0.8888 	 4.563598e+19 	 4.235108e+17 	 2.058113e-06 	 3.304371e-07 	 -1000.0000 	 -1000.0000 	 -1000.0000 	 -1000.0000 
	 82.2700 	 6.792325e-04 	 126.4523 	  0.8250 	 3.891904e+19 	 3.353496e+17 	 2.120288e-06 	 3.602039e-07 	 -1000.0000 	 -1000.0000 	 -1000.0000 	 -1000.0000 
	 82.3920 	 6.671110e-04 	 127.1171 	  0.8188 	 3.802662e+19 	 3.255054e+17 	 2.142016e-06 	 3.664000e-07 	 -1000.0000 	 -1000.0000 	 -1000.0000 	 -1000.0000 
	 82.5130 	 6.553588e-04 	 127.7061 	  0.8135 	 3.718788e+19 	 3.166549e+17 	 2.165830e-06 	 3.727924e-07 	 -1000.0000 	 -1000.0000 	 -1000.0000 	 -1000.0000 
	 82.6340 	 6.438622e-04 	 128.2213 	  0.8089 	 3.639300e+19 	 3.086051e+17 	 2.191580e-06 	 3.793840e-07 	 -1000.0000 	 -1000.0000 	 -1000.0000 	 -1000.0000 
	 82.7550 	 6.326078e-04 	 128.6588 	  0.8049 	 3.563964e+19 	 3.012477e+17 	 2.218964e-06 	 3.861305e-07 	 -1000.0000 	 -1000.0000 	 -1000.0000 	 -1000.0000 
	 83.5040 	 5.676299e-04 	 129.5757 	  0.7881 	 3.175387e+19 	 2.658047e+17 	 2.414762e-06 	 4.299354e-07 	 -1000.0000 	 -1000.0000 	 -1000.0000 	 -1000.0000 
	 83.6240 	 5.578922e-04 	 129.4838 	  0.7866 	 3.123072e+19 	 2.613269e+17 	 2.450991e-06 	 4.374081e-07 	 -1000.0000 	 -1000.0000 	 -1000.0000 	 -1000.0000 
	 83.7450 	 5.482438e-04 	 129.3440 	  0.7853 	 3.072381e+19 	 2.570793e+17 	 2.489322e-06 	 4.451463e-07 	 -1000.0000 	 -1000.0000 	 -1000.0000 	 -1000.0000 
	 83.8660 	 5.387600e-04 	 129.1645 	  0.7845 	 3.023495e+19 	 2.530764e+17 	 2.529635e-06 	 4.531193e-07 	 -1000.0000 	 -1000.0000 	 -1000.0000 	 -1000.0000 
	 83.9870 	 5.294344e-04 	 128.9527 	  0.7841 	 2.976149e+19 	 2.492944e+17 	 2.572111e-06 	 4.613581e-07 	 -1000.0000 	 -1000.0000 	 -1000.0000 	 -1000.0000 
	 84.7440 	 4.743454e-04 	 127.2879 	  0.7906 	 2.701501e+19 	 2.292700e+17 	 2.897810e-06 	 5.207631e-07 	 -1000.0000 	 -1000.0000 	 -1000.0000 	 -1000.0000 
	 84.8640 	 4.660973e-04 	 127.0081 	  0.7929 	 2.660339e+19 	 2.264969e+17 	 2.960515e-06 	 5.316647e-07 	 -1000.0000 	 -1000.0000 	 -1000.0000 	 -1000.0000 
	 84.9850 	 4.579087e-04 	 126.7294 	  0.7955 	 2.619329e+19 	 2.237682e+17 	 3.027240e-06 	 5.431308e-07 	 -1000.0000 	 -1000.0000 	 -1000.0000 	 -1000.0000 
	 85.1060 	 4.498470e-04 	 126.4568 	  0.7983 	 2.578757e+19 	 2.210916e+17 	 3.097641e-06 	 5.550962e-07 	 -1000.0000 	 -1000.0000 	 -1000.0000 	 -1000.0000 
	 85.2270 	 4.419100e-04 	 126.1931 	  0.8013 	 2.538568e+19 	 2.184514e+17 	 3.171888e-06 	 5.675859e-07 	 -1000.0000 	 -1000.0000 	 -1000.0000 	 -1000.0000 
	 85.9670 	 3.959774e-04 	 124.8668 	  0.8221 	 2.299141e+19 	 2.024684e+17 	 3.727934e-06 	 6.574764e-07 	 -1000.0000 	 -1000.0000 	 -1000.0000 	 -1000.0000 
	 86.0870 	 3.889398e-04 	 124.6899 	  0.8258 	 2.261493e+19 	 1.999039e+17 	 3.840244e-06 	 6.747689e-07 	 -1000.0000 	 -1000.0000 	 -1000.0000 	 -1000.0000 
	 86.2080 	 3.819571e-04 	 124.5174 	  0.8296 	 2.223958e+19 	 1.973371e+17 	 3.961631e-06 	 6.931411e-07 	 -1000.0000 	 -1000.0000 	 -1000.0000 	 -1000.0000 
	 86.3280 	 3.751438e-04 	 124.3504 	  0.8335 	 2.187191e+19 	 1.948149e+17 	 4.090770e-06 	 7.123472e-07 	 -1000.0000 	 -1000.0000 	 -1000.0000 	 -1000.0000 
	 86.4480 	 3.684408e-04 	 124.1855 	  0.8373 	 2.150914e+19 	 1.923203e+17 	 4.229289e-06 	 7.325897e-07 	 -1000.0000 	 -1000.0000 	 -1000.0000 	 -1000.0000 
	 87.2000 	 3.288925e-04 	 123.1393 	  0.8624 	 1.936048e+19 	 1.774402e+17 	 5.339069e-06 	 8.855634e-07 	 -1000.0000 	 -1000.0000 	 -1000.0000 	 -1000.0000 
	 87.3200 	 3.229665e-04 	 122.9783 	  0.8663 	 1.903652e+19 	 1.751536e+17 	 5.555084e-06 	 9.143397e-07 	 -1000.0000 	 -1000.0000 	 -1000.0000 	 -1000.0000 
	 87.4400 	 3.171446e-04 	 122.8230 	  0.8702 	 1.871714e+19 	 1.728764e+17 	 5.781439e-06 	 9.443530e-07 	 -1000.0000 	 -1000.0000 	 -1000.0000 	 -1000.0000 
	 87.5600 	 3.114262e-04 	 122.6752 	  0.8739 	 1.840211e+19 	 1.706032e+17 	 6.018010e-06 	 9.756209e-07 	 -1000.0000 	 -1000.0000 	 -1000.0000 	 -1000.0000 
	 87.6800 	 3.058107e-04 	 122.5364 	  0.8774 	 1.809120e+19 	 1.683283e+17 	 6.264690e-06 	 1.008165e-06 	 -1000.0000 	 -1000.0000 	 -1000.0000 	 -1000.0000 
	 88.4300 	 2.729734e-04 	 121.9218 	  0.8961 	 1.623231e+19 	 1.539201e+17 	 8.055312e-06 	 1.241670e-06 	 -1000.0000 	 -1000.0000 	 -1000.0000 	 -1000.0000 
	 88.5500 	 2.680603e-04 	 121.8544 	  0.8987 	 1.594890e+19 	 1.516247e+17 	 8.393096e-06 	 1.283836e-06 	 -1000.0000 	 -1000.0000 	 -1000.0000 	 -1000.0000 
	 88.6700 	 2.632343e-04 	 121.7910 	  0.9013 	 1.566973e+19 	 1.493506e+17 	 8.749113e-06 	 1.327291e-06 	 -1000.0000 	 -1000.0000 	 -1000.0000 	 -1000.0000 
	 88.7900 	 2.584929e-04 	 121.7299 	  0.9040 	 1.539492e+19 	 1.471045e+17 	 9.124828e-06 	 1.372009e-06 	 -1000.0000 	 -1000.0000 	 -1000.0000 	 -1000.0000 
	 88.9100 	 2.538337e-04 	 121.6693 	  0.9067 	 1.512462e+19 	 1.448935e+17 	 9.521657e-06 	 1.417955e-06 	 -1000.0000 	 -1000.0000 	 -1000.0000 	 -1000.0000 
	 89.6500 	 2.267867e-04 	 121.2248 	  0.9261 	 1.356236e+19 	 1.323056e+17 	 1.241559e-05 	 1.722143e-06 	 -1000.0000 	 -1000.0000 	 -1000.0000 	 -1000.0000 
	 89.7700 	 2.226601e-04 	 121.1341 	  0.9296 	 1.332570e+19 	 1.304301e+17 	 1.292008e-05 	 1.772691e-06 	 -1000.0000 	 -1000.0000 	 -1000.0000 	 -1000.0000 
	 89.8900 	 2.186029e-04 	 121.0370 	  0.9332 	 1.309350e+19 	 1.285946e+17 	 1.342023e-05 	 1.822864e-06 	 -1000.0000 	 -1000.0000 	 -1000.0000 	 -1000.0000 
	 90.0100 	 2.146138e-04 	 120.9331 	  0.9368 	 1.286567e+19 	 1.267965e+17 	 1.391074e-05 	 1.872402e-06 	 -1000.0000 	 -1000.0000 	 -1000.0000 	 -1000.0000 
	 90.1300 	 2.106918e-04 	 120.8218 	  0.9404 	 1.264215e+19 	 1.250334e+17 	 1.438636e-05 	 1.921053e-06 	 -1000.0000 	 -1000.0000 	 -1000.0000 	 -1000.0000 
	 90.8760 	 1.877589e-04 	 119.9986 	  0.9623 	 1.134122e+19 	 1.146709e+17 	 1.680966e-05 	 2.195020e-06 	 -1000.0000 	 -1000.0000 	 -1000.0000 	 -1000.0000 
	 90.9960 	 1.842980e-04 	 119.8717 	  0.9656 	 1.114385e+19 	 1.130570e+17 	 1.712248e-05 	 2.235235e-06 	 -1000.0000 	 -1000.0000 	 -1000.0000 	 -1000.0000 
	 91.1150 	 1.809274e-04 	 119.7570 	  0.9688 	 1.095060e+19 	 1.114577e+17 	 1.741870e-05 	 2.274500e-06 	 -1000.0000 	 -1000.0000 	 -1000.0000 	 -1000.0000 
	 91.2340 	 1.776177e-04 	 119.6569 	  0.9719 	 1.075954e+19 	 1.098547e+17 	 1.770371e-05 	 2.313321e-06 	 -1000.0000 	 -1000.0000 	 -1000.0000 	 -1000.0000 
	 91.3530 	 1.743686e-04 	 119.5750 	  0.9750 	 1.057039e+19 	 1.082433e+17 	 1.798024e-05 	 2.351872e-06 	 -1000.0000 	 -1000.0000 	 -1000.0000 	 -1000.0000 
	 92.0860 	 1.556607e-04 	 119.5967 	  0.9909 	 9.437464e+18 	 9.794396e+16 	 1.964494e-05 	 2.593449e-06 	 -1000.0000 	 -1000.0000 	 -1000.0000 	 -1000.0000 
	 92.2060 	 1.528030e-04 	 119.6769 	  0.9926 	 9.258043e+18 	 9.620134e+16 	 1.993017e-05 	 2.635296e-06 	 -1000.0000 	 -1000.0000 	 -1000.0000 	 -1000.0000 
	 92.3250 	 1.500233e-04 	 119.7719 	  0.9940 	 9.082273e+18 	 9.446264e+16 	 2.022126e-05 	 2.677877e-06 	 -1000.0000 	 -1000.0000 	 -1000.0000 	 -1000.0000 
	 92.4440 	 1.472963e-04 	 119.8800 	  0.9950 	 8.908831e+18 	 9.271534e+16 	 2.052220e-05 	 2.721691e-06 	 -1000.0000 	 -1000.0000 	 -1000.0000 	 -1000.0000 
	 92.5630 	 1.446210e-04 	 119.9990 	  0.9955 	 8.737894e+18 	 9.096139e+16 	 2.083457e-05 	 2.766884e-06 	 -1000.0000 	 -1000.0000 	 -1000.0000 	 -1000.0000 
	 93.3100 	 1.289497e-04 	 120.9030 	  0.9869 	 7.729951e+18 	 7.994129e+16 	 2.307091e-05 	 3.082714e-06 	 -1000.0000 	 -1000.0000 	 -1000.0000 	 -1000.0000 
	 93.4280 	 1.266450e-04 	 121.0729 	  0.9840 	 7.581032e+18 	 7.822790e+16 	 2.344169e-05 	 3.134975e-06 	 -1000.0000 	 -1000.0000 	 -1000.0000 	 -1000.0000 
	 93.5470 	 1.243668e-04 	 121.2541 	  0.9807 	 7.433567e+18 	 7.651632e+16 	 2.381003e-05 	 3.187264e-06 	 -1000.0000 	 -1000.0000 	 -1000.0000 	 -1000.0000 
	 93.6660 	 1.221341e-04 	 121.4463 	  0.9772 	 7.288781e+18 	 7.482435e+16 	 2.416889e-05 	 3.238740e-06 	 -1000.0000 	 -1000.0000 	 -1000.0000 	 -1000.0000 
	 93.7850 	 1.199465e-04 	 121.6505 	  0.9736 	 7.146622e+18 	 7.315519e+16 	 2.451439e-05 	 3.289005e-06 	 -1000.0000 	 -1000.0000 	 -1000.0000 	 -1000.0000 
