	 height_(km) 	 press_(mbar) 	 temp_(K) 	 temperr_(K) 	 numdens_(m-3) 	 numdenserr_(m-3) 	 H2Ovmr_() 	 H2Ovmrerr_() 	 D/H_(VSMOW) 	 D/Herr_(VSMOW) 	 18O/16O_(VSMOW) 	 18O/16Oerr_(VSMOW) 
	 11.3970 	 1.547479e+00 	 190.3198 	  5.5697 	 5.874549e+22 	 1.687788e+21 	 3.160378e-05 	 1.402672e-06 	  7.1257 	  1.2494 	 -1000.0000 	 -1000.0000 
	 11.5190 	 1.528609e+00 	 190.5666 	  5.3372 	 5.799674e+22 	 1.608872e+21 	 3.447888e-05 	 1.776851e-06 	  6.5795 	  1.2333 	 -1000.0000 	 -1000.0000 
	 12.8320 	 1.338540e+00 	 191.7247 	  3.3113 	 5.067917e+22 	 9.330978e+20 	 5.835517e-05 	 3.622532e-06 	  4.5350 	  0.8371 	 -1000.0000 	 -1000.0000 
	 12.9540 	 1.322044e+00 	 191.7115 	  3.1637 	 5.006290e+22 	 8.849814e+20 	 5.969282e-05 	 3.602148e-06 	  4.4792 	  0.8403 	 -1000.0000 	 -1000.0000 
	 13.0760 	 1.305738e+00 	 191.6809 	  3.0224 	 4.945656e+22 	 8.391135e+20 	 6.088160e-05 	 3.582690e-06 	  4.4295 	  0.8454 	 -1000.0000 	 -1000.0000 
	 13.1990 	 1.289489e+00 	 191.6331 	  2.8861 	 4.885512e+22 	 7.950871e+20 	 6.195691e-05 	 3.575216e-06 	  4.3840 	  0.8512 	 -1000.0000 	 -1000.0000 
	 13.3210 	 1.273560e+00 	 191.5698 	  2.7570 	 4.826813e+22 	 7.535597e+20 	 6.292987e-05 	 3.586225e-06 	  4.3425 	  0.8570 	 -1000.0000 	 -1000.0000 
	 16.3650 	 9.313893e-01 	 186.9716 	  1.0607 	 3.610614e+22 	 2.391036e+20 	 7.241851e-05 	 3.868241e-06 	  3.7018 	  0.6038 	 -1000.0000 	 -1000.0000 
	 16.4870 	 9.196828e-01 	 186.7522 	  1.0370 	 3.569416e+22 	 2.326364e+20 	 7.210969e-05 	 3.824062e-06 	  3.6924 	  0.5874 	 -1000.0000 	 -1000.0000 
	 16.6090 	 9.081150e-01 	 186.5367 	  1.0154 	 3.528614e+22 	 2.267390e+20 	 7.173957e-05 	 3.780244e-06 	  3.6845 	  0.5717 	 -1000.0000 	 -1000.0000 
	 16.7310 	 8.966840e-01 	 186.3258 	  0.9958 	 3.488187e+22 	 2.213535e+20 	 7.130818e-05 	 3.737259e-06 	  3.6779 	  0.5568 	 -1000.0000 	 -1000.0000 
	 16.8520 	 8.854802e-01 	 186.1220 	  0.9782 	 3.448441e+22 	 2.164608e+20 	 7.082005e-05 	 3.695978e-06 	  3.6726 	  0.5431 	 -1000.0000 	 -1000.0000 
	 18.1650 	 7.720014e-01 	 184.4156 	  0.8667 	 3.034958e+22 	 1.782058e+20 	 6.210954e-05 	 3.409852e-06 	  3.6512 	  0.4892 	 -1000.0000 	 -1000.0000 
	 18.2870 	 7.621793e-01 	 184.3081 	  0.8615 	 2.998084e+22 	 1.753284e+20 	 6.107641e-05 	 3.386599e-06 	  3.6495 	  0.4914 	 -1000.0000 	 -1000.0000 
	 18.4090 	 7.524763e-01 	 184.2083 	  0.8568 	 2.961503e+22 	 1.725356e+20 	 6.001967e-05 	 3.360990e-06 	  3.6478 	  0.4938 	 -1000.0000 	 -1000.0000 
	 18.5310 	 7.428917e-01 	 184.1159 	  0.8527 	 2.925225e+22 	 1.698249e+20 	 5.894176e-05 	 3.332256e-06 	  3.6460 	  0.4959 	 -1000.0000 	 -1000.0000 
	 18.6520 	 7.335019e-01 	 184.0312 	  0.8491 	 2.889551e+22 	 1.672147e+20 	 5.785486e-05 	 3.299650e-06 	  3.6444 	  0.4970 	 -1000.0000 	 -1000.0000 
	 19.9510 	 6.397558e-01 	 183.4525 	  0.8307 	 2.528229e+22 	 1.434127e+20 	 4.592239e-05 	 2.566141e-06 	  3.6098 	  0.4504 	  1.0234 	  0.2319 
	 20.0720 	 6.316494e-01 	 183.4126 	  0.8301 	 2.496757e+22 	 1.415283e+20 	 4.496895e-05 	 2.453037e-06 	  3.5994 	  0.4466 	  1.0155 	  0.2280 
	 20.1930 	 6.236427e-01 	 183.3711 	  0.8296 	 2.465680e+22 	 1.396909e+20 	 4.408624e-05 	 2.331429e-06 	  3.5869 	  0.4439 	  1.0071 	  0.2242 
	 20.3140 	 6.157341e-01 	 183.3270 	  0.8293 	 2.435000e+22 	 1.378984e+20 	 4.328040e-05 	 2.202161e-06 	  3.5721 	  0.4424 	  0.9982 	  0.2206 
	 20.4350 	 6.079218e-01 	 183.2795 	  0.8291 	 2.404724e+22 	 1.361484e+20 	 4.245561e-05 	 2.107997e-06 	  3.5552 	  0.4455 	  0.9889 	  0.2178 
	 21.7440 	 5.291408e-01 	 182.3207 	  0.8313 	 2.103797e+22 	 1.193967e+20 	 3.560981e-05 	 1.973302e-06 	  3.3294 	  0.5308 	  0.8916 	  0.2086 
	 21.8640 	 5.224198e-01 	 182.1888 	  0.8319 	 2.078570e+22 	 1.180355e+20 	 3.529943e-05 	 1.969074e-06 	  3.3138 	  0.5356 	  0.8856 	  0.2093 
	 21.9850 	 5.157261e-01 	 182.0503 	  0.8327 	 2.053498e+22 	 1.166922e+20 	 3.503063e-05 	 1.966396e-06 	  3.3002 	  0.5398 	  0.8802 	  0.2103 
	 22.1060 	 5.091159e-01 	 181.9069 	  0.8336 	 2.028783e+22 	 1.153781e+20 	 3.480490e-05 	 1.965390e-06 	  3.2890 	  0.5433 	  0.8758 	  0.2116 
	 22.2270 	 5.025887e-01 	 181.7592 	  0.8346 	 2.004414e+22 	 1.140934e+20 	 3.462197e-05 	 1.966145e-06 	  3.2802 	  0.5462 	  0.8721 	  0.2130 
	 23.5240 	 4.377097e-01 	 180.0549 	  0.8561 	 1.762413e+22 	 1.020891e+20 	 3.566154e-05 	 2.112358e-06 	  3.3158 	  0.5487 	  0.8804 	  0.2344 
	 23.6440 	 4.321503e-01 	 179.8964 	  0.8587 	 1.741570e+22 	 1.011019e+20 	 3.610136e-05 	 2.140356e-06 	  3.3299 	  0.5464 	  0.8854 	  0.2367 
	 23.7650 	 4.266139e-01 	 179.7376 	  0.8613 	 1.720782e+22 	 1.001158e+20 	 3.662108e-05 	 2.171207e-06 	  3.3459 	  0.5435 	  0.8911 	  0.2389 
	 23.8860 	 4.211451e-01 	 179.5802 	  0.8638 	 1.700213e+22 	 9.913609e+19 	 3.722135e-05 	 2.204682e-06 	  3.3633 	  0.5400 	  0.8976 	  0.2410 
	 24.0070 	 4.157423e-01 	 179.4244 	  0.8663 	 1.679856e+22 	 9.815972e+19 	 3.775524e-05 	 2.283731e-06 	  3.3822 	  0.5392 	  0.9047 	  0.2437 
	 25.3160 	 3.610959e-01 	 177.9309 	  0.8801 	 1.470960e+22 	 8.714464e+19 	 4.792837e-05 	 3.465817e-06 	  3.6203 	  0.5738 	  1.0067 	  0.2810 
	 25.4370 	 3.563785e-01 	 177.8241 	  0.8804 	 1.452584e+22 	 8.608090e+19 	 4.935092e-05 	 3.570174e-06 	  3.6390 	  0.5781 	  1.0163 	  0.2837 
	 25.5570 	 3.517562e-01 	 177.7265 	  0.8807 	 1.434511e+22 	 8.502650e+19 	 5.081697e-05 	 3.669706e-06 	  3.6558 	  0.5817 	  1.0254 	  0.2860 
	 25.6780 	 3.471523e-01 	 177.6372 	  0.8809 	 1.416438e+22 	 8.396625e+19 	 5.233928e-05 	 3.764962e-06 	  3.6707 	  0.5843 	  1.0341 	  0.2877 
	 25.7980 	 3.426429e-01 	 177.5586 	  0.8813 	 1.398664e+22 	 8.292002e+19 	 5.388027e-05 	 3.853146e-06 	  3.6835 	  0.5853 	  1.0422 	  0.2887 
	 27.0990 	 2.974012e-01 	 177.4918 	  0.8991 	 1.215390e+22 	 7.246732e+19 	 6.907646e-05 	 4.310666e-06 	  3.7268 	  0.4983 	  1.0976 	  0.2620 
	 27.2190 	 2.935570e-01 	 177.5554 	  0.9024 	 1.199379e+22 	 7.160648e+19 	 7.012031e-05 	 4.311025e-06 	  3.7265 	  0.4868 	  1.1004 	  0.2580 
	 27.3400 	 2.897340e-01 	 177.6283 	  0.9058 	 1.183397e+22 	 7.075511e+19 	 7.108203e-05 	 4.307956e-06 	  3.7265 	  0.4756 	  1.1031 	  0.2541 
	 27.4600 	 2.859947e-01 	 177.7084 	  0.9095 	 1.167710e+22 	 6.992683e+19 	 7.194121e-05 	 4.302154e-06 	  3.7270 	  0.4651 	  1.1057 	  0.2504 
	 27.5800 	 2.823064e-01 	 177.7955 	  0.9134 	 1.152188e+22 	 6.911407e+19 	 7.270732e-05 	 4.292959e-06 	  3.7280 	  0.4552 	  1.1082 	  0.2468 
	 30.6450 	 2.030624e-01 	 179.7285 	  1.0303 	 8.186893e+21 	 5.218381e+19 	 7.404111e-05 	 3.981073e-06 	  3.7413 	  0.3646 	  1.1093 	  0.1989 
	 30.7650 	 2.004586e-01 	 179.7012 	  1.0339 	 8.082815e+21 	 5.161872e+19 	 7.411259e-05 	 3.993932e-06 	  3.7303 	  0.3650 	  1.1051 	  0.1980 
	 30.8840 	 1.979086e-01 	 179.6628 	  1.0372 	 7.981465e+21 	 5.106274e+19 	 7.424235e-05 	 4.007257e-06 	  3.7177 	  0.3651 	  1.1005 	  0.1971 
	 31.0030 	 1.953900e-01 	 179.6131 	  1.0404 	 7.881932e+21 	 5.051093e+19 	 7.443460e-05 	 4.021207e-06 	  3.7034 	  0.3649 	  1.0955 	  0.1962 
	 31.1230 	 1.928817e-01 	 179.5514 	  1.0434 	 7.783364e+21 	 4.995851e+19 	 7.469350e-05 	 4.035898e-06 	  3.6871 	  0.3642 	  1.0899 	  0.1953 
	 34.1280 	 1.391550e-01 	 174.1235 	  1.0291 	 5.791266e+21 	 3.682225e+19 	 8.044306e-05 	 5.158980e-06 	  3.4292 	  0.3804 	  1.0025 	  0.1901 
	 34.2470 	 1.373433e-01 	 173.8167 	  1.0247 	 5.725664e+21 	 3.630570e+19 	 8.019617e-05 	 5.057771e-06 	  3.4553 	  0.3795 	  1.0094 	  0.1901 
	 34.3660 	 1.355535e-01 	 173.5245 	  1.0202 	 5.660374e+21 	 3.578776e+19 	 7.990106e-05 	 4.931362e-06 	  3.4867 	  0.3780 	  1.0177 	  0.1901 
	 34.4850 	 1.337854e-01 	 173.2510 	  1.0156 	 5.595291e+21 	 3.526825e+19 	 7.956367e-05 	 4.775778e-06 	  3.5238 	  0.3759 	  1.0276 	  0.1899 
	 34.6040 	 1.320389e-01 	 173.0005 	  1.0110 	 5.530311e+21 	 3.474700e+19 	 7.920232e-05 	 4.583448e-06 	  3.5666 	  0.3729 	  1.0391 	  0.1897 
	 35.9010 	 1.143682e-01 	 172.6185 	  0.9658 	 4.806891e+21 	 2.897304e+19 	 6.987327e-05 	 3.189386e-06 	  4.1766 	  0.4910 	  1.2044 	  0.1900 
	 36.0200 	 1.128677e-01 	 172.7772 	  0.9630 	 4.739767e+21 	 2.846011e+19 	 6.921670e-05 	 3.127771e-06 	  4.2179 	  0.5066 	  1.2157 	  0.1888 
	 36.1380 	 1.113989e-01 	 172.9478 	  0.9606 	 4.673592e+21 	 2.796207e+19 	 6.870046e-05 	 3.067697e-06 	  4.2515 	  0.5216 	  1.2249 	  0.1871 
	 36.2570 	 1.099369e-01 	 173.1279 	  0.9585 	 4.607386e+21 	 2.747249e+19 	 6.832539e-05 	 3.008274e-06 	  4.2772 	  0.5360 	  1.2321 	  0.1850 
	 36.3760 	 1.084938e-01 	 173.3108 	  0.9568 	 4.541853e+21 	 2.699767e+19 	 6.810142e-05 	 2.950120e-06 	  4.2942 	  0.5496 	  1.2369 	  0.1824 
	 37.6610 	 9.406070e-02 	 174.2124 	  0.9702 	 3.909872e+21 	 2.325600e+19 	 7.318347e-05 	 2.412685e-06 	  4.1382 	  0.6492 	  1.1948 	  0.1612 
	 37.7800 	 9.282438e-02 	 174.1417 	  0.9741 	 3.859475e+21 	 2.304283e+19 	 7.406994e-05 	 2.372214e-06 	  4.1166 	  0.6549 	  1.1884 	  0.1622 
	 37.8980 	 9.161411e-02 	 174.0459 	  0.9782 	 3.810759e+21 	 2.284912e+19 	 7.495088e-05 	 2.334462e-06 	  4.0980 	  0.6605 	  1.1827 	  0.1639 
	 38.0170 	 9.040911e-02 	 173.9240 	  0.9826 	 3.762860e+21 	 2.267023e+19 	 7.576725e-05 	 2.317625e-06 	  4.0830 	  0.6668 	  1.1778 	  0.1663 
	 38.1360 	 8.921943e-02 	 173.7770 	  0.9871 	 3.716156e+21 	 2.250649e+19 	 7.619920e-05 	 2.423503e-06 	  4.0725 	  0.6756 	  1.1740 	  0.1701 
	 41.1570 	 6.332481e-02 	 163.3227 	  1.0228 	 2.810858e+21 	 1.928004e+19 	 4.904108e-05 	 1.959591e-06 	 -1000.0000 	 -1000.0000 	 -1000.0000 	 -1000.0000 
	 41.2750 	 6.245344e-02 	 162.7620 	  1.0178 	 2.781653e+21 	 1.906882e+19 	 4.622674e-05 	 1.908162e-06 	 -1000.0000 	 -1000.0000 	 -1000.0000 	 -1000.0000 
	 41.3930 	 6.159154e-02 	 162.2101 	  1.0127 	 2.752525e+21 	 1.885256e+19 	 4.339788e-05 	 1.851035e-06 	 -1000.0000 	 -1000.0000 	 -1000.0000 	 -1000.0000 
	 41.5110 	 6.073909e-02 	 161.6705 	  1.0075 	 2.723429e+21 	 1.863249e+19 	 4.058349e-05 	 1.788874e-06 	 -1000.0000 	 -1000.0000 	 -1000.0000 	 -1000.0000 
	 41.6280 	 5.990321e-02 	 161.1510 	  1.0024 	 2.694567e+21 	 1.841173e+19 	 3.783960e-05 	 1.723213e-06 	 -1000.0000 	 -1000.0000 	 -1000.0000 	 -1000.0000 
	 42.9100 	 5.135172e-02 	 157.2472 	  0.9703 	 2.367913e+21 	 1.611782e+19 	 1.689479e-05 	 1.046282e-06 	 -1000.0000 	 -1000.0000 	 -1000.0000 	 -1000.0000 
	 43.0270 	 5.062680e-02 	 157.0653 	  0.9701 	 2.337230e+21 	 1.592987e+19 	 1.592851e-05 	 1.005334e-06 	 -1000.0000 	 -1000.0000 	 -1000.0000 	 -1000.0000 
	 43.1450 	 4.990514e-02 	 156.9039 	  0.9701 	 2.306298e+21 	 1.574307e+19 	 1.508768e-05 	 9.685778e-07 	 -1000.0000 	 -1000.0000 	 -1000.0000 	 -1000.0000 
	 43.2620 	 4.919898e-02 	 156.7637 	  0.9703 	 2.275685e+21 	 1.556025e+19 	 1.437603e-05 	 9.365449e-07 	 -1000.0000 	 -1000.0000 	 -1000.0000 	 -1000.0000 
	 43.3800 	 4.849626e-02 	 156.6400 	  0.9708 	 2.244915e+21 	 1.537795e+19 	 1.376930e-05 	 9.084618e-07 	 -1000.0000 	 -1000.0000 	 -1000.0000 	 -1000.0000 
	 44.6630 	 4.146824e-02 	 155.9010 	  0.9781 	 1.928017e+21 	 1.345168e+19 	 1.135029e-05 	 7.835106e-07 	 -1000.0000 	 -1000.0000 	 -1000.0000 	 -1000.0000 
	 44.7800 	 4.088120e-02 	 155.8627 	  0.9784 	 1.901185e+21 	 1.327899e+19 	 1.133796e-05 	 7.819955e-07 	 -1000.0000 	 -1000.0000 	 -1000.0000 	 -1000.0000 
	 44.8970 	 4.030255e-02 	 155.8285 	  0.9788 	 1.874690e+21 	 1.310721e+19 	 1.134417e-05 	 7.813643e-07 	 -1000.0000 	 -1000.0000 	 -1000.0000 	 -1000.0000 
	 45.0140 	 3.973215e-02 	 155.7984 	  0.9790 	 1.848528e+21 	 1.293648e+19 	 1.136654e-05 	 7.814847e-07 	 -1000.0000 	 -1000.0000 	 -1000.0000 	 -1000.0000 
	 45.1310 	 3.916983e-02 	 155.7724 	  0.9793 	 1.822690e+21 	 1.276696e+19 	 1.140312e-05 	 7.822463e-07 	 -1000.0000 	 -1000.0000 	 -1000.0000 	 -1000.0000 
	 46.4160 	 3.348464e-02 	 155.7264 	  0.9822 	 1.559004e+21 	 1.102520e+19 	 1.235591e-05 	 8.118011e-07 	 -1000.0000 	 -1000.0000 	 -1000.0000 	 -1000.0000 
	 46.5320 	 3.301273e-02 	 155.7286 	  0.9829 	 1.537022e+21 	 1.088335e+19 	 1.245117e-05 	 8.147786e-07 	 -1000.0000 	 -1000.0000 	 -1000.0000 	 -1000.0000 
	 46.6490 	 3.254331e-02 	 155.7275 	  0.9838 	 1.515179e+21 	 1.074375e+19 	 1.254025e-05 	 8.175858e-07 	 -1000.0000 	 -1000.0000 	 -1000.0000 	 -1000.0000 
	 46.7660 	 3.208041e-02 	 155.7218 	  0.9848 	 1.493672e+21 	 1.060785e+19 	 1.262018e-05 	 8.201420e-07 	 -1000.0000 	 -1000.0000 	 -1000.0000 	 -1000.0000 
	 46.8830 	 3.162393e-02 	 155.7105 	  0.9862 	 1.472506e+21 	 1.047585e+19 	 1.268882e-05 	 8.223952e-07 	 -1000.0000 	 -1000.0000 	 -1000.0000 	 -1000.0000 
	 48.1690 	 2.700694e-02 	 154.9297 	  1.0208 	 1.263644e+21 	 9.319208e+18 	 1.225164e-05 	 8.143962e-07 	 -1000.0000 	 -1000.0000 	 -1000.0000 	 -1000.0000 
	 48.2850 	 2.662424e-02 	 154.7902 	  1.0250 	 1.246871e+21 	 9.236287e+18 	 1.209015e-05 	 8.095689e-07 	 -1000.0000 	 -1000.0000 	 -1000.0000 	 -1000.0000 
	 48.4010 	 2.624670e-02 	 154.6400 	  1.0291 	 1.230400e+21 	 9.154759e+18 	 1.191034e-05 	 8.038534e-07 	 -1000.0000 	 -1000.0000 	 -1000.0000 	 -1000.0000 
	 48.5180 	 2.587105e-02 	 154.4779 	  1.0329 	 1.214079e+21 	 9.073368e+18 	 1.171178e-05 	 7.971569e-07 	 -1000.0000 	 -1000.0000 	 -1000.0000 	 -1000.0000 
	 48.6340 	 2.550360e-02 	 154.3071 	  1.0364 	 1.198177e+21 	 8.992943e+18 	 1.149972e-05 	 7.895823e-07 	 -1000.0000 	 -1000.0000 	 -1000.0000 	 -1000.0000 
	 49.9120 	 2.175834e-02 	 151.8752 	  1.0387 	 1.038312e+21 	 7.995258e+18 	 8.567792e-06 	 6.743092e-07 	 -1000.0000 	 -1000.0000 	 -1000.0000 	 -1000.0000 
	 50.0280 	 2.144429e-02 	 151.6286 	  1.0361 	 1.024950e+21 	 7.893969e+18 	 8.311222e-06 	 6.586882e-07 	 -1000.0000 	 -1000.0000 	 -1000.0000 	 -1000.0000 
	 50.1440 	 2.113441e-02 	 151.3837 	  1.0334 	 1.011743e+21 	 7.792519e+18 	 8.063976e-06 	 6.424887e-07 	 -1000.0000 	 -1000.0000 	 -1000.0000 	 -1000.0000 
	 50.2600 	 2.082865e-02 	 151.1420 	  1.0308 	 9.986852e+20 	 7.691373e+18 	 7.827039e-06 	 6.258920e-07 	 -1000.0000 	 -1000.0000 	 -1000.0000 	 -1000.0000 
	 50.3760 	 2.052700e-02 	 150.9051 	  1.0283 	 9.857675e+20 	 7.590994e+18 	 7.601409e-06 	 6.090766e-07 	 -1000.0000 	 -1000.0000 	 -1000.0000 	 -1000.0000 
	 51.6620 	 1.744908e-02 	 148.9682 	  1.0386 	 8.499801e+20 	 6.646150e+18 	 5.901681e-06 	 4.732618e-07 	 -1000.0000 	 -1000.0000 	 -1000.0000 	 -1000.0000 
	 51.7780 	 1.719451e-02 	 148.8681 	  1.0438 	 8.383181e+20 	 6.579914e+18 	 5.815094e-06 	 4.688172e-07 	 -1000.0000 	 -1000.0000 	 -1000.0000 	 -1000.0000 
	 51.8940 	 1.694358e-02 	 148.7790 	  1.0495 	 8.267546e+20 	 6.516415e+18 	 5.737559e-06 	 4.656787e-07 	 -1000.0000 	 -1000.0000 	 -1000.0000 	 -1000.0000 
	 52.0100 	 1.669624e-02 	 148.7005 	  1.0557 	 8.152907e+20 	 6.455503e+18 	 5.668687e-06 	 4.637970e-07 	 -1000.0000 	 -1000.0000 	 -1000.0000 	 -1000.0000 
	 52.1260 	 1.645245e-02 	 148.6321 	  1.0624 	 8.039275e+20 	 6.397032e+18 	 5.608208e-06 	 4.631135e-07 	 -1000.0000 	 -1000.0000 	 -1000.0000 	 -1000.0000 
	 56.8070 	 9.075526e-03 	 148.6802 	  1.2371 	 4.424559e+20 	 4.357107e+18 	 4.824291e-06 	 5.848082e-07 	 -1000.0000 	 -1000.0000 	 -1000.0000 	 -1000.0000 
	 56.9230 	 8.941602e-03 	 148.5954 	  1.2303 	 4.361936e+20 	 4.283667e+18 	 4.734130e-06 	 5.709205e-07 	 -1000.0000 	 -1000.0000 	 -1000.0000 	 -1000.0000 
	 57.0380 	 8.810690e-03 	 148.4950 	  1.2237 	 4.301179e+20 	 4.211700e+18 	 4.641014e-06 	 5.566049e-07 	 -1000.0000 	 -1000.0000 	 -1000.0000 	 -1000.0000 
	 57.1530 	 8.681606e-03 	 148.3768 	  1.2174 	 4.241733e+20 	 4.141107e+18 	 4.544565e-06 	 5.419341e-07 	 -1000.0000 	 -1000.0000 	 -1000.0000 	 -1000.0000 
	 57.2690 	 8.553231e-03 	 148.2384 	  1.2114 	 4.183090e+20 	 4.071838e+18 	 4.444272e-06 	 5.269704e-07 	 -1000.0000 	 -1000.0000 	 -1000.0000 	 -1000.0000 
	 58.5330 	 7.267465e-03 	 145.3043 	  1.2115 	 3.623430e+20 	 3.559124e+18 	 3.308283e-06 	 4.029550e-07 	 -1000.0000 	 -1000.0000 	 -1000.0000 	 -1000.0000 
	 58.6480 	 7.160205e-03 	 144.9778 	  1.2167 	 3.577715e+20 	 3.531662e+18 	 3.213295e-06 	 3.970258e-07 	 -1000.0000 	 -1000.0000 	 -1000.0000 	 -1000.0000 
	 58.7620 	 7.055385e-03 	 144.6689 	  1.2219 	 3.532706e+20 	 3.505075e+18 	 3.122520e-06 	 3.919190e-07 	 -1000.0000 	 -1000.0000 	 -1000.0000 	 -1000.0000 
	 58.8770 	 6.951145e-03 	 144.3786 	  1.2270 	 3.487474e+20 	 3.478202e+18 	 3.034805e-06 	 3.874949e-07 	 -1000.0000 	 -1000.0000 	 -1000.0000 	 -1000.0000 
	 58.9920 	 6.848388e-03 	 144.1163 	  1.2318 	 3.442275e+20 	 3.450578e+18 	 2.951389e-06 	 3.837481e-07 	 -1000.0000 	 -1000.0000 	 -1000.0000 	 -1000.0000 
	 60.2730 	 5.798431e-03 	 144.6767 	  1.2121 	 2.907795e+20 	 2.923777e+18 	 2.394015e-06 	 3.683399e-07 	 -1000.0000 	 -1000.0000 	 -1000.0000 	 -1000.0000 
	 60.3880 	 5.712463e-03 	 145.0721 	  1.2034 	 2.856966e+20 	 2.855499e+18 	 2.376808e-06 	 3.683410e-07 	 -1000.0000 	 -1000.0000 	 -1000.0000 	 -1000.0000 
	 60.5020 	 5.628603e-03 	 145.5080 	  1.1942 	 2.806562e+20 	 2.786347e+18 	 2.364109e-06 	 3.686089e-07 	 -1000.0000 	 -1000.0000 	 -1000.0000 	 -1000.0000 
	 60.6170 	 5.545386e-03 	 145.9884 	  1.1845 	 2.755826e+20 	 2.715670e+18 	 2.355621e-06 	 3.691909e-07 	 -1000.0000 	 -1000.0000 	 -1000.0000 	 -1000.0000 
	 60.7320 	 5.463558e-03 	 146.5059 	  1.1746 	 2.705329e+20 	 2.644633e+18 	 2.351393e-06 	 3.701283e-07 	 -1000.0000 	 -1000.0000 	 -1000.0000 	 -1000.0000 
	 61.9960 	 4.656003e-03 	 153.5291 	  1.0916 	 2.199007e+20 	 1.980535e+18 	 2.508474e-06 	 4.089928e-07 	 -1000.0000 	 -1000.0000 	 -1000.0000 	 -1000.0000 
	 62.1100 	 4.591018e-03 	 154.1683 	  1.0876 	 2.159472e+20 	 1.936306e+18 	 2.533087e-06 	 4.146028e-07 	 -1000.0000 	 -1000.0000 	 -1000.0000 	 -1000.0000 
	 62.2250 	 4.526636e-03 	 154.7927 	  1.0840 	 2.120714e+20 	 1.893995e+18 	 2.558288e-06 	 4.203931e-07 	 -1000.0000 	 -1000.0000 	 -1000.0000 	 -1000.0000 
	 62.3390 	 4.463940e-03 	 155.3863 	  1.0806 	 2.083420e+20 	 1.854204e+18 	 2.583256e-06 	 4.261979e-07 	 -1000.0000 	 -1000.0000 	 -1000.0000 	 -1000.0000 
	 62.4530 	 4.402328e-03 	 155.9497 	  1.0775 	 2.047260e+20 	 1.816421e+18 	 2.607840e-06 	 4.320035e-07 	 -1000.0000 	 -1000.0000 	 -1000.0000 	 -1000.0000 
	 63.7190 	 3.780921e-03 	 158.9777 	  1.0412 	 1.723002e+20 	 1.495493e+18 	 2.785620e-06 	 4.830255e-07 	 -1000.0000 	 -1000.0000 	 -1000.0000 	 -1000.0000 
	 63.8330 	 3.729877e-03 	 158.9457 	  1.0374 	 1.700024e+20 	 1.473171e+18 	 2.790685e-06 	 4.859187e-07 	 -1000.0000 	 -1000.0000 	 -1000.0000 	 -1000.0000 
	 63.9470 	 3.679548e-03 	 158.8758 	  1.0335 	 1.677819e+20 	 1.451706e+18 	 2.794092e-06 	 4.885571e-07 	 -1000.0000 	 -1000.0000 	 -1000.0000 	 -1000.0000 
	 64.0610 	 3.629913e-03 	 158.7717 	  1.0297 	 1.656322e+20 	 1.431054e+18 	 2.795875e-06 	 4.909498e-07 	 -1000.0000 	 -1000.0000 	 -1000.0000 	 -1000.0000 
	 64.1750 	 3.580953e-03 	 158.6369 	  1.0260 	 1.635467e+20 	 1.411171e+18 	 2.796076e-06 	 4.931066e-07 	 -1000.0000 	 -1000.0000 	 -1000.0000 	 -1000.0000 
	 65.4390 	 3.077694e-03 	 156.0537 	  0.9984 	 1.430094e+20 	 1.229921e+18 	 2.710008e-06 	 5.047211e-07 	 -1000.0000 	 -1000.0000 	 -1000.0000 	 -1000.0000 
	 65.5530 	 3.035557e-03 	 155.7765 	  0.9974 	 1.413018e+20 	 1.216257e+18 	 2.696175e-06 	 5.049647e-07 	 -1000.0000 	 -1000.0000 	 -1000.0000 	 -1000.0000 
	 65.6670 	 2.993932e-03 	 155.4956 	  0.9967 	 1.396140e+20 	 1.202935e+18 	 2.681685e-06 	 5.051218e-07 	 -1000.0000 	 -1000.0000 	 -1000.0000 	 -1000.0000 
	 65.7810 	 2.952815e-03 	 155.2117 	  0.9961 	 1.379455e+20 	 1.189935e+18 	 2.666615e-06 	 5.052025e-07 	 -1000.0000 	 -1000.0000 	 -1000.0000 	 -1000.0000 
	 65.8950 	 2.912203e-03 	 154.9254 	  0.9958 	 1.362960e+20 	 1.177235e+18 	 2.651044e-06 	 5.052169e-07 	 -1000.0000 	 -1000.0000 	 -1000.0000 	 -1000.0000 
	 67.1620 	 2.493478e-03 	 151.7463 	  1.0030 	 1.191096e+20 	 1.050338e+18 	 2.467951e-06 	 5.040869e-07 	 -1000.0000 	 -1000.0000 	 -1000.0000 	 -1000.0000 
	 67.2750 	 2.458901e-03 	 151.4777 	  1.0043 	 1.176658e+20 	 1.039842e+18 	 2.452395e-06 	 5.041437e-07 	 -1000.0000 	 -1000.0000 	 -1000.0000 	 -1000.0000 
	 67.3890 	 2.424450e-03 	 151.2117 	  1.0057 	 1.162217e+20 	 1.029329e+18 	 2.437038e-06 	 5.042716e-07 	 -1000.0000 	 -1000.0000 	 -1000.0000 	 -1000.0000 
	 67.5020 	 2.390724e-03 	 150.9534 	  1.0071 	 1.148018e+20 	 1.018969e+18 	 2.422199e-06 	 5.044795e-07 	 -1000.0000 	 -1000.0000 	 -1000.0000 	 -1000.0000 
	 67.6160 	 2.357119e-03 	 150.6988 	  1.0086 	 1.133805e+20 	 1.008568e+18 	 2.407666e-06 	 5.047820e-07 	 -1000.0000 	 -1000.0000 	 -1000.0000 	 -1000.0000 
	 68.8850 	 2.009793e-03 	 148.4153 	  1.0239 	 9.817120e+19 	 8.926564e+17 	 2.283609e-06 	 5.165225e-07 	 -1000.0000 	 -1000.0000 	 -1000.0000 	 -1000.0000 
	 68.9980 	 1.981162e-03 	 148.2691 	  1.0249 	 9.686772e+19 	 8.821808e+17 	 2.275899e-06 	 5.183384e-07 	 -1000.0000 	 -1000.0000 	 -1000.0000 	 -1000.0000 
	 69.1110 	 1.952904e-03 	 148.1328 	  1.0259 	 9.557347e+19 	 8.716829e+17 	 2.268625e-06 	 5.202612e-07 	 -1000.0000 	 -1000.0000 	 -1000.0000 	 -1000.0000 
	 69.2240 	 1.925018e-03 	 148.0064 	  1.0267 	 9.428872e+19 	 8.611644e+17 	 2.261770e-06 	 5.222875e-07 	 -1000.0000 	 -1000.0000 	 -1000.0000 	 -1000.0000 
	 69.3370 	 1.897506e-03 	 147.8901 	  1.0274 	 9.301376e+19 	 8.506276e+17 	 2.255314e-06 	 5.244134e-07 	 -1000.0000 	 -1000.0000 	 -1000.0000 	 -1000.0000 
	 70.5880 	 1.617644e-03 	 147.2674 	  1.0263 	 7.963631e+19 	 7.336311e+17 	 2.202634e-06 	 5.531787e-07 	 -1000.0000 	 -1000.0000 	 -1000.0000 	 -1000.0000 
	 70.7010 	 1.594521e-03 	 147.2603 	  1.0255 	 7.850217e+19 	 7.232191e+17 	 2.199158e-06 	 5.561645e-07 	 -1000.0000 	 -1000.0000 	 -1000.0000 	 -1000.0000 
	 70.8130 	 1.571935e-03 	 147.2580 	  1.0246 	 7.739146e+19 	 7.129719e+17 	 2.195903e-06 	 5.591802e-07 	 -1000.0000 	 -1000.0000 	 -1000.0000 	 -1000.0000 
	 70.9260 	 1.549474e-03 	 147.2594 	  1.0237 	 7.628464e+19 	 7.027183e+17 	 2.192802e-06 	 5.622772e-07 	 -1000.0000 	 -1000.0000 	 -1000.0000 	 -1000.0000 
	 71.0390 	 1.527339e-03 	 147.2639 	  1.0227 	 7.519199e+19 	 6.925619e+17 	 2.189882e-06 	 5.654271e-07 	 -1000.0000 	 -1000.0000 	 -1000.0000 	 -1000.0000 
	 72.3080 	 1.299393e-03 	 147.2574 	  1.0119 	 6.397204e+19 	 5.882594e+17 	 2.167911e-06 	 6.038002e-07 	 -1000.0000 	 -1000.0000 	 -1000.0000 	 -1000.0000 
	 72.4210 	 1.280801e-03 	 147.2293 	  1.0108 	 6.306952e+19 	 5.799298e+17 	 2.166727e-06 	 6.074267e-07 	 -1000.0000 	 -1000.0000 	 -1000.0000 	 -1000.0000 
	 72.5330 	 1.262631e-03 	 147.1936 	  1.0097 	 6.219046e+19 	 5.718141e+17 	 2.165636e-06 	 6.110448e-07 	 -1000.0000 	 -1000.0000 	 -1000.0000 	 -1000.0000 
	 72.6460 	 1.244553e-03 	 147.1487 	  1.0085 	 6.131907e+19 	 5.637625e+17 	 2.164601e-06 	 6.147156e-07 	 -1000.0000 	 -1000.0000 	 -1000.0000 	 -1000.0000 
	 72.7590 	 1.226726e-03 	 147.0943 	  1.0071 	 6.046322e+19 	 5.558431e+17 	 2.163613e-06 	 6.184028e-07 	 -1000.0000 	 -1000.0000 	 -1000.0000 	 -1000.0000 
	 74.0110 	 1.044838e-03 	 145.6792 	  0.9793 	 5.198443e+19 	 4.756781e+17 	 2.157309e-06 	 6.608400e-07 	 -1000.0000 	 -1000.0000 	 -1000.0000 	 -1000.0000 
	 74.1230 	 1.029869e-03 	 145.4878 	  0.9758 	 5.130625e+19 	 4.691259e+17 	 2.157780e-06 	 6.649519e-07 	 -1000.0000 	 -1000.0000 	 -1000.0000 	 -1000.0000 
	 74.2360 	 1.014968e-03 	 145.2889 	  0.9724 	 5.063284e+19 	 4.626173e+17 	 2.158592e-06 	 6.691975e-07 	 -1000.0000 	 -1000.0000 	 -1000.0000 	 -1000.0000 
	 74.3480 	 1.000398e-03 	 145.0872 	  0.9689 	 4.997547e+19 	 4.562677e+17 	 2.159762e-06 	 6.735115e-07 	 -1000.0000 	 -1000.0000 	 -1000.0000 	 -1000.0000 
	 74.4600 	 9.860216e-04 	 144.8824 	  0.9655 	 4.932753e+19 	 4.500194e+17 	 2.161326e-06 	 6.779386e-07 	 -1000.0000 	 -1000.0000 	 -1000.0000 	 -1000.0000 
	 75.7170 	 8.371181e-04 	 142.6948 	  0.9376 	 4.253668e+19 	 3.868875e+17 	 2.214320e-06 	 7.375899e-07 	 -1000.0000 	 -1000.0000 	 -1000.0000 	 -1000.0000 
	 75.8280 	 8.250065e-04 	 142.5199 	  0.9364 	 4.197321e+19 	 3.819260e+17 	 2.222541e-06 	 7.438484e-07 	 -1000.0000 	 -1000.0000 	 -1000.0000 	 -1000.0000 
	 75.9400 	 8.129489e-04 	 142.3444 	  0.9355 	 4.141092e+19 	 3.770186e+17 	 2.231447e-06 	 7.503366e-07 	 -1000.0000 	 -1000.0000 	 -1000.0000 	 -1000.0000 
	 76.0520 	 8.010535e-04 	 142.1694 	  0.9348 	 4.085505e+19 	 3.722101e+17 	 2.240993e-06 	 7.570047e-07 	 -1000.0000 	 -1000.0000 	 -1000.0000 	 -1000.0000 
	 76.1630 	 7.894229e-04 	 141.9957 	  0.9342 	 4.031063e+19 	 3.675415e+17 	 2.251107e-06 	 7.637949e-07 	 -1000.0000 	 -1000.0000 	 -1000.0000 	 -1000.0000 
	 77.4170 	 6.685084e-04 	 139.8835 	  0.9415 	 3.463697e+19 	 3.212090e+17 	 2.408804e-06 	 8.520715e-07 	 -1000.0000 	 -1000.0000 	 -1000.0000 	 -1000.0000 
	 77.5280 	 6.586865e-04 	 139.6889 	  0.9432 	 3.417493e+19 	 3.175983e+17 	 2.400938e-06 	 8.555344e-07 	 -1000.0000 	 -1000.0000 	 -1000.0000 	 -1000.0000 
	 77.6400 	 6.489131e-04 	 139.4951 	  0.9450 	 3.371428e+19 	 3.140152e+17 	 2.383322e-06 	 8.570481e-07 	 -1000.0000 	 -1000.0000 	 -1000.0000 	 -1000.0000 
	 77.7520 	 6.392753e-04 	 139.3048 	  0.9470 	 3.325893e+19 	 3.104874e+17 	 2.366051e-06 	 8.586404e-07 	 -1000.0000 	 -1000.0000 	 -1000.0000 	 -1000.0000 
	 77.8630 	 6.298556e-04 	 139.1208 	  0.9492 	 3.281258e+19 	 3.070405e+17 	 2.349256e-06 	 8.602925e-07 	 -1000.0000 	 -1000.0000 	 -1000.0000 	 -1000.0000 
	 79.1190 	 5.318484e-04 	 137.5739 	  0.9822 	 2.803555e+19 	 2.702384e+17 	 2.176277e-06 	 8.831345e-07 	 -1000.0000 	 -1000.0000 	 -1000.0000 	 -1000.0000 
	 79.2310 	 5.238262e-04 	 137.4734 	  0.9861 	 2.763366e+19 	 2.671635e+17 	 2.161959e-06 	 8.854532e-07 	 -1000.0000 	 -1000.0000 	 -1000.0000 	 -1000.0000 
	 79.3420 	 5.159841e-04 	 137.3734 	  0.9900 	 2.724014e+19 	 2.641702e+17 	 2.147889e-06 	 8.877820e-07 	 -1000.0000 	 -1000.0000 	 -1000.0000 	 -1000.0000 
	 79.4530 	 5.082483e-04 	 137.2712 	  0.9942 	 2.685161e+19 	 2.612363e+17 	 2.133924e-06 	 8.901379e-07 	 -1000.0000 	 -1000.0000 	 -1000.0000 	 -1000.0000 
	 79.5650 	 5.005489e-04 	 137.1643 	  0.9986 	 2.646490e+19 	 2.583420e+17 	 2.119925e-06 	 8.925388e-07 	 -1000.0000 	 -1000.0000 	 -1000.0000 	 -1000.0000 
	 80.8090 	 4.217205e-04 	 135.2628 	  1.0634 	 2.259077e+19 	 2.320349e+17 	 1.967131e-06 	 9.198451e-07 	 -1000.0000 	 -1000.0000 	 -1000.0000 	 -1000.0000 
	 80.9210 	 4.151888e-04 	 135.0094 	  1.0705 	 2.228102e+19 	 2.302015e+17 	 1.953328e-06 	 9.222207e-07 	 -1000.0000 	 -1000.0000 	 -1000.0000 	 -1000.0000 
	 81.0320 	 4.088025e-04 	 134.7455 	  1.0777 	 2.197990e+19 	 2.284551e+17 	 1.939601e-06 	 9.245308e-07 	 -1000.0000 	 -1000.0000 	 -1000.0000 	 -1000.0000 
	 81.1430 	 4.025019e-04 	 134.4692 	  1.0849 	 2.168444e+19 	 2.267745e+17 	 1.925823e-06 	 9.267919e-07 	 -1000.0000 	 -1000.0000 	 -1000.0000 	 -1000.0000 
	 81.2550 	 3.962301e-04 	 134.1782 	  1.0923 	 2.139192e+19 	 2.251405e+17 	 1.911870e-06 	 9.290199e-07 	 -1000.0000 	 -1000.0000 	 -1000.0000 	 -1000.0000 
	 84.1480 	 2.604642e-04 	 123.5627 	  1.2379 	 1.527855e+19 	 1.892001e+17 	 1.546124e-06 	 9.619752e-07 	 -1000.0000 	 -1000.0000 	 -1000.0000 	 -1000.0000 
	 84.2580 	 2.561778e-04 	 123.1193 	  1.2405 	 1.508072e+19 	 1.875991e+17 	 1.532994e-06 	 9.625514e-07 	 -1000.0000 	 -1000.0000 	 -1000.0000 	 -1000.0000 
	 84.3690 	 2.519126e-04 	 122.6838 	  1.2432 	 1.488191e+19 	 1.859595e+17 	 1.519979e-06 	 9.632047e-07 	 -1000.0000 	 -1000.0000 	 -1000.0000 	 -1000.0000 
	 84.4790 	 2.477450e-04 	 122.2666 	  1.2460 	 1.468548e+19 	 1.843129e+17 	 1.507340e-06 	 9.639448e-07 	 -1000.0000 	 -1000.0000 	 -1000.0000 	 -1000.0000 
	 84.5890 	 2.436365e-04 	 121.8661 	  1.2490 	 1.448941e+19 	 1.826469e+17 	 1.494983e-06 	 9.647987e-07 	 -1000.0000 	 -1000.0000 	 -1000.0000 	 -1000.0000 
	 85.8380 	 2.010710e-04 	 119.1565 	  1.3155 	 1.223677e+19 	 1.628649e+17 	 1.380128e-06 	 9.878608e-07 	 -1000.0000 	 -1000.0000 	 -1000.0000 	 -1000.0000 
	 85.9480 	 1.976737e-04 	 119.0962 	  1.3235 	 1.203631e+19 	 1.610213e+17 	 1.372384e-06 	 9.912936e-07 	 -1000.0000 	 -1000.0000 	 -1000.0000 	 -1000.0000 
	 86.0590 	 1.943013e-04 	 119.0607 	  1.3316 	 1.183451e+19 	 1.591290e+17 	 1.364928e-06 	 9.949886e-07 	 -1000.0000 	 -1000.0000 	 -1000.0000 	 -1000.0000 
	 86.1690 	 1.910140e-04 	 119.0492 	  1.3394 	 1.163525e+19 	 1.572180e+17 	 1.357882e-06 	 9.988760e-07 	 -1000.0000 	 -1000.0000 	 -1000.0000 	 -1000.0000 
	 86.2790 	 1.877806e-04 	 119.0601 	  1.3470 	 1.143694e+19 	 1.552676e+17 	 1.351166e-06 	 1.002984e-06 	 -1000.0000 	 -1000.0000 	 -1000.0000 	 -1000.0000 
	 87.5140 	 1.550372e-04 	 120.3577 	  1.3834 	 9.337803e+18 	 1.298341e+17 	 1.294815e-06 	 1.063060e-06 	 -1000.0000 	 -1000.0000 	 -1000.0000 	 -1000.0000 
	 87.6240 	 1.524239e-04 	 120.5518 	  1.3819 	 9.165693e+18 	 1.273181e+17 	 1.291301e-06 	 1.069636e-06 	 -1000.0000 	 -1000.0000 	 -1000.0000 	 -1000.0000 
	 87.7330 	 1.498810e-04 	 120.7535 	  1.3799 	 8.997780e+18 	 1.248165e+17 	 1.288050e-06 	 1.076360e-06 	 -1000.0000 	 -1000.0000 	 -1000.0000 	 -1000.0000 
	 87.8430 	 1.473612e-04 	 120.9659 	  1.3775 	 8.831020e+18 	 1.222920e+17 	 1.285000e-06 	 1.083358e-06 	 -1000.0000 	 -1000.0000 	 -1000.0000 	 -1000.0000 
	 87.9520 	 1.449097e-04 	 121.1844 	  1.3747 	 8.668479e+18 	 1.197989e+17 	 1.282208e-06 	 1.090509e-06 	 -1000.0000 	 -1000.0000 	 -1000.0000 	 -1000.0000 
	 89.1970 	 1.199419e-04 	 124.0222 	  1.3396 	 7.012132e+18 	 9.425623e+16 	 1.267051e-06 	 1.189276e-06 	 -1000.0000 	 -1000.0000 	 -1000.0000 	 -1000.0000 
	 89.3060 	 1.180017e-04 	 124.2762 	  1.3371 	 6.884755e+18 	 9.237057e+16 	 1.267260e-06 	 1.199633e-06 	 -1000.0000 	 -1000.0000 	 -1000.0000 	 -1000.0000 
	 89.4150 	 1.160972e-04 	 124.5264 	  1.3347 	 6.760121e+18 	 9.053859e+16 	 1.267732e-06 	 1.210307e-06 	 -1000.0000 	 -1000.0000 	 -1000.0000 	 -1000.0000 
	 89.5240 	 1.142276e-04 	 124.7718 	  1.3324 	 6.638205e+18 	 8.875870e+16 	 1.268469e-06 	 1.221307e-06 	 -1000.0000 	 -1000.0000 	 -1000.0000 	 -1000.0000 
	 89.6340 	 1.123752e-04 	 125.0134 	  1.3301 	 6.517896e+18 	 8.701367e+16 	 1.269483e-06 	 1.232747e-06 	 -1000.0000 	 -1000.0000 	 -1000.0000 	 -1000.0000 
	 90.8670 	 9.371557e-05 	 127.0319 	  1.3069 	 5.346672e+18 	 7.051240e+16 	 1.299929e-06 	 1.387026e-06 	 -1000.0000 	 -1000.0000 	 -1000.0000 	 -1000.0000 
	 90.9760 	 9.223366e-05 	 127.1452 	  1.3055 	 5.257341e+18 	 6.929502e+16 	 1.304365e-06 	 1.403240e-06 	 -1000.0000 	 -1000.0000 	 -1000.0000 	 -1000.0000 
	 91.0850 	 9.077681e-05 	 127.2505 	  1.3044 	 5.169990e+18 	 6.811404e+16 	 1.309097e-06 	 1.419921e-06 	 -1000.0000 	 -1000.0000 	 -1000.0000 	 -1000.0000 
	 91.1940 	 8.934460e-05 	 127.3484 	  1.3035 	 5.084542e+18 	 6.696893e+16 	 1.314125e-06 	 1.437081e-06 	 -1000.0000 	 -1000.0000 	 -1000.0000 	 -1000.0000 
	 91.3040 	 8.792375e-05 	 127.4407 	  1.3030 	 5.000159e+18 	 6.584915e+16 	 1.319502e-06 	 1.454893e-06 	 -1000.0000 	 -1000.0000 	 -1000.0000 	 -1000.0000 
	 92.5470 	 7.344073e-05 	 128.2441 	  1.3309 	 4.152315e+18 	 5.547669e+16 	 1.401612e-06 	 1.693645e-06 	 -1000.0000 	 -1000.0000 	 -1000.0000 	 -1000.0000 
	 92.6560 	 7.229723e-05 	 128.3074 	  1.3361 	 4.085711e+18 	 5.472901e+16 	 1.410684e-06 	 1.718147e-06 	 -1000.0000 	 -1000.0000 	 -1000.0000 	 -1000.0000 
	 92.7650 	 7.117245e-05 	 128.3708 	  1.3415 	 4.020197e+18 	 5.399831e+16 	 1.420053e-06 	 1.743274e-06 	 -1000.0000 	 -1000.0000 	 -1000.0000 	 -1000.0000 
	 92.8740 	 7.006602e-05 	 128.4347 	  1.3470 	 3.955742e+18 	 5.328236e+16 	 1.429719e-06 	 1.769036e-06 	 -1000.0000 	 -1000.0000 	 -1000.0000 	 -1000.0000 
	 92.9840 	 6.896769e-05 	 128.4999 	  1.3527 	 3.891739e+18 	 5.257257e+16 	 1.439772e-06 	 1.795689e-06 	 -1000.0000 	 -1000.0000 	 -1000.0000 	 -1000.0000 
