	 height_(km) 	 press_(mbar) 	 temp_(K) 	 temperr_(K) 	 numdens_(m-3) 	 numdenserr_(m-3) 	 H2Ovmr_() 	 H2Ovmrerr_() 	 D/H_(VSMOW) 	 D/Herr_(VSMOW) 	 18O/16O_(VSMOW) 	 18O/16Oerr_(VSMOW) 
	  3.7670 	 3.801491e+00 	 190.4927 	  6.0249 	 1.445423e+23 	 4.549603e+21 	 5.329441e-05 	 4.561322e-06 	  4.8012 	  1.2696 	  1.0442 	  0.2770 
	  3.9360 	 3.736935e+00 	 190.4910 	  5.8443 	 1.421253e+23 	 4.365759e+21 	 5.689106e-05 	 4.492954e-06 	  4.6049 	  1.0436 	  1.0028 	  0.2370 
	  4.1050 	 3.673297e+00 	 190.4605 	  5.6747 	 1.397562e+23 	 4.190587e+21 	 6.028595e-05 	 4.381492e-06 	  4.4458 	  0.8945 	  0.9684 	  0.2047 
	  4.2740 	 3.610572e+00 	 190.4025 	  5.5153 	 1.374339e+23 	 4.023631e+21 	 6.345884e-05 	 4.227347e-06 	  4.3178 	  0.7751 	  0.9398 	  0.1788 
	  5.1310 	 3.306346e+00 	 189.7315 	  4.8315 	 1.263426e+23 	 3.286970e+21 	 7.459851e-05 	 3.322730e-06 	  3.9876 	  0.4801 	  0.8565 	  0.1130 
	  5.3000 	 3.249049e+00 	 189.5339 	  4.7150 	 1.242833e+23 	 3.160134e+21 	 7.566787e-05 	 3.218313e-06 	  3.9635 	  0.4573 	  0.8484 	  0.1075 
	  5.4690 	 3.192629e+00 	 189.3178 	  4.6025 	 1.222639e+23 	 3.038298e+21 	 7.641421e-05 	 3.108052e-06 	  3.9474 	  0.4376 	  0.8420 	  0.1027 
	  5.6370 	 3.137405e+00 	 189.0858 	  4.4937 	 1.202948e+23 	 2.921690e+21 	 7.683924e-05 	 2.993986e-06 	  3.9378 	  0.4207 	  0.8373 	  0.0985 
	  5.8060 	 3.082716e+00 	 188.8366 	  4.3864 	 1.183518e+23 	 2.808468e+21 	 7.695325e-05 	 2.875838e-06 	  3.9328 	  0.4060 	  0.8338 	  0.0949 
	  6.6710 	 2.816167e+00 	 187.3579 	  3.8401 	 1.089621e+23 	 2.276156e+21 	 7.282907e-05 	 2.246488e-06 	  3.9304 	  0.3830 	  0.8319 	  0.0832 
	  6.8400 	 2.766665e+00 	 187.0386 	  3.7275 	 1.072289e+23 	 2.178075e+21 	 7.112374e-05 	 2.123998e-06 	  3.9259 	  0.3809 	  0.8337 	  0.0821 
	  7.0090 	 2.717992e+00 	 186.7123 	  3.6109 	 1.055264e+23 	 2.080850e+21 	 6.911823e-05 	 2.003775e-06 	  3.9177 	  0.3762 	  0.8360 	  0.0812 
	  7.1770 	 2.670424e+00 	 186.3823 	  3.4902 	 1.038635e+23 	 1.984599e+21 	 6.682255e-05 	 1.887801e-06 	  3.9050 	  0.3684 	  0.8386 	  0.0806 
	  7.3460 	 2.623390e+00 	 186.0459 	  3.3631 	 1.022194e+23 	 1.887724e+21 	 6.420487e-05 	 1.776238e-06 	  3.8876 	  0.3586 	  0.8416 	  0.0803 
	  8.1950 	 2.399267e+00 	 184.3312 	  2.6160 	 9.436022e+22 	 1.388385e+21 	 4.639982e-05 	 1.337232e-06 	  3.7323 	  0.3433 	  0.8615 	  0.0820 
	  8.3630 	 2.357210e+00 	 183.9913 	  2.4529 	 9.287763e+22 	 1.289570e+21 	 4.234774e-05 	 1.275526e-06 	  3.6880 	  0.3441 	  0.8663 	  0.0830 
	  8.5310 	 2.315851e+00 	 183.6513 	  2.2904 	 9.141695e+22 	 1.193214e+21 	 3.838993e-05 	 1.220232e-06 	  3.6393 	  0.3450 	  0.8712 	  0.0841 
	  8.7000 	 2.274925e+00 	 183.3091 	  2.1301 	 8.996882e+22 	 1.099948e+21 	 3.462894e-05 	 1.170243e-06 	  3.5867 	  0.3458 	  0.8763 	  0.0853 
	  8.8680 	 2.234888e+00 	 182.9688 	  1.9767 	 8.854950e+22 	 1.012054e+21 	 3.122217e-05 	 1.125467e-06 	  3.5313 	  0.3466 	  0.8813 	  0.0865 
	  9.7390 	 2.036716e+00 	 181.2011 	  1.3670 	 8.148349e+22 	 6.732376e+20 	 2.095281e-05 	 9.412701e-07 	  3.2084 	  0.3424 	  0.9014 	  0.0920 
	  9.9070 	 2.000213e+00 	 180.8608 	  1.2913 	 8.017366e+22 	 6.320669e+20 	 2.023373e-05 	 9.104204e-07 	  3.1420 	  0.3394 	  0.9032 	  0.0925 
	 10.0740 	 1.964479e+00 	 180.5237 	  1.2273 	 7.888848e+22 	 5.973379e+20 	 1.979617e-05 	 8.817998e-07 	  3.0755 	  0.3355 	  0.9042 	  0.0927 
	 10.2420 	 1.929088e+00 	 180.1862 	  1.1732 	 7.761257e+22 	 5.678152e+20 	 1.958482e-05 	 8.553083e-07 	  3.0087 	  0.3310 	  0.9044 	  0.0927 
	 10.4100 	 1.894260e+00 	 179.8507 	  1.1281 	 7.635368e+22 	 5.429005e+20 	 1.954421e-05 	 8.309504e-07 	  2.9429 	  0.3260 	  0.9042 	  0.0924 
	 11.2730 	 1.724283e+00 	 178.1772 	  0.9946 	 7.015367e+22 	 4.582440e+20 	 1.941328e-05 	 7.171218e-07 	  2.6554 	  0.3022 	  0.9038 	  0.0898 
	 11.4400 	 1.693083e+00 	 177.8687 	  0.9808 	 6.900323e+22 	 4.464168e+20 	 1.908041e-05 	 6.934524e-07 	  2.6149 	  0.2994 	  0.9055 	  0.0895 
	 11.6070 	 1.662406e+00 	 177.5678 	  0.9693 	 6.786739e+22 	 4.354615e+20 	 1.863840e-05 	 6.687714e-07 	  2.5808 	  0.3034 	  0.9082 	  0.0893 
	 11.7740 	 1.632239e+00 	 177.2758 	  0.9593 	 6.674551e+22 	 4.251750e+20 	 1.810081e-05 	 6.431599e-07 	  2.5526 	  0.3094 	  0.9117 	  0.0892 
	 11.9410 	 1.602570e+00 	 176.9936 	  0.9502 	 6.563693e+22 	 4.153544e+20 	 1.748617e-05 	 6.168192e-07 	  2.5291 	  0.3164 	  0.9158 	  0.0892 
	 12.7930 	 1.458533e+00 	 175.7380 	  0.8950 	 6.016971e+22 	 3.657633e+20 	 1.383113e-05 	 4.790530e-07 	  2.4370 	  0.3593 	  0.9281 	  0.0905 
	 12.9600 	 1.431690e+00 	 175.5186 	  0.8809 	 5.913712e+22 	 3.556802e+20 	 1.310925e-05 	 4.529502e-07 	  2.4156 	  0.3673 	  0.9256 	  0.0908 
	 13.1270 	 1.405299e+00 	 175.2998 	  0.8661 	 5.811996e+22 	 3.456176e+20 	 1.240464e-05 	 4.276365e-07 	  2.3904 	  0.3747 	  0.9206 	  0.0910 
	 13.2940 	 1.379361e+00 	 175.0776 	  0.8508 	 5.711949e+22 	 3.356572e+20 	 1.172169e-05 	 4.032688e-07 	  2.3611 	  0.3813 	  0.9131 	  0.0911 
	 13.4610 	 1.353874e+00 	 174.8482 	  0.8354 	 5.613696e+22 	 3.258802e+20 	 1.106157e-05 	 3.799339e-07 	  2.3286 	  0.3871 	  0.9033 	  0.0912 
	 14.3230 	 1.229455e+00 	 173.4209 	  0.7618 	 5.139157e+22 	 2.811539e+20 	 8.000523e-06 	 2.774092e-07 	  2.1521 	  0.4084 	  0.8370 	  0.0933 
	 14.4900 	 1.206685e+00 	 173.0936 	  0.7497 	 5.053471e+22 	 2.738284e+20 	 7.461331e-06 	 2.609418e-07 	  2.1239 	  0.4117 	  0.8244 	  0.0977 
	 14.6570 	 1.184319e+00 	 172.7559 	  0.7385 	 4.969500e+22 	 2.669022e+20 	 6.934684e-06 	 2.454584e-07 	  2.1000 	  0.4151 	  0.8130 	  0.1027 
	 14.8240 	 1.162344e+00 	 172.4109 	  0.7281 	 4.887086e+22 	 2.603517e+20 	 6.421553e-06 	 2.309100e-07 	  2.0806 	  0.4185 	  0.8029 	  0.1079 
	 14.9910 	 1.140746e+00 	 172.0618 	  0.7186 	 4.806076e+22 	 2.541535e+20 	 5.925559e-06 	 2.172704e-07 	  2.0651 	  0.4218 	  0.7938 	  0.1132 
	 15.8370 	 1.036676e+00 	 170.3375 	  0.6845 	 4.412021e+22 	 2.273241e+20 	 3.775015e-06 	 1.657283e-07 	  2.0255 	  0.4452 	  0.7565 	  0.1354 
	 16.0030 	 1.017247e+00 	 170.0223 	  0.6805 	 4.337325e+22 	 2.228037e+20 	 3.430982e-06 	 1.661733e-07 	  2.0227 	  0.4549 	  0.7499 	  0.1392 
	 16.1700 	 9.980211e-01 	 169.7154 	  0.6771 	 4.263011e+22 	 2.184565e+20 	 3.112445e-06 	 1.635553e-07 	  2.0209 	  0.4656 	  0.7433 	  0.1421 
	 16.3370 	 9.791148e-01 	 169.4195 	  0.6745 	 4.189525e+22 	 2.142912e+20 	 2.823426e-06 	 1.590435e-07 	  2.0197 	  0.4768 	  0.7365 	  0.1444 
	 16.5030 	 9.606359e-01 	 169.1374 	  0.6724 	 4.117296e+22 	 2.103120e+20 	 2.566288e-06 	 1.536456e-07 	  2.0189 	  0.4882 	  0.7298 	  0.1460 
	 17.3600 	 8.701272e-01 	 167.8914 	  0.6688 	 3.757373e+22 	 1.916613e+20 	 1.705151e-06 	 1.292664e-07 	  2.0144 	  0.5401 	 -1000.0000 	 -1000.0000 
	 17.5270 	 8.534245e-01 	 167.6789 	  0.6691 	 3.689995e+22 	 1.883299e+20 	 1.616912e-06 	 1.265553e-07 	  2.0124 	  0.5470 	 -1000.0000 	 -1000.0000 
	 17.6930 	 8.371166e-01 	 167.4691 	  0.6697 	 3.624063e+22 	 1.851167e+20 	 1.549451e-06 	 1.241498e-07 	  2.0100 	  0.5520 	 -1000.0000 	 -1000.0000 
	 17.8590 	 8.210994e-01 	 167.2566 	  0.6707 	 3.559239e+22 	 1.820032e+20 	 1.499018e-06 	 1.217715e-07 	  2.0075 	  0.5556 	 -1000.0000 	 -1000.0000 
	 18.0250 	 8.053699e-01 	 167.0375 	  0.6718 	 3.495594e+22 	 1.789913e+20 	 1.461884e-06 	 1.193718e-07 	  2.0051 	  0.5629 	 -1000.0000 	 -1000.0000 
	 18.8800 	 7.287866e-01 	 165.6780 	  0.6816 	 3.188565e+22 	 1.651213e+20 	 1.354512e-06 	 1.035915e-07 	  1.9985 	  0.5964 	 -1000.0000 	 -1000.0000 
	 19.0470 	 7.146622e-01 	 165.3699 	  0.6841 	 3.132520e+22 	 1.626997e+20 	 1.336724e-06 	 9.877576e-08 	  1.9989 	  0.6006 	 -1000.0000 	 -1000.0000 
	 19.2130 	 7.008789e-01 	 165.0599 	  0.6868 	 3.077847e+22 	 1.603609e+20 	 1.319602e-06 	 9.342891e-08 	  1.9995 	  0.6049 	 -1000.0000 	 -1000.0000 
	 19.3790 	 6.873454e-01 	 164.7512 	  0.6896 	 3.024092e+22 	 1.580788e+20 	 1.303509e-06 	 8.780346e-08 	  2.0002 	  0.6096 	 -1000.0000 	 -1000.0000 
	 19.5450 	 6.740560e-01 	 164.4487 	  0.6926 	 2.971144e+22 	 1.558420e+20 	 1.288609e-06 	 8.449287e-08 	  2.0007 	  0.6166 	 -1000.0000 	 -1000.0000 
	 20.3840 	 6.104212e-01 	 163.1724 	  0.7096 	 2.712230e+22 	 1.448560e+20 	 1.275477e-06 	 8.559743e-08 	  2.0008 	  0.6612 	 -1000.0000 	 -1000.0000 
	 20.5500 	 5.985038e-01 	 162.9766 	  0.7133 	 2.662524e+22 	 1.427170e+20 	 1.291545e-06 	 8.656076e-08 	  2.0002 	  0.6694 	 -1000.0000 	 -1000.0000 
	 20.7160 	 5.868047e-01 	 162.7935 	  0.7170 	 2.613430e+22 	 1.405952e+20 	 1.314786e-06 	 8.780960e-08 	  1.9995 	  0.6775 	 -1000.0000 	 -1000.0000 
	 20.8810 	 5.753912e-01 	 162.6208 	  0.7208 	 2.565297e+22 	 1.385069e+20 	 1.344657e-06 	 8.931824e-08 	  1.9991 	  0.6855 	 -1000.0000 	 -1000.0000 
	 21.0470 	 5.641234e-01 	 162.4534 	  0.7246 	 2.517601e+22 	 1.364305e+20 	 1.380655e-06 	 9.106754e-08 	  1.9990 	  0.6936 	 -1000.0000 	 -1000.0000 
	 21.9040 	 5.093186e-01 	 161.5790 	  0.7445 	 2.284990e+22 	 1.262224e+20 	 1.616262e-06 	 1.020024e-07 	  2.0062 	  0.7379 	 -1000.0000 	 -1000.0000 
	 22.0700 	 4.993278e-01 	 161.3998 	  0.7483 	 2.242638e+22 	 1.243482e+20 	 1.659194e-06 	 1.040639e-07 	  2.0098 	  0.7475 	 -1000.0000 	 -1000.0000 
	 22.2360 	 4.895258e-01 	 161.2195 	  0.7522 	 2.201075e+22 	 1.225017e+20 	 1.696296e-06 	 1.059530e-07 	  2.0143 	  0.7576 	 -1000.0000 	 -1000.0000 
	 22.4010 	 4.799636e-01 	 161.0404 	  0.7560 	 2.160496e+22 	 1.206911e+20 	 1.725864e-06 	 1.076111e-07 	  2.0196 	  0.7681 	 -1000.0000 	 -1000.0000 
	 22.5670 	 4.705192e-01 	 160.8617 	  0.7598 	 2.120364e+22 	 1.188915e+20 	 1.747452e-06 	 1.090284e-07 	  2.0257 	  0.7792 	 -1000.0000 	 -1000.0000 
	 23.4080 	 4.251707e-01 	 160.0196 	  0.7791 	 1.926189e+22 	 1.100163e+20 	 1.715786e-06 	 1.114785e-07 	  2.0670 	  0.8424 	 -1000.0000 	 -1000.0000 
	 23.5730 	 4.167440e-01 	 159.8717 	  0.7828 	 1.889756e+22 	 1.083122e+20 	 1.685087e-06 	 1.110257e-07 	  2.0777 	  0.8565 	 -1000.0000 	 -1000.0000 
	 23.7390 	 4.084228e-01 	 159.7289 	  0.7865 	 1.853670e+22 	 1.066096e+20 	 1.649730e-06 	 1.103432e-07 	  2.0893 	  0.8712 	 -1000.0000 	 -1000.0000 
	 23.9040 	 4.003083e-01 	 159.5932 	  0.7901 	 1.818377e+22 	 1.049291e+20 	 1.612382e-06 	 1.095110e-07 	  2.1018 	  0.8865 	 -1000.0000 	 -1000.0000 
	 24.0690 	 3.923510e-01 	 159.4637 	  0.7937 	 1.783670e+22 	 1.032605e+20 	 1.575020e-06 	 1.086037e-07 	  2.1148 	  0.9022 	 -1000.0000 	 -1000.0000 
	 24.9180 	 3.539079e-01 	 158.8941 	  0.8105 	 1.614711e+22 	 9.485631e+19 	 1.453801e-06 	 1.055633e-07 	  2.1826 	  0.9861 	 -1000.0000 	 -1000.0000 
	 25.0830 	 3.469055e-01 	 158.7967 	  0.8133 	 1.583749e+22 	 9.324841e+19 	 1.451784e-06 	 1.057003e-07 	 -1000.0000 	 -1000.0000 	 -1000.0000 	 -1000.0000 
	 25.2490 	 3.400018e-01 	 158.6995 	  0.8157 	 1.553192e+22 	 9.163283e+19 	 1.456655e-06 	 1.061219e-07 	 -1000.0000 	 -1000.0000 	 -1000.0000 	 -1000.0000 
	 25.4140 	 3.332740e-01 	 158.6020 	  0.8178 	 1.523396e+22 	 9.002618e+19 	 1.467087e-06 	 1.067799e-07 	 -1000.0000 	 -1000.0000 	 -1000.0000 	 -1000.0000 
	 25.5790 	 3.266743e-01 	 158.5021 	  0.8194 	 1.494164e+22 	 8.841587e+19 	 1.481397e-06 	 1.076096e-07 	 -1000.0000 	 -1000.0000 	 -1000.0000 	 -1000.0000 
	 26.4260 	 2.946095e-01 	 157.8985 	  0.8192 	 1.352560e+22 	 8.001334e+19 	 1.550689e-06 	 1.119607e-07 	 -1000.0000 	 -1000.0000 	 -1000.0000 	 -1000.0000 
	 26.5900 	 2.887340e-01 	 157.7650 	  0.8177 	 1.326697e+22 	 7.837688e+19 	 1.553558e-06 	 1.124019e-07 	 -1000.0000 	 -1000.0000 	 -1000.0000 	 -1000.0000 
	 26.7540 	 2.829679e-01 	 157.6301 	  0.8160 	 1.301314e+22 	 7.675380e+19 	 1.551498e-06 	 1.126353e-07 	 -1000.0000 	 -1000.0000 	 -1000.0000 	 -1000.0000 
	 26.9190 	 2.772785e-01 	 157.4948 	  0.8142 	 1.276251e+22 	 7.514218e+19 	 1.544782e-06 	 1.126720e-07 	 -1000.0000 	 -1000.0000 	 -1000.0000 	 -1000.0000 
	 27.0830 	 2.717358e-01 	 157.3630 	  0.8125 	 1.251799e+22 	 7.356937e+19 	 1.534274e-06 	 1.125439e-07 	 -1000.0000 	 -1000.0000 	 -1000.0000 	 -1000.0000 
	 27.9160 	 2.453394e-01 	 156.7977 	  0.8080 	 1.134311e+22 	 6.627876e+19 	 1.452828e-06 	 1.106921e-07 	 -1000.0000 	 -1000.0000 	 -1000.0000 	 -1000.0000 
	 28.0800 	 2.404764e-01 	 156.7132 	  0.8083 	 1.112418e+22 	 6.499364e+19 	 1.436632e-06 	 1.103279e-07 	 -1000.0000 	 -1000.0000 	 -1000.0000 	 -1000.0000 
	 28.2440 	 2.357135e-01 	 156.6371 	  0.8089 	 1.090905e+22 	 6.374981e+19 	 1.421720e-06 	 1.100214e-07 	 -1000.0000 	 -1000.0000 	 -1000.0000 	 -1000.0000 
	 28.4090 	 2.310179e-01 	 156.5688 	  0.8098 	 1.069629e+22 	 6.253561e+19 	 1.408261e-06 	 1.097781e-07 	 -1000.0000 	 -1000.0000 	 -1000.0000 	 -1000.0000 
	 28.5730 	 2.264418e-01 	 156.5088 	  0.8109 	 1.048836e+22 	 6.136134e+19 	 1.396491e-06 	 1.095977e-07 	 -1000.0000 	 -1000.0000 	 -1000.0000 	 -1000.0000 
	 29.4260 	 2.039394e-01 	 156.2995 	  0.8183 	 9.459970e+21 	 5.562867e+19 	 1.362553e-06 	 1.094802e-07 	 -1000.0000 	 -1000.0000 	 -1000.0000 	 -1000.0000 
	 29.5900 	 1.998454e-01 	 156.2596 	  0.8200 	 9.272776e+21 	 5.459530e+19 	 1.360724e-06 	 1.095989e-07 	 -1000.0000 	 -1000.0000 	 -1000.0000 	 -1000.0000 
	 29.7540 	 1.958257e-01 	 156.2084 	  0.8219 	 9.089453e+21 	 5.359178e+19 	 1.359900e-06 	 1.097645e-07 	 -1000.0000 	 -1000.0000 	 -1000.0000 	 -1000.0000 
	 29.9190 	 1.918568e-01 	 156.1404 	  0.8241 	 8.909150e+21 	 5.261621e+19 	 1.359840e-06 	 1.099817e-07 	 -1000.0000 	 -1000.0000 	 -1000.0000 	 -1000.0000 
	 30.0830 	 1.879868e-01 	 156.0512 	  0.8265 	 8.734281e+21 	 5.168434e+19 	 1.360338e-06 	 1.102539e-07 	 -1000.0000 	 -1000.0000 	 -1000.0000 	 -1000.0000 
	 30.9100 	 1.696109e-01 	 155.1277 	  0.8434 	 7.924583e+21 	 4.766435e+19 	 1.365566e-06 	 1.126780e-07 	 -1000.0000 	 -1000.0000 	 -1000.0000 	 -1000.0000 
	 31.0730 	 1.662076e-01 	 154.8687 	  0.8475 	 7.778113e+21 	 4.698766e+19 	 1.367309e-06 	 1.133080e-07 	 -1000.0000 	 -1000.0000 	 -1000.0000 	 -1000.0000 
	 31.2370 	 1.628520e-01 	 154.6028 	  0.8517 	 7.633973e+21 	 4.632613e+19 	 1.369794e-06 	 1.139397e-07 	 -1000.0000 	 -1000.0000 	 -1000.0000 	 -1000.0000 
	 31.4010 	 1.595635e-01 	 154.3417 	  0.8558 	 7.492528e+21 	 4.567480e+19 	 1.373248e-06 	 1.145439e-07 	 -1000.0000 	 -1000.0000 	 -1000.0000 	 -1000.0000 
	 31.5650 	 1.563403e-01 	 154.0951 	  0.8597 	 7.353236e+21 	 4.502449e+19 	 1.377866e-06 	 1.150925e-07 	 -1000.0000 	 -1000.0000 	 -1000.0000 	 -1000.0000 
	 32.4130 	 1.406471e-01 	 153.3883 	  0.8744 	 6.648799e+21 	 4.137316e+19 	 1.425353e-06 	 1.158464e-07 	 -1000.0000 	 -1000.0000 	 -1000.0000 	 -1000.0000 
	 32.5770 	 1.377910e-01 	 153.3769 	  0.8765 	 6.514603e+21 	 4.060513e+19 	 1.438413e-06 	 1.155515e-07 	 -1000.0000 	 -1000.0000 	 -1000.0000 	 -1000.0000 
	 32.7400 	 1.350079e-01 	 153.3938 	  0.8786 	 6.382438e+21 	 3.983824e+19 	 1.451707e-06 	 1.151870e-07 	 -1000.0000 	 -1000.0000 	 -1000.0000 	 -1000.0000 
	 32.9030 	 1.322797e-01 	 153.4325 	  0.8810 	 6.251785e+21 	 3.907605e+19 	 1.464707e-06 	 1.147894e-07 	 -1000.0000 	 -1000.0000 	 -1000.0000 	 -1000.0000 
	 33.0670 	 1.295895e-01 	 153.4868 	  0.8839 	 6.122162e+21 	 3.832226e+19 	 1.476831e-06 	 1.144006e-07 	 -1000.0000 	 -1000.0000 	 -1000.0000 	 -1000.0000 
	 33.9070 	 1.166453e-01 	 153.7854 	  0.9121 	 5.497512e+21 	 3.494617e+19 	 1.501057e-06 	 1.146162e-07 	 -1000.0000 	 -1000.0000 	 -1000.0000 	 -1000.0000 
	 34.0700 	 1.142895e-01 	 153.8241 	  0.9203 	 5.384803e+21 	 3.440132e+19 	 1.495945e-06 	 1.152294e-07 	 -1000.0000 	 -1000.0000 	 -1000.0000 	 -1000.0000 
	 34.2330 	 1.119822e-01 	 153.8559 	  0.9291 	 5.274752e+21 	 3.388457e+19 	 1.487612e-06 	 1.159638e-07 	 -1000.0000 	 -1000.0000 	 -1000.0000 	 -1000.0000 
	 34.3960 	 1.097224e-01 	 153.8812 	  0.9382 	 5.167286e+21 	 3.339162e+19 	 1.476291e-06 	 1.167846e-07 	 -1000.0000 	 -1000.0000 	 -1000.0000 	 -1000.0000 
	 34.5590 	 1.075091e-01 	 153.9002 	  0.9476 	 5.062328e+21 	 3.291821e+19 	 1.462305e-06 	 1.176587e-07 	 -1000.0000 	 -1000.0000 	 -1000.0000 	 -1000.0000 
	 36.8610 	 8.066773e-02 	 153.6860 	  1.0123 	 3.805047e+21 	 2.589525e+19 	 1.147395e-06 	 1.160222e-07 	 -1000.0000 	 -1000.0000 	 -1000.0000 	 -1000.0000 
	 37.0230 	 7.905283e-02 	 153.6598 	  1.0079 	 3.729439e+21 	 2.526174e+19 	 1.126617e-06 	 1.138729e-07 	 -1000.0000 	 -1000.0000 	 -1000.0000 	 -1000.0000 
	 37.1860 	 7.746083e-02 	 153.6412 	  1.0030 	 3.654718e+21 	 2.462337e+19 	 1.107326e-06 	 1.115855e-07 	 -1000.0000 	 -1000.0000 	 -1000.0000 	 -1000.0000 
	 37.3480 	 7.591087e-02 	 153.6331 	  0.9982 	 3.581745e+21 	 2.399748e+19 	 1.090075e-06 	 1.092849e-07 	 -1000.0000 	 -1000.0000 	 -1000.0000 	 -1000.0000 
	 37.5100 	 7.439271e-02 	 153.6382 	  0.9937 	 3.509998e+21 	 2.338961e+19 	 1.075050e-06 	 1.070616e-07 	 -1000.0000 	 -1000.0000 	 -1000.0000 	 -1000.0000 
	 38.3510 	 6.700650e-02 	 153.9646 	  0.9909 	 3.155349e+21 	 2.084624e+19 	 1.046122e-06 	 1.010439e-07 	 -1000.0000 	 -1000.0000 	 -1000.0000 	 -1000.0000 
	 38.5130 	 6.567484e-02 	 154.0777 	  0.9947 	 3.090463e+21 	 2.048763e+19 	 1.050231e-06 	 1.012703e-07 	 -1000.0000 	 -1000.0000 	 -1000.0000 	 -1000.0000 
	 38.6760 	 6.436286e-02 	 154.1971 	  0.9995 	 3.026420e+21 	 2.015697e+19 	 1.056533e-06 	 1.018355e-07 	 -1000.0000 	 -1000.0000 	 -1000.0000 	 -1000.0000 
	 38.8380 	 6.308587e-02 	 154.3161 	  1.0049 	 2.964070e+21 	 1.985174e+19 	 1.064347e-06 	 1.026524e-07 	 -1000.0000 	 -1000.0000 	 -1000.0000 	 -1000.0000 
	 39.0000 	 6.183497e-02 	 154.4301 	  1.0106 	 2.903077e+21 	 1.956326e+19 	 1.073071e-06 	 1.036387e-07 	 -1000.0000 	 -1000.0000 	 -1000.0000 	 -1000.0000 
	 39.8250 	 5.584136e-02 	 154.7632 	  1.0350 	 2.615445e+21 	 1.813700e+19 	 1.108609e-06 	 1.082325e-07 	 -1000.0000 	 -1000.0000 	 -1000.0000 	 -1000.0000 
	 39.9870 	 5.473374e-02 	 154.7675 	  1.0384 	 2.563449e+21 	 1.784991e+19 	 1.111100e-06 	 1.087140e-07 	 -1000.0000 	 -1000.0000 	 -1000.0000 	 -1000.0000 
	 40.1490 	 5.364762e-02 	 154.7547 	  1.0417 	 2.512778e+21 	 1.756468e+19 	 1.111970e-06 	 1.090525e-07 	 -1000.0000 	 -1000.0000 	 -1000.0000 	 -1000.0000 
	 40.3100 	 5.258899e-02 	 154.7271 	  1.0449 	 2.463660e+21 	 1.728551e+19 	 1.111380e-06 	 1.092678e-07 	 -1000.0000 	 -1000.0000 	 -1000.0000 	 -1000.0000 
	 40.4720 	 5.154419e-02 	 154.6859 	  1.0483 	 2.415412e+21 	 1.701140e+19 	 1.109544e-06 	 1.093901e-07 	 -1000.0000 	 -1000.0000 	 -1000.0000 	 -1000.0000 
	 41.3050 	 4.647696e-02 	 154.3269 	  1.0737 	 2.183378e+21 	 1.579209e+19 	 1.089317e-06 	 1.095875e-07 	 -1000.0000 	 -1000.0000 	 -1000.0000 	 -1000.0000 
	 41.4670 	 4.554835e-02 	 154.2327 	  1.0804 	 2.141092e+21 	 1.559586e+19 	 1.084778e-06 	 1.096855e-07 	 -1000.0000 	 -1000.0000 	 -1000.0000 	 -1000.0000 
	 41.6290 	 4.463782e-02 	 154.1290 	  1.0876 	 2.099713e+21 	 1.541004e+19 	 1.080403e-06 	 1.098229e-07 	 -1000.0000 	 -1000.0000 	 -1000.0000 	 -1000.0000 
	 41.7900 	 4.375065e-02 	 154.0160 	  1.0949 	 2.059484e+21 	 1.523416e+19 	 1.076307e-06 	 1.099995e-07 	 -1000.0000 	 -1000.0000 	 -1000.0000 	 -1000.0000 
	 41.9520 	 4.287570e-02 	 153.8914 	  1.1026 	 2.019905e+21 	 1.506450e+19 	 1.072500e-06 	 1.102155e-07 	 -1000.0000 	 -1000.0000 	 -1000.0000 	 -1000.0000 
	 42.7690 	 3.872727e-02 	 153.0835 	  1.1414 	 1.833781e+21 	 1.426776e+19 	 1.059587e-06 	 1.117727e-07 	 -1000.0000 	 -1000.0000 	 -1000.0000 	 -1000.0000 
	 42.9300 	 3.795932e-02 	 152.9036 	  1.1489 	 1.799485e+21 	 1.411494e+19 	 1.058226e-06 	 1.121583e-07 	 -1000.0000 	 -1000.0000 	 -1000.0000 	 -1000.0000 
	 43.0910 	 3.720647e-02 	 152.7274 	  1.1564 	 1.765810e+21 	 1.396204e+19 	 1.057104e-06 	 1.125680e-07 	 -1000.0000 	 -1000.0000 	 -1000.0000 	 -1000.0000 
	 43.2530 	 3.646365e-02 	 152.5588 	  1.1641 	 1.732475e+21 	 1.380759e+19 	 1.052655e-06 	 1.129412e-07 	 -1000.0000 	 -1000.0000 	 -1000.0000 	 -1000.0000 
	 43.4140 	 3.573948e-02 	 152.4050 	  1.1719 	 1.699818e+21 	 1.365294e+19 	 1.048018e-06 	 1.133146e-07 	 -1000.0000 	 -1000.0000 	 -1000.0000 	 -1000.0000 
	 44.2490 	 3.218972e-02 	 151.9977 	  1.2149 	 1.535400e+21 	 1.281026e+19 	 1.023972e-06 	 1.153119e-07 	 -1000.0000 	 -1000.0000 	 -1000.0000 	 -1000.0000 
	 44.4100 	 3.154346e-02 	 152.0074 	  1.2229 	 1.504505e+21 	 1.263373e+19 	 1.019007e-06 	 1.156553e-07 	 -1000.0000 	 -1000.0000 	 -1000.0000 	 -1000.0000 
	 44.5710 	 3.090979e-02 	 152.0430 	  1.2303 	 1.473943e+21 	 1.244999e+19 	 1.013887e-06 	 1.159546e-07 	 -1000.0000 	 -1000.0000 	 -1000.0000 	 -1000.0000 
	 44.7330 	 3.028503e-02 	 152.1032 	  1.2366 	 1.443568e+21 	 1.225665e+19 	 1.008527e-06 	 1.161976e-07 	 -1000.0000 	 -1000.0000 	 -1000.0000 	 -1000.0000 
	 44.8940 	 2.967707e-02 	 152.1856 	  1.2416 	 1.413796e+21 	 1.205493e+19 	 1.002991e-06 	 1.163693e-07 	 -1000.0000 	 -1000.0000 	 -1000.0000 	 -1000.0000 
	 45.7220 	 2.675839e-02 	 152.9048 	  1.2385 	 1.268563e+21 	 1.083477e+19 	 9.721977e-07 	 1.158652e-07 	 -1000.0000 	 -1000.0000 	 -1000.0000 	 -1000.0000 
	 45.8830 	 2.623031e-02 	 153.0966 	  1.2331 	 1.241952e+21 	 1.056975e+19 	 9.661459e-07 	 1.156007e-07 	 -1000.0000 	 -1000.0000 	 -1000.0000 	 -1000.0000 
	 46.0440 	 2.571413e-02 	 153.3054 	  1.2272 	 1.215845e+21 	 1.030301e+19 	 9.602475e-07 	 1.153700e-07 	 -1000.0000 	 -1000.0000 	 -1000.0000 	 -1000.0000 
	 46.2050 	 2.520940e-02 	 153.5316 	  1.2214 	 1.190225e+21 	 1.003801e+19 	 9.545823e-07 	 1.152141e-07 	 -1000.0000 	 -1000.0000 	 -1000.0000 	 -1000.0000 
	 46.3660 	 2.471566e-02 	 153.7752 	  1.2161 	 1.165077e+21 	 9.778219e+18 	 9.491913e-07 	 1.151720e-07 	 -1000.0000 	 -1000.0000 	 -1000.0000 	 -1000.0000 
	 47.1860 	 2.235593e-02 	 155.2922 	  1.2160 	 1.043786e+21 	 8.649309e+18 	 9.268560e-07 	 1.179793e-07 	 -1000.0000 	 -1000.0000 	 -1000.0000 	 -1000.0000 
	 47.3470 	 2.192093e-02 	 155.6405 	  1.2219 	 1.021252e+21 	 8.472701e+18 	 9.233434e-07 	 1.191557e-07 	 -1000.0000 	 -1000.0000 	 -1000.0000 	 -1000.0000 
	 47.5070 	 2.149748e-02 	 156.0004 	  1.2291 	 9.992737e+20 	 8.308865e+18 	 9.199944e-07 	 1.204647e-07 	 -1000.0000 	 -1000.0000 	 -1000.0000 	 -1000.0000 
	 47.6680 	 2.108014e-02 	 156.3749 	  1.2373 	 9.775792e+20 	 8.154077e+18 	 9.144039e-07 	 1.217877e-07 	 -1000.0000 	 -1000.0000 	 -1000.0000 	 -1000.0000 
	 47.8280 	 2.067398e-02 	 156.7583 	  1.2460 	 9.564390e+20 	 8.008601e+18 	 9.070092e-07 	 1.230931e-07 	 -1000.0000 	 -1000.0000 	 -1000.0000 	 -1000.0000 
	 50.1040 	 1.574835e-02 	 162.6602 	  1.2361 	 7.018744e+20 	 5.886607e+18 	 7.609776e-07 	 1.301238e-07 	 -1000.0000 	 -1000.0000 	 -1000.0000 	 -1000.0000 
	 50.2630 	 1.545814e-02 	 163.0352 	  1.2167 	 6.873676e+20 	 5.688709e+18 	 7.481298e-07 	 1.288948e-07 	 -1000.0000 	 -1000.0000 	 -1000.0000 	 -1000.0000 
	 50.4230 	 1.517226e-02 	 163.3890 	  1.1961 	 6.732049e+20 	 5.489316e+18 	 7.353863e-07 	 1.275340e-07 	 -1000.0000 	 -1000.0000 	 -1000.0000 	 -1000.0000 
	 50.5820 	 1.489405e-02 	 163.7119 	  1.1754 	 6.595632e+20 	 5.294441e+18 	 7.230671e-07 	 1.261187e-07 	 -1000.0000 	 -1000.0000 	 -1000.0000 	 -1000.0000 
	 50.7420 	 1.461980e-02 	 164.0026 	  1.1551 	 6.462708e+20 	 5.105184e+18 	 7.111686e-07 	 1.246914e-07 	 -1000.0000 	 -1000.0000 	 -1000.0000 	 -1000.0000 
	 51.5700 	 1.328381e-02 	 164.7762 	  1.0857 	 5.843923e+20 	 4.356956e+18 	 6.621922e-07 	 1.193156e-07 	 -1000.0000 	 -1000.0000 	 -1000.0000 	 -1000.0000 
	 51.7300 	 1.304042e-02 	 164.7728 	  1.0809 	 5.736889e+20 	 4.263369e+18 	 6.553257e-07 	 1.188123e-07 	 -1000.0000 	 -1000.0000 	 -1000.0000 	 -1000.0000 
	 51.8900 	 1.280148e-02 	 164.7243 	  1.0783 	 5.633414e+20 	 4.182417e+18 	 6.491240e-07 	 1.184445e-07 	 -1000.0000 	 -1000.0000 	 -1000.0000 	 -1000.0000 
	 52.0500 	 1.256685e-02 	 164.6333 	  1.0775 	 5.533269e+20 	 4.112004e+18 	 6.434930e-07 	 1.181879e-07 	 -1000.0000 	 -1000.0000 	 -1000.0000 	 -1000.0000 
	 52.2100 	 1.233639e-02 	 164.5022 	  1.0782 	 5.436224e+20 	 4.050036e+18 	 6.383390e-07 	 1.180180e-07 	 -1000.0000 	 -1000.0000 	 -1000.0000 	 -1000.0000 
	 53.0180 	 1.123189e-02 	 163.3195 	  1.0918 	 4.985590e+20 	 3.795707e+18 	 6.166127e-07 	 1.176779e-07 	 -1000.0000 	 -1000.0000 	 -1000.0000 	 -1000.0000 
	 53.1770 	 1.102553e-02 	 163.0030 	  1.0947 	 4.903451e+20 	 3.748974e+18 	 6.127794e-07 	 1.176149e-07 	 -1000.0000 	 -1000.0000 	 -1000.0000 	 -1000.0000 
	 53.3360 	 1.082267e-02 	 162.6655 	  1.0975 	 4.823179e+20 	 3.702532e+18 	 6.090157e-07 	 1.175412e-07 	 -1000.0000 	 -1000.0000 	 -1000.0000 	 -1000.0000 
	 53.4950 	 1.062323e-02 	 162.3095 	  1.1000 	 4.744660e+20 	 3.656190e+18 	 6.052992e-07 	 1.174545e-07 	 -1000.0000 	 -1000.0000 	 -1000.0000 	 -1000.0000 
	 53.6540 	 1.042717e-02 	 161.9379 	  1.1019 	 4.667785e+20 	 3.609757e+18 	 6.016095e-07 	 1.173527e-07 	 -1000.0000 	 -1000.0000 	 -1000.0000 	 -1000.0000 
	 54.4780 	 9.463281e-03 	 159.8589 	  1.1016 	 4.291609e+20 	 3.361928e+18 	 5.822152e-07 	 1.165192e-07 	 -1000.0000 	 -1000.0000 	 -1000.0000 	 -1000.0000 
	 54.6370 	 9.286831e-03 	 159.4391 	  1.0999 	 4.222717e+20 	 3.313529e+18 	 5.783540e-07 	 1.163009e-07 	 -1000.0000 	 -1000.0000 	 -1000.0000 	 -1000.0000 
	 54.7960 	 9.113259e-03 	 159.0139 	  1.0983 	 4.154899e+20 	 3.265864e+18 	 5.744573e-07 	 1.160696e-07 	 -1000.0000 	 -1000.0000 	 -1000.0000 	 -1000.0000 
	 54.9550 	 8.942472e-03 	 158.5834 	  1.0970 	 4.088109e+20 	 3.219372e+18 	 5.705305e-07 	 1.158284e-07 	 -1000.0000 	 -1000.0000 	 -1000.0000 	 -1000.0000 
	 55.1140 	 8.774380e-03 	 158.1477 	  1.0962 	 4.022301e+20 	 3.174489e+18 	 5.665784e-07 	 1.155802e-07 	 -1000.0000 	 -1000.0000 	 -1000.0000 	 -1000.0000 
	 55.9210 	 7.959765e-03 	 155.8718 	  1.1085 	 3.701701e+20 	 2.983922e+18 	 5.463295e-07 	 1.143402e-07 	 -1000.0000 	 -1000.0000 	 -1000.0000 	 -1000.0000 
	 56.0800 	 7.806622e-03 	 155.4286 	  1.1135 	 3.640747e+20 	 2.952089e+18 	 5.423758e-07 	 1.141410e-07 	 -1000.0000 	 -1000.0000 	 -1000.0000 	 -1000.0000 
	 56.2390 	 7.655946e-03 	 154.9980 	  1.1182 	 3.580349e+20 	 2.920217e+18 	 5.384687e-07 	 1.139759e-07 	 -1000.0000 	 -1000.0000 	 -1000.0000 	 -1000.0000 
	 56.3970 	 7.508691e-03 	 154.5877 	  1.1223 	 3.520809e+20 	 2.887595e+18 	 5.346464e-07 	 1.138536e-07 	 -1000.0000 	 -1000.0000 	 -1000.0000 	 -1000.0000 
	 56.5560 	 7.363020e-03 	 154.1974 	  1.1254 	 3.461298e+20 	 2.852893e+18 	 5.308729e-07 	 1.137805e-07 	 -1000.0000 	 -1000.0000 	 -1000.0000 	 -1000.0000 
	 57.3710 	 6.656847e-03 	 152.7177 	  1.1088 	 3.160283e+20 	 2.616056e+18 	 5.130075e-07 	 1.144528e-07 	 -1000.0000 	 -1000.0000 	 -1000.0000 	 -1000.0000 
	 57.5300 	 6.526911e-03 	 152.5349 	  1.0996 	 3.102377e+20 	 2.558310e+18 	 5.097677e-07 	 1.148086e-07 	 -1000.0000 	 -1000.0000 	 -1000.0000 	 -1000.0000 
	 57.6890 	 6.399429e-03 	 152.3786 	  1.0896 	 3.044921e+20 	 2.498752e+18 	 5.065579e-07 	 1.152339e-07 	 -1000.0000 	 -1000.0000 	 -1000.0000 	 -1000.0000 
	 57.8470 	 6.275128e-03 	 152.2454 	  1.0796 	 2.988362e+20 	 2.438742e+18 	 5.033724e-07 	 1.157224e-07 	 -1000.0000 	 -1000.0000 	 -1000.0000 	 -1000.0000 
	 58.0060 	 6.152386e-03 	 152.1294 	  1.0700 	 2.932074e+20 	 2.378493e+18 	 5.001446e-07 	 1.162773e-07 	 -1000.0000 	 -1000.0000 	 -1000.0000 	 -1000.0000 
	 58.8110 	 5.565300e-03 	 151.6798 	  1.0477 	 2.659766e+20 	 2.108084e+18 	 4.825957e-07 	 1.199471e-07 	 -1000.0000 	 -1000.0000 	 -1000.0000 	 -1000.0000 
	 58.9700 	 5.455839e-03 	 151.6028 	  1.0502 	 2.608772e+20 	 2.064575e+18 	 4.787902e-07 	 1.208130e-07 	 -1000.0000 	 -1000.0000 	 -1000.0000 	 -1000.0000 
	 59.1290 	 5.348448e-03 	 151.5286 	  1.0549 	 2.558689e+20 	 2.024201e+18 	 4.748645e-07 	 1.217141e-07 	 -1000.0000 	 -1000.0000 	 -1000.0000 	 -1000.0000 
	 59.2870 	 5.243755e-03 	 151.4578 	  1.0614 	 2.509813e+20 	 1.987045e+18 	 4.708457e-07 	 1.226400e-07 	 -1000.0000 	 -1000.0000 	 -1000.0000 	 -1000.0000 
	 59.4460 	 5.140405e-03 	 151.3893 	  1.0699 	 2.461512e+20 	 1.952493e+18 	 4.666854e-07 	 1.235982e-07 	 -1000.0000 	 -1000.0000 	 -1000.0000 	 -1000.0000 
	 65.9470 	 2.278849e-03 	 149.9977 	  1.3267 	 1.101265e+20 	 1.223047e+18 	 2.539971e-07 	 1.421836e-07 	 -1000.0000 	 -1000.0000 	 -1000.0000 	 -1000.0000 
	 66.1030 	 2.234442e-03 	 149.9839 	  1.2958 	 1.079884e+20 	 1.183568e+18 	 2.495158e-07 	 1.414402e-07 	 -1000.0000 	 -1000.0000 	 -1000.0000 	 -1000.0000 
	 66.2600 	 2.190600e-03 	 149.9766 	  1.2646 	 1.058741e+20 	 1.143645e+18 	 2.451054e-07 	 1.406619e-07 	 -1000.0000 	 -1000.0000 	 -1000.0000 	 -1000.0000 
	 66.4170 	 2.147615e-03 	 149.9778 	  1.2345 	 1.037966e+20 	 1.104259e+18 	 2.407966e-07 	 1.398665e-07 	 -1000.0000 	 -1000.0000 	 -1000.0000 	 -1000.0000 
	 66.5730 	 2.105758e-03 	 149.9895 	  1.2064 	 1.017677e+20 	 1.066378e+18 	 2.366178e-07 	 1.390722e-07 	 -1000.0000 	 -1000.0000 	 -1000.0000 	 -1000.0000 
	 67.3670 	 1.905987e-03 	 150.2671 	  1.1239 	 9.195956e+19 	 9.160989e+17 	 2.169732e-07 	 1.353898e-07 	 -1000.0000 	 -1000.0000 	 -1000.0000 	 -1000.0000 
	 67.5230 	 1.869254e-03 	 150.3603 	  1.1204 	 9.013307e+19 	 8.958946e+17 	 2.134347e-07 	 1.347780e-07 	 -1000.0000 	 -1000.0000 	 -1000.0000 	 -1000.0000 
	 67.6800 	 1.833052e-03 	 150.4601 	  1.1197 	 8.832928e+19 	 8.777567e+17 	 2.099789e-07 	 1.341992e-07 	 -1000.0000 	 -1000.0000 	 -1000.0000 	 -1000.0000 
	 67.8370 	 1.797589e-03 	 150.5628 	  1.1211 	 8.656059e+19 	 8.613471e+17 	 2.066274e-07 	 1.336558e-07 	 -1000.0000 	 -1000.0000 	 -1000.0000 	 -1000.0000 
	 67.9930 	 1.763052e-03 	 150.6644 	  1.1238 	 8.483849e+19 	 8.462833e+17 	 2.033988e-07 	 1.331494e-07 	 -1000.0000 	 -1000.0000 	 -1000.0000 	 -1000.0000 
	 68.8000 	 1.594424e-03 	 151.0672 	  1.1329 	 7.651077e+19 	 7.718321e+17 	 1.882354e-07 	 1.309957e-07 	 -1000.0000 	 -1000.0000 	 -1000.0000 	 -1000.0000 
	 68.9570 	 1.563441e-03 	 151.1081 	  1.1317 	 7.500380e+19 	 7.566793e+17 	 1.855660e-07 	 1.306601e-07 	 -1000.0000 	 -1000.0000 	 -1000.0000 	 -1000.0000 
	 69.1130 	 1.533231e-03 	 151.1353 	  1.1301 	 7.354172e+19 	 7.416003e+17 	 1.829968e-07 	 1.303530e-07 	 -1000.0000 	 -1000.0000 	 -1000.0000 	 -1000.0000 
	 69.2690 	 1.503590e-03 	 151.1487 	  1.1281 	 7.211424e+19 	 7.266286e+17 	 1.805075e-07 	 1.300721e-07 	 -1000.0000 	 -1000.0000 	 -1000.0000 	 -1000.0000 
	 69.4250 	 1.474515e-03 	 151.1481 	  1.1261 	 7.072074e+19 	 7.118943e+17 	 1.780951e-07 	 1.298172e-07 	 -1000.0000 	 -1000.0000 	 -1000.0000 	 -1000.0000 
	 70.2240 	 1.334338e-03 	 150.9210 	  1.1226 	 6.409117e+19 	 6.444262e+17 	 1.668450e-07 	 1.289192e-07 	 -1000.0000 	 -1000.0000 	 -1000.0000 	 -1000.0000 
	 70.3800 	 1.308620e-03 	 150.8424 	  1.1236 	 6.288752e+19 	 6.329987e+17 	 1.648493e-07 	 1.288232e-07 	 -1000.0000 	 -1000.0000 	 -1000.0000 	 -1000.0000 
	 70.5360 	 1.283414e-03 	 150.7592 	  1.1248 	 6.170962e+19 	 6.219778e+17 	 1.629158e-07 	 1.287533e-07 	 -1000.0000 	 -1000.0000 	 -1000.0000 	 -1000.0000 
	 70.6910 	 1.258865e-03 	 150.6749 	  1.1262 	 6.056302e+19 	 6.113447e+17 	 1.610552e-07 	 1.287096e-07 	 -1000.0000 	 -1000.0000 	 -1000.0000 	 -1000.0000 
	 70.8470 	 1.234644e-03 	 150.5915 	  1.1274 	 5.943122e+19 	 6.008762e+17 	 1.592424e-07 	 1.286918e-07 	 -1000.0000 	 -1000.0000 	 -1000.0000 	 -1000.0000 
	 71.6380 	 1.118905e-03 	 150.2859 	  1.1275 	 5.397741e+19 	 5.486633e+17 	 1.509361e-07 	 1.290092e-07 	 -1000.0000 	 -1000.0000 	 -1000.0000 	 -1000.0000 
	 71.7930 	 1.097531e-03 	 150.2509 	  1.1267 	 5.295971e+19 	 5.385333e+17 	 1.494731e-07 	 1.291534e-07 	 -1000.0000 	 -1000.0000 	 -1000.0000 	 -1000.0000 
	 71.9490 	 1.076426e-03 	 150.2188 	  1.1261 	 5.195296e+19 	 5.285086e+17 	 1.480517e-07 	 1.293266e-07 	 -1000.0000 	 -1000.0000 	 -1000.0000 	 -1000.0000 
	 72.1040 	 1.055853e-03 	 150.1873 	  1.1261 	 5.097049e+19 	 5.187881e+17 	 1.466887e-07 	 1.295269e-07 	 -1000.0000 	 -1000.0000 	 -1000.0000 	 -1000.0000 
	 72.2590 	 1.035663e-03 	 150.1537 	  1.1268 	 5.000624e+19 	 5.093763e+17 	 1.453729e-07 	 1.297554e-07 	 -1000.0000 	 -1000.0000 	 -1000.0000 	 -1000.0000 
	 73.0680 	 9.361373e-04 	 149.8506 	  1.1522 	 4.528367e+19 	 4.676618e+17 	 1.392004e-07 	 1.314028e-07 	 -1000.0000 	 -1000.0000 	 -1000.0000 	 -1000.0000 
	 73.2230 	 9.181330e-04 	 149.7599 	  1.1614 	 4.443820e+19 	 4.611699e+17 	 1.381368e-07 	 1.318002e-07 	 -1000.0000 	 -1000.0000 	 -1000.0000 	 -1000.0000 
	 73.3790 	 9.003448e-04 	 149.6588 	  1.1716 	 4.360551e+19 	 4.550167e+17 	 1.371005e-07 	 1.322237e-07 	 -1000.0000 	 -1000.0000 	 -1000.0000 	 -1000.0000 
	 73.5340 	 8.829957e-04 	 149.5492 	  1.1824 	 4.279576e+19 	 4.492264e+17 	 1.361029e-07 	 1.326663e-07 	 -1000.0000 	 -1000.0000 	 -1000.0000 	 -1000.0000 
	 73.6890 	 8.659654e-04 	 149.4310 	  1.1936 	 4.200306e+19 	 4.437039e+17 	 1.351356e-07 	 1.331294e-07 	 -1000.0000 	 -1000.0000 	 -1000.0000 	 -1000.0000 
	 75.8820 	 6.562729e-04 	 147.1872 	  1.2650 	 3.232118e+19 	 3.632323e+17 	 1.238460e-07 	 1.412075e-07 	 -1000.0000 	 -1000.0000 	 -1000.0000 	 -1000.0000 
	 76.0370 	 6.434636e-04 	 147.0309 	  1.2571 	 3.172309e+19 	 3.557179e+17 	 1.231682e-07 	 1.418487e-07 	 -1000.0000 	 -1000.0000 	 -1000.0000 	 -1000.0000 
	 76.1910 	 6.309789e-04 	 146.8923 	  1.2484 	 3.113637e+19 	 3.481100e+17 	 1.225084e-07 	 1.424947e-07 	 -1000.0000 	 -1000.0000 	 -1000.0000 	 -1000.0000 
	 76.3460 	 6.186537e-04 	 146.7746 	  1.2392 	 3.055252e+19 	 3.403886e+17 	 1.218586e-07 	 1.431548e-07 	 -1000.0000 	 -1000.0000 	 -1000.0000 	 -1000.0000 
	 76.5010 	 6.065671e-04 	 146.6840 	  1.2300 	 2.997450e+19 	 3.326822e+17 	 1.212236e-07 	 1.438256e-07 	 -1000.0000 	 -1000.0000 	 -1000.0000 	 -1000.0000 
	 77.2960 	 5.482105e-04 	 146.8119 	  1.1993 	 2.707358e+19 	 2.960744e+17 	 1.182176e-07 	 1.474592e-07 	 -1000.0000 	 -1000.0000 	 -1000.0000 	 -1000.0000 
	 77.4500 	 5.375886e-04 	 146.9546 	  1.1973 	 2.652403e+19 	 2.897427e+17 	 1.176821e-07 	 1.481974e-07 	 -1000.0000 	 -1000.0000 	 -1000.0000 	 -1000.0000 
	 77.6040 	 5.271813e-04 	 147.1266 	  1.1962 	 2.598040e+19 	 2.836098e+17 	 1.171595e-07 	 1.489431e-07 	 -1000.0000 	 -1000.0000 	 -1000.0000 	 -1000.0000 
	 77.7590 	 5.169201e-04 	 147.3248 	  1.1957 	 2.544017e+19 	 2.776085e+17 	 1.166455e-07 	 1.496998e-07 	 -1000.0000 	 -1000.0000 	 -1000.0000 	 -1000.0000 
	 77.9130 	 5.069348e-04 	 147.5420 	  1.1955 	 2.491125e+19 	 2.717874e+17 	 1.161457e-07 	 1.504560e-07 	 -1000.0000 	 -1000.0000 	 -1000.0000 	 -1000.0000 
	 78.7100 	 4.584821e-04 	 148.8270 	  1.1910 	 2.233157e+19 	 2.429137e+17 	 1.137162e-07 	 1.544205e-07 	 -1000.0000 	 -1000.0000 	 -1000.0000 	 -1000.0000 
	 78.8630 	 4.497736e-04 	 149.0853 	  1.1886 	 2.186937e+19 	 2.375373e+17 	 1.132859e-07 	 1.552077e-07 	 -1000.0000 	 -1000.0000 	 -1000.0000 	 -1000.0000 
	 79.0170 	 4.411915e-04 	 149.3471 	  1.1859 	 2.141459e+19 	 2.321966e+17 	 1.128693e-07 	 1.560200e-07 	 -1000.0000 	 -1000.0000 	 -1000.0000 	 -1000.0000 
	 79.1710 	 4.327891e-04 	 149.6102 	  1.1829 	 2.097004e+19 	 2.269375e+17 	 1.124717e-07 	 1.568578e-07 	 -1000.0000 	 -1000.0000 	 -1000.0000 	 -1000.0000 
	 79.3250 	 4.245622e-04 	 149.8740 	  1.1796 	 2.053549e+19 	 2.217702e+17 	 1.120952e-07 	 1.577262e-07 	 -1000.0000 	 -1000.0000 	 -1000.0000 	 -1000.0000 
	 80.1100 	 3.852054e-04 	 151.2133 	  1.1613 	 1.846755e+19 	 1.972004e+17 	 1.105592e-07 	 1.627594e-07 	 -1000.0000 	 -1000.0000 	 -1000.0000 	 -1000.0000 
	 80.2630 	 3.780105e-04 	 151.4722 	  1.1577 	 1.809160e+19 	 1.927793e+17 	 1.103322e-07 	 1.638560e-07 	 -1000.0000 	 -1000.0000 	 -1000.0000 	 -1000.0000 
	 80.4170 	 3.709179e-04 	 151.7325 	  1.1540 	 1.772162e+19 	 1.884429e+17 	 1.101229e-07 	 1.649883e-07 	 -1000.0000 	 -1000.0000 	 -1000.0000 	 -1000.0000 
	 80.5710 	 3.639718e-04 	 151.9928 	  1.1503 	 1.735991e+19 	 1.842165e+17 	 1.099306e-07 	 1.661446e-07 	 -1000.0000 	 -1000.0000 	 -1000.0000 	 -1000.0000 
	 80.7250 	 3.571693e-04 	 152.2532 	  1.1466 	 1.700627e+19 	 1.800957e+17 	 1.097526e-07 	 1.673199e-07 	 -1000.0000 	 -1000.0000 	 -1000.0000 	 -1000.0000 
	 81.5130 	 3.244895e-04 	 153.5929 	  1.1276 	 1.531569e+19 	 1.605179e+17 	 1.089758e-07 	 1.734635e-07 	 -1000.0000 	 -1000.0000 	 -1000.0000 	 -1000.0000 
	 81.6670 	 3.184950e-04 	 153.8506 	  1.1240 	 1.500760e+19 	 1.569747e+17 	 1.088395e-07 	 1.746712e-07 	 -1000.0000 	 -1000.0000 	 -1000.0000 	 -1000.0000 
	 81.8200 	 3.126585e-04 	 154.1015 	  1.1204 	 1.470859e+19 	 1.535479e+17 	 1.087078e-07 	 1.758720e-07 	 -1000.0000 	 -1000.0000 	 -1000.0000 	 -1000.0000 
	 81.9730 	 3.069374e-04 	 154.3455 	  1.1170 	 1.441657e+19 	 1.502153e+17 	 1.085798e-07 	 1.770739e-07 	 -1000.0000 	 -1000.0000 	 -1000.0000 	 -1000.0000 
	 82.1270 	 3.012919e-04 	 154.5824 	  1.1137 	 1.412967e+19 	 1.469574e+17 	 1.084547e-07 	 1.782851e-07 	 -1000.0000 	 -1000.0000 	 -1000.0000 	 -1000.0000 
	 82.9070 	 2.743203e-04 	 155.5796 	  1.0996 	 1.278274e+19 	 1.319811e+17 	 1.079052e-07 	 1.844870e-07 	 -1000.0000 	 -1000.0000 	 -1000.0000 	 -1000.0000 
	 83.0600 	 2.693289e-04 	 155.7198 	  1.0975 	 1.253904e+19 	 1.293454e+17 	 1.078200e-07 	 1.857276e-07 	 -1000.0000 	 -1000.0000 	 -1000.0000 	 -1000.0000 
	 83.2130 	 2.644310e-04 	 155.8358 	  1.0958 	 1.230198e+19 	 1.268081e+17 	 1.077442e-07 	 1.869796e-07 	 -1000.0000 	 -1000.0000 	 -1000.0000 	 -1000.0000 
	 83.3660 	 2.596248e-04 	 155.9250 	  1.0943 	 1.207152e+19 	 1.243689e+17 	 1.076785e-07 	 1.882440e-07 	 -1000.0000 	 -1000.0000 	 -1000.0000 	 -1000.0000 
	 83.5190 	 2.549084e-04 	 155.9848 	  1.0932 	 1.184763e+19 	 1.220274e+17 	 1.076235e-07 	 1.895220e-07 	 -1000.0000 	 -1000.0000 	 -1000.0000 	 -1000.0000 
	 84.3070 	 2.319729e-04 	 155.7509 	  1.0934 	 1.079596e+19 	 1.114771e+17 	 1.074876e-07 	 1.962832e-07 	 -1000.0000 	 -1000.0000 	 -1000.0000 	 -1000.0000 
	 84.4600 	 2.277698e-04 	 155.6127 	  1.0946 	 1.060945e+19 	 1.096852e+17 	 1.074777e-07 	 1.976110e-07 	 -1000.0000 	 -1000.0000 	 -1000.0000 	 -1000.0000 
	 84.6130 	 2.236441e-04 	 155.4577 	  1.0960 	 1.042753e+19 	 1.079550e+17 	 1.074674e-07 	 1.989343e-07 	 -1000.0000 	 -1000.0000 	 -1000.0000 	 -1000.0000 
	 84.7660 	 2.195941e-04 	 155.2923 	  1.0976 	 1.024967e+19 	 1.062765e+17 	 1.074540e-07 	 2.002491e-07 	 -1000.0000 	 -1000.0000 	 -1000.0000 	 -1000.0000 
	 84.9190 	 2.156179e-04 	 155.1227 	  1.0994 	 1.007533e+19 	 1.046398e+17 	 1.074351e-07 	 2.015515e-07 	 -1000.0000 	 -1000.0000 	 -1000.0000 	 -1000.0000 
	 85.6970 	 1.964818e-04 	 154.4059 	  1.1097 	 9.225762e+18 	 9.663247e+16 	 1.072071e-07 	 2.079052e-07 	 -1000.0000 	 -1000.0000 	 -1000.0000 	 -1000.0000 
	 85.8500 	 1.929202e-04 	 154.3076 	  1.1118 	 9.064452e+18 	 9.509182e+16 	 1.071378e-07 	 2.091016e-07 	 -1000.0000 	 -1000.0000 	 -1000.0000 	 -1000.0000 
	 86.0030 	 1.894216e-04 	 154.2187 	  1.1140 	 8.905217e+18 	 9.356580e+16 	 1.070638e-07 	 2.102836e-07 	 -1000.0000 	 -1000.0000 	 -1000.0000 	 -1000.0000 
	 86.1560 	 1.859844e-04 	 154.1367 	  1.1162 	 8.748188e+18 	 9.205683e+16 	 1.069867e-07 	 2.114528e-07 	 -1000.0000 	 -1000.0000 	 -1000.0000 	 -1000.0000 
	 86.3090 	 1.826074e-04 	 154.0589 	  1.1184 	 8.593491e+18 	 9.056736e+16 	 1.069083e-07 	 2.126109e-07 	 -1000.0000 	 -1000.0000 	 -1000.0000 	 -1000.0000 
	 87.0950 	 1.661550e-04 	 153.6329 	  1.1302 	 7.839955e+18 	 8.330848e+16 	 1.065441e-07 	 2.184552e-07 	 -1000.0000 	 -1000.0000 	 -1000.0000 	 -1000.0000 
	 87.2470 	 1.631389e-04 	 153.5348 	  1.1327 	 7.702528e+18 	 8.199061e+16 	 1.064880e-07 	 2.195754e-07 	 -1000.0000 	 -1000.0000 	 -1000.0000 	 -1000.0000 
	 87.3990 	 1.601748e-04 	 153.4306 	  1.1353 	 7.567723e+18 	 8.070156e+16 	 1.064373e-07 	 2.206948e-07 	 -1000.0000 	 -1000.0000 	 -1000.0000 	 -1000.0000 
	 87.5500 	 1.572810e-04 	 153.3210 	  1.1381 	 7.436361e+18 	 7.944974e+16 	 1.063923e-07 	 2.218074e-07 	 -1000.0000 	 -1000.0000 	 -1000.0000 	 -1000.0000 
	 87.7020 	 1.544186e-04 	 153.2041 	  1.1410 	 7.306661e+18 	 7.821880e+16 	 1.063525e-07 	 2.229286e-07 	 -1000.0000 	 -1000.0000 	 -1000.0000 	 -1000.0000 
	 88.4890 	 1.403836e-04 	 152.4871 	  1.1596 	 6.674178e+18 	 7.231857e+16 	 1.061969e-07 	 2.287036e-07 	 -1000.0000 	 -1000.0000 	 -1000.0000 	 -1000.0000 
	 88.6400 	 1.378353e-04 	 152.3253 	  1.1639 	 6.560025e+18 	 7.127380e+16 	 1.061682e-07 	 2.297883e-07 	 -1000.0000 	 -1000.0000 	 -1000.0000 	 -1000.0000 
	 88.7910 	 1.353314e-04 	 152.1544 	  1.1683 	 6.448103e+18 	 7.025453e+16 	 1.061371e-07 	 2.308586e-07 	 -1000.0000 	 -1000.0000 	 -1000.0000 	 -1000.0000 
	 88.9430 	 1.328547e-04 	 151.9727 	  1.1728 	 6.337657e+18 	 6.925307e+16 	 1.061024e-07 	 2.319181e-07 	 -1000.0000 	 -1000.0000 	 -1000.0000 	 -1000.0000 
	 89.0940 	 1.304368e-04 	 151.7819 	  1.1774 	 6.230104e+18 	 6.828139e+16 	 1.060640e-07 	 2.329508e-07 	 -1000.0000 	 -1000.0000 	 -1000.0000 	 -1000.0000 
	 89.8690 	 1.186595e-04 	 150.6297 	  1.2016 	 5.710521e+18 	 6.361074e+16 	 1.058989e-07 	 2.381242e-07 	 -1000.0000 	 -1000.0000 	 -1000.0000 	 -1000.0000 
	 90.0200 	 1.164825e-04 	 150.3788 	  1.2062 	 5.615050e+18 	 6.275058e+16 	 1.059058e-07 	 2.391821e-07 	 -1000.0000 	 -1000.0000 	 -1000.0000 	 -1000.0000 
	 90.1710 	 1.143425e-04 	 150.1249 	  1.2108 	 5.521194e+18 	 6.190194e+16 	 1.059385e-07 	 2.402880e-07 	 -1000.0000 	 -1000.0000 	 -1000.0000 	 -1000.0000 
	 90.3230 	 1.122251e-04 	 149.8690 	  1.2153 	 5.428226e+18 	 6.105723e+16 	 1.060033e-07 	 2.414638e-07 	 -1000.0000 	 -1000.0000 	 -1000.0000 	 -1000.0000 
	 90.4740 	 1.101578e-04 	 149.6171 	  1.2198 	 5.337251e+18 	 6.022547e+16 	 1.061047e-07 	 2.427074e-07 	 -1000.0000 	 -1000.0000 	 -1000.0000 	 -1000.0000 
	 91.2590 	 9.996866e-05 	 148.4402 	  1.2411 	 4.882252e+18 	 5.594709e+16 	 1.072712e-07 	 2.505147e-07 	 -1000.0000 	 -1000.0000 	 -1000.0000 	 -1000.0000 
	 91.4100 	 9.811261e-05 	 148.2489 	  1.2448 	 4.797779e+18 	 5.512636e+16 	 1.076031e-07 	 2.522439e-07 	 -1000.0000 	 -1000.0000 	 -1000.0000 	 -1000.0000 
	 91.5610 	 9.628909e-05 	 148.0692 	  1.2484 	 4.714302e+18 	 5.430686e+16 	 1.079603e-07 	 2.540258e-07 	 -1000.0000 	 -1000.0000 	 -1000.0000 	 -1000.0000 
	 91.7130 	 9.448593e-05 	 147.8997 	  1.2518 	 4.631292e+18 	 5.348360e+16 	 1.083408e-07 	 2.558628e-07 	 -1000.0000 	 -1000.0000 	 -1000.0000 	 -1000.0000 
	 91.8640 	 9.272645e-05 	 147.7427 	  1.2549 	 4.549859e+18 	 5.266782e+16 	 1.087351e-07 	 2.577207e-07 	 -1000.0000 	 -1000.0000 	 -1000.0000 	 -1000.0000 
	 92.6320 	 8.425373e-05 	 147.1122 	  1.2676 	 4.152066e+18 	 4.856271e+16 	 1.108493e-07 	 2.673643e-07 	 -1000.0000 	 -1000.0000 	 -1000.0000 	 -1000.0000 
	 92.7830 	 8.267858e-05 	 147.0207 	  1.2694 	 4.077071e+18 	 4.776294e+16 	 1.112681e-07 	 2.692558e-07 	 -1000.0000 	 -1000.0000 	 -1000.0000 	 -1000.0000 
	 92.9340 	 8.113228e-05 	 146.9399 	  1.2708 	 4.003098e+18 	 4.696391e+16 	 1.116842e-07 	 2.711362e-07 	 -1000.0000 	 -1000.0000 	 -1000.0000 	 -1000.0000 
	 93.0850 	 7.961443e-05 	 146.8697 	  1.2720 	 3.930129e+18 	 4.616481e+16 	 1.120964e-07 	 2.730022e-07 	 -1000.0000 	 -1000.0000 	 -1000.0000 	 -1000.0000 
	 93.2360 	 7.812463e-05 	 146.8101 	  1.2728 	 3.858146e+18 	 4.536485e+16 	 1.125037e-07 	 2.748514e-07 	 -1000.0000 	 -1000.0000 	 -1000.0000 	 -1000.0000 
	 94.0160 	 7.086089e-05 	 146.6899 	  1.2708 	 3.501162e+18 	 4.118331e+16 	 1.146156e-07 	 2.843391e-07 	 -1000.0000 	 -1000.0000 	 -1000.0000 	 -1000.0000 
