	 height_(km) 	 press_(mbar) 	 temp_(K) 	 temperr_(K) 	 numdens_(m-3) 	 numdenserr_(m-3) 	 H2Ovmr_() 	 H2Ovmrerr_() 	 D/H_(VSMOW) 	 D/Herr_(VSMOW) 	 18O/16O_(VSMOW) 	 18O/16Oerr_(VSMOW) 
	  1.6330 	 3.436741e+00 	 147.1354 	  4.4236 	 1.705843e+23 	 5.751327e+21 	 5.710674e-10 	 2.524358e-10 	 -1000.0000 	 -1000.0000 	 -1000.0000 	 -1000.0000 
	  1.7710 	 3.374578e+00 	 147.4175 	  4.1856 	 1.673582e+23 	 5.401345e+21 	 6.697812e-10 	 2.924504e-10 	 -1000.0000 	 -1000.0000 	 -1000.0000 	 -1000.0000 
	  1.9100 	 3.313000e+00 	 147.6568 	  3.9573 	 1.641801e+23 	 5.065787e+21 	 7.852236e-10 	 3.385027e-10 	 -1000.0000 	 -1000.0000 	 -1000.0000 	 -1000.0000 
	  2.0480 	 3.252880e+00 	 147.8522 	  3.7416 	 1.610943e+23 	 4.749053e+21 	 9.180450e-10 	 3.906218e-10 	 -1000.0000 	 -1000.0000 	 -1000.0000 	 -1000.0000 
	  2.1870 	 3.193336e+00 	 148.0085 	  3.5351 	 1.580544e+23 	 4.446119e+21 	 1.072796e-09 	 4.503249e-10 	 -1000.0000 	 -1000.0000 	 -1000.0000 	 -1000.0000 
	  5.8800 	 1.944317e+00 	 144.8387 	  1.0199 	 9.716954e+22 	 7.963136e+20 	 3.317734e-08 	 6.872117e-09 	 -1000.0000 	 -1000.0000 	 -1000.0000 	 -1000.0000 
	  6.0170 	 1.908882e+00 	 144.7292 	  0.9997 	 9.545328e+22 	 7.677660e+20 	 3.662112e-08 	 7.384280e-09 	 -1000.0000 	 -1000.0000 	 -1000.0000 	 -1000.0000 
	  6.1550 	 1.873872e+00 	 144.6398 	  0.9819 	 9.374965e+22 	 7.426714e+20 	 4.032052e-08 	 7.915156e-09 	 -1000.0000 	 -1000.0000 	 -1000.0000 	 -1000.0000 
	  6.2920 	 1.839784e+00 	 144.5737 	  0.9667 	 9.208188e+22 	 7.209741e+20 	 4.422534e-08 	 8.455502e-09 	 -1000.0000 	 -1000.0000 	 -1000.0000 	 -1000.0000 
	  6.4300 	 1.806109e+00 	 144.5321 	  0.9533 	 9.042416e+22 	 7.019342e+20 	 4.839498e-08 	 9.011524e-09 	 -1000.0000 	 -1000.0000 	 -1000.0000 	 -1000.0000 
	  8.0230 	 1.461911e+00 	 146.4803 	  0.8616 	 7.246007e+22 	 5.541241e+20 	 1.118426e-07 	 1.701407e-08 	 -1000.0000 	 -1000.0000 	 -1000.0000 	 -1000.0000 
	  8.1600 	 1.435828e+00 	 146.8587 	  0.8543 	 7.100167e+22 	 5.402606e+20 	 1.181911e-07 	 1.775849e-08 	 -1000.0000 	 -1000.0000 	 -1000.0000 	 -1000.0000 
	  8.2970 	 1.410253e+00 	 147.2569 	  0.8472 	 6.956124e+22 	 5.261578e+20 	 1.245695e-07 	 1.848687e-08 	 -1000.0000 	 -1000.0000 	 -1000.0000 	 -1000.0000 
	  8.4340 	 1.385175e+00 	 147.6710 	  0.8403 	 6.814032e+22 	 5.119042e+20 	 1.309484e-07 	 1.920055e-08 	 -1000.0000 	 -1000.0000 	 -1000.0000 	 -1000.0000 
	  8.5710 	 1.360582e+00 	 148.0966 	  0.8337 	 6.674043e+22 	 4.975884e+20 	 1.372998e-07 	 1.990147e-08 	 -1000.0000 	 -1000.0000 	 -1000.0000 	 -1000.0000 
	 10.1730 	 1.105446e+00 	 152.5693 	  0.7987 	 5.242148e+22 	 3.541106e+20 	 2.027589e-07 	 2.725033e-08 	 -1000.0000 	 -1000.0000 	 -1000.0000 	 -1000.0000 
	 10.3100 	 1.086126e+00 	 152.8312 	  0.8003 	 5.139479e+22 	 3.453947e+20 	 2.074383e-07 	 2.782984e-08 	 -1000.0000 	 -1000.0000 	 -1000.0000 	 -1000.0000 
	 10.4470 	 1.067167e+00 	 153.0727 	  0.8026 	 5.039753e+22 	 3.372221e+20 	 2.120499e-07 	 2.841091e-08 	 -1000.0000 	 -1000.0000 	 -1000.0000 	 -1000.0000 
	 10.5840 	 1.048563e+00 	 153.2943 	  0.8054 	 4.942884e+22 	 3.295656e+20 	 2.166226e-07 	 2.899511e-08 	 -1000.0000 	 -1000.0000 	 -1000.0000 	 -1000.0000 
	 10.7210 	 1.030306e+00 	 153.4966 	  0.8087 	 4.848786e+22 	 3.223981e+20 	 2.211857e-07 	 2.958379e-08 	 -1000.0000 	 -1000.0000 	 -1000.0000 	 -1000.0000 
	 14.4290 	 6.451007e-01 	 154.0953 	  0.8973 	 3.036056e+22 	 2.149753e+20 	 4.426490e-07 	 5.852952e-08 	 -1000.0000 	 -1000.0000 	 -1000.0000 	 -1000.0000 
	 14.5660 	 6.340784e-01 	 154.0404 	  0.8948 	 2.985180e+22 	 2.109926e+20 	 4.588248e-07 	 6.056396e-08 	 -1000.0000 	 -1000.0000 	 -1000.0000 	 -1000.0000 
	 14.7020 	 6.233223e-01 	 153.9932 	  0.8920 	 2.935306e+22 	 2.069812e+20 	 4.758830e-07 	 6.268430e-08 	 -1000.0000 	 -1000.0000 	 -1000.0000 	 -1000.0000 
	 14.8380 	 6.127495e-01 	 153.9551 	  0.8891 	 2.886048e+22 	 2.029307e+20 	 4.939993e-07 	 6.490372e-08 	 -1000.0000 	 -1000.0000 	 -1000.0000 	 -1000.0000 
	 14.9750 	 6.022825e-01 	 153.9280 	  0.8860 	 2.837036e+22 	 1.988296e+20 	 5.133796e-07 	 6.723571e-08 	 -1000.0000 	 -1000.0000 	 -1000.0000 	 -1000.0000 
	 16.5630 	 4.937969e-01 	 155.0570 	  0.8665 	 2.309892e+22 	 1.557153e+20 	 8.360303e-07 	 1.009908e-07 	 -1000.0000 	 -1000.0000 	 -1000.0000 	 -1000.0000 
	 16.6990 	 4.855388e-01 	 155.2807 	  0.8675 	 2.268276e+22 	 1.527226e+20 	 8.727585e-07 	 1.044668e-07 	 -1000.0000 	 -1000.0000 	 -1000.0000 	 -1000.0000 
	 16.8340 	 4.774885e-01 	 155.5098 	  0.8689 	 2.227611e+22 	 1.498605e+20 	 9.105992e-07 	 1.080143e-07 	 -1000.0000 	 -1000.0000 	 -1000.0000 	 -1000.0000 
	 16.9700 	 4.695233e-01 	 155.7439 	  0.8706 	 2.187326e+22 	 1.470817e+20 	 9.500852e-07 	 1.116891e-07 	 -1000.0000 	 -1000.0000 	 -1000.0000 	 -1000.0000 
	 17.1060 	 4.616997e-01 	 155.9771 	  0.8726 	 2.147752e+22 	 1.444030e+20 	 9.909106e-07 	 1.154704e-07 	 -1000.0000 	 -1000.0000 	 -1000.0000 	 -1000.0000 
	 18.6960 	 3.795907e-01 	 157.3840 	  0.9020 	 1.746904e+22 	 1.188783e+20 	 1.556473e-06 	 1.685625e-07 	 -1000.0000 	 -1000.0000 	 -1000.0000 	 -1000.0000 
	 18.8310 	 3.733325e-01 	 157.3525 	  0.9043 	 1.718201e+22 	 1.170705e+20 	 1.611051e-06 	 1.738446e-07 	 -1000.0000 	 -1000.0000 	 -1000.0000 	 -1000.0000 
	 18.9670 	 3.671329e-01 	 157.3094 	  0.9066 	 1.689955e+22 	 1.152871e+20 	 1.666960e-06 	 1.792822e-07 	 -1000.0000 	 -1000.0000 	 -1000.0000 	 -1000.0000 
	 19.1020 	 3.610817e-01 	 157.2599 	  0.9089 	 1.662529e+22 	 1.135502e+20 	 1.723364e-06 	 1.847942e-07 	 -1000.0000 	 -1000.0000 	 -1000.0000 	 -1000.0000 
	 19.2380 	 3.550879e-01 	 157.2076 	  0.9111 	 1.635459e+22 	 1.118302e+20 	 1.781084e-06 	 1.904638e-07 	 -1000.0000 	 -1000.0000 	 -1000.0000 	 -1000.0000 
	 20.8090 	 2.928629e-01 	 157.8174 	  0.9387 	 1.346427e+22 	 9.288330e+19 	 2.519329e-06 	 2.628872e-07 	 -1000.0000 	 -1000.0000 	 -1000.0000 	 -1000.0000 
	 20.9440 	 2.880808e-01 	 158.0344 	  0.9413 	 1.322781e+22 	 9.127926e+19 	 2.589505e-06 	 2.694539e-07 	 -1000.0000 	 -1000.0000 	 -1000.0000 	 -1000.0000 
	 21.0790 	 2.833822e-01 	 158.2711 	  0.9440 	 1.299364e+22 	 8.968437e+19 	 2.660772e-06 	 2.760217e-07 	 -1000.0000 	 -1000.0000 	 -1000.0000 	 -1000.0000 
	 21.2140 	 2.787658e-01 	 158.5245 	  0.9467 	 1.276200e+22 	 8.810111e+19 	 2.733117e-06 	 2.825758e-07 	 -1000.0000 	 -1000.0000 	 -1000.0000 	 -1000.0000 
	 21.3500 	 2.741970e-01 	 158.7939 	  0.9494 	 1.253144e+22 	 8.652038e+19 	 2.807071e-06 	 2.891462e-07 	 -1000.0000 	 -1000.0000 	 -1000.0000 	 -1000.0000 
	 22.9320 	 2.266402e-01 	 162.0326 	  0.9811 	 1.013476e+22 	 6.997271e+19 	 3.725079e-06 	 3.587715e-07 	 -1000.0000 	 -1000.0000 	 -1000.0000 	 -1000.0000 
	 23.0670 	 2.230220e-01 	 162.2680 	  0.9836 	 9.957992e+21 	 6.875156e+19 	 3.802821e-06 	 3.637392e-07 	 -1000.0000 	 -1000.0000 	 -1000.0000 	 -1000.0000 
	 23.2020 	 2.194677e-01 	 162.4973 	  0.9860 	 9.785232e+21 	 6.755666e+19 	 3.878589e-06 	 3.684724e-07 	 -1000.0000 	 -1000.0000 	 -1000.0000 	 -1000.0000 
	 23.3370 	 2.159759e-01 	 162.7213 	  0.9883 	 9.616317e+21 	 6.638631e+19 	 3.951859e-06 	 3.729525e-07 	 -1000.0000 	 -1000.0000 	 -1000.0000 	 -1000.0000 
	 23.4710 	 2.125709e-01 	 162.9393 	  0.9905 	 9.452296e+21 	 6.524725e+19 	 4.021599e-06 	 3.771332e-07 	 -1000.0000 	 -1000.0000 	 -1000.0000 	 -1000.0000 
	 25.0360 	 1.769125e-01 	 165.4273 	  1.0053 	 7.753544e+21 	 5.308966e+19 	 4.452813e-06 	 4.003846e-07 	 -1000.0000 	 -1000.0000 	 -1000.0000 	 -1000.0000 
	 25.1700 	 1.741814e-01 	 165.6570 	  1.0057 	 7.623190e+21 	 5.212125e+19 	 4.449652e-06 	 3.999323e-07 	 -1000.0000 	 -1000.0000 	 -1000.0000 	 -1000.0000 
	 25.3040 	 1.714970e-01 	 165.8923 	  1.0060 	 7.494933e+21 	 5.116549e+19 	 4.440894e-06 	 3.991355e-07 	 -1000.0000 	 -1000.0000 	 -1000.0000 	 -1000.0000 
	 25.4390 	 1.688391e-01 	 166.1357 	  1.0063 	 7.367801e+21 	 5.021617e+19 	 4.426794e-06 	 3.980043e-07 	 -1000.0000 	 -1000.0000 	 -1000.0000 	 -1000.0000 
	 25.5730 	 1.662461e-01 	 166.3841 	  1.0067 	 7.243639e+21 	 4.928809e+19 	 4.407959e-06 	 3.965828e-07 	 -1000.0000 	 -1000.0000 	 -1000.0000 	 -1000.0000 
	 27.1490 	 1.388517e-01 	 169.9958 	  1.0211 	 5.922605e+21 	 3.968069e+19 	 3.968820e-06 	 3.657452e-07 	 -1000.0000 	 -1000.0000 	 -1000.0000 	 -1000.0000 
	 27.2830 	 1.367639e-01 	 170.3531 	  1.0237 	 5.821584e+21 	 3.898765e+19 	 3.923991e-06 	 3.625272e-07 	 -1000.0000 	 -1000.0000 	 -1000.0000 	 -1000.0000 
	 27.4170 	 1.347108e-01 	 170.7106 	  1.0264 	 5.722390e+21 	 3.831376e+19 	 3.879331e-06 	 3.592940e-07 	 -1000.0000 	 -1000.0000 	 -1000.0000 	 -1000.0000 
	 27.5510 	 1.326918e-01 	 171.0660 	  1.0294 	 5.625047e+21 	 3.765874e+19 	 3.835074e-06 	 3.560585e-07 	 -1000.0000 	 -1000.0000 	 -1000.0000 	 -1000.0000 
	 27.6840 	 1.307209e-01 	 171.4145 	  1.0324 	 5.530286e+21 	 3.702700e+19 	 3.791775e-06 	 3.528536e-07 	 -1000.0000 	 -1000.0000 	 -1000.0000 	 -1000.0000 
	 29.2420 	 1.098794e-01 	 174.4501 	  1.0753 	 4.565149e+21 	 3.089417e+19 	 3.396729e-06 	 3.197400e-07 	 -1000.0000 	 -1000.0000 	 -1000.0000 	 -1000.0000 
	 29.3760 	 1.082628e-01 	 174.5796 	  1.0791 	 4.494539e+21 	 3.046190e+19 	 3.375418e-06 	 3.175118e-07 	 -1000.0000 	 -1000.0000 	 -1000.0000 	 -1000.0000 
	 29.5090 	 1.066833e-01 	 174.6867 	  1.0827 	 4.426197e+21 	 3.004412e+19 	 3.356037e-06 	 3.153981e-07 	 -1000.0000 	 -1000.0000 	 -1000.0000 	 -1000.0000 
	 29.6430 	 1.051168e-01 	 174.7734 	  1.0862 	 4.359035e+21 	 2.963359e+19 	 3.338181e-06 	 3.133631e-07 	 -1000.0000 	 -1000.0000 	 -1000.0000 	 -1000.0000 
	 29.7760 	 1.035859e-01 	 174.8386 	  1.0895 	 4.293992e+21 	 2.923550e+19 	 3.322001e-06 	 3.114322e-07 	 -1000.0000 	 -1000.0000 	 -1000.0000 	 -1000.0000 
	 31.3460 	 8.714256e-02 	 174.1685 	  1.1078 	 3.627150e+21 	 2.493427e+19 	 3.207294e-06 	 2.936823e-07 	 -1000.0000 	 -1000.0000 	 -1000.0000 	 -1000.0000 
	 31.4790 	 8.587394e-02 	 174.0077 	  1.1073 	 3.577610e+21 	 2.458765e+19 	 3.201342e-06 	 2.924922e-07 	 -1000.0000 	 -1000.0000 	 -1000.0000 	 -1000.0000 
	 31.6120 	 8.462308e-02 	 173.8356 	  1.1066 	 3.528950e+21 	 2.424410e+19 	 3.195751e-06 	 2.913404e-07 	 -1000.0000 	 -1000.0000 	 -1000.0000 	 -1000.0000 
	 31.7450 	 8.338965e-02 	 173.6531 	  1.1057 	 3.481133e+21 	 2.390392e+19 	 3.190488e-06 	 2.902257e-07 	 -1000.0000 	 -1000.0000 	 -1000.0000 	 -1000.0000 
	 31.8780 	 8.217333e-02 	 173.4618 	  1.1047 	 3.434117e+21 	 2.356744e+19 	 3.185525e-06 	 2.891466e-07 	 -1000.0000 	 -1000.0000 	 -1000.0000 	 -1000.0000 
	 33.4360 	 6.909276e-02 	 170.9547 	  1.0939 	 2.929927e+21 	 2.000360e+19 	 3.140330e-06 	 2.785626e-07 	 -1000.0000 	 -1000.0000 	 -1000.0000 	 -1000.0000 
	 33.5690 	 6.806846e-02 	 170.7436 	  1.0938 	 2.890049e+21 	 1.973595e+19 	 3.136508e-06 	 2.777588e-07 	 -1000.0000 	 -1000.0000 	 -1000.0000 	 -1000.0000 
	 33.7020 	 6.705800e-02 	 170.5345 	  1.0938 	 2.850623e+21 	 1.947355e+19 	 3.132441e-06 	 2.769514e-07 	 -1000.0000 	 -1000.0000 	 -1000.0000 	 -1000.0000 
	 33.8350 	 6.606127e-02 	 170.3276 	  1.0940 	 2.811649e+21 	 1.921617e+19 	 3.128065e-06 	 2.761348e-07 	 -1000.0000 	 -1000.0000 	 -1000.0000 	 -1000.0000 
	 33.9680 	 6.507818e-02 	 170.1230 	  1.0943 	 2.773124e+21 	 1.896358e+19 	 3.123318e-06 	 2.753033e-07 	 -1000.0000 	 -1000.0000 	 -1000.0000 	 -1000.0000 
	 35.5290 	 5.452162e-02 	 167.9296 	  1.1070 	 2.353849e+21 	 1.628350e+19 	 3.015459e-06 	 2.627957e-07 	 -1000.0000 	 -1000.0000 	 -1000.0000 	 -1000.0000 
	 35.6610 	 5.370814e-02 	 167.7627 	  1.1086 	 2.321084e+21 	 1.607609e+19 	 3.000398e-06 	 2.614872e-07 	 -1000.0000 	 -1000.0000 	 -1000.0000 	 -1000.0000 
	 35.7940 	 5.290022e-02 	 167.5969 	  1.1103 	 2.288474e+21 	 1.586976e+19 	 2.984209e-06 	 2.601600e-07 	 -1000.0000 	 -1000.0000 	 -1000.0000 	 -1000.0000 
	 35.9270 	 5.210386e-02 	 167.4334 	  1.1120 	 2.256261e+21 	 1.566605e+19 	 2.967006e-06 	 2.588349e-07 	 -1000.0000 	 -1000.0000 	 -1000.0000 	 -1000.0000 
	 36.0590 	 5.132476e-02 	 167.2732 	  1.1136 	 2.224678e+21 	 1.546643e+19 	 2.948927e-06 	 2.575331e-07 	 -1000.0000 	 -1000.0000 	 -1000.0000 	 -1000.0000 
	 37.6050 	 4.297436e-02 	 165.5214 	  1.1265 	 1.881602e+21 	 1.330037e+19 	 2.674049e-06 	 2.467571e-07 	 -1000.0000 	 -1000.0000 	 -1000.0000 	 -1000.0000 
	 37.7370 	 4.232348e-02 	 165.3940 	  1.1267 	 1.854406e+21 	 1.312703e+19 	 2.647513e-06 	 2.462641e-07 	 -1000.0000 	 -1000.0000 	 -1000.0000 	 -1000.0000 
	 37.8690 	 4.168203e-02 	 165.2759 	  1.1268 	 1.827500e+21 	 1.295460e+19 	 2.621180e-06 	 2.457737e-07 	 -1000.0000 	 -1000.0000 	 -1000.0000 	 -1000.0000 
	 38.0010 	 4.104997e-02 	 165.1686 	  1.1267 	 1.800875e+21 	 1.278282e+19 	 2.595226e-06 	 2.452643e-07 	 -1000.0000 	 -1000.0000 	 -1000.0000 	 -1000.0000 
	 38.1330 	 4.042726e-02 	 165.0738 	  1.1264 	 1.774522e+21 	 1.261147e+19 	 2.569824e-06 	 2.447139e-07 	 -1000.0000 	 -1000.0000 	 -1000.0000 	 -1000.0000 
	 39.6890 	 3.377385e-02 	 165.3830 	  1.1125 	 1.481556e+21 	 1.055050e+19 	 2.361990e-06 	 2.277247e-07 	 -1000.0000 	 -1000.0000 	 -1000.0000 	 -1000.0000 
	 39.8200 	 3.326877e-02 	 165.5220 	  1.1108 	 1.458389e+21 	 1.037441e+19 	 2.353992e-06 	 2.252944e-07 	 -1000.0000 	 -1000.0000 	 -1000.0000 	 -1000.0000 
	 39.9510 	 3.277148e-02 	 165.6643 	  1.1090 	 1.435525e+21 	 1.019998e+19 	 2.347103e-06 	 2.228365e-07 	 -1000.0000 	 -1000.0000 	 -1000.0000 	 -1000.0000 
	 40.0830 	 3.227807e-02 	 165.8065 	  1.1073 	 1.412814e+21 	 1.002653e+19 	 2.341134e-06 	 2.203736e-07 	 -1000.0000 	 -1000.0000 	 -1000.0000 	 -1000.0000 
	 40.2140 	 3.179582e-02 	 165.9424 	  1.1058 	 1.390623e+21 	 9.857305e+18 	 2.336028e-06 	 2.179847e-07 	 -1000.0000 	 -1000.0000 	 -1000.0000 	 -1000.0000 
	 41.7590 	 2.659840e-02 	 165.7242 	  1.1052 	 1.161945e+21 	 8.283970e+18 	 2.281244e-06 	 2.072558e-07 	 -1000.0000 	 -1000.0000 	 -1000.0000 	 -1000.0000 
	 41.8900 	 2.619468e-02 	 165.4801 	  1.1071 	 1.145636e+21 	 8.195203e+18 	 2.273695e-06 	 2.083924e-07 	 -1000.0000 	 -1000.0000 	 -1000.0000 	 -1000.0000 
	 42.0210 	 2.579630e-02 	 165.2029 	  1.1092 	 1.129766e+21 	 8.112501e+18 	 2.265601e-06 	 2.097847e-07 	 -1000.0000 	 -1000.0000 	 -1000.0000 	 -1000.0000 
	 42.1530 	 2.540022e-02 	 164.8918 	  1.1114 	 1.114203e+21 	 8.034885e+18 	 2.256918e-06 	 2.114177e-07 	 -1000.0000 	 -1000.0000 	 -1000.0000 	 -1000.0000 
	 42.2840 	 2.501239e-02 	 164.5532 	  1.1139 	 1.099166e+21 	 7.963118e+18 	 2.247800e-06 	 2.132382e-07 	 -1000.0000 	 -1000.0000 	 -1000.0000 	 -1000.0000 
	 45.8250 	 1.626524e-02 	 150.3737 	  1.1249 	 7.846020e+20 	 6.515948e+18 	 1.916445e-06 	 2.319122e-07 	 -1000.0000 	 -1000.0000 	 -1000.0000 	 -1000.0000 
	 45.9560 	 1.599739e-02 	 149.8698 	  1.1203 	 7.743148e+20 	 6.435143e+18 	 1.904819e-06 	 2.283484e-07 	 -1000.0000 	 -1000.0000 	 -1000.0000 	 -1000.0000 
	 46.0860 	 1.573506e-02 	 149.3773 	  1.1157 	 7.641453e+20 	 6.353459e+18 	 1.893578e-06 	 2.246482e-07 	 -1000.0000 	 -1000.0000 	 -1000.0000 	 -1000.0000 
	 46.2170 	 1.547421e-02 	 148.8877 	  1.1110 	 7.539440e+20 	 6.270210e+18 	 1.882561e-06 	 2.208201e-07 	 -1000.0000 	 -1000.0000 	 -1000.0000 	 -1000.0000 
	 46.3480 	 1.521684e-02 	 148.4043 	  1.1065 	 7.437966e+20 	 6.186596e+18 	 1.871859e-06 	 2.169574e-07 	 -1000.0000 	 -1000.0000 	 -1000.0000 	 -1000.0000 
	 47.8880 	 1.244396e-02 	 142.9690 	  1.0895 	 6.308655e+20 	 5.364563e+18 	 1.766267e-06 	 1.896399e-07 	 -1000.0000 	 -1000.0000 	 -1000.0000 	 -1000.0000 
	 48.0190 	 1.222877e-02 	 142.5131 	  1.0927 	 6.219328e+20 	 5.318225e+18 	 1.758405e-06 	 1.898500e-07 	 -1000.0000 	 -1000.0000 	 -1000.0000 	 -1000.0000 
	 48.1490 	 1.201828e-02 	 142.0603 	  1.0966 	 6.131754e+20 	 5.275756e+18 	 1.750656e-06 	 1.904032e-07 	 -1000.0000 	 -1000.0000 	 -1000.0000 	 -1000.0000 
	 48.2790 	 1.181081e-02 	 141.6071 	  1.1012 	 6.045235e+20 	 5.236600e+18 	 1.742939e-06 	 1.912712e-07 	 -1000.0000 	 -1000.0000 	 -1000.0000 	 -1000.0000 
	 48.4090 	 1.160630e-02 	 141.1533 	  1.1063 	 5.959761e+20 	 5.200573e+18 	 1.735233e-06 	 1.924257e-07 	 -1000.0000 	 -1000.0000 	 -1000.0000 	 -1000.0000 
	 51.9250 	 7.074117e-03 	 128.0318 	  1.3486 	 4.003723e+20 	 4.733959e+18 	 1.451186e-06 	 2.265979e-07 	 -1000.0000 	 -1000.0000 	 -1000.0000 	 -1000.0000 
	 52.0540 	 6.940020e-03 	 127.5236 	  1.3583 	 3.943126e+20 	 4.713885e+18 	 1.435323e-06 	 2.246091e-07 	 -1000.0000 	 -1000.0000 	 -1000.0000 	 -1000.0000 
	 52.1840 	 6.806974e-03 	 127.0201 	  1.3685 	 3.882576e+20 	 4.693157e+18 	 1.418959e-06 	 2.223948e-07 	 -1000.0000 	 -1000.0000 	 -1000.0000 	 -1000.0000 
	 52.3130 	 6.677017e-03 	 126.5315 	  1.3793 	 3.822953e+20 	 4.672248e+18 	 1.402378e-06 	 2.200300e-07 	 -1000.0000 	 -1000.0000 	 -1000.0000 	 -1000.0000 
	 52.4420 	 6.549112e-03 	 126.0564 	  1.3908 	 3.763742e+20 	 4.651148e+18 	 1.385485e-06 	 2.175394e-07 	 -1000.0000 	 -1000.0000 	 -1000.0000 	 -1000.0000 
	 53.9780 	 5.181070e-03 	 122.2755 	  1.6269 	 3.074007e+20 	 4.430725e+18 	 1.171794e-06 	 1.921022e-07 	 -1000.0000 	 -1000.0000 	 -1000.0000 	 -1000.0000 
	 54.1070 	 5.078855e-03 	 122.1463 	  1.6542 	 3.016949e+20 	 4.413549e+18 	 1.153976e-06 	 1.910607e-07 	 -1000.0000 	 -1000.0000 	 -1000.0000 	 -1000.0000 
	 54.2360 	 4.978525e-03 	 122.0402 	  1.6814 	 2.960222e+20 	 4.394984e+18 	 1.136436e-06 	 1.901871e-07 	 -1000.0000 	 -1000.0000 	 -1000.0000 	 -1000.0000 
	 54.3650 	 4.880058e-03 	 121.9548 	  1.7081 	 2.903896e+20 	 4.374553e+18 	 1.119237e-06 	 1.894700e-07 	 -1000.0000 	 -1000.0000 	 -1000.0000 	 -1000.0000 
	 54.4940 	 4.783434e-03 	 121.8878 	  1.7338 	 2.848037e+20 	 4.351780e+18 	 1.102439e-06 	 1.888980e-07 	 -1000.0000 	 -1000.0000 	 -1000.0000 	 -1000.0000 
	 56.0110 	 3.778513e-03 	 121.7275 	  1.8427 	 2.248181e+20 	 3.758366e+18 	 9.545762e-07 	 1.891306e-07 	 -1000.0000 	 -1000.0000 	 -1000.0000 	 -1000.0000 
	 56.1400 	 3.703591e-03 	 121.7338 	  1.8314 	 2.203124e+20 	 3.676253e+18 	 9.471053e-07 	 1.895625e-07 	 -1000.0000 	 -1000.0000 	 -1000.0000 	 -1000.0000 
	 56.2690 	 3.630208e-03 	 121.7466 	  1.8180 	 2.158961e+20 	 3.590987e+18 	 9.403817e-07 	 1.900807e-07 	 -1000.0000 	 -1000.0000 	 -1000.0000 	 -1000.0000 
	 56.3970 	 3.558891e-03 	 121.7670 	  1.8032 	 2.115997e+20 	 3.503875e+18 	 9.344240e-07 	 1.906903e-07 	 -1000.0000 	 -1000.0000 	 -1000.0000 	 -1000.0000 
	 56.5260 	 3.488501e-03 	 121.7969 	  1.7869 	 2.073531e+20 	 3.414174e+18 	 9.291127e-07 	 1.914106e-07 	 -1000.0000 	 -1000.0000 	 -1000.0000 	 -1000.0000 
	 58.0550 	 2.758820e-03 	 123.3745 	  1.6438 	 1.624444e+20 	 2.414086e+18 	 9.095316e-07 	 2.114091e-07 	 -1000.0000 	 -1000.0000 	 -1000.0000 	 -1000.0000 
	 58.1830 	 2.705800e-03 	 123.6362 	  1.6435 	 1.590772e+20 	 2.347457e+18 	 9.108993e-07 	 2.142181e-07 	 -1000.0000 	 -1000.0000 	 -1000.0000 	 -1000.0000 
	 58.3110 	 2.653933e-03 	 123.9180 	  1.6450 	 1.557662e+20 	 2.283723e+18 	 9.126744e-07 	 2.171972e-07 	 -1000.0000 	 -1000.0000 	 -1000.0000 	 -1000.0000 
	 58.4390 	 2.603201e-03 	 124.2195 	  1.6481 	 1.525111e+20 	 2.222791e+18 	 9.148469e-07 	 2.203417e-07 	 -1000.0000 	 -1000.0000 	 -1000.0000 	 -1000.0000 
	 58.5670 	 2.553584e-03 	 124.5403 	  1.6527 	 1.493114e+20 	 2.164568e+18 	 9.174071e-07 	 2.236470e-07 	 -1000.0000 	 -1000.0000 	 -1000.0000 	 -1000.0000 
	 64.0340 	 1.215038e-03 	 151.1083 	  1.6939 	 5.823051e+19 	 9.206764e+17 	 1.095270e-06 	 4.177614e-07 	 -1000.0000 	 -1000.0000 	 -1000.0000 	 -1000.0000 
	 64.1610 	 1.196156e-03 	 151.8922 	  1.6594 	 5.702619e+19 	 8.932711e+17 	 1.094949e-06 	 4.216587e-07 	 -1000.0000 	 -1000.0000 	 -1000.0000 	 -1000.0000 
	 64.2880 	 1.177614e-03 	 152.6732 	  1.6241 	 5.585469e+19 	 8.657090e+17 	 1.094580e-06 	 4.255391e-07 	 -1000.0000 	 -1000.0000 	 -1000.0000 	 -1000.0000 
	 64.4150 	 1.159408e-03 	 153.4497 	  1.5883 	 5.471515e+19 	 8.381387e+17 	 1.094165e-06 	 4.294057e-07 	 -1000.0000 	 -1000.0000 	 -1000.0000 	 -1000.0000 
	 64.5420 	 1.141533e-03 	 154.2203 	  1.5526 	 5.360670e+19 	 8.107088e+17 	 1.093704e-06 	 4.332612e-07 	 -1000.0000 	 -1000.0000 	 -1000.0000 	 -1000.0000 
	 66.0480 	 9.528987e-04 	 162.4204 	  1.2664 	 4.253023e+19 	 5.458723e+17 	 1.085285e-06 	 4.791508e-07 	 -1000.0000 	 -1000.0000 	 -1000.0000 	 -1000.0000 
	 66.1740 	 9.389140e-04 	 162.9996 	  1.2606 	 4.175409e+19 	 5.312842e+17 	 1.084366e-06 	 4.830566e-07 	 -1000.0000 	 -1000.0000 	 -1000.0000 	 -1000.0000 
	 66.3010 	 9.250760e-04 	 163.5658 	  1.2573 	 4.099265e+19 	 5.176991e+17 	 1.083411e-06 	 4.870040e-07 	 -1000.0000 	 -1000.0000 	 -1000.0000 	 -1000.0000 
	 66.4270 	 9.115975e-04 	 164.1101 	  1.2564 	 4.025740e+19 	 5.052750e+17 	 1.082437e-06 	 4.909307e-07 	 -1000.0000 	 -1000.0000 	 -1000.0000 	 -1000.0000 
	 66.5540 	 8.982597e-04 	 164.6413 	  1.2576 	 3.953617e+19 	 4.937578e+17 	 1.081431e-06 	 4.948984e-07 	 -1000.0000 	 -1000.0000 	 -1000.0000 	 -1000.0000 
	 70.0640 	 6.085119e-04 	 172.8358 	  1.4064 	 2.552710e+19 	 3.532016e+17 	 1.050383e-06 	 6.065090e-07 	 -1000.0000 	 -1000.0000 	 -1000.0000 	 -1000.0000 
	 70.1900 	 6.002693e-04 	 172.9167 	  1.3935 	 2.516950e+19 	 3.475399e+17 	 1.049349e-06 	 6.105028e-07 	 -1000.0000 	 -1000.0000 	 -1000.0000 	 -1000.0000 
	 70.3160 	 5.921404e-04 	 172.9855 	  1.3794 	 2.481852e+19 	 3.417181e+17 	 1.048310e-06 	 6.144821e-07 	 -1000.0000 	 -1000.0000 	 -1000.0000 	 -1000.0000 
	 70.4410 	 5.841864e-04 	 173.0423 	  1.3645 	 2.447671e+19 	 3.358252e+17 	 1.047269e-06 	 6.184131e-07 	 -1000.0000 	 -1000.0000 	 -1000.0000 	 -1000.0000 
	 70.5670 	 5.762780e-04 	 173.0884 	  1.3487 	 2.413844e+19 	 3.298084e+17 	 1.046204e-06 	 6.223564e-07 	 -1000.0000 	 -1000.0000 	 -1000.0000 	 -1000.0000 
	 72.0640 	 4.899986e-04 	 172.9262 	  1.1917 	 2.054360e+19 	 2.664247e+17 	 1.031246e-06 	 6.672744e-07 	 -1000.0000 	 -1000.0000 	 -1000.0000 	 -1000.0000 
	 72.1900 	 4.833307e-04 	 172.8527 	  1.1851 	 2.027320e+19 	 2.624852e+17 	 1.029880e-06 	 6.709950e-07 	 -1000.0000 	 -1000.0000 	 -1000.0000 	 -1000.0000 
	 72.3160 	 4.767491e-04 	 172.7665 	  1.1795 	 2.000761e+19 	 2.587438e+17 	 1.028562e-06 	 6.747611e-07 	 -1000.0000 	 -1000.0000 	 -1000.0000 	 -1000.0000 
	 72.4410 	 4.703038e-04 	 172.6674 	  1.1747 	 1.974886e+19 	 2.552120e+17 	 1.027322e-06 	 6.785576e-07 	 -1000.0000 	 -1000.0000 	 -1000.0000 	 -1000.0000 
	 72.5670 	 4.638906e-04 	 172.5527 	  1.1705 	 1.949281e+19 	 2.518172e+17 	 1.026156e-06 	 6.824609e-07 	 -1000.0000 	 -1000.0000 	 -1000.0000 	 -1000.0000 
	 74.0610 	 3.938697e-04 	 169.7453 	  1.1408 	 1.681557e+19 	 2.187163e+17 	 1.024732e-06 	 7.395494e-07 	 -1000.0000 	 -1000.0000 	 -1000.0000 	 -1000.0000 
	 74.1860 	 3.884839e-04 	 169.3983 	  1.1380 	 1.661848e+19 	 2.161993e+17 	 1.025851e-06 	 7.454339e-07 	 -1000.0000 	 -1000.0000 	 -1000.0000 	 -1000.0000 
	 74.3110 	 3.831667e-04 	 169.0451 	  1.1352 	 1.642436e+19 	 2.136997e+17 	 1.027115e-06 	 7.514630e-07 	 -1000.0000 	 -1000.0000 	 -1000.0000 	 -1000.0000 
	 74.4360 	 3.779173e-04 	 168.6891 	  1.1322 	 1.623290e+19 	 2.112159e+17 	 1.028506e-06 	 7.576254e-07 	 -1000.0000 	 -1000.0000 	 -1000.0000 	 -1000.0000 
	 74.5600 	 3.727759e-04 	 168.3365 	  1.1293 	 1.604527e+19 	 2.087659e+17 	 1.029994e-06 	 7.638590e-07 	 -1000.0000 	 -1000.0000 	 -1000.0000 	 -1000.0000 
	 76.0510 	 3.157899e-04 	 165.2458 	  1.0961 	 1.386140e+19 	 1.798770e+17 	 1.050977e-06 	 8.449205e-07 	 -1000.0000 	 -1000.0000 	 -1000.0000 	 -1000.0000 
	 76.1760 	 3.113935e-04 	 165.1234 	  1.0941 	 1.367987e+19 	 1.775057e+17 	 1.052994e-06 	 8.523167e-07 	 -1000.0000 	 -1000.0000 	 -1000.0000 	 -1000.0000 
	 76.3010 	 3.070528e-04 	 165.0139 	  1.0924 	 1.349914e+19 	 1.751555e+17 	 1.055173e-06 	 8.599204e-07 	 -1000.0000 	 -1000.0000 	 -1000.0000 	 -1000.0000 
	 76.4260 	 3.027673e-04 	 164.9141 	  1.0909 	 1.331945e+19 	 1.728305e+17 	 1.057554e-06 	 8.677670e-07 	 -1000.0000 	 -1000.0000 	 -1000.0000 	 -1000.0000 
	 76.5500 	 2.985699e-04 	 164.8215 	  1.0898 	 1.314244e+19 	 1.705529e+17 	 1.060154e-06 	 8.758262e-07 	 -1000.0000 	 -1000.0000 	 -1000.0000 	 -1000.0000 
	 78.0370 	 2.521878e-04 	 163.1417 	  1.1091 	 1.119735e+19 	 1.468295e+17 	 1.123116e-06 	 1.006150e-06 	 -1000.0000 	 -1000.0000 	 -1000.0000 	 -1000.0000 
	 78.1610 	 2.486317e-04 	 162.8975 	  1.1136 	 1.105400e+19 	 1.452080e+17 	 1.131600e-06 	 1.020516e-06 	 -1000.0000 	 -1000.0000 	 -1000.0000 	 -1000.0000 
	 78.2860 	 2.450929e-04 	 162.6355 	  1.1185 	 1.091232e+19 	 1.436225e+17 	 1.140596e-06 	 1.035552e-06 	 -1000.0000 	 -1000.0000 	 -1000.0000 	 -1000.0000 
	 78.4100 	 2.416274e-04 	 162.3608 	  1.1237 	 1.077450e+19 	 1.420954e+17 	 1.149930e-06 	 1.051005e-06 	 -1000.0000 	 -1000.0000 	 -1000.0000 	 -1000.0000 
	 78.5340 	 2.382063e-04 	 162.0722 	  1.1290 	 1.063929e+19 	 1.406110e+17 	 1.159642e-06 	 1.066983e-06 	 -1000.0000 	 -1000.0000 	 -1000.0000 	 -1000.0000 
	 81.9240 	 1.598408e-04 	 152.3196 	  1.1988 	 7.610706e+18 	 1.059117e+17 	 1.437201e-06 	 1.643395e-06 	 -1000.0000 	 -1000.0000 	 -1000.0000 	 -1000.0000 
	 82.0470 	 1.574769e-04 	 152.0063 	  1.1941 	 7.513986e+18 	 1.045512e+17 	 1.441634e-06 	 1.664333e-06 	 -1000.0000 	 -1000.0000 	 -1000.0000 	 -1000.0000 
	 82.1700 	 1.551426e-04 	 151.6964 	  1.1893 	 7.417950e+18 	 1.031888e+17 	 1.444832e-06 	 1.683975e-06 	 -1000.0000 	 -1000.0000 	 -1000.0000 	 -1000.0000 
	 82.2940 	 1.528190e-04 	 151.3865 	  1.1843 	 7.321883e+18 	 1.018179e+17 	 1.446646e-06 	 1.702177e-06 	 -1000.0000 	 -1000.0000 	 -1000.0000 	 -1000.0000 
	 82.4170 	 1.505433e-04 	 151.0806 	  1.1795 	 7.227387e+18 	 1.004651e+17 	 1.446883e-06 	 1.718353e-06 	 -1000.0000 	 -1000.0000 	 -1000.0000 	 -1000.0000 
	 83.8970 	 1.253377e-04 	 147.1867 	  1.1659 	 6.171330e+18 	 8.629199e+16 	 1.272789e-06 	 1.664437e-06 	 -1000.0000 	 -1000.0000 	 -1000.0000 	 -1000.0000 
	 84.0200 	 1.234156e-04 	 146.8263 	  1.1705 	 6.091248e+18 	 8.536520e+16 	 1.241874e-06 	 1.635203e-06 	 -1000.0000 	 -1000.0000 	 -1000.0000 	 -1000.0000 
	 84.1430 	 1.215187e-04 	 146.4598 	  1.1758 	 6.012322e+18 	 8.447392e+16 	 1.208964e-06 	 1.602808e-06 	 -1000.0000 	 -1000.0000 	 -1000.0000 	 -1000.0000 
	 84.2660 	 1.196467e-04 	 146.0872 	  1.1818 	 5.934534e+18 	 8.361609e+16 	 1.174286e-06 	 1.567568e-06 	 -1000.0000 	 -1000.0000 	 -1000.0000 	 -1000.0000 
	 84.3890 	 1.177994e-04 	 145.7087 	  1.1884 	 5.857862e+18 	 8.278967e+16 	 1.138079e-06 	 1.529811e-06 	 -1000.0000 	 -1000.0000 	 -1000.0000 	 -1000.0000 
	 87.8040 	 7.528423e-05 	 133.3383 	  1.3515 	 4.093042e+18 	 6.433887e+16 	 3.362251e-07 	 6.703960e-07 	 -1000.0000 	 -1000.0000 	 -1000.0000 	 -1000.0000 
	 87.9260 	 7.404118e-05 	 132.8565 	  1.3491 	 4.040010e+18 	 6.359447e+16 	 3.356181e-07 	 6.784143e-07 	 -1000.0000 	 -1000.0000 	 -1000.0000 	 -1000.0000 
	 88.0480 	 7.281495e-05 	 132.3771 	  1.3463 	 3.987439e+18 	 6.284304e+16 	 3.367963e-07 	 6.891094e-07 	 -1000.0000 	 -1000.0000 	 -1000.0000 	 -1000.0000 
	 88.1700 	 7.160536e-05 	 131.9013 	  1.3432 	 3.935304e+18 	 6.208675e+16 	 3.395372e-07 	 7.021996e-07 	 -1000.0000 	 -1000.0000 	 -1000.0000 	 -1000.0000 
	 88.2920 	 7.041226e-05 	 131.4300 	  1.3400 	 3.883578e+18 	 6.132780e+16 	 3.436158e-07 	 7.173962e-07 	 -1000.0000 	 -1000.0000 	 -1000.0000 	 -1000.0000 
	 89.7540 	 5.733767e-05 	 126.4844 	  1.3320 	 3.286520e+18 	 5.277029e+16 	 4.158827e-07 	 9.544490e-07 	 -1000.0000 	 -1000.0000 	 -1000.0000 	 -1000.0000 
	 89.8760 	 5.634447e-05 	 126.1495 	  1.3357 	 3.238203e+18 	 5.213455e+16 	 4.191810e-07 	 9.721407e-07 	 -1000.0000 	 -1000.0000 	 -1000.0000 	 -1000.0000 
	 89.9980 	 5.536589e-05 	 125.8265 	  1.3398 	 3.190154e+18 	 5.150810e+16 	 4.219544e-07 	 9.892887e-07 	 -1000.0000 	 -1000.0000 	 -1000.0000 	 -1000.0000 
	 90.1200 	 5.440184e-05 	 125.5154 	  1.3442 	 3.142391e+18 	 5.088957e+16 	 4.242570e-07 	 1.005958e-06 	 -1000.0000 	 -1000.0000 	 -1000.0000 	 -1000.0000 
	 90.2420 	 5.345225e-05 	 125.2159 	  1.3490 	 3.094931e+18 	 5.027764e+16 	 4.261508e-07 	 1.022229e-06 	 -1000.0000 	 -1000.0000 	 -1000.0000 	 -1000.0000 
	 91.7070 	 4.314929e-05 	 122.4418 	  1.3963 	 2.554600e+18 	 4.297685e+16 	 4.423972e-07 	 1.224425e-06 	 -1000.0000 	 -1000.0000 	 -1000.0000 	 -1000.0000 
	 91.8290 	 4.238014e-05 	 122.2806 	  1.3981 	 2.512363e+18 	 4.234934e+16 	 4.447164e-07 	 1.244329e-06 	 -1000.0000 	 -1000.0000 	 -1000.0000 	 -1000.0000 
	 91.9500 	 4.163028e-05 	 122.1336 	  1.3996 	 2.470883e+18 	 4.172469e+16 	 4.472047e-07 	 1.264680e-06 	 -1000.0000 	 -1000.0000 	 -1000.0000 	 -1000.0000 
	 92.0720 	 4.088720e-05 	 121.9991 	  1.4009 	 2.429465e+18 	 4.109313e+16 	 4.498869e-07 	 1.285801e-06 	 -1000.0000 	 -1000.0000 	 -1000.0000 	 -1000.0000 
	 92.1930 	 4.016296e-05 	 121.8801 	  1.4021 	 2.388783e+18 	 4.046557e+16 	 4.526993e-07 	 1.307329e-06 	 -1000.0000 	 -1000.0000 	 -1000.0000 	 -1000.0000 
	 93.6500 	 3.239691e-05 	 121.8255 	  1.4243 	 1.927454e+18 	 3.300606e+16 	 4.899879e-07 	 1.600405e-06 	 -1000.0000 	 -1000.0000 	 -1000.0000 	 -1000.0000 
	 93.7710 	 3.182750e-05 	 121.9569 	  1.4268 	 1.891424e+18 	 3.240393e+16 	 4.928746e-07 	 1.626885e-06 	 -1000.0000 	 -1000.0000 	 -1000.0000 	 -1000.0000 
	 93.8930 	 3.126447e-05 	 122.1138 	  1.4292 	 1.855470e+18 	 3.179913e+16 	 4.957438e-07 	 1.653922e-06 	 -1000.0000 	 -1000.0000 	 -1000.0000 	 -1000.0000 
	 94.0140 	 3.071691e-05 	 122.2944 	  1.4311 	 1.820187e+18 	 3.120133e+16 	 4.985563e-07 	 1.681094e-06 	 -1000.0000 	 -1000.0000 	 -1000.0000 	 -1000.0000 
