	 height_(km) 	 press_(mbar) 	 temp_(K) 	 temperr_(K) 	 numdens_(m-3) 	 numdenserr_(m-3) 	 H2Ovmr_() 	 H2Ovmrerr_() 	 D/H_(VSMOW) 	 D/Herr_(VSMOW) 	 18O/16O_(VSMOW) 	 18O/16Oerr_(VSMOW) 
	 16.9750 	 6.855983e-01 	 170.4770 	  2.5580 	 2.916149e+22 	 4.473583e+20 	 5.043200e-05 	 7.989477e-06 	  3.7417 	  0.8210 	 -1000.0000 	 -1000.0000 
	 17.1350 	 6.732537e-01 	 170.3375 	  2.4756 	 2.865166e+22 	 4.248510e+20 	 5.115225e-05 	 7.986349e-06 	  3.6677 	  0.7912 	 -1000.0000 	 -1000.0000 
	 17.2960 	 6.610577e-01 	 170.3221 	  2.3860 	 2.813109e+22 	 4.018554e+20 	 5.198654e-05 	 7.933536e-06 	  3.6097 	  0.7601 	 -1000.0000 	 -1000.0000 
	 17.5830 	 6.398764e-01 	 170.5617 	  2.2130 	 2.719091e+22 	 3.605563e+20 	 5.369645e-05 	 7.721542e-06 	  3.5421 	  0.7030 	 -1000.0000 	 -1000.0000 
	 17.7440 	 6.283068e-01 	 170.8216 	  2.1106 	 2.666037e+22 	 3.375295e+20 	 5.475213e-05 	 7.540306e-06 	  3.5220 	  0.6704 	 -1000.0000 	 -1000.0000 
	 17.9050 	 6.169611e-01 	 171.1543 	  2.0059 	 2.613024e+22 	 3.148293e+20 	 5.585514e-05 	 7.317843e-06 	  3.5130 	  0.6378 	 -1000.0000 	 -1000.0000 
	 18.0650 	 6.059068e-01 	 171.5430 	  1.9007 	 2.560592e+22 	 2.927703e+20 	 5.697891e-05 	 7.059675e-06 	  3.5142 	  0.6053 	 -1000.0000 	 -1000.0000 
	 18.2260 	 5.950053e-01 	 171.9790 	  1.7947 	 2.508296e+22 	 2.712542e+20 	 5.811570e-05 	 6.767402e-06 	  3.5246 	  0.5730 	 -1000.0000 	 -1000.0000 
	 18.5230 	 5.754763e-01 	 172.8542 	  1.6031 	 2.413753e+22 	 2.339550e+20 	 6.014256e-05 	 6.164139e-06 	  3.5658 	  0.5150 	 -1000.0000 	 -1000.0000 
	 18.6840 	 5.652037e-01 	 173.3418 	  1.5035 	 2.363934e+22 	 2.153577e+20 	 6.114861e-05 	 5.817041e-06 	  3.5991 	  0.4852 	 -1000.0000 	 -1000.0000 
	 18.8450 	 5.551510e-01 	 173.8208 	  1.4084 	 2.315392e+22 	 1.981297e+20 	 6.204531e-05 	 5.468234e-06 	  3.6398 	  0.4570 	 -1000.0000 	 -1000.0000 
	 19.0050 	 5.453777e-01 	 174.2746 	  1.3194 	 2.268628e+22 	 1.825414e+20 	 6.279069e-05 	 5.130727e-06 	  3.6874 	  0.4312 	 -1000.0000 	 -1000.0000 
	 19.1660 	 5.357574e-01 	 174.6976 	  1.2365 	 2.223184e+22 	 1.685017e+20 	 6.336205e-05 	 4.810789e-06 	  3.7427 	  0.4080 	 -1000.0000 	 -1000.0000 
	 19.4460 	 5.195035e-01 	 175.3346 	  1.1104 	 2.147927e+22 	 1.478953e+20 	 6.392918e-05 	 4.319891e-06 	  3.8527 	  0.3745 	 -1000.0000 	 -1000.0000 
	 19.6070 	 5.104110e-01 	 175.6344 	  1.0496 	 2.106753e+22 	 1.381447e+20 	 6.404360e-05 	 4.081918e-06 	  3.9209 	  0.3589 	 -1000.0000 	 -1000.0000 
	 19.7670 	 5.015433e-01 	 175.8771 	  0.9984 	 2.067301e+22 	 1.299055e+20 	 6.404693e-05 	 3.880198e-06 	  3.9900 	  0.3462 	 -1000.0000 	 -1000.0000 
	 20.0880 	 4.842125e-01 	 176.1816 	  0.9260 	 1.992351e+22 	 1.174751e+20 	 6.389424e-05 	 3.578573e-06 	  4.1275 	  0.3281 	 -1000.0000 	 -1000.0000 
	 20.3800 	 4.689485e-01 	 176.2963 	  0.8900 	 1.928237e+22 	 1.099891e+20 	 6.380097e-05 	 3.417258e-06 	  4.2471 	  0.3197 	 -1000.0000 	 -1000.0000 
	 20.5400 	 4.607814e-01 	 176.3302 	  0.8785 	 1.894305e+22 	 1.069249e+20 	 6.384626e-05 	 3.369326e-06 	  4.3090 	  0.3179 	 -1000.0000 	 -1000.0000 
	 20.7000 	 4.527504e-01 	 176.3645 	  0.8704 	 1.860971e+22 	 1.043081e+20 	 6.398620e-05 	 3.344214e-06 	  4.3677 	  0.3177 	 -1000.0000 	 -1000.0000 
	 20.8600 	 4.448532e-01 	 176.4156 	  0.8642 	 1.828036e+22 	 1.019139e+20 	 6.422217e-05 	 3.334969e-06 	  4.4229 	  0.3184 	 -1000.0000 	 -1000.0000 
	 21.0200 	 4.370884e-01 	 176.4938 	  0.8585 	 1.795380e+22 	 9.959014e+19 	 6.454958e-05 	 3.334248e-06 	  4.4743 	  0.3195 	 -1000.0000 	 -1000.0000 
	 21.3100 	 4.233558e-01 	 176.6897 	  0.8511 	 1.737076e+22 	 9.562663e+19 	 6.531397e-05 	 3.335052e-06 	  4.5579 	  0.3209 	 -1000.0000 	 -1000.0000 
	 21.4700 	 4.159698e-01 	 176.8167 	  0.8494 	 1.705530e+22 	 9.364809e+19 	 6.578299e-05 	 3.328307e-06 	  4.5993 	  0.3208 	 -1000.0000 	 -1000.0000 
	 21.6300 	 4.087211e-01 	 176.9493 	  0.8501 	 1.674520e+22 	 9.186826e+19 	 6.623948e-05 	 3.314672e-06 	  4.6385 	  0.3200 	 -1000.0000 	 -1000.0000 
	 21.7900 	 4.016110e-01 	 177.0815 	  0.8537 	 1.644120e+22 	 9.032693e+19 	 6.665011e-05 	 3.297237e-06 	  4.6757 	  0.3191 	 -1000.0000 	 -1000.0000 
	 22.2400 	 3.823493e-01 	 177.4356 	  0.8786 	 1.562049e+22 	 8.721033e+19 	 6.736369e-05 	 3.262252e-06 	  4.7669 	  0.3245 	 -1000.0000 	 -1000.0000 
	 22.4000 	 3.757534e-01 	 177.5616 	  0.8907 	 1.534000e+22 	 8.639086e+19 	 6.743763e-05 	 3.266382e-06 	  4.7917 	  0.3278 	 -1000.0000 	 -1000.0000 
	 22.5600 	 3.692854e-01 	 177.6913 	  0.9034 	 1.506493e+22 	 8.564277e+19 	 6.743485e-05 	 3.282241e-06 	  4.8099 	  0.3307 	 -1000.0000 	 -1000.0000 
	 22.7200 	 3.629422e-01 	 177.8271 	  0.9160 	 1.479497e+22 	 8.491617e+19 	 6.737694e-05 	 3.308285e-06 	  4.8201 	  0.3325 	 -1000.0000 	 -1000.0000 
	 22.8800 	 3.567208e-01 	 177.9712 	  0.9278 	 1.452979e+22 	 8.416115e+19 	 6.728219e-05 	 3.342295e-06 	  4.8219 	  0.3333 	 -1000.0000 	 -1000.0000 
	 24.0800 	 3.136423e-01 	 179.5984 	  0.9325 	 1.265928e+22 	 7.316358e+19 	 6.622786e-05 	 3.522361e-06 	  4.6370 	  0.3499 	  1.3466 	  0.1500 
	 24.2400 	 3.083345e-01 	 179.9712 	  0.9224 	 1.241929e+22 	 7.098456e+19 	 6.614969e-05 	 3.491545e-06 	  4.5958 	  0.3466 	  1.3374 	  0.1485 
	 24.4000 	 3.031191e-01 	 180.4161 	  0.9129 	 1.217939e+22 	 6.884285e+19 	 6.609955e-05 	 3.440413e-06 	  4.5535 	  0.3414 	  1.3270 	  0.1474 
	 24.5600 	 2.979928e-01 	 180.9459 	  0.9051 	 1.193884e+22 	 6.682343e+19 	 6.606374e-05 	 3.371584e-06 	  4.5109 	  0.3347 	  1.3158 	  0.1468 
	 24.7200 	 2.929541e-01 	 181.5655 	  0.9001 	 1.169746e+22 	 6.498749e+19 	 6.602255e-05 	 3.289345e-06 	  4.4687 	  0.3269 	  1.3042 	  0.1470 
	 25.0140 	 2.839344e-01 	 182.8875 	  0.8987 	 1.125580e+22 	 6.208932e+19 	 6.583335e-05 	 3.126522e-06 	  4.3949 	  0.3293 	  1.2825 	  0.1495 
	 25.1730 	 2.791920e-01 	 183.6699 	  0.9022 	 1.102047e+22 	 6.076375e+19 	 6.560773e-05 	 3.045660e-06 	  4.3590 	  0.3342 	  1.2715 	  0.1521 
	 25.3330 	 2.745204e-01 	 184.4825 	  0.9089 	 1.078792e+22 	 5.959076e+19 	 6.527880e-05 	 2.973796e-06 	  4.3257 	  0.3404 	  1.2610 	  0.1554 
	 25.4920 	 2.699817e-01 	 185.2979 	  0.9187 	 1.056243e+22 	 5.857690e+19 	 6.485529e-05 	 2.911995e-06 	  4.2952 	  0.3480 	  1.2512 	  0.1592 
	 25.6520 	 2.655201e-01 	 186.1129 	  0.9315 	 1.034211e+22 	 5.769413e+19 	 6.433920e-05 	 2.859079e-06 	  4.2668 	  0.3572 	  1.2423 	  0.1631 
	 26.0960 	 2.536611e-01 	 188.3133 	  0.9753 	 9.764561e+21 	 5.569976e+19 	 6.255093e-05 	 2.758323e-06 	  4.1993 	  0.3881 	  1.2234 	  0.1734 
	 26.2550 	 2.495875e-01 	 189.0702 	  0.9912 	 9.569338e+21 	 5.504896e+19 	 6.183333e-05 	 2.740030e-06 	  4.1788 	  0.3989 	  1.2189 	  0.1763 
	 26.4150 	 2.455735e-01 	 189.8103 	  1.0058 	 9.378793e+21 	 5.437491e+19 	 6.109891e-05 	 2.731750e-06 	  4.1600 	  0.4083 	  1.2155 	  0.1785 
	 26.5740 	 2.416647e-01 	 190.5215 	  1.0180 	 9.195142e+21 	 5.365309e+19 	 6.037635e-05 	 2.733669e-06 	  4.1430 	  0.4158 	  1.2133 	  0.1799 
	 27.7770 	 2.142582e-01 	 194.7953 	  0.9585 	 7.973820e+21 	 4.371393e+19 	 5.634020e-05 	 2.841268e-06 	  4.0794 	  0.4258 	  1.2206 	  0.1677 
	 27.9360 	 2.108948e-01 	 195.1676 	  0.9355 	 7.833657e+21 	 4.201273e+19 	 5.610504e-05 	 2.826643e-06 	  4.0810 	  0.4262 	  1.2232 	  0.1636 
	 28.0950 	 2.075953e-01 	 195.4826 	  0.9155 	 7.698634e+21 	 4.047004e+19 	 5.596591e-05 	 2.798151e-06 	  4.0846 	  0.4271 	  1.2259 	  0.1592 
	 28.2550 	 2.043417e-01 	 195.7378 	  0.9009 	 7.568044e+21 	 3.917654e+19 	 5.593190e-05 	 2.757921e-06 	  4.0893 	  0.4283 	  1.2286 	  0.1545 
	 28.4140 	 2.011744e-01 	 195.9278 	  0.8933 	 7.443464e+21 	 3.819532e+19 	 5.601459e-05 	 2.710513e-06 	  4.0936 	  0.4292 	  1.2310 	  0.1498 
	 28.6910 	 1.957998e-01 	 196.1126 	  0.8924 	 7.237747e+21 	 3.704591e+19 	 5.647665e-05 	 2.630980e-06 	  4.0961 	  0.4277 	  1.2345 	  0.1417 
	 28.8500 	 1.927881e-01 	 196.1383 	  0.8963 	 7.125513e+21 	 3.659768e+19 	 5.694426e-05 	 2.600682e-06 	  4.0926 	  0.4239 	  1.2361 	  0.1371 
	 29.0080 	 1.898420e-01 	 196.1083 	  0.9013 	 7.017742e+21 	 3.622580e+19 	 5.755238e-05 	 2.586595e-06 	  4.0859 	  0.4175 	  1.2376 	  0.1328 
	 29.1670 	 1.869191e-01 	 196.0242 	  0.9061 	 6.912695e+21 	 3.586168e+19 	 5.880485e-05 	 2.341883e-06 	  4.0768 	  0.4080 	  1.2391 	  0.1285 
	 29.3250 	 1.840521e-01 	 195.8889 	  0.9094 	 6.811381e+21 	 3.546586e+19 	 5.962489e-05 	 2.359561e-06 	  4.0660 	  0.3953 	  1.2407 	  0.1245 
	 29.6210 	 1.787778e-01 	 195.4999 	  0.9130 	 6.629346e+21 	 3.466581e+19 	 6.146118e-05 	 2.416089e-06 	  4.0438 	  0.3645 	  1.2440 	  0.1178 
	 29.7800 	 1.759953e-01 	 195.2197 	  0.9142 	 6.535528e+21 	 3.423446e+19 	 6.254349e-05 	 2.451686e-06 	  4.0322 	  0.3455 	  1.2461 	  0.1150 
	 30.0970 	 1.705495e-01 	 194.5172 	  0.9174 	 6.356180e+21 	 3.344976e+19 	 6.471729e-05 	 2.518263e-06 	  4.0145 	  0.3079 	  1.2516 	  0.1120 
	 30.2550 	 1.678848e-01 	 194.0976 	  0.9203 	 6.270397e+21 	 3.312339e+19 	 6.572978e-05 	 2.544753e-06 	  4.0104 	  0.3022 	  1.2551 	  0.1120 
	 30.5510 	 1.629856e-01 	 193.1968 	  0.9280 	 6.115816e+21 	 3.263128e+19 	 6.736730e-05 	 2.580759e-06 	  4.0144 	  0.3011 	  1.2635 	  0.1154 
	 30.7100 	 1.604067e-01 	 192.6559 	  0.9334 	 6.035954e+21 	 3.242454e+19 	 6.807552e-05 	 2.595401e-06 	  4.0232 	  0.3010 	  1.2687 	  0.1190 
	 30.8680 	 1.578825e-01 	 192.0822 	  0.9397 	 5.958708e+21 	 3.225437e+19 	 6.865963e-05 	 2.608980e-06 	  4.0353 	  0.3013 	  1.2741 	  0.1235 
	 31.0270 	 1.553825e-01 	 191.4709 	  0.9468 	 5.883029e+21 	 3.211501e+19 	 6.913915e-05 	 2.623887e-06 	  4.0497 	  0.3020 	  1.2794 	  0.1288 
	 31.1850 	 1.529383e-01 	 190.8363 	  0.9544 	 5.809661e+21 	 3.199859e+19 	 6.952967e-05 	 2.641885e-06 	  4.0651 	  0.3030 	  1.2844 	  0.1345 
	 31.4650 	 1.486971e-01 	 189.6910 	  0.9671 	 5.682548e+21 	 3.177826e+19 	 7.012833e-05 	 2.682054e-06 	  4.0927 	  0.3052 	  1.2920 	  0.1444 
	 31.6230 	 1.463500e-01 	 189.0602 	  0.9726 	 5.611521e+21 	 3.160558e+19 	 7.048442e-05 	 2.707440e-06 	  4.1070 	  0.3064 	  1.2955 	  0.1495 
	 31.7810 	 1.440327e-01 	 188.4601 	  0.9759 	 5.540320e+21 	 3.136884e+19 	 7.089494e-05 	 2.732221e-06 	  4.1197 	  0.3075 	  1.2984 	  0.1543 
	 32.0970 	 1.394773e-01 	 187.4068 	  0.9732 	 5.395493e+21 	 3.062433e+19 	 7.196258e-05 	 2.766610e-06 	  4.1397 	  0.3084 	  1.3026 	  0.1623 
	 32.3950 	 1.352759e-01 	 186.5618 	  0.9628 	 5.256800e+21 	 2.967746e+19 	 7.327725e-05 	 2.765029e-06 	  4.1483 	  0.3069 	  1.3048 	  0.1670 
	 32.5530 	 1.330876e-01 	 186.1331 	  0.9570 	 5.183645e+21 	 2.916154e+19 	 7.404125e-05 	 2.749703e-06 	  4.1486 	  0.3052 	  1.3054 	  0.1680 
	 32.7110 	 1.309280e-01 	 185.6957 	  0.9526 	 5.111445e+21 	 2.868282e+19 	 7.479970e-05 	 2.726971e-06 	  4.1472 	  0.3031 	  1.3062 	  0.1679 
	 32.8690 	 1.287980e-01 	 185.2322 	  0.9510 	 5.040736e+21 	 2.827740e+19 	 7.551176e-05 	 2.701246e-06 	  4.1452 	  0.3011 	  1.3073 	  0.1669 
	 33.0270 	 1.266981e-01 	 184.7314 	  0.9528 	 4.971865e+21 	 2.796572e+19 	 7.613273e-05 	 2.693023e-06 	  4.1442 	  0.3002 	  1.3093 	  0.1653 
	 33.3080 	 1.230365e-01 	 183.7518 	  0.9625 	 4.853738e+21 	 2.760007e+19 	 7.683462e-05 	 3.216204e-06 	  4.1492 	  0.3264 	  1.3158 	  0.1666 
	 33.4660 	 1.210178e-01 	 183.1551 	  0.9704 	 4.789595e+21 	 2.747042e+19 	 7.708674e-05 	 3.415609e-06 	  4.1554 	  0.3390 	  1.3210 	  0.1668 
	 33.6240 	 1.190273e-01 	 182.5284 	  0.9792 	 4.726965e+21 	 2.737374e+19 	 7.726714e-05 	 3.539072e-06 	  4.1617 	  0.3489 	  1.3262 	  0.1663 
	 33.7810 	 1.170767e-01 	 181.8783 	  0.9881 	 4.666132e+21 	 2.729333e+19 	 7.739601e-05 	 3.590646e-06 	  4.1661 	  0.3592 	  1.3310 	  0.1648 
	 35.1420 	 1.012299e-01 	 175.4692 	  0.9768 	 4.182273e+21 	 2.492764e+19 	 7.690662e-05 	 2.800787e-06 	  4.0197 	  0.4195 	  1.3095 	  0.1375 
	 35.2990 	 9.951434e-02 	 174.7084 	  0.9634 	 4.129291e+21 	 2.439625e+19 	 7.650352e-05 	 2.749700e-06 	  3.9823 	  0.4303 	  1.2988 	  0.1348 
	 35.4560 	 9.781962e-02 	 173.9668 	  0.9504 	 4.076271e+21 	 2.387496e+19 	 7.597817e-05 	 2.680053e-06 	  3.9416 	  0.4403 	  1.2867 	  0.1319 
	 35.6140 	 9.613448e-02 	 173.2476 	  0.9391 	 4.022676e+21 	 2.338762e+19 	 7.528673e-05 	 2.595917e-06 	  3.8987 	  0.4499 	  1.2738 	  0.1288 
	 35.7710 	 9.447986e-02 	 172.5664 	  0.9306 	 3.969038e+21 	 2.295912e+19 	 7.439715e-05 	 2.503934e-06 	  3.8562 	  0.4593 	  1.2611 	  0.1258 
	 36.0720 	 9.136517e-02 	 171.3623 	  0.9205 	 3.865150e+21 	 2.226564e+19 	 7.169549e-05 	 3.022860e-06 	  3.7836 	  0.4993 	  1.2418 	  0.1301 
	 36.2290 	 8.977200e-02 	 170.7907 	  0.9177 	 3.810464e+21 	 2.194942e+19 	 6.984093e-05 	 3.235844e-06 	  3.7557 	  0.5224 	  1.2366 	  0.1347 
	 36.3860 	 8.820135e-02 	 170.2601 	  0.9160 	 3.755470e+21 	 2.164980e+19 	 6.777360e-05 	 3.360989e-06 	  3.7351 	  0.5433 	  1.2353 	  0.1396 
	 36.5440 	 8.664418e-02 	 169.7693 	  0.9150 	 3.699843e+21 	 2.135374e+19 	 6.556042e-05 	 3.416450e-06 	  3.7182 	  0.5604 	  1.2369 	  0.1443 
	 36.7010 	 8.512073e-02 	 169.3250 	  0.9142 	 3.644332e+21 	 2.105708e+19 	 6.330464e-05 	 3.411453e-06 	  3.7020 	  0.5723 	  1.2402 	  0.1483 
	 37.1490 	 8.090314e-02 	 168.2678 	  0.9135 	 3.485507e+21 	 2.020774e+19 	 5.724497e-05 	 3.141658e-06 	  3.6429 	  0.5724 	 -1000.0000 	 -1000.0000 
	 37.3060 	 7.946993e-02 	 167.9607 	  0.9137 	 3.430017e+21 	 1.991543e+19 	 5.549337e-05 	 2.966071e-06 	  3.6135 	  0.5605 	 -1000.0000 	 -1000.0000 
	 37.4640 	 7.805078e-02 	 167.6793 	  0.9142 	 3.374432e+21 	 1.962738e+19 	 5.401497e-05 	 2.756315e-06 	  3.5782 	  0.5453 	 -1000.0000 	 -1000.0000 
	 37.6210 	 7.666342e-02 	 167.4221 	  0.9148 	 3.319573e+21 	 1.934858e+19 	 5.280361e-05 	 2.537635e-06 	  3.5373 	  0.5294 	 -1000.0000 	 -1000.0000 
	 37.9050 	 7.421061e-02 	 166.9854 	  0.9163 	 3.221807e+21 	 1.886186e+19 	 5.090709e-05 	 2.261646e-06 	  3.4520 	  0.5076 	 -1000.0000 	 -1000.0000 
	 38.0620 	 7.288550e-02 	 166.7432 	  0.9172 	 3.168866e+21 	 1.860156e+19 	 4.985847e-05 	 2.218728e-06 	  3.4045 	  0.5017 	 -1000.0000 	 -1000.0000 
	 38.2190 	 7.158197e-02 	 166.4886 	  0.9181 	 3.116923e+21 	 1.834681e+19 	 4.876214e-05 	 2.203834e-06 	  3.3625 	  0.4987 	 -1000.0000 	 -1000.0000 
	 38.3760 	 7.029969e-02 	 166.2125 	  0.9188 	 3.066141e+21 	 1.809707e+19 	 4.760469e-05 	 2.175578e-06 	  3.3274 	  0.4971 	 -1000.0000 	 -1000.0000 
	 38.5330 	 6.903833e-02 	 165.9080 	  0.9193 	 3.016631e+21 	 1.785242e+19 	 4.636284e-05 	 2.117981e-06 	  3.2985 	  0.4957 	 -1000.0000 	 -1000.0000 
	 38.8250 	 6.674635e-02 	 165.2673 	  0.9204 	 2.927783e+21 	 1.741759e+19 	 4.374338e-05 	 1.938999e-06 	  3.2571 	  0.4927 	 -1000.0000 	 -1000.0000 
	 39.1390 	 6.435705e-02 	 164.4779 	  0.9225 	 2.836549e+21 	 1.699270e+19 	 4.034692e-05 	 1.695311e-06 	  3.2252 	  0.4901 	 -1000.0000 	 -1000.0000 
	 39.2960 	 6.319050e-02 	 164.0471 	  0.9243 	 2.792454e+21 	 1.680207e+19 	 3.839504e-05 	 1.574436e-06 	  3.2149 	  0.4903 	 -1000.0000 	 -1000.0000 
	 39.4530 	 6.204212e-02 	 163.5948 	  0.9268 	 2.749281e+21 	 1.662742e+19 	 3.628076e-05 	 1.463560e-06 	  3.2104 	  0.4930 	 -1000.0000 	 -1000.0000 
	 39.7390 	 5.999597e-02 	 162.7325 	  0.9325 	 2.672691e+21 	 1.634075e+19 	 3.213026e-05 	 1.277580e-06 	  3.2203 	  0.5036 	 -1000.0000 	 -1000.0000 
	 39.8950 	 5.890440e-02 	 162.2508 	  0.9361 	 2.631857e+21 	 1.619557e+19 	 2.977229e-05 	 1.165067e-06 	  3.2362 	  0.5105 	 -1000.0000 	 -1000.0000 
	 40.0520 	 5.782299e-02 	 161.7649 	  0.9400 	 2.591308e+21 	 1.605319e+19 	 2.742948e-05 	 1.089010e-06 	  3.2588 	  0.5200 	 -1000.0000 	 -1000.0000 
	 40.2080 	 5.676528e-02 	 161.2861 	  0.9439 	 2.551462e+21 	 1.591214e+19 	 2.516934e-05 	 1.026008e-06 	  3.2864 	  0.5312 	 -1000.0000 	 -1000.0000 
	 40.3650 	 5.571749e-02 	 160.8134 	  0.9477 	 2.511723e+21 	 1.576703e+19 	 2.299965e-05 	 9.622757e-07 	  3.3177 	  0.5438 	 -1000.0000 	 -1000.0000 
	 40.6590 	 5.379971e-02 	 159.9646 	  0.9536 	 2.438125e+21 	 1.547192e+19 	 1.934242e-05 	 8.484006e-07 	  3.3778 	  0.5695 	 -1000.0000 	 -1000.0000 
	 40.8150 	 5.280523e-02 	 159.5398 	  0.9554 	 2.399429e+21 	 1.529490e+19 	 1.766279e-05 	 7.938361e-07 	  3.4055 	  0.5826 	 -1000.0000 	 -1000.0000 
	 41.1280 	 5.085724e-02 	 158.7568 	  0.9548 	 2.322332e+21 	 1.487584e+19 	 1.490067e-05 	 7.017211e-07 	  3.4411 	  0.6023 	 -1000.0000 	 -1000.0000 
	 41.2850 	 4.990364e-02 	 158.4041 	  0.9519 	 2.283877e+21 	 1.462760e+19 	 1.382340e-05 	 6.648138e-07 	  3.4465 	  0.6088 	 -1000.0000 	 -1000.0000 
	 41.5790 	 4.816075e-02 	 157.8068 	  0.9431 	 2.212468e+21 	 1.411617e+19 	 1.228434e-05 	 6.109607e-07 	  3.4334 	  0.6357 	 -1000.0000 	 -1000.0000 
	 41.7350 	 4.725904e-02 	 157.5170 	  0.9376 	 2.175034e+21 	 1.383441e+19 	 1.167845e-05 	 5.935252e-07 	  3.4158 	  0.6487 	 -1000.0000 	 -1000.0000 
	 41.8920 	 4.636801e-02 	 157.2397 	  0.9322 	 2.137776e+21 	 1.355357e+19 	 1.119132e-05 	 5.941926e-07 	  3.3928 	  0.6634 	 -1000.0000 	 -1000.0000 
	 42.0480 	 4.549924e-02 	 156.9752 	  0.9273 	 2.101242e+21 	 1.328487e+19 	 1.079856e-05 	 5.968031e-07 	  3.3665 	  0.6776 	 -1000.0000 	 -1000.0000 
	 42.2050 	 4.464154e-02 	 156.7174 	  0.9233 	 2.065010e+21 	 1.303016e+19 	 1.047108e-05 	 6.002529e-07 	  3.3376 	  0.6915 	 -1000.0000 	 -1000.0000 
	 42.4890 	 4.313013e-02 	 156.2730 	  0.9183 	 2.000758e+21 	 1.260753e+19 	 9.999384e-06 	 6.071190e-07 	  3.2818 	  0.7159 	 -1000.0000 	 -1000.0000 
	 42.6450 	 4.232050e-02 	 156.0414 	  0.9169 	 1.966114e+21 	 1.239404e+19 	 9.782057e-06 	 6.105631e-07 	  3.2504 	  0.7294 	 -1000.0000 	 -1000.0000 
	 42.8020 	 4.151942e-02 	 155.8177 	  0.9162 	 1.931675e+21 	 1.219095e+19 	 9.575834e-06 	 6.126228e-07 	  3.2198 	  0.7431 	 -1000.0000 	 -1000.0000 
	 43.1150 	 3.996060e-02 	 155.3994 	  0.9174 	 1.864186e+21 	 1.181642e+19 	 9.153917e-06 	 6.081971e-07 	  3.1670 	  0.7711 	 -1000.0000 	 -1000.0000 
	 43.4060 	 3.855606e-02 	 155.0238 	  0.9207 	 1.803041e+21 	 1.149879e+19 	 8.735885e-06 	 5.912572e-07 	  3.1368 	  0.7978 	 -1000.0000 	 -1000.0000 
	 43.5620 	 3.782125e-02 	 154.8148 	  0.9231 	 1.771060e+21 	 1.133872e+19 	 8.513472e-06 	 5.771838e-07 	  3.1321 	  0.8126 	 -1000.0000 	 -1000.0000 
	 43.7170 	 3.710395e-02 	 154.5948 	  0.9257 	 1.739928e+21 	 1.118571e+19 	 8.303048e-06 	 5.603591e-07 	  3.1366 	  0.8279 	 -1000.0000 	 -1000.0000 
	 43.8730 	 3.639508e-02 	 154.3553 	  0.9284 	 1.709315e+21 	 1.103697e+19 	 8.109074e-06 	 5.410606e-07 	  3.1509 	  0.8440 	 -1000.0000 	 -1000.0000 
	 44.0280 	 3.570373e-02 	 154.0961 	  0.9310 	 1.679650e+21 	 1.089394e+19 	 7.932479e-06 	 5.197345e-07 	  3.1747 	  0.8610 	 -1000.0000 	 -1000.0000 
	 44.3160 	 3.445169e-02 	 153.5647 	  0.9363 	 1.626346e+21 	 1.064224e+19 	 7.567744e-06 	 4.737618e-07 	  3.2422 	  0.8955 	 -1000.0000 	 -1000.0000 
	 44.4720 	 3.379007e-02 	 153.2549 	  0.9396 	 1.598343e+21 	 1.051455e+19 	 7.304585e-06 	 4.454818e-07 	  3.2896 	  0.9167 	 -1000.0000 	 -1000.0000 
	 44.6270 	 3.314345e-02 	 152.9353 	  0.9434 	 1.571044e+21 	 1.039440e+19 	 6.974032e-06 	 4.161685e-07 	  3.3420 	  0.9402 	 -1000.0000 	 -1000.0000 
	 44.7830 	 3.250291e-02 	 152.6044 	  0.9478 	 1.544035e+21 	 1.028078e+19 	 6.560679e-06 	 3.864565e-07 	  3.3984 	  0.9667 	 -1000.0000 	 -1000.0000 
	 45.2300 	 3.072258e-02 	 151.6078 	  0.9651 	 1.469076e+21 	 1.000524e+19 	 5.109228e-06 	 3.239572e-07 	 -1000.0000 	 -1000.0000 	 -1000.0000 	 -1000.0000 
	 45.3850 	 3.012488e-02 	 151.2386 	  0.9731 	 1.444010e+21 	 9.931699e+18 	 4.556902e-06 	 3.020283e-07 	 -1000.0000 	 -1000.0000 	 -1000.0000 	 -1000.0000 
	 45.5400 	 2.953763e-02 	 150.8534 	  0.9824 	 1.419469e+21 	 9.871976e+18 	 4.020141e-06 	 2.798880e-07 	 -1000.0000 	 -1000.0000 	 -1000.0000 	 -1000.0000 
	 45.6950 	 2.896105e-02 	 150.4501 	  0.9930 	 1.395484e+21 	 9.827587e+18 	 3.525889e-06 	 2.582111e-07 	 -1000.0000 	 -1000.0000 	 -1000.0000 	 -1000.0000 
	 45.8500 	 2.839524e-02 	 150.0280 	  1.0052 	 1.372063e+21 	 9.799992e+18 	 3.092059e-06 	 2.375149e-07 	 -1000.0000 	 -1000.0000 	 -1000.0000 	 -1000.0000 
	 46.1460 	 2.734358e-02 	 149.1883 	  1.0345 	 1.328684e+21 	 9.798555e+18 	 2.420244e-06 	 2.016715e-07 	 -1000.0000 	 -1000.0000 	 -1000.0000 	 -1000.0000 
	 46.3020 	 2.680396e-02 	 148.7393 	  1.0541 	 1.306401e+21 	 9.827254e+18 	 2.138156e-06 	 1.851583e-07 	 -1000.0000 	 -1000.0000 	 -1000.0000 	 -1000.0000 
	 46.4570 	 2.627736e-02 	 148.2963 	  1.0770 	 1.284564e+21 	 9.877535e+18 	 1.899991e-06 	 1.706591e-07 	 -1000.0000 	 -1000.0000 	 -1000.0000 	 -1000.0000 
	 46.6130 	 2.575666e-02 	 147.8596 	  1.1040 	 1.262822e+21 	 9.951299e+18 	 1.697785e-06 	 1.582399e-07 	 -1000.0000 	 -1000.0000 	 -1000.0000 	 -1000.0000 
	 46.7680 	 2.524828e-02 	 147.4399 	  1.1348 	 1.241398e+21 	 1.004607e+19 	 1.530328e-06 	 1.482361e-07 	 -1000.0000 	 -1000.0000 	 -1000.0000 	 -1000.0000 
	 47.0500 	 2.434609e-02 	 146.7243 	  1.1969 	 1.202823e+21 	 1.024636e+19 	 1.300422e-06 	 1.353731e-07 	 -1000.0000 	 -1000.0000 	 -1000.0000 	 -1000.0000 
	 47.2050 	 2.386263e-02 	 146.3630 	  1.2321 	 1.181820e+21 	 1.035560e+19 	 1.208501e-06 	 1.306861e-07 	 -1000.0000 	 -1000.0000 	 -1000.0000 	 -1000.0000 
	 47.3600 	 2.338791e-02 	 146.0286 	  1.2662 	 1.160941e+21 	 1.045277e+19 	 1.136056e-06 	 1.272505e-07 	 -1000.0000 	 -1000.0000 	 -1000.0000 	 -1000.0000 
	 47.5150 	 2.292189e-02 	 145.7245 	  1.2979 	 1.140174e+21 	 1.052886e+19 	 1.079375e-06 	 1.247333e-07 	 -1000.0000 	 -1000.0000 	 -1000.0000 	 -1000.0000 
	 47.6700 	 2.246453e-02 	 145.4537 	  1.3260 	 1.119506e+21 	 1.057484e+19 	 1.035167e-06 	 1.228516e-07 	 -1000.0000 	 -1000.0000 	 -1000.0000 	 -1000.0000 
	 48.8740 	 1.920084e-02 	 144.8330 	  1.2907 	 9.610843e+20 	 9.051185e+18 	 8.954266e-07 	 1.159602e-07 	 -1000.0000 	 -1000.0000 	 -1000.0000 	 -1000.0000 
	 49.0280 	 1.881900e-02 	 144.9710 	  1.2571 	 9.410683e+20 	 8.646659e+18 	 8.932432e-07 	 1.158054e-07 	 -1000.0000 	 -1000.0000 	 -1000.0000 	 -1000.0000 
	 49.1830 	 1.844232e-02 	 145.1603 	  1.2244 	 9.210235e+20 	 8.249047e+18 	 8.965348e-07 	 1.160412e-07 	 -1000.0000 	 -1000.0000 	 -1000.0000 	 -1000.0000 
	 49.3370 	 1.807548e-02 	 145.3980 	  1.1961 	 9.012269e+20 	 7.886131e+18 	 9.064128e-07 	 1.167755e-07 	 -1000.0000 	 -1000.0000 	 -1000.0000 	 -1000.0000 
	 49.4920 	 1.771363e-02 	 145.6855 	  1.1739 	 8.814483e+20 	 7.568150e+18 	 9.241681e-07 	 1.181313e-07 	 -1000.0000 	 -1000.0000 	 -1000.0000 	 -1000.0000 
	 49.7770 	 1.706806e-02 	 146.3241 	  1.1463 	 8.456262e+20 	 7.085728e+18 	 9.804391e-07 	 1.225604e-07 	 -1000.0000 	 -1000.0000 	 -1000.0000 	 -1000.0000 
	 50.0850 	 1.640025e-02 	 147.1413 	  1.1275 	 8.080191e+20 	 6.657798e+18 	 1.082062e-06 	 1.308217e-07 	 -1000.0000 	 -1000.0000 	 -1000.0000 	 -1000.0000 
	 50.2400 	 1.607632e-02 	 147.5895 	  1.1191 	 7.896507e+20 	 6.457342e+18 	 1.151942e-06 	 1.366122e-07 	 -1000.0000 	 -1000.0000 	 -1000.0000 	 -1000.0000 
	 50.3940 	 1.576263e-02 	 148.0518 	  1.1101 	 7.718281e+20 	 6.258347e+18 	 1.235797e-06 	 1.435890e-07 	 -1000.0000 	 -1000.0000 	 -1000.0000 	 -1000.0000 
	 50.6940 	 1.517300e-02 	 148.9738 	  1.0909 	 7.383659e+20 	 5.874843e+18 	 1.452578e-06 	 1.610408e-07 	 -1000.0000 	 -1000.0000 	 -1000.0000 	 -1000.0000 
	 50.8480 	 1.488027e-02 	 149.4436 	  1.0808 	 7.218421e+20 	 5.684221e+18 	 1.598839e-06 	 1.722475e-07 	 -1000.0000 	 -1000.0000 	 -1000.0000 	 -1000.0000 
	 51.1570 	 1.431051e-02 	 150.3423 	  1.0612 	 6.900453e+20 	 5.325080e+18 	 1.986089e-06 	 2.002450e-07 	 -1000.0000 	 -1000.0000 	 -1000.0000 	 -1000.0000 
	 51.3120 	 1.403259e-02 	 150.7560 	  1.0524 	 6.747898e+20 	 5.160495e+18 	 2.236784e-06 	 2.174212e-07 	 -1000.0000 	 -1000.0000 	 -1000.0000 	 -1000.0000 
	 51.6070 	 1.351822e-02 	 151.4446 	  1.0379 	 6.471079e+20 	 4.878023e+18 	 2.832722e-06 	 2.560193e-07 	 -1000.0000 	 -1000.0000 	 -1000.0000 	 -1000.0000 
	 51.7610 	 1.325766e-02 	 151.7404 	  1.0318 	 6.333980e+20 	 4.746422e+18 	 3.210178e-06 	 2.791029e-07 	 -1000.0000 	 -1000.0000 	 -1000.0000 	 -1000.0000 
	 51.9150 	 1.300281e-02 	 151.9843 	  1.0268 	 6.202212e+20 	 4.625584e+18 	 3.635542e-06 	 3.040259e-07 	 -1000.0000 	 -1000.0000 	 -1000.0000 	 -1000.0000 
	 52.0700 	 1.275226e-02 	 152.1708 	  1.0229 	 6.075164e+20 	 4.514739e+18 	 4.113122e-06 	 3.307664e-07 	 -1000.0000 	 -1000.0000 	 -1000.0000 	 -1000.0000 
	 52.2240 	 1.250928e-02 	 152.2937 	  1.0203 	 5.954509e+20 	 4.415062e+18 	 4.633198e-06 	 3.586281e-07 	 -1000.0000 	 -1000.0000 	 -1000.0000 	 -1000.0000 
	 52.5070 	 1.207714e-02 	 152.3655 	  1.0187 	 5.746019e+20 	 4.256776e+18 	 5.657414e-06 	 4.109333e-07 	 -1000.0000 	 -1000.0000 	 -1000.0000 	 -1000.0000 
	 52.6610 	 1.184913e-02 	 152.3266 	  1.0195 	 5.639003e+20 	 4.182856e+18 	 6.220503e-06 	 4.386661e-07 	 -1000.0000 	 -1000.0000 	 -1000.0000 	 -1000.0000 
	 52.8150 	 1.162569e-02 	 152.2369 	  1.0215 	 5.535986e+20 	 4.116610e+18 	 6.765119e-06 	 4.649944e-07 	 -1000.0000 	 -1000.0000 	 -1000.0000 	 -1000.0000 
	 53.1240 	 1.118962e-02 	 151.9157 	  1.0287 	 5.339713e+20 	 4.004113e+18 	 7.737717e-06 	 5.112819e-07 	 -1000.0000 	 -1000.0000 	 -1000.0000 	 -1000.0000 
	 53.4170 	 1.078959e-02 	 151.4402 	  1.0403 	 5.165006e+20 	 3.922080e+18 	 8.509271e-06 	 5.537455e-07 	 -1000.0000 	 -1000.0000 	 -1000.0000 	 -1000.0000 
	 53.5710 	 1.058406e-02 	 151.1211 	  1.0486 	 5.077308e+20 	 3.889237e+18 	 8.877940e-06 	 5.810727e-07 	 -1000.0000 	 -1000.0000 	 -1000.0000 	 -1000.0000 
	 53.7250 	 1.038150e-02 	 150.7530 	  1.0587 	 4.992285e+20 	 3.863861e+18 	 9.198730e-06 	 6.068831e-07 	 -1000.0000 	 -1000.0000 	 -1000.0000 	 -1000.0000 
	 53.8800 	 1.018041e-02 	 150.3318 	  1.0709 	 4.909280e+20 	 3.846158e+18 	 9.473631e-06 	 6.312494e-07 	 -1000.0000 	 -1000.0000 	 -1000.0000 	 -1000.0000 
	 54.3210 	 9.623279e-03 	 148.8511 	  1.1163 	 4.686732e+20 	 3.837335e+18 	 9.993826e-06 	 6.875220e-07 	 -1000.0000 	 -1000.0000 	 -1000.0000 	 -1000.0000 
	 54.4750 	 9.434418e-03 	 148.2362 	  1.1353 	 4.613820e+20 	 3.846861e+18 	 1.008929e-05 	 7.012171e-07 	 -1000.0000 	 -1000.0000 	 -1000.0000 	 -1000.0000 
	 54.6280 	 9.249962e-03 	 147.5756 	  1.1554 	 4.543881e+20 	 3.861774e+18 	 1.014676e-05 	 7.118096e-07 	 -1000.0000 	 -1000.0000 	 -1000.0000 	 -1000.0000 
	 54.7820 	 9.067659e-03 	 146.8606 	  1.1766 	 4.476025e+20 	 3.881643e+18 	 1.017270e-05 	 7.198145e-07 	 -1000.0000 	 -1000.0000 	 -1000.0000 	 -1000.0000 
	 54.9350 	 8.889939e-03 	 146.1028 	  1.1985 	 4.411061e+20 	 3.905687e+18 	 1.017219e-05 	 7.255483e-07 	 -1000.0000 	 -1000.0000 	 -1000.0000 	 -1000.0000 
	 55.2250 	 8.561560e-03 	 144.5631 	  1.2428 	 4.293373e+20 	 3.962242e+18 	 1.011365e-05 	 7.318777e-07 	 -1000.0000 	 -1000.0000 	 -1000.0000 	 -1000.0000 
	 55.3780 	 8.392277e-03 	 143.7117 	  1.2677 	 4.233421e+20 	 3.997533e+18 	 1.005834e-05 	 7.333683e-07 	 -1000.0000 	 -1000.0000 	 -1000.0000 	 -1000.0000 
	 55.5310 	 8.225385e-03 	 142.8441 	  1.2939 	 4.174438e+20 	 4.036356e+18 	 9.988230e-06 	 7.334476e-07 	 -1000.0000 	 -1000.0000 	 -1000.0000 	 -1000.0000 
	 55.6840 	 8.060613e-03 	 141.9684 	  1.3215 	 4.116033e+20 	 4.078530e+18 	 9.904726e-06 	 7.319986e-07 	 -1000.0000 	 -1000.0000 	 -1000.0000 	 -1000.0000 
	 55.8370 	 7.897771e-03 	 141.0936 	  1.3504 	 4.057849e+20 	 4.123680e+18 	 9.808434e-06 	 7.289700e-07 	 -1000.0000 	 -1000.0000 	 -1000.0000 	 -1000.0000 
	 56.1350 	 7.586456e-03 	 139.4347 	  1.4106 	 3.944221e+20 	 4.216161e+18 	 9.570837e-06 	 7.181141e-07 	 -1000.0000 	 -1000.0000 	 -1000.0000 	 -1000.0000 
	 56.2880 	 7.429866e-03 	 138.6287 	  1.4431 	 3.885282e+20 	 4.263720e+18 	 9.415244e-06 	 7.099031e-07 	 -1000.0000 	 -1000.0000 	 -1000.0000 	 -1000.0000 
	 56.4410 	 7.275644e-03 	 137.8691 	  1.4767 	 3.825634e+20 	 4.309801e+18 	 9.232399e-06 	 7.000874e-07 	 -1000.0000 	 -1000.0000 	 -1000.0000 	 -1000.0000 
	 56.5940 	 7.123912e-03 	 137.1674 	  1.5111 	 3.765047e+20 	 4.353241e+18 	 9.019129e-06 	 6.888319e-07 	 -1000.0000 	 -1000.0000 	 -1000.0000 	 -1000.0000 
	 56.7470 	 6.974768e-03 	 136.5331 	  1.5461 	 3.703357e+20 	 4.392608e+18 	 8.774767e-06 	 6.763184e-07 	 -1000.0000 	 -1000.0000 	 -1000.0000 	 -1000.0000 
	 57.1880 	 6.559441e-03 	 135.1065 	  1.6427 	 3.519600e+20 	 4.462980e+18 	 7.961347e-06 	 6.360096e-07 	 -1000.0000 	 -1000.0000 	 -1000.0000 	 -1000.0000 
	 57.3410 	 6.420401e-03 	 134.7573 	  1.6719 	 3.453924e+20 	 4.465150e+18 	 7.666059e-06 	 6.214374e-07 	 -1000.0000 	 -1000.0000 	 -1000.0000 	 -1000.0000 
	 57.4940 	 6.283965e-03 	 134.4865 	  1.6975 	 3.387329e+20 	 4.452103e+18 	 7.376828e-06 	 6.069963e-07 	 -1000.0000 	 -1000.0000 	 -1000.0000 	 -1000.0000 
	 57.6470 	 6.150151e-03 	 134.2966 	  1.7188 	 3.319870e+20 	 4.422176e+18 	 7.100901e-06 	 5.929814e-07 	 -1000.0000 	 -1000.0000 	 -1000.0000 	 -1000.0000 
	 57.9380 	 5.903135e-03 	 134.1717 	  1.7465 	 3.189478e+20 	 4.320042e+18 	 6.631636e-06 	 5.689489e-07 	 -1000.0000 	 -1000.0000 	 -1000.0000 	 -1000.0000 
	 58.0910 	 5.777348e-03 	 134.2378 	  1.7542 	 3.119993e+20 	 4.243834e+18 	 6.423398e-06 	 5.584980e-07 	 -1000.0000 	 -1000.0000 	 -1000.0000 	 -1000.0000 
	 58.2440 	 5.654480e-03 	 134.3996 	  1.7571 	 3.049982e+20 	 4.152981e+18 	 6.247995e-06 	 5.501213e-07 	 -1000.0000 	 -1000.0000 	 -1000.0000 	 -1000.0000 
	 58.3960 	 5.535385e-03 	 134.6591 	  1.7549 	 2.979995e+20 	 4.048882e+18 	 6.110947e-06 	 5.443028e-07 	 -1000.0000 	 -1000.0000 	 -1000.0000 	 -1000.0000 
	 58.5490 	 5.418539e-03 	 135.0229 	  1.7479 	 2.909209e+20 	 3.931195e+18 	 6.014518e-06 	 5.413407e-07 	 -1000.0000 	 -1000.0000 	 -1000.0000 	 -1000.0000 
	 58.8380 	 5.205939e-03 	 135.9961 	  1.7229 	 2.774996e+20 	 3.681107e+18 	 5.953506e-06 	 5.441557e-07 	 -1000.0000 	 -1000.0000 	 -1000.0000 	 -1000.0000 
	 59.1440 	 4.991953e-03 	 137.4416 	  1.6837 	 2.632952e+20 	 3.391156e+18 	 6.073182e-06 	 5.596901e-07 	 -1000.0000 	 -1000.0000 	 -1000.0000 	 -1000.0000 
	 59.2960 	 4.889743e-03 	 138.3213 	  1.6609 	 2.562719e+20 	 3.243033e+18 	 6.207178e-06 	 5.722548e-07 	 -1000.0000 	 -1000.0000 	 -1000.0000 	 -1000.0000 
	 59.4490 	 4.789511e-03 	 139.3134 	  1.6363 	 2.492439e+20 	 3.093950e+18 	 6.393752e-06 	 5.881163e-07 	 -1000.0000 	 -1000.0000 	 -1000.0000 	 -1000.0000 
	 59.7420 	 4.604807e-03 	 141.4644 	  1.5852 	 2.360017e+20 	 2.812560e+18 	 6.893907e-06 	 6.268884e-07 	 -1000.0000 	 -1000.0000 	 -1000.0000 	 -1000.0000 
	 59.8940 	 4.512649e-03 	 142.6826 	  1.5568 	 2.292992e+20 	 2.670566e+18 	 7.225815e-06 	 6.509959e-07 	 -1000.0000 	 -1000.0000 	 -1000.0000 	 -1000.0000 
	 60.0460 	 4.422930e-03 	 143.9518 	  1.5271 	 2.227484e+20 	 2.532560e+18 	 7.606049e-06 	 6.775650e-07 	 -1000.0000 	 -1000.0000 	 -1000.0000 	 -1000.0000 
	 60.1990 	 4.335039e-03 	 145.2664 	  1.4961 	 2.163367e+20 	 2.398652e+18 	 8.036611e-06 	 7.065918e-07 	 -1000.0000 	 -1000.0000 	 -1000.0000 	 -1000.0000 
	 60.3510 	 4.250083e-03 	 146.5957 	  1.4643 	 2.101715e+20 	 2.271458e+18 	 8.508069e-06 	 7.374262e-07 	 -1000.0000 	 -1000.0000 	 -1000.0000 	 -1000.0000 
	 60.6420 	 4.093930e-03 	 149.1674 	  1.4030 	 1.989629e+20 	 2.046091e+18 	 9.485362e-06 	 8.001820e-07 	 -1000.0000 	 -1000.0000 	 -1000.0000 	 -1000.0000 
	 60.7940 	 4.015724e-03 	 150.5058 	  1.3719 	 1.934275e+20 	 1.938751e+18 	 1.000779e-05 	 8.338880e-07 	 -1000.0000 	 -1000.0000 	 -1000.0000 	 -1000.0000 
	 61.0990 	 3.865661e-03 	 153.1320 	  1.3147 	 1.830039e+20 	 1.747194e+18 	 1.101118e-05 	 9.009609e-07 	 -1000.0000 	 -1000.0000 	 -1000.0000 	 -1000.0000 
	 61.2510 	 3.794230e-03 	 154.3916 	  1.2899 	 1.781564e+20 	 1.664315e+18 	 1.146475e-05 	 9.331071e-07 	 -1000.0000 	 -1000.0000 	 -1000.0000 	 -1000.0000 
	 61.5420 	 3.663124e-03 	 156.6728 	  1.2497 	 1.694964e+20 	 1.527246e+18 	 1.224865e-05 	 9.901082e-07 	 -1000.0000 	 -1000.0000 	 -1000.0000 	 -1000.0000 
	 61.6940 	 3.597286e-03 	 157.7808 	  1.2323 	 1.652814e+20 	 1.465699e+18 	 1.262331e-05 	 1.016608e-06 	 -1000.0000 	 -1000.0000 	 -1000.0000 	 -1000.0000 
	 61.8460 	 3.533053e-03 	 158.8208 	  1.2171 	 1.612672e+20 	 1.410203e+18 	 1.298081e-05 	 1.040289e-06 	 -1000.0000 	 -1000.0000 	 -1000.0000 	 -1000.0000 
	 62.1510 	 3.408385e-03 	 160.6712 	  1.1933 	 1.537849e+20 	 1.314577e+18 	 1.366654e-05 	 1.077920e-06 	 -1000.0000 	 -1000.0000 	 -1000.0000 	 -1000.0000 
	 62.4450 	 3.293070e-03 	 162.1311 	  1.1792 	 1.472457e+20 	 1.240064e+18 	 1.429351e-05 	 1.105306e-06 	 -1000.0000 	 -1000.0000 	 -1000.0000 	 -1000.0000 
	 62.5970 	 3.235261e-03 	 162.7575 	  1.1758 	 1.441050e+20 	 1.207918e+18 	 1.460039e-05 	 1.118927e-06 	 -1000.0000 	 -1000.0000 	 -1000.0000 	 -1000.0000 
	 62.7490 	 3.178657e-03 	 163.2947 	  1.1753 	 1.411176e+20 	 1.179904e+18 	 1.489265e-05 	 1.133768e-06 	 -1000.0000 	 -1000.0000 	 -1000.0000 	 -1000.0000 
	 62.9010 	 3.123237e-03 	 163.7413 	  1.1780 	 1.382757e+20 	 1.155858e+18 	 1.516805e-05 	 1.151043e-06 	 -1000.0000 	 -1000.0000 	 -1000.0000 	 -1000.0000 
	 63.0530 	 3.068970e-03 	 164.0971 	  1.1838 	 1.355715e+20 	 1.135538e+18 	 1.542489e-05 	 1.171465e-06 	 -1000.0000 	 -1000.0000 	 -1000.0000 	 -1000.0000 
	 63.3350 	 2.971178e-03 	 164.5293 	  1.2011 	 1.308911e+20 	 1.106160e+18 	 1.585081e-05 	 1.215243e-06 	 -1000.0000 	 -1000.0000 	 -1000.0000 	 -1000.0000 
	 63.4870 	 2.919927e-03 	 164.6468 	  1.2129 	 1.285350e+20 	 1.093926e+18 	 1.605264e-05 	 1.240346e-06 	 -1000.0000 	 -1000.0000 	 -1000.0000 	 -1000.0000 
	 63.6390 	 2.869631e-03 	 164.6884 	  1.2257 	 1.262851e+20 	 1.083594e+18 	 1.623486e-05 	 1.265358e-06 	 -1000.0000 	 -1000.0000 	 -1000.0000 	 -1000.0000 
	 63.7910 	 2.820238e-03 	 164.6583 	  1.2390 	 1.241333e+20 	 1.074684e+18 	 1.639737e-05 	 1.289389e-06 	 -1000.0000 	 -1000.0000 	 -1000.0000 	 -1000.0000 
	 65.1190 	 2.419554e-03 	 162.0005 	  1.2937 	 1.082744e+20 	 9.887823e+17 	 1.699471e-05 	 1.333171e-06 	 -1000.0000 	 -1000.0000 	 -1000.0000 	 -1000.0000 
	 65.2700 	 2.377082e-03 	 161.5482 	  1.2917 	 1.066708e+20 	 9.752738e+17 	 1.702205e-05 	 1.319674e-06 	 -1000.0000 	 -1000.0000 	 -1000.0000 	 -1000.0000 
	 65.4220 	 2.335052e-03 	 161.1056 	  1.2909 	 1.050723e+20 	 9.622563e+17 	 1.707304e-05 	 1.308247e-06 	 -1000.0000 	 -1000.0000 	 -1000.0000 	 -1000.0000 
	 65.5730 	 2.294060e-03 	 160.6926 	  1.2924 	 1.034930e+20 	 9.504981e+17 	 1.715852e-05 	 1.301434e-06 	 -1000.0000 	 -1000.0000 	 -1000.0000 	 -1000.0000 
	 65.7250 	 2.253585e-03 	 160.3157 	  1.2968 	 1.019060e+20 	 9.401732e+17 	 1.728483e-05 	 1.300604e-06 	 -1000.0000 	 -1000.0000 	 -1000.0000 	 -1000.0000 
	 66.1600 	 2.141781e-03 	 159.4862 	  1.3192 	 9.735431e+19 	 9.146502e+17 	 1.774253e-05 	 1.318537e-06 	 -1000.0000 	 -1000.0000 	 -1000.0000 	 -1000.0000 
	 66.3120 	 2.103980e-03 	 159.2932 	  1.3276 	 9.575206e+19 	 9.053591e+17 	 1.788526e-05 	 1.326336e-06 	 -1000.0000 	 -1000.0000 	 -1000.0000 	 -1000.0000 
	 66.4630 	 2.067005e-03 	 159.1562 	  1.3347 	 9.415013e+19 	 8.950270e+17 	 1.799210e-05 	 1.331996e-06 	 -1000.0000 	 -1000.0000 	 -1000.0000 	 -1000.0000 
	 66.6150 	 2.030333e-03 	 159.0766 	  1.3400 	 9.252537e+19 	 8.830836e+17 	 1.805262e-05 	 1.334358e-06 	 -1000.0000 	 -1000.0000 	 -1000.0000 	 -1000.0000 
	 66.9090 	 1.961032e-03 	 159.1057 	  1.3449 	 8.934976e+19 	 8.557346e+17 	 1.805075e-05 	 1.332264e-06 	 -1000.0000 	 -1000.0000 	 -1000.0000 	 -1000.0000 
	 67.0600 	 1.926320e-03 	 159.2233 	  1.3449 	 8.770347e+19 	 8.397236e+17 	 1.800122e-05 	 1.329820e-06 	 -1000.0000 	 -1000.0000 	 -1000.0000 	 -1000.0000 
	 67.2120 	 1.892015e-03 	 159.4180 	  1.3431 	 8.603694e+19 	 8.224058e+17 	 1.792661e-05 	 1.327837e-06 	 -1000.0000 	 -1000.0000 	 -1000.0000 	 -1000.0000 
	 67.3630 	 1.858593e-03 	 159.6920 	  1.3399 	 8.437293e+19 	 8.041191e+17 	 1.783441e-05 	 1.327414e-06 	 -1000.0000 	 -1000.0000 	 -1000.0000 	 -1000.0000 
	 67.5150 	 1.825629e-03 	 160.0515 	  1.3351 	 8.269107e+19 	 7.847305e+17 	 1.772847e-05 	 1.329205e-06 	 -1000.0000 	 -1000.0000 	 -1000.0000 	 -1000.0000 
	 67.7960 	 1.766494e-03 	 160.9271 	  1.3218 	 7.957746e+19 	 7.466476e+17 	 1.750000e-05 	 1.336441e-06 	 -1000.0000 	 -1000.0000 	 -1000.0000 	 -1000.0000 
	 68.0970 	 1.705749e-03 	 162.1458 	  1.3005 	 7.626251e+19 	 7.032622e+17 	 1.720840e-05 	 1.345355e-06 	 -1000.0000 	 -1000.0000 	 -1000.0000 	 -1000.0000 
	 68.2480 	 1.676288e-03 	 162.8578 	  1.2868 	 7.461778e+19 	 6.807334e+17 	 1.704379e-05 	 1.348526e-06 	 -1000.0000 	 -1000.0000 	 -1000.0000 	 -1000.0000 
	 68.3980 	 1.647689e-03 	 163.6255 	  1.2711 	 7.300161e+19 	 6.580234e+17 	 1.686857e-05 	 1.350057e-06 	 -1000.0000 	 -1000.0000 	 -1000.0000 	 -1000.0000 
	 68.6960 	 1.592789e-03 	 165.2927 	  1.2367 	 6.985898e+19 	 6.131330e+17 	 1.649576e-05 	 1.349335e-06 	 -1000.0000 	 -1000.0000 	 -1000.0000 	 -1000.0000 
	 68.8470 	 1.565912e-03 	 166.1893 	  1.2191 	 6.830925e+19 	 5.911690e+17 	 1.630004e-05 	 1.347840e-06 	 -1000.0000 	 -1000.0000 	 -1000.0000 	 -1000.0000 
	 69.1480 	 1.514143e-03 	 168.0295 	  1.1877 	 6.532594e+19 	 5.506329e+17 	 1.591115e-05 	 1.344620e-06 	 -1000.0000 	 -1000.0000 	 -1000.0000 	 -1000.0000 
	 69.2980 	 1.489209e-03 	 168.9526 	  1.1753 	 6.389937e+19 	 5.326304e+17 	 1.572385e-05 	 1.343618e-06 	 -1000.0000 	 -1000.0000 	 -1000.0000 	 -1000.0000 
	 69.5960 	 1.441241e-03 	 170.7498 	  1.1569 	 6.119138e+19 	 5.010872e+17 	 1.537669e-05 	 1.342934e-06 	 -1000.0000 	 -1000.0000 	 -1000.0000 	 -1000.0000 
	 69.7470 	 1.417669e-03 	 171.6225 	  1.1502 	 5.988451e+19 	 4.869494e+17 	 1.521792e-05 	 1.343031e-06 	 -1000.0000 	 -1000.0000 	 -1000.0000 	 -1000.0000 
	 69.8970 	 1.394699e-03 	 172.4511 	  1.1450 	 5.863062e+19 	 4.739354e+17 	 1.507451e-05 	 1.343263e-06 	 -1000.0000 	 -1000.0000 	 -1000.0000 	 -1000.0000 
	 70.1980 	 1.349832e-03 	 173.9626 	  1.1375 	 5.624963e+19 	 4.503247e+17 	 1.483787e-05 	 1.343745e-06 	 -1000.0000 	 -1000.0000 	 -1000.0000 	 -1000.0000 
	 70.4800 	 1.309233e-03 	 175.1875 	  1.1319 	 5.417563e+19 	 4.304732e+17 	 1.468341e-05 	 1.345155e-06 	 -1000.0000 	 -1000.0000 	 -1000.0000 	 -1000.0000 
	 70.6300 	 1.288215e-03 	 175.7713 	  1.1287 	 5.312915e+19 	 4.205335e+17 	 1.462826e-05 	 1.347014e-06 	 -1000.0000 	 -1000.0000 	 -1000.0000 	 -1000.0000 
	 70.7800 	 1.267605e-03 	 176.3127 	  1.1247 	 5.211918e+19 	 4.108736e+17 	 1.459218e-05 	 1.350063e-06 	 -1000.0000 	 -1000.0000 	 -1000.0000 	 -1000.0000 
	 70.9300 	 1.247409e-03 	 176.8152 	  1.1196 	 5.114351e+19 	 4.013768e+17 	 1.457539e-05 	 1.354629e-06 	 -1000.0000 	 -1000.0000 	 -1000.0000 	 -1000.0000 
	 71.0800 	 1.227628e-03 	 177.2821 	  1.1131 	 5.019998e+19 	 3.919635e+17 	 1.457884e-05 	 1.361005e-06 	 -1000.0000 	 -1000.0000 	 -1000.0000 	 -1000.0000 
	 71.3760 	 1.189760e-03 	 178.1109 	  1.0978 	 4.842479e+19 	 3.738666e+17 	 1.465898e-05 	 1.379529e-06 	 -1000.0000 	 -1000.0000 	 -1000.0000 	 -1000.0000 
	 71.5270 	 1.171007e-03 	 178.4923 	  1.0898 	 4.755969e+19 	 3.650443e+17 	 1.474533e-05 	 1.392298e-06 	 -1000.0000 	 -1000.0000 	 -1000.0000 	 -1000.0000 
	 71.6770 	 1.152735e-03 	 178.8475 	  1.0822 	 4.672484e+19 	 3.566647e+17 	 1.486679e-05 	 1.407379e-06 	 -1000.0000 	 -1000.0000 	 -1000.0000 	 -1000.0000 
	 71.8280 	 1.134684e-03 	 179.1841 	  1.0756 	 4.590716e+19 	 3.487001e+17 	 1.502893e-05 	 1.425104e-06 	 -1000.0000 	 -1000.0000 	 -1000.0000 	 -1000.0000 
	 72.2600 	 1.084825e-03 	 180.0196 	  1.0634 	 4.368698e+19 	 3.287189e+17 	 1.564347e-05 	 1.485380e-06 	 -1000.0000 	 -1000.0000 	 -1000.0000 	 -1000.0000 
	 72.4100 	 1.068097e-03 	 180.2485 	  1.0611 	 4.295856e+19 	 3.226362e+17 	 1.584957e-05 	 1.506160e-06 	 -1000.0000 	 -1000.0000 	 -1000.0000 	 -1000.0000 
	 72.5600 	 1.051654e-03 	 180.4365 	  1.0594 	 4.225279e+19 	 3.169266e+17 	 1.601979e-05 	 1.524990e-06 	 -1000.0000 	 -1000.0000 	 -1000.0000 	 -1000.0000 
	 72.7100 	 1.035484e-03 	 180.5779 	  1.0584 	 4.157012e+19 	 3.115486e+17 	 1.613432e-05 	 1.540711e-06 	 -1000.0000 	 -1000.0000 	 -1000.0000 	 -1000.0000 
	 72.8600 	 1.019578e-03 	 180.6688 	  1.0577 	 4.091060e+19 	 3.064617e+17 	 1.617926e-05 	 1.552483e-06 	 -1000.0000 	 -1000.0000 	 -1000.0000 	 -1000.0000 
	 73.1540 	 9.891159e-04 	 180.7097 	  1.0570 	 3.967921e+19 	 2.971955e+17 	 1.609857e-05 	 1.565580e-06 	 -1000.0000 	 -1000.0000 	 -1000.0000 	 -1000.0000 
	 73.3030 	 9.740141e-04 	 180.6678 	  1.0567 	 3.908264e+19 	 2.927860e+17 	 1.599616e-05 	 1.568309e-06 	 -1000.0000 	 -1000.0000 	 -1000.0000 	 -1000.0000 
	 73.4530 	 9.590226e-04 	 180.5877 	  1.0564 	 3.849840e+19 	 2.884945e+17 	 1.586764e-05 	 1.569199e-06 	 -1000.0000 	 -1000.0000 	 -1000.0000 	 -1000.0000 
	 73.6020 	 9.443284e-04 	 180.4739 	  1.0559 	 3.793251e+19 	 2.843429e+17 	 1.572702e-05 	 1.568846e-06 	 -1000.0000 	 -1000.0000 	 -1000.0000 	 -1000.0000 
	 73.7520 	 9.297257e-04 	 180.3297 	  1.0551 	 3.737562e+19 	 2.802454e+17 	 1.558269e-05 	 1.567811e-06 	 -1000.0000 	 -1000.0000 	 -1000.0000 	 -1000.0000 
	 74.1930 	 8.879666e-04 	 179.8227 	  1.0521 	 3.579723e+19 	 2.685938e+17 	 1.516318e-05 	 1.564641e-06 	 -1000.0000 	 -1000.0000 	 -1000.0000 	 -1000.0000 
	 74.3430 	 8.741914e-04 	 179.6544 	  1.0512 	 3.527515e+19 	 2.647458e+17 	 1.502613e-05 	 1.564753e-06 	 -1000.0000 	 -1000.0000 	 -1000.0000 	 -1000.0000 
	 74.4920 	 8.607383e-04 	 179.5056 	  1.0506 	 3.476135e+19 	 2.609717e+17 	 1.489483e-05 	 1.566072e-06 	 -1000.0000 	 -1000.0000 	 -1000.0000 	 -1000.0000 
	 74.6420 	 8.474309e-04 	 179.3820 	  1.0503 	 3.424760e+19 	 2.572091e+17 	 1.476830e-05 	 1.568783e-06 	 -1000.0000 	 -1000.0000 	 -1000.0000 	 -1000.0000 
	 74.9340 	 8.221512e-04 	 179.2175 	  1.0496 	 3.325632e+19 	 2.498666e+17 	 1.453526e-05 	 1.575885e-06 	 -1000.0000 	 -1000.0000 	 -1000.0000 	 -1000.0000 
	 75.0830 	 8.095375e-04 	 179.1702 	  1.0485 	 3.275464e+19 	 2.460415e+17 	 1.442108e-05 	 1.579120e-06 	 -1000.0000 	 -1000.0000 	 -1000.0000 	 -1000.0000 
	 75.2330 	 7.970121e-04 	 179.1459 	  1.0466 	 3.225217e+19 	 2.420898e+17 	 1.430802e-05 	 1.581220e-06 	 -1000.0000 	 -1000.0000 	 -1000.0000 	 -1000.0000 
	 75.3820 	 7.847252e-04 	 179.1441 	  1.0435 	 3.175545e+19 	 2.380284e+17 	 1.419656e-05 	 1.581497e-06 	 -1000.0000 	 -1000.0000 	 -1000.0000 	 -1000.0000 
	 75.5320 	 7.725000e-04 	 179.1623 	  1.0391 	 3.125797e+19 	 2.337934e+17 	 1.408514e-05 	 1.579634e-06 	 -1000.0000 	 -1000.0000 	 -1000.0000 	 -1000.0000 
	 75.8270 	 7.489151e-04 	 179.2279 	  1.0292 	 3.029320e+19 	 2.254126e+17 	 1.388334e-05 	 1.573874e-06 	 -1000.0000 	 -1000.0000 	 -1000.0000 	 -1000.0000 
	 76.1250 	 7.257896e-04 	 179.2803 	  1.0232 	 2.934876e+19 	 2.176293e+17 	 1.373234e-05 	 1.573784e-06 	 -1000.0000 	 -1000.0000 	 -1000.0000 	 -1000.0000 
	 76.2750 	 7.144467e-04 	 179.2809 	  1.0238 	 2.888931e+19 	 2.142572e+17 	 1.368752e-05 	 1.579125e-06 	 -1000.0000 	 -1000.0000 	 -1000.0000 	 -1000.0000 
	 76.4240 	 7.033887e-04 	 179.2559 	  1.0275 	 2.844531e+19 	 2.113774e+17 	 1.366810e-05 	 1.589235e-06 	 -1000.0000 	 -1000.0000 	 -1000.0000 	 -1000.0000 
	 76.7070 	 6.829347e-04 	 179.1448 	  1.0410 	 2.763374e+19 	 2.069532e+17 	 1.369385e-05 	 1.619300e-06 	 -1000.0000 	 -1000.0000 	 -1000.0000 	 -1000.0000 
	 76.8560 	 6.724375e-04 	 179.0584 	  1.0503 	 2.722154e+19 	 2.050105e+17 	 1.373588e-05 	 1.639247e-06 	 -1000.0000 	 -1000.0000 	 -1000.0000 	 -1000.0000 
	 77.1550 	 6.518937e-04 	 178.8413 	  1.0700 	 2.642149e+19 	 2.014882e+17 	 1.386783e-05 	 1.683714e-06 	 -1000.0000 	 -1000.0000 	 -1000.0000 	 -1000.0000 
	 77.3040 	 6.418975e-04 	 178.7171 	  1.0789 	 2.603458e+19 	 1.997458e+17 	 1.395260e-05 	 1.706416e-06 	 -1000.0000 	 -1000.0000 	 -1000.0000 	 -1000.0000 
	 78.4810 	 5.674930e-04 	 177.7126 	  1.0486 	 2.315024e+19 	 1.763541e+17 	 1.477230e-05 	 1.802044e-06 	 -1000.0000 	 -1000.0000 	 -1000.0000 	 -1000.0000 
	 78.6300 	 5.586005e-04 	 177.5981 	  1.0330 	 2.280203e+19 	 1.722127e+17 	 1.486666e-05 	 1.802457e-06 	 -1000.0000 	 -1000.0000 	 -1000.0000 	 -1000.0000 
	 78.7780 	 5.499001e-04 	 177.4820 	  1.0186 	 2.246136e+19 	 1.682638e+17 	 1.495397e-05 	 1.803596e-06 	 -1000.0000 	 -1000.0000 	 -1000.0000 	 -1000.0000 
	 78.9270 	 5.412815e-04 	 177.3601 	  1.0068 	 2.212431e+19 	 1.646284e+17 	 1.503434e-05 	 1.806887e-06 	 -1000.0000 	 -1000.0000 	 -1000.0000 	 -1000.0000 
	 79.0750 	 5.328658e-04 	 177.2322 	  0.9989 	 2.179594e+19 	 1.614776e+17 	 1.510531e-05 	 1.813230e-06 	 -1000.0000 	 -1000.0000 	 -1000.0000 	 -1000.0000 
	 79.3650 	 5.167842e-04 	 176.9590 	  0.9920 	 2.117079e+19 	 1.563911e+17 	 1.520861e-05 	 1.831650e-06 	 -1000.0000 	 -1000.0000 	 -1000.0000 	 -1000.0000 
	 79.5130 	 5.087783e-04 	 176.8074 	  0.9913 	 2.086073e+19 	 1.541697e+17 	 1.523743e-05 	 1.842102e-06 	 -1000.0000 	 -1000.0000 	 -1000.0000 	 -1000.0000 
	 79.6610 	 5.009032e-04 	 176.6470 	  0.9914 	 2.055653e+19 	 1.520793e+17 	 1.524621e-05 	 1.851892e-06 	 -1000.0000 	 -1000.0000 	 -1000.0000 	 -1000.0000 
	 79.8090 	 4.931553e-04 	 176.4774 	  0.9914 	 2.025801e+19 	 1.500276e+17 	 1.523195e-05 	 1.859973e-06 	 -1000.0000 	 -1000.0000 	 -1000.0000 	 -1000.0000 
	 79.9570 	 4.855301e-04 	 176.2986 	  0.9908 	 1.996496e+19 	 1.479445e+17 	 1.519342e-05 	 1.865661e-06 	 -1000.0000 	 -1000.0000 	 -1000.0000 	 -1000.0000 
	 80.2450 	 4.710215e-04 	 175.9281 	  0.9880 	 1.940904e+19 	 1.438319e+17 	 1.506780e-05 	 1.872158e-06 	 -1000.0000 	 -1000.0000 	 -1000.0000 	 -1000.0000 
	 80.3930 	 4.637231e-04 	 175.7285 	  0.9862 	 1.912999e+19 	 1.417270e+17 	 1.498887e-05 	 1.874705e-06 	 -1000.0000 	 -1000.0000 	 -1000.0000 	 -1000.0000 
	 80.5410 	 4.565236e-04 	 175.5242 	  0.9844 	 1.885494e+19 	 1.396541e+17 	 1.490815e-05 	 1.877793e-06 	 -1000.0000 	 -1000.0000 	 -1000.0000 	 -1000.0000 
	 80.6890 	 4.494167e-04 	 175.3164 	  0.9829 	 1.858352e+19 	 1.376334e+17 	 1.483176e-05 	 1.882243e-06 	 -1000.0000 	 -1000.0000 	 -1000.0000 	 -1000.0000 
	 80.8370 	 4.423980e-04 	 175.1057 	  0.9817 	 1.831547e+19 	 1.356834e+17 	 1.476515e-05 	 1.888743e-06 	 -1000.0000 	 -1000.0000 	 -1000.0000 	 -1000.0000 
	 81.1350 	 4.285436e-04 	 174.6629 	  0.9815 	 1.778717e+19 	 1.320197e+17 	 1.467159e-05 	 1.908411e-06 	 -1000.0000 	 -1000.0000 	 -1000.0000 	 -1000.0000 
	 81.2830 	 4.218088e-04 	 174.4279 	  0.9828 	 1.753124e+19 	 1.303524e+17 	 1.464965e-05 	 1.921409e-06 	 -1000.0000 	 -1000.0000 	 -1000.0000 	 -1000.0000 
	 81.4310 	 4.151759e-04 	 174.1789 	  0.9853 	 1.728011e+19 	 1.288005e+17 	 1.464687e-05 	 1.936521e-06 	 -1000.0000 	 -1000.0000 	 -1000.0000 	 -1000.0000 
	 81.5790 	 4.086489e-04 	 173.9131 	  0.9892 	 1.703417e+19 	 1.273748e+17 	 1.466540e-05 	 1.953720e-06 	 -1000.0000 	 -1000.0000 	 -1000.0000 	 -1000.0000 
	 81.7270 	 4.022297e-04 	 173.6308 	  0.9944 	 1.679344e+19 	 1.260646e+17 	 1.470577e-05 	 1.972773e-06 	 -1000.0000 	 -1000.0000 	 -1000.0000 	 -1000.0000 
	 82.1560 	 3.841885e-04 	 172.8246 	  1.0064 	 1.611455e+19 	 1.221779e+17 	 1.490215e-05 	 2.030130e-06 	 -1000.0000 	 -1000.0000 	 -1000.0000 	 -1000.0000 
	 82.3040 	 3.781428e-04 	 172.5905 	  1.0058 	 1.588280e+19 	 1.205269e+17 	 1.498031e-05 	 2.047550e-06 	 -1000.0000 	 -1000.0000 	 -1000.0000 	 -1000.0000 
	 82.4510 	 3.722200e-04 	 172.4005 	  1.0008 	 1.565181e+19 	 1.185877e+17 	 1.505460e-05 	 2.062078e-06 	 -1000.0000 	 -1000.0000 	 -1000.0000 	 -1000.0000 
	 82.5990 	 3.663349e-04 	 172.2600 	  0.9907 	 1.541759e+19 	 1.162807e+17 	 1.512179e-05 	 2.073321e-06 	 -1000.0000 	 -1000.0000 	 -1000.0000 	 -1000.0000 
	 82.8980 	 3.546845e-04 	 172.0788 	  0.9607 	 1.494382e+19 	 1.109570e+17 	 1.523769e-05 	 2.090420e-06 	 -1000.0000 	 -1000.0000 	 -1000.0000 	 -1000.0000 
	 83.1940 	 3.434706e-04 	 171.9213 	  0.9312 	 1.448393e+19 	 1.057089e+17 	 1.533842e-05 	 2.110009e-06 	 -1000.0000 	 -1000.0000 	 -1000.0000 	 -1000.0000 
	 83.3410 	 3.380216e-04 	 171.8093 	  0.9213 	 1.426254e+19 	 1.034415e+17 	 1.538784e-05 	 2.124447e-06 	 -1000.0000 	 -1000.0000 	 -1000.0000 	 -1000.0000 
	 83.4890 	 3.326165e-04 	 171.6556 	  0.9166 	 1.404593e+19 	 1.015263e+17 	 1.543930e-05 	 2.143693e-06 	 -1000.0000 	 -1000.0000 	 -1000.0000 	 -1000.0000 
	 83.7720 	 3.225039e-04 	 171.2518 	  0.9205 	 1.364874e+19 	 9.880015e+16 	 1.554306e-05 	 2.192071e-06 	 -1000.0000 	 -1000.0000 	 -1000.0000 	 -1000.0000 
	 83.9190 	 3.173643e-04 	 170.9912 	  0.9279 	 1.345060e+19 	 9.778895e+16 	 1.559975e-05 	 2.221974e-06 	 -1000.0000 	 -1000.0000 	 -1000.0000 	 -1000.0000 
	 84.2140 	 3.072780e-04 	 170.3790 	  0.9506 	 1.306825e+19 	 9.638721e+16 	 1.571926e-05 	 2.288664e-06 	 -1000.0000 	 -1000.0000 	 -1000.0000 	 -1000.0000 
	 84.3610 	 3.023631e-04 	 170.0358 	  0.9644 	 1.288467e+19 	 9.591739e+16 	 1.578165e-05 	 2.323941e-06 	 -1000.0000 	 -1000.0000 	 -1000.0000 	 -1000.0000 
	 86.3720 	 2.419093e-04 	 164.5412 	  0.9546 	 1.065851e+19 	 8.209724e+16 	 1.672164e-05 	 2.590189e-06 	 -1000.0000 	 -1000.0000 	 -1000.0000 	 -1000.0000 
	 86.5190 	 2.379437e-04 	 164.1792 	  0.9295 	 1.050676e+19 	 7.980608e+16 	 1.678065e-05 	 2.583849e-06 	 -1000.0000 	 -1000.0000 	 -1000.0000 	 -1000.0000 
	 86.6660 	 2.340350e-04 	 163.8256 	  0.9069 	 1.035632e+19 	 7.762378e+16 	 1.683402e-05 	 2.579695e-06 	 -1000.0000 	 -1000.0000 	 -1000.0000 	 -1000.0000 
	 86.8140 	 2.301564e-04 	 163.4770 	  0.8890 	 1.020632e+19 	 7.565266e+16 	 1.688105e-05 	 2.579996e-06 	 -1000.0000 	 -1000.0000 	 -1000.0000 	 -1000.0000 
	 86.9610 	 2.263594e-04 	 163.1370 	  0.8777 	 1.005893e+19 	 7.400516e+16 	 1.692059e-05 	 2.586439e-06 	 -1000.0000 	 -1000.0000 	 -1000.0000 	 -1000.0000 
	 87.2450 	 2.191773e-04 	 162.4926 	  0.8723 	 9.778800e+18 	 7.163187e+16 	 1.697998e-05 	 2.614913e-06 	 -1000.0000 	 -1000.0000 	 -1000.0000 	 -1000.0000 
	 87.3920 	 2.155376e-04 	 162.1627 	  0.8766 	 9.636268e+18 	 7.075804e+16 	 1.700401e-05 	 2.636658e-06 	 -1000.0000 	 -1000.0000 	 -1000.0000 	 -1000.0000 
	 87.5390 	 2.119499e-04 	 161.8333 	  0.8848 	 9.495460e+18 	 7.008213e+16 	 1.702482e-05 	 2.662305e-06 	 -1000.0000 	 -1000.0000 	 -1000.0000 	 -1000.0000 
	 87.6860 	 2.084133e-04 	 161.5030 	  0.8960 	 9.356408e+18 	 6.957057e+16 	 1.704342e-05 	 2.691177e-06 	 -1000.0000 	 -1000.0000 	 -1000.0000 	 -1000.0000 
	 87.8330 	 2.049270e-04 	 161.1703 	  0.9095 	 9.219145e+18 	 6.918981e+16 	 1.706079e-05 	 2.722595e-06 	 -1000.0000 	 -1000.0000 	 -1000.0000 	 -1000.0000 
	 89.8690 	 1.613630e-04 	 155.6122 	  0.9297 	 7.516595e+18 	 5.969594e+16 	 1.761542e-05 	 3.034147e-06 	 -1000.0000 	 -1000.0000 	 -1000.0000 	 -1000.0000 
	 90.0150 	 1.585603e-04 	 155.1925 	  0.9072 	 7.406113e+18 	 5.809074e+16 	 1.768384e-05 	 3.029051e-06 	 -1000.0000 	 -1000.0000 	 -1000.0000 	 -1000.0000 
	 90.1620 	 1.557866e-04 	 154.8204 	  0.8880 	 7.294323e+18 	 5.657522e+16 	 1.774836e-05 	 3.022907e-06 	 -1000.0000 	 -1000.0000 	 -1000.0000 	 -1000.0000 
	 90.3080 	 1.530816e-04 	 154.5183 	  0.8747 	 7.182068e+18 	 5.526115e+16 	 1.780529e-05 	 3.017183e-06 	 -1000.0000 	 -1000.0000 	 -1000.0000 	 -1000.0000 
	 90.4550 	 1.504095e-04 	 154.2910 	  0.8687 	 7.067483e+18 	 5.419059e+16 	 1.785415e-05 	 3.012978e-06 	 -1000.0000 	 -1000.0000 	 -1000.0000 	 -1000.0000 
	 90.7330 	 1.454905e-04 	 154.0060 	  0.8730 	 6.849331e+18 	 5.271043e+16 	 1.793598e-05 	 3.010801e-06 	 -1000.0000 	 -1000.0000 	 -1000.0000 	 -1000.0000 
	 90.8790 	 1.429734e-04 	 153.8903 	  0.8801 	 6.735779e+18 	 5.211411e+16 	 1.798120e-05 	 3.013249e-06 	 -1000.0000 	 -1000.0000 	 -1000.0000 	 -1000.0000 
	 91.1700 	 1.380822e-04 	 153.6218 	  0.8955 	 6.516114e+18 	 5.102936e+16 	 1.809787e-05 	 3.026964e-06 	 -1000.0000 	 -1000.0000 	 -1000.0000 	 -1000.0000 
	 91.3160 	 1.356869e-04 	 153.4287 	  0.9008 	 6.410905e+18 	 5.043790e+16 	 1.817697e-05 	 3.038682e-06 	 -1000.0000 	 -1000.0000 	 -1000.0000 	 -1000.0000 
	 91.6130 	 1.309279e-04 	 152.9141 	  0.9058 	 6.206771e+18 	 4.911092e+16 	 1.836659e-05 	 3.070381e-06 	 -1000.0000 	 -1000.0000 	 -1000.0000 	 -1000.0000 
	 91.7590 	 1.286417e-04 	 152.6181 	  0.9065 	 6.110315e+18 	 4.842650e+16 	 1.846290e-05 	 3.088461e-06 	 -1000.0000 	 -1000.0000 	 -1000.0000 	 -1000.0000 
	 91.9050 	 1.263889e-04 	 152.3049 	  0.9067 	 6.015785e+18 	 4.773989e+16 	 1.855333e-05 	 3.107257e-06 	 -1000.0000 	 -1000.0000 	 -1000.0000 	 -1000.0000 
	 92.1960 	 1.219938e-04 	 151.6620 	  0.9075 	 5.831283e+18 	 4.641671e+16 	 1.869655e-05 	 3.144606e-06 	 -1000.0000 	 -1000.0000 	 -1000.0000 	 -1000.0000 
	 92.4830 	 1.177843e-04 	 151.0606 	  0.9096 	 5.652371e+18 	 4.517483e+16 	 1.881458e-05 	 3.183667e-06 	 -1000.0000 	 -1000.0000 	 -1000.0000 	 -1000.0000 
	 92.6290 	 1.156932e-04 	 150.7895 	  0.9109 	 5.561976e+18 	 4.454832e+16 	 1.888992e-05 	 3.206831e-06 	 -1000.0000 	 -1000.0000 	 -1000.0000 	 -1000.0000 
	 92.7750 	 1.136374e-04 	 150.5542 	  0.9122 	 5.471715e+18 	 4.391453e+16 	 1.898904e-05 	 3.233568e-06 	 -1000.0000 	 -1000.0000 	 -1000.0000 	 -1000.0000 
	 92.9200 	 1.116318e-04 	 150.3650 	  0.9133 	 5.381990e+18 	 4.326980e+16 	 1.912071e-05 	 3.264614e-06 	 -1000.0000 	 -1000.0000 	 -1000.0000 	 -1000.0000 
	 93.3560 	 1.058203e-04 	 150.0689 	  0.9146 	 5.112086e+18 	 4.121924e+16 	 1.973700e-05 	 3.385225e-06 	 -1000.0000 	 -1000.0000 	 -1000.0000 	 -1000.0000 
	 93.5020 	 1.039453e-04 	 150.0314 	  0.9145 	 5.022730e+18 	 4.051077e+16 	 1.999650e-05 	 3.431500e-06 	 -1000.0000 	 -1000.0000 	 -1000.0000 	 -1000.0000 
	 93.6470 	 1.021171e-04 	 150.0084 	  0.9140 	 4.935070e+18 	 3.980525e+16 	 2.026952e-05 	 3.478662e-06 	 -1000.0000 	 -1000.0000 	 -1000.0000 	 -1000.0000 
	 93.7930 	 1.003098e-04 	 149.9896 	  0.9133 	 4.848243e+18 	 3.909835e+16 	 2.055356e-05 	 3.526367e-06 	 -1000.0000 	 -1000.0000 	 -1000.0000 	 -1000.0000 
	 93.9380 	 9.854694e-05 	 149.9661 	  0.9122 	 4.763734e+18 	 3.840483e+16 	 2.084137e-05 	 3.573359e-06 	 -1000.0000 	 -1000.0000 	 -1000.0000 	 -1000.0000 
