	 height_(km) 	 press_(mbar) 	 temp_(K) 	 temperr_(K) 	 numdens_(m-3) 	 numdenserr_(m-3) 	 H2Ovmr_() 	 H2Ovmrerr_() 	 D/H_(VSMOW) 	 D/Herr_(VSMOW) 	 18O/16O_(VSMOW) 	 18O/16Oerr_(VSMOW) 
	 19.3270 	 5.445106e-01 	 161.7778 	  1.5080 	 2.439971e+22 	 2.384141e+20 	 3.186714e-05 	 7.507996e+03 	 -1000.0000 	 -1000.0000 	 -1000.0000 	 -1000.0000 
	 19.4710 	 5.352787e-01 	 162.4860 	  1.5118 	 2.388149e+22 	 2.328265e+20 	 3.252105e-05 	 7.432788e+03 	 -1000.0000 	 -1000.0000 	 -1000.0000 	 -1000.0000 
	 19.6160 	 5.261373e-01 	 163.3161 	  1.5147 	 2.335475e+22 	 2.268658e+20 	 2.483655e-05 	 7.357277e-06 	 -1000.0000 	 -1000.0000 	 -1000.0000 	 -1000.0000 
	 19.7600 	 5.172093e-01 	 164.2493 	  1.5164 	 2.282880e+22 	 2.206451e+20 	 2.663813e-05 	 7.324328e-06 	 -1000.0000 	 -1000.0000 	 -1000.0000 	 -1000.0000 
	 19.9040 	 5.084454e-01 	 165.2765 	  1.5156 	 2.230315e+22 	 2.140755e+20 	 2.860060e-05 	 7.303798e-06 	 -1000.0000 	 -1000.0000 	 -1000.0000 	 -1000.0000 
	 20.1970 	 4.911899e-01 	 167.5931 	  1.5003 	 2.124812e+22 	 1.993835e+20 	 3.316000e-05 	 7.308933e-06 	 -1000.0000 	 -1000.0000 	 -1000.0000 	 -1000.0000 
	 20.3410 	 4.830268e-01 	 168.8118 	  1.4833 	 2.074341e+22 	 1.913905e+20 	 3.571675e-05 	 7.341209e-06 	 -1000.0000 	 -1000.0000 	 -1000.0000 	 -1000.0000 
	 20.4860 	 4.750411e-01 	 170.0717 	  1.4578 	 2.024883e+22 	 1.827479e+20 	 3.851757e-05 	 7.399805e-06 	 -1000.0000 	 -1000.0000 	 -1000.0000 	 -1000.0000 
	 20.6300 	 4.673473e-01 	 171.3401 	  1.4238 	 1.977342e+22 	 1.736119e+20 	 4.151615e-05 	 7.473114e-06 	 -1000.0000 	 -1000.0000 	 -1000.0000 	 -1000.0000 
	 21.0570 	 4.457388e-01 	 175.0602 	  1.2881 	 1.845875e+22 	 1.453586e+20 	 5.127046e-05 	 7.619396e-06 	  4.1969 	  0.7569 	 -1000.0000 	 -1000.0000 
	 21.2010 	 4.387928e-01 	 176.2530 	  1.2359 	 1.804799e+22 	 1.361731e+20 	 5.460140e-05 	 7.565552e-06 	  4.1172 	  0.6967 	 -1000.0000 	 -1000.0000 
	 21.3460 	 4.319391e-01 	 177.3983 	  1.1831 	 1.765124e+22 	 1.274723e+20 	 5.781521e-05 	 7.410936e-06 	  4.0552 	  0.6403 	 -1000.0000 	 -1000.0000 
	 21.4900 	 4.252584e-01 	 178.4699 	  1.1318 	 1.727389e+22 	 1.195314e+20 	 6.077344e-05 	 7.152411e-06 	  4.0113 	  0.5882 	 -1000.0000 	 -1000.0000 
	 21.6340 	 4.187002e-01 	 179.4728 	  1.0831 	 1.691257e+22 	 1.123193e+20 	 6.342151e-05 	 6.791384e-06 	  3.9843 	  0.5396 	 -1000.0000 	 -1000.0000 
	 21.9170 	 4.061627e-01 	 181.2354 	  1.0003 	 1.624683e+22 	 1.003410e+20 	 6.752965e-05 	 5.834616e-06 	  3.9735 	  0.4542 	 -1000.0000 	 -1000.0000 
	 22.0610 	 3.999586e-01 	 182.0220 	  0.9674 	 1.592946e+22 	 9.539981e+19 	 6.899293e-05 	 5.262965e-06 	  3.9860 	  0.4159 	  1.2664 	  0.1334 
	 22.2060 	 3.938289e-01 	 182.7358 	  0.9425 	 1.562362e+22 	 9.123520e+19 	 7.001896e-05 	 4.658855e-06 	  4.0084 	  0.3813 	  1.2607 	  0.1213 
	 22.3500 	 3.878560e-01 	 183.3672 	  0.9264 	 1.533289e+22 	 8.788657e+19 	 7.060829e-05 	 4.070655e-06 	  4.0384 	  0.3515 	  1.2577 	  0.1109 
	 22.4940 	 3.819938e-01 	 183.9256 	  0.9179 	 1.505435e+22 	 8.523328e+19 	 7.080422e-05 	 3.746703e-06 	  4.0739 	  0.3348 	  1.2569 	  0.1050 
	 22.9240 	 3.651141e-01 	 185.2074 	  0.9258 	 1.428766e+22 	 8.048628e+19 	 6.961833e-05 	 3.443549e-06 	  4.1932 	  0.3213 	  1.2625 	  0.0991 
	 23.0680 	 3.596595e-01 	 185.5237 	  0.9356 	 1.405018e+22 	 7.963795e+19 	 6.887287e-05 	 3.379085e-06 	  4.2309 	  0.3210 	  1.2654 	  0.0986 
	 23.2120 	 3.542985e-01 	 185.7913 	  0.9469 	 1.382111e+22 	 7.899991e+19 	 6.807256e-05 	 3.332513e-06 	  4.2642 	  0.3220 	  1.2678 	  0.0986 
	 23.3550 	 3.490642e-01 	 186.0138 	  0.9585 	 1.360119e+22 	 7.847836e+19 	 6.727845e-05 	 3.302074e-06 	  4.2920 	  0.3242 	  1.2696 	  0.0989 
	 24.4840 	 3.105270e-01 	 186.8299 	  0.9575 	 1.204914e+22 	 6.961763e+19 	 6.355096e-05 	 3.334905e-06 	  4.3150 	  0.3773 	  1.2564 	  0.1049 
	 24.6270 	 3.059815e-01 	 186.8972 	  0.9488 	 1.186844e+22 	 6.799339e+19 	 6.358946e-05 	 3.437420e-06 	  4.2962 	  0.3829 	  1.2526 	  0.1061 
	 24.7700 	 3.015124e-01 	 186.9771 	  0.9421 	 1.169019e+22 	 6.650881e+19 	 6.377906e-05 	 3.679341e-06 	  4.2733 	  0.3912 	  1.2486 	  0.1088 
	 24.9140 	 2.970883e-01 	 187.0707 	  0.9381 	 1.151309e+22 	 6.520931e+19 	 6.411529e-05 	 3.922526e-06 	  4.2470 	  0.3972 	  1.2443 	  0.1111 
	 25.0570 	 2.927666e-01 	 187.1646 	  0.9365 	 1.134010e+22 	 6.408970e+19 	 6.457319e-05 	 4.158516e-06 	  4.2187 	  0.4015 	  1.2402 	  0.1132 
	 25.3470 	 2.842025e-01 	 187.3013 	  0.9381 	 1.100033e+22 	 6.220522e+19 	 6.575193e-05 	 4.573064e-06 	  4.1602 	  0.4054 	  1.2323 	  0.1160 
	 25.4900 	 2.800690e-01 	 187.3143 	  0.9401 	 1.083937e+22 	 6.139904e+19 	 6.637393e-05 	 4.719316e-06 	  4.1337 	  0.4051 	  1.2287 	  0.1165 
	 25.6330 	 2.759887e-01 	 187.2730 	  0.9422 	 1.068350e+22 	 6.062976e+19 	 6.696089e-05 	 4.812585e-06 	  4.1111 	  0.4033 	  1.2257 	  0.1164 
	 25.9190 	 2.679798e-01 	 187.0324 	  0.9451 	 1.038635e+22 	 5.911882e+19 	 6.788660e-05 	 4.860385e-06 	  4.0821 	  0.3972 	  1.2219 	  0.1150 
	 26.2040 	 2.602064e-01 	 186.6924 	  0.9460 	 1.010355e+22 	 5.759617e+19 	 6.831084e-05 	 4.769411e-06 	  4.0794 	  0.3895 	  1.2220 	  0.1130 
	 26.3470 	 2.563867e-01 	 186.5274 	  0.9456 	 9.964300e+21 	 5.680732e+19 	 6.829947e-05 	 4.680715e-06 	  4.0891 	  0.3849 	  1.2244 	  0.1120 
	 26.4900 	 2.526223e-01 	 186.3890 	  0.9446 	 9.825547e+21 	 5.599204e+19 	 6.813455e-05 	 4.556906e-06 	  4.1061 	  0.3793 	  1.2286 	  0.1109 
	 26.6340 	 2.488879e-01 	 186.2877 	  0.9430 	 9.685737e+21 	 5.514568e+19 	 6.782564e-05 	 4.397643e-06 	  4.1299 	  0.3722 	  1.2349 	  0.1096 
	 27.0670 	 2.379876e-01 	 186.1716 	  0.9405 	 9.267270e+21 	 5.266325e+19 	 6.631107e-05 	 3.787274e-06 	  4.2218 	  0.3480 	  1.2614 	  0.1052 
	 27.2100 	 2.344921e-01 	 186.1782 	  0.9424 	 9.130722e+21 	 5.194015e+19 	 6.574430e-05 	 3.596644e-06 	  4.2499 	  0.3436 	  1.2700 	  0.1038 
	 27.3530 	 2.310465e-01 	 186.1987 	  0.9467 	 8.995497e+21 	 5.130272e+19 	 6.520795e-05 	 3.438713e-06 	  4.2725 	  0.3401 	  1.2770 	  0.1027 
	 27.4960 	 2.276496e-01 	 186.2287 	  0.9535 	 8.861826e+21 	 5.075996e+19 	 6.472867e-05 	 3.325539e-06 	  4.2878 	  0.3379 	  1.2812 	  0.1020 
	 27.6390 	 2.243012e-01 	 186.2660 	  0.9622 	 8.729798e+21 	 5.029331e+19 	 6.432116e-05 	 3.267486e-06 	  4.2957 	  0.3374 	  1.2822 	  0.1016 
	 27.9270 	 2.177033e-01 	 186.3541 	  0.9831 	 8.469168e+21 	 4.949542e+19 	 6.371211e-05 	 3.307427e-06 	  4.2923 	  0.3489 	  1.2749 	  0.1022 
	 28.0700 	 2.144989e-01 	 186.4000 	  0.9939 	 8.342521e+21 	 4.912551e+19 	 6.350898e-05 	 3.392881e-06 	  4.2834 	  0.3584 	  1.2676 	  0.1031 
	 28.2130 	 2.113415e-01 	 186.4444 	  1.0039 	 8.217802e+21 	 4.874369e+19 	 6.336456e-05 	 3.511593e-06 	  4.2712 	  0.3697 	  1.2586 	  0.1043 
	 28.3560 	 2.082309e-01 	 186.4851 	  1.0127 	 8.095082e+21 	 4.832804e+19 	 6.327404e-05 	 3.650341e-06 	  4.2566 	  0.3819 	  1.2486 	  0.1058 
	 28.4990 	 2.051667e-01 	 186.5200 	  1.0195 	 7.974433e+21 	 4.785662e+19 	 6.323772e-05 	 3.792660e-06 	  4.2401 	  0.3943 	  1.2380 	  0.1073 
	 29.6300 	 1.825184e-01 	 186.3541 	  0.9576 	 7.100110e+21 	 4.060105e+19 	 6.448953e-05 	 4.441698e-06 	  4.0860 	  0.4604 	  1.1581 	  0.1120 
	 29.7730 	 1.798453e-01 	 186.2553 	  0.9441 	 6.999869e+21 	 3.954525e+19 	 6.472995e-05 	 4.464979e-06 	  4.0722 	  0.4656 	  1.1508 	  0.1118 
	 29.9150 	 1.772300e-01 	 186.1366 	  0.9343 	 6.902531e+21 	 3.863211e+19 	 6.496596e-05 	 4.469379e-06 	  4.0615 	  0.4699 	  1.1446 	  0.1113 
	 30.0580 	 1.746348e-01 	 185.9951 	  0.9289 	 6.806694e+21 	 3.788320e+19 	 6.520248e-05 	 4.450891e-06 	  4.0539 	  0.4732 	  1.1393 	  0.1106 
	 30.2000 	 1.720946e-01 	 185.8312 	  0.9277 	 6.713669e+21 	 3.729215e+19 	 6.543932e-05 	 4.407682e-06 	  4.0494 	  0.4754 	  1.1351 	  0.1096 
	 30.4940 	 1.669465e-01 	 185.4106 	  0.9348 	 6.527734e+21 	 3.644768e+19 	 6.597870e-05 	 4.271686e-06 	  4.0483 	  0.4773 	  1.1293 	  0.1071 
	 30.6360 	 1.645110e-01 	 185.1646 	  0.9413 	 6.441091e+21 	 3.617275e+19 	 6.629101e-05 	 4.206375e-06 	  4.0506 	  0.4777 	  1.1278 	  0.1059 
	 30.9200 	 1.597331e-01 	 184.5801 	  0.9565 	 6.273841e+21 	 3.576046e+19 	 6.705232e-05 	 4.155174e-06 	  4.0585 	  0.4805 	  1.1275 	  0.1047 
	 31.0620 	 1.573880e-01 	 184.2383 	  0.9637 	 6.193180e+21 	 3.557487e+19 	 6.750398e-05 	 4.196878e-06 	  4.0633 	  0.4837 	  1.1288 	  0.1050 
	 32.1940 	 1.396112e-01 	 180.3015 	  0.9400 	 5.613202e+21 	 3.218343e+19 	 7.163166e-05 	 5.638914e-06 	  4.1013 	  0.5296 	  1.1676 	  0.1227 
	 32.3360 	 1.375031e-01 	 179.7522 	  0.9322 	 5.545426e+21 	 3.163433e+19 	 7.203448e-05 	 5.791277e-06 	  4.1034 	  0.5323 	  1.1746 	  0.1249 
	 32.4780 	 1.354277e-01 	 179.2311 	  0.9270 	 5.477712e+21 	 3.115804e+19 	 7.237094e-05 	 5.890649e-06 	  4.1042 	  0.5328 	  1.1816 	  0.1264 
	 32.6200 	 1.333857e-01 	 178.7460 	  0.9251 	 5.409849e+21 	 3.077164e+19 	 7.263090e-05 	 5.927495e-06 	  4.1039 	  0.5307 	  1.1885 	  0.1271 
	 32.7620 	 1.313750e-01 	 178.2935 	  0.9259 	 5.341884e+21 	 3.045702e+19 	 7.280857e-05 	 5.902399e-06 	  4.1025 	  0.5266 	  1.1951 	  0.1271 
	 33.0470 	 1.274248e-01 	 177.4638 	  0.9323 	 5.205478e+21 	 2.995192e+19 	 7.296809e-05 	 5.767640e-06 	  4.0958 	  0.5177 	  1.2066 	  0.1259 
	 33.1890 	 1.254944e-01 	 177.0798 	  0.9363 	 5.137671e+21 	 2.971822e+19 	 7.299367e-05 	 5.704640e-06 	  4.0906 	  0.5138 	  1.2114 	  0.1253 
	 33.3300 	 1.235994e-01 	 176.7114 	  0.9397 	 5.070547e+21 	 2.946848e+19 	 7.302701e-05 	 5.660909e-06 	  4.0844 	  0.5098 	  1.2155 	  0.1249 
	 33.4720 	 1.217116e-01 	 176.3519 	  0.9422 	 5.003180e+21 	 2.918496e+19 	 7.312656e-05 	 5.657295e-06 	  4.0769 	  0.5057 	  1.2188 	  0.1248 
	 33.6130 	 1.198584e-01 	 176.0123 	  0.9438 	 4.936431e+21 	 2.887650e+19 	 7.334574e-05 	 5.705187e-06 	  4.0684 	  0.5016 	  1.2210 	  0.1252 
	 33.9070 	 1.160678e-01 	 175.3908 	  0.9460 	 4.797247e+21 	 2.818009e+19 	 7.430700e-05 	 5.895281e-06 	  4.0554 	  0.4928 	  1.2237 	  0.1264 
	 34.0490 	 1.142750e-01 	 175.1475 	  0.9471 	 4.729796e+21 	 2.783395e+19 	 7.505358e-05 	 6.015997e-06 	  4.0548 	  0.4914 	  1.2249 	  0.1270 
	 34.1900 	 1.125211e-01 	 174.9522 	  0.9487 	 4.662531e+21 	 2.749426e+19 	 7.599648e-05 	 6.203649e-06 	  4.0589 	  0.4961 	  1.2261 	  0.1283 
	 34.3320 	 1.107816e-01 	 174.8020 	  0.9510 	 4.594541e+21 	 2.716284e+19 	 7.713112e-05 	 6.511445e-06 	  4.0678 	  0.5087 	  1.2278 	  0.1308 
	 34.4730 	 1.090805e-01 	 174.6854 	  0.9541 	 4.527114e+21 	 2.684900e+19 	 7.841436e-05 	 6.980636e-06 	  4.0795 	  0.5298 	  1.2297 	  0.1352 
	 34.8990 	 1.040918e-01 	 174.3759 	  0.9697 	 4.327581e+21 	 2.603781e+19 	 8.269322e-05 	 9.246195e-06 	  4.1049 	  0.6254 	 -1000.0000 	 -1000.0000 
	 35.0400 	 1.024880e-01 	 174.2365 	  0.9773 	 4.264139e+21 	 2.582943e+19 	 8.380888e-05 	 9.916593e-06 	  4.1107 	  0.6545 	 -1000.0000 	 -1000.0000 
	 35.1820 	 1.008956e-01 	 174.0570 	  0.9862 	 4.202036e+21 	 2.565354e+19 	 8.453691e-05 	 1.037477e-05 	  4.1178 	  0.6784 	 -1000.0000 	 -1000.0000 
	 35.3230 	 9.933664e-02 	 173.8414 	  0.9959 	 4.142079e+21 	 2.550471e+19 	 8.479617e-05 	 1.057935e-05 	  4.1258 	  0.6971 	 -1000.0000 	 -1000.0000 
	 35.6170 	 9.615566e-02 	 173.2873 	  1.0168 	 4.022057e+21 	 2.523735e+19 	 8.379150e-05 	 1.021098e-05 	  4.1424 	  0.7250 	 -1000.0000 	 -1000.0000 
	 35.9000 	 9.318037e-02 	 172.6437 	  1.0350 	 3.912134e+21 	 2.497154e+19 	 8.111178e-05 	 9.099598e-06 	  4.1451 	  0.7443 	 -1000.0000 	 -1000.0000 
	 36.0420 	 9.171866e-02 	 172.2887 	  1.0422 	 3.858766e+21 	 2.481161e+19 	 7.925942e-05 	 8.400962e-06 	  4.1372 	  0.7541 	 -1000.0000 	 -1000.0000 
	 36.1830 	 9.028742e-02 	 171.9195 	  1.0476 	 3.806807e+21 	 2.462306e+19 	 7.710513e-05 	 7.693784e-06 	  4.1236 	  0.7656 	 -1000.0000 	 -1000.0000 
	 37.3100 	 7.953443e-02 	 168.8389 	  0.9943 	 3.414914e+21 	 2.138084e+19 	 5.031102e-05 	 3.544919e-06 	  3.9571 	  0.9016 	 -1000.0000 	 -1000.0000 
	 37.4510 	 7.827233e-02 	 168.5298 	  0.9827 	 3.366902e+21 	 2.088703e+19 	 4.631207e-05 	 3.192789e-06 	  3.9404 	  0.9154 	 -1000.0000 	 -1000.0000 
	 37.5930 	 7.701972e-02 	 168.2632 	  0.9738 	 3.318307e+21 	 2.044103e+19 	 4.232460e-05 	 2.838280e-06 	  3.9264 	  0.9275 	 -1000.0000 	 -1000.0000 
	 37.7340 	 7.579415e-02 	 168.0467 	  0.9683 	 3.269760e+21 	 2.006458e+19 	 3.849178e-05 	 2.490000e-06 	  3.9157 	  0.9395 	 -1000.0000 	 -1000.0000 
	 37.8750 	 7.458657e-02 	 167.8699 	  0.9662 	 3.221088e+21 	 1.974947e+19 	 3.488087e-05 	 2.170984e-06 	  3.9086 	  0.9530 	 -1000.0000 	 -1000.0000 
	 38.1700 	 7.211736e-02 	 167.5850 	  0.9706 	 3.119736e+21 	 1.925373e+19 	 2.841977e-05 	 1.715995e-06 	  3.9063 	  0.9999 	 -1000.0000 	 -1000.0000 
	 38.3110 	 7.096415e-02 	 167.4682 	  0.9763 	 3.071945e+21 	 1.907824e+19 	 2.596610e-05 	 1.623267e-06 	 -1000.0000 	 -1000.0000 	 -1000.0000 	 -1000.0000 
	 38.4530 	 6.982012e-02 	 167.3496 	  0.9837 	 3.024519e+21 	 1.893075e+19 	 2.392482e-05 	 1.613780e-06 	 -1000.0000 	 -1000.0000 	 -1000.0000 	 -1000.0000 
	 38.5940 	 6.870131e-02 	 167.2245 	  0.9923 	 2.978252e+21 	 1.880506e+19 	 2.230270e-05 	 1.658589e-06 	 -1000.0000 	 -1000.0000 	 -1000.0000 	 -1000.0000 
	 38.7350 	 6.759967e-02 	 167.0925 	  1.0017 	 2.932799e+21 	 1.869127e+19 	 2.104463e-05 	 1.711852e-06 	 -1000.0000 	 -1000.0000 	 -1000.0000 	 -1000.0000 
	 39.0130 	 6.547837e-02 	 166.8168 	  1.0201 	 2.845479e+21 	 1.846759e+19 	 1.941338e-05 	 1.761803e-06 	 -1000.0000 	 -1000.0000 	 -1000.0000 	 -1000.0000 
	 39.1540 	 6.442839e-02 	 166.6715 	  1.0282 	 2.802310e+21 	 1.833710e+19 	 1.889976e-05 	 1.772543e-06 	 -1000.0000 	 -1000.0000 	 -1000.0000 	 -1000.0000 
	 39.2950 	 6.339600e-02 	 166.5240 	  1.0347 	 2.759862e+21 	 1.818347e+19 	 1.853136e-05 	 1.778970e-06 	 -1000.0000 	 -1000.0000 	 -1000.0000 	 -1000.0000 
	 39.4360 	 6.238110e-02 	 166.3759 	  1.0393 	 2.718104e+21 	 1.800184e+19 	 1.826954e-05 	 1.782558e-06 	 -1000.0000 	 -1000.0000 	 -1000.0000 	 -1000.0000 
	 39.5770 	 6.138302e-02 	 166.2292 	  1.0424 	 2.676978e+21 	 1.779775e+19 	 1.808836e-05 	 1.792107e-06 	 -1000.0000 	 -1000.0000 	 -1000.0000 	 -1000.0000 
	 40.0140 	 5.838847e-02 	 165.8077 	  1.0474 	 2.552854e+21 	 1.710067e+19 	 1.799993e-05 	 1.964537e-06 	 -1000.0000 	 -1000.0000 	 -1000.0000 	 -1000.0000 
	 40.1550 	 5.745153e-02 	 165.6900 	  1.0493 	 2.513667e+21 	 1.688014e+19 	 1.814991e-05 	 2.072830e-06 	 -1000.0000 	 -1000.0000 	 -1000.0000 	 -1000.0000 
	 40.2960 	 5.652776e-02 	 165.5854 	  1.0521 	 2.474800e+21 	 1.667118e+19 	 1.840158e-05 	 2.206505e-06 	 -1000.0000 	 -1000.0000 	 -1000.0000 	 -1000.0000 
	 40.4370 	 5.561697e-02 	 165.4970 	  1.0555 	 2.436216e+21 	 1.647146e+19 	 1.875817e-05 	 2.356892e-06 	 -1000.0000 	 -1000.0000 	 -1000.0000 	 -1000.0000 
	 40.7270 	 5.378407e-02 	 165.3807 	  1.0639 	 2.357586e+21 	 1.607555e+19 	 1.978599e-05 	 2.668227e-06 	 -1000.0000 	 -1000.0000 	 -1000.0000 	 -1000.0000 
	 41.0080 	 5.205901e-02 	 165.3746 	  1.0727 	 2.282078e+21 	 1.568838e+19 	 2.104235e-05 	 2.947198e-06 	 -1000.0000 	 -1000.0000 	 -1000.0000 	 -1000.0000 
	 41.1480 	 5.121824e-02 	 165.4178 	  1.0769 	 2.244646e+21 	 1.548668e+19 	 2.170989e-05 	 3.069688e-06 	 -1000.0000 	 -1000.0000 	 -1000.0000 	 -1000.0000 
	 41.2880 	 5.039065e-02 	 165.4922 	  1.0807 	 2.207392e+21 	 1.527742e+19 	 2.237470e-05 	 3.178246e-06 	 -1000.0000 	 -1000.0000 	 -1000.0000 	 -1000.0000 
	 41.5700 	 4.876670e-02 	 165.7343 	  1.0870 	 2.133133e+21 	 1.483022e+19 	 2.360824e-05 	 3.343517e-06 	 -1000.0000 	 -1000.0000 	 -1000.0000 	 -1000.0000 
	 41.7100 	 4.798338e-02 	 165.8990 	  1.0890 	 2.096778e+21 	 1.459407e+19 	 2.411648e-05 	 3.382440e-06 	 -1000.0000 	 -1000.0000 	 -1000.0000 	 -1000.0000 
	 41.9900 	 4.646558e-02 	 166.3139 	  1.0903 	 2.025369e+21 	 1.409081e+19 	 2.479892e-05 	 3.321449e-06 	 -1000.0000 	 -1000.0000 	 -1000.0000 	 -1000.0000 
	 42.1300 	 4.573019e-02 	 166.5626 	  1.0896 	 1.990329e+21 	 1.382492e+19 	 2.493481e-05 	 3.208181e-06 	 -1000.0000 	 -1000.0000 	 -1000.0000 	 -1000.0000 
	 42.4270 	 4.421456e-02 	 167.1771 	  1.0854 	 1.917281e+21 	 1.323810e+19 	 2.477383e-05 	 2.836323e-06 	 -1000.0000 	 -1000.0000 	 -1000.0000 	 -1000.0000 
	 42.5670 	 4.351815e-02 	 167.5059 	  1.0824 	 1.883384e+21 	 1.295415e+19 	 2.451413e-05 	 2.619837e-06 	 -1000.0000 	 -1000.0000 	 -1000.0000 	 -1000.0000 
	 42.7080 	 4.282657e-02 	 167.8613 	  1.0788 	 1.849546e+21 	 1.266564e+19 	 2.415729e-05 	 2.383421e-06 	 -1000.0000 	 -1000.0000 	 -1000.0000 	 -1000.0000 
	 42.9880 	 4.148121e-02 	 168.6251 	  1.0709 	 1.783374e+21 	 1.209576e+19 	 2.325523e-05 	 1.882106e-06 	 -1000.0000 	 -1000.0000 	 -1000.0000 	 -1000.0000 
	 43.2700 	 4.016999e-02 	 169.4287 	  1.0640 	 1.718809e+21 	 1.155170e+19 	 2.224041e-05 	 1.404288e-06 	 -1000.0000 	 -1000.0000 	 -1000.0000 	 -1000.0000 
	 43.4100 	 3.953779e-02 	 169.8238 	  1.0618 	 1.687804e+21 	 1.130251e+19 	 2.174220e-05 	 1.210939e-06 	 -1000.0000 	 -1000.0000 	 -1000.0000 	 -1000.0000 
	 43.5500 	 3.891934e-02 	 170.2074 	  1.0608 	 1.657640e+21 	 1.107237e+19 	 2.126577e-05 	 1.174876e-06 	 -1000.0000 	 -1000.0000 	 -1000.0000 	 -1000.0000 
	 43.6900 	 3.831498e-02 	 170.5745 	  1.0613 	 1.628376e+21 	 1.086333e+19 	 2.081867e-05 	 1.165901e-06 	 -1000.0000 	 -1000.0000 	 -1000.0000 	 -1000.0000 
	 44.1200 	 3.653375e-02 	 171.5873 	  1.0698 	 1.543517e+21 	 1.032621e+19 	 1.963487e-05 	 1.138770e-06 	 -1000.0000 	 -1000.0000 	 -1000.0000 	 -1000.0000 
	 44.2600 	 3.597353e-02 	 171.8772 	  1.0741 	 1.517290e+21 	 1.017544e+19 	 1.930779e-05 	 1.130394e-06 	 -1000.0000 	 -1000.0000 	 -1000.0000 	 -1000.0000 
	 44.4000 	 3.542069e-02 	 172.1461 	  1.0789 	 1.491638e+21 	 1.003156e+19 	 1.900633e-05 	 1.122514e-06 	 -1000.0000 	 -1000.0000 	 -1000.0000 	 -1000.0000 
	 44.5400 	 3.487440e-02 	 172.3947 	  1.0838 	 1.466508e+21 	 9.891787e+18 	 1.872873e-05 	 1.115397e-06 	 -1000.0000 	 -1000.0000 	 -1000.0000 	 -1000.0000 
	 44.6800 	 3.433524e-02 	 172.6266 	  1.0885 	 1.441888e+21 	 9.753684e+18 	 1.847415e-05 	 1.109282e-06 	 -1000.0000 	 -1000.0000 	 -1000.0000 	 -1000.0000 
	 44.9730 	 3.323362e-02 	 173.0772 	  1.0964 	 1.391991e+21 	 9.459535e+18 	 1.800494e-05 	 1.099413e-06 	 -1000.0000 	 -1000.0000 	 -1000.0000 	 -1000.0000 
	 45.1130 	 3.272176e-02 	 173.2849 	  1.0984 	 1.368916e+21 	 9.311513e+18 	 1.780388e-05 	 1.095915e-06 	 -1000.0000 	 -1000.0000 	 -1000.0000 	 -1000.0000 
	 45.2520 	 3.222395e-02 	 173.4920 	  1.0989 	 1.346489e+21 	 9.156570e+18 	 1.761563e-05 	 1.093005e-06 	 -1000.0000 	 -1000.0000 	 -1000.0000 	 -1000.0000 
	 45.3920 	 3.173329e-02 	 173.7038 	  1.0976 	 1.324377e+21 	 8.991666e+18 	 1.743453e-05 	 1.090429e-06 	 -1000.0000 	 -1000.0000 	 -1000.0000 	 -1000.0000 
	 45.5320 	 3.125256e-02 	 173.9174 	  1.0950 	 1.302715e+21 	 8.820257e+18 	 1.725870e-05 	 1.097198e-06 	 -1000.0000 	 -1000.0000 	 -1000.0000 	 -1000.0000 
	 45.9530 	 2.985670e-02 	 174.5488 	  1.0825 	 1.240019e+21 	 8.293416e+18 	 1.675531e-05 	 1.257582e-06 	 -1000.0000 	 -1000.0000 	 -1000.0000 	 -1000.0000 
	 46.0920 	 2.940896e-02 	 174.7468 	  1.0781 	 1.220033e+21 	 8.124868e+18 	 1.659949e-05 	 1.311573e-06 	 -1000.0000 	 -1000.0000 	 -1000.0000 	 -1000.0000 
	 46.2320 	 2.896327e-02 	 174.9379 	  1.0740 	 1.200227e+21 	 7.961693e+18 	 1.644967e-05 	 1.362619e-06 	 -1000.0000 	 -1000.0000 	 -1000.0000 	 -1000.0000 
	 46.3720 	 2.852315e-02 	 175.1197 	  1.0704 	 1.180760e+21 	 7.805180e+18 	 1.630874e-05 	 1.408663e-06 	 -1000.0000 	 -1000.0000 	 -1000.0000 	 -1000.0000 
	 46.6670 	 2.761587e-02 	 175.4690 	  1.0640 	 1.140928e+21 	 7.495904e+18 	 1.604622e-05 	 1.485721e-06 	 -1000.0000 	 -1000.0000 	 -1000.0000 	 -1000.0000 
	 46.9450 	 2.678884e-02 	 175.7510 	  1.0594 	 1.104991e+21 	 7.227939e+18 	 1.584716e-05 	 1.529299e-06 	 -1000.0000 	 -1000.0000 	 -1000.0000 	 -1000.0000 
	 47.0840 	 2.638637e-02 	 175.8725 	  1.0575 	 1.087645e+21 	 7.101743e+18 	 1.576657e-05 	 1.538980e-06 	 -1000.0000 	 -1000.0000 	 -1000.0000 	 -1000.0000 
	 47.2230 	 2.599114e-02 	 175.9781 	  1.0558 	 1.070716e+21 	 6.980230e+18 	 1.569867e-05 	 1.539969e-06 	 -1000.0000 	 -1000.0000 	 -1000.0000 	 -1000.0000 
	 47.5070 	 2.520505e-02 	 176.1346 	  1.0527 	 1.037413e+21 	 6.744785e+18 	 1.559081e-05 	 1.523181e-06 	 -1000.0000 	 -1000.0000 	 -1000.0000 	 -1000.0000 
	 47.6460 	 2.483027e-02 	 176.1770 	  1.0511 	 1.021738e+21 	 6.634983e+18 	 1.554614e-05 	 1.512194e-06 	 -1000.0000 	 -1000.0000 	 -1000.0000 	 -1000.0000 
	 47.9240 	 2.409906e-02 	 176.1840 	  1.0475 	 9.915916e+20 	 6.424074e+18 	 1.545274e-05 	 1.499348e-06 	 -1000.0000 	 -1000.0000 	 -1000.0000 	 -1000.0000 
	 48.0630 	 2.374204e-02 	 176.1521 	  1.0455 	 9.770707e+20 	 6.322443e+18 	 1.539536e-05 	 1.501698e-06 	 -1000.0000 	 -1000.0000 	 -1000.0000 	 -1000.0000 
	 48.3570 	 2.300408e-02 	 176.0339 	  1.0410 	 9.473359e+20 	 6.115012e+18 	 1.523712e-05 	 1.524262e-06 	 -1000.0000 	 -1000.0000 	 -1000.0000 	 -1000.0000 
	 48.4960 	 2.266262e-02 	 175.9645 	  1.0389 	 9.336496e+20 	 6.020180e+18 	 1.514452e-05 	 1.537843e-06 	 -1000.0000 	 -1000.0000 	 -1000.0000 	 -1000.0000 
	 48.6350 	 2.232552e-02 	 175.8934 	  1.0368 	 9.201440e+20 	 5.927225e+18 	 1.504165e-05 	 1.549792e-06 	 -1000.0000 	 -1000.0000 	 -1000.0000 	 -1000.0000 
	 48.9130 	 2.166396e-02 	 175.7496 	  1.0333 	 8.936221e+20 	 5.747718e+18 	 1.481442e-05 	 1.563998e-06 	 -1000.0000 	 -1000.0000 	 -1000.0000 	 -1000.0000 
	 49.2100 	 2.097719e-02 	 175.5587 	  1.0312 	 8.662305e+20 	 5.570610e+18 	 1.397045e-05 	 1.025248e-06 	 -1000.0000 	 -1000.0000 	 -1000.0000 	 -1000.0000 
	 49.3490 	 2.066343e-02 	 175.4422 	  1.0311 	 8.538334e+20 	 5.494892e+18 	 1.387603e-05 	 1.020139e-06 	 -1000.0000 	 -1000.0000 	 -1000.0000 	 -1000.0000 
	 49.4870 	 2.035703e-02 	 175.3026 	  1.0318 	 8.418367e+20 	 5.425236e+18 	 1.378581e-05 	 1.014751e-06 	 -1000.0000 	 -1000.0000 	 -1000.0000 	 -1000.0000 
	 49.6260 	 2.005357e-02 	 175.1339 	  1.0331 	 8.300833e+20 	 5.360666e+18 	 1.369900e-05 	 1.009202e-06 	 -1000.0000 	 -1000.0000 	 -1000.0000 	 -1000.0000 
	 50.0500 	 1.915560e-02 	 174.4400 	  1.0377 	 7.960704e+20 	 5.181526e+18 	 1.346710e-05 	 9.922504e-07 	 -1000.0000 	 -1000.0000 	 -1000.0000 	 -1000.0000 
	 50.1890 	 1.886875e-02 	 174.1527 	  1.0380 	 7.854446e+20 	 5.122683e+18 	 1.340458e-05 	 9.868925e-07 	 -1000.0000 	 -1000.0000 	 -1000.0000 	 -1000.0000 
	 50.3270 	 1.858689e-02 	 173.8376 	  1.0372 	 7.751133e+20 	 5.061302e+18 	 1.335052e-05 	 9.817452e-07 	 -1000.0000 	 -1000.0000 	 -1000.0000 	 -1000.0000 
	 50.4660 	 1.830565e-02 	 173.4914 	  1.0348 	 7.649052e+20 	 4.995465e+18 	 1.330450e-05 	 9.766745e-07 	 -1000.0000 	 -1000.0000 	 -1000.0000 	 -1000.0000 
	 50.6050 	 1.802725e-02 	 173.1218 	  1.0313 	 7.548780e+20 	 4.926544e+18 	 1.326590e-05 	 9.716442e-07 	 -1000.0000 	 -1000.0000 	 -1000.0000 	 -1000.0000 
	 50.9000 	 1.744696e-02 	 172.2877 	  1.0217 	 7.341168e+20 	 4.775875e+18 	 1.320156e-05 	 9.613582e-07 	 -1000.0000 	 -1000.0000 	 -1000.0000 	 -1000.0000 
	 51.0390 	 1.717904e-02 	 171.8845 	  1.0170 	 7.245417e+20 	 4.705554e+18 	 1.317607e-05 	 9.570079e-07 	 -1000.0000 	 -1000.0000 	 -1000.0000 	 -1000.0000 
	 51.1770 	 1.691687e-02 	 171.4861 	  1.0126 	 7.151433e+20 	 4.637897e+18 	 1.315168e-05 	 9.531813e-07 	 -1000.0000 	 -1000.0000 	 -1000.0000 	 -1000.0000 
	 51.3160 	 1.665681e-02 	 171.0930 	  1.0087 	 7.057662e+20 	 4.572688e+18 	 1.312654e-05 	 9.497921e-07 	 -1000.0000 	 -1000.0000 	 -1000.0000 	 -1000.0000 
	 51.4550 	 1.640077e-02 	 170.7144 	  1.0055 	 6.964564e+20 	 4.510165e+18 	 1.309939e-05 	 9.466217e-07 	 -1000.0000 	 -1000.0000 	 -1000.0000 	 -1000.0000 
	 52.0100 	 1.541775e-02 	 169.4765 	  0.9992 	 6.594978e+20 	 4.279565e+18 	 1.294135e-05 	 9.303329e-07 	 -1000.0000 	 -1000.0000 	 -1000.0000 	 -1000.0000 
	 52.1480 	 1.518287e-02 	 169.2672 	  0.9992 	 6.502521e+20 	 4.224925e+18 	 1.288229e-05 	 9.240004e-07 	 -1000.0000 	 -1000.0000 	 -1000.0000 	 -1000.0000 
	 52.2870 	 1.494988e-02 	 169.1033 	  0.9996 	 6.408908e+20 	 4.169694e+18 	 1.281193e-05 	 9.165333e-07 	 -1000.0000 	 -1000.0000 	 -1000.0000 	 -1000.0000 
	 52.5830 	 1.446472e-02 	 168.9157 	  1.0003 	 6.207772e+20 	 4.047338e+18 	 1.261940e-05 	 8.981041e-07 	 -1000.0000 	 -1000.0000 	 -1000.0000 	 -1000.0000 
	 52.7210 	 1.424316e-02 	 168.9055 	  1.0000 	 6.113093e+20 	 3.986188e+18 	 1.250694e-05 	 8.889775e-07 	 -1000.0000 	 -1000.0000 	 -1000.0000 	 -1000.0000 
	 52.9980 	 1.380637e-02 	 169.0346 	  0.9968 	 5.921288e+20 	 3.851618e+18 	 1.223286e-05 	 8.713053e-07 	 -1000.0000 	 -1000.0000 	 -1000.0000 	 -1000.0000 
	 53.1370 	 1.359134e-02 	 169.1615 	  0.9939 	 5.824780e+20 	 3.778913e+18 	 1.207324e-05 	 8.636141e-07 	 -1000.0000 	 -1000.0000 	 -1000.0000 	 -1000.0000 
	 53.4230 	 1.315920e-02 	 169.4916 	  0.9863 	 5.628576e+20 	 3.625020e+18 	 1.171224e-05 	 8.504534e-07 	 -1000.0000 	 -1000.0000 	 -1000.0000 	 -1000.0000 
	 53.5610 	 1.295625e-02 	 169.6597 	  0.9822 	 5.536187e+20 	 3.551316e+18 	 1.152824e-05 	 8.445181e-07 	 -1000.0000 	 -1000.0000 	 -1000.0000 	 -1000.0000 
	 53.7000 	 1.275590e-02 	 169.8188 	  0.9780 	 5.445385e+20 	 3.479166e+18 	 1.134067e-05 	 8.381822e-07 	 -1000.0000 	 -1000.0000 	 -1000.0000 	 -1000.0000 
	 53.9770 	 1.236886e-02 	 170.0684 	  0.9703 	 5.272375e+20 	 3.344864e+18 	 1.097719e-05 	 8.246909e-07 	 -1000.0000 	 -1000.0000 	 -1000.0000 	 -1000.0000 
	 54.2660 	 1.197962e-02 	 170.1914 	  0.9636 	 5.102788e+20 	 3.219538e+18 	 1.064781e-05 	 8.123398e-07 	 -1000.0000 	 -1000.0000 	 -1000.0000 	 -1000.0000 
	 54.4040 	 1.179793e-02 	 170.1862 	  0.9612 	 5.025548e+20 	 3.165384e+18 	 1.052064e-05 	 8.087628e-07 	 -1000.0000 	 -1000.0000 	 -1000.0000 	 -1000.0000 
	 54.5420 	 1.161839e-02 	 170.1322 	  0.9593 	 4.950625e+20 	 3.115094e+18 	 1.041866e-05 	 8.077156e-07 	 -1000.0000 	 -1000.0000 	 -1000.0000 	 -1000.0000 
	 54.6800 	 1.144070e-02 	 170.0259 	  0.9581 	 4.877945e+20 	 3.068744e+18 	 1.034344e-05 	 8.091796e-07 	 -1000.0000 	 -1000.0000 	 -1000.0000 	 -1000.0000 
	 55.1160 	 1.089275e-02 	 169.3723 	  0.9589 	 4.662264e+20 	 2.946759e+18 	 1.023532e-05 	 8.236068e-07 	 -1000.0000 	 -1000.0000 	 -1000.0000 	 -1000.0000 
	 55.2540 	 1.072410e-02 	 169.0755 	  0.9606 	 4.598162e+20 	 2.915359e+18 	 1.022458e-05 	 8.295140e-07 	 -1000.0000 	 -1000.0000 	 -1000.0000 	 -1000.0000 
	 55.3920 	 1.055801e-02 	 168.7406 	  0.9630 	 4.535941e+20 	 2.887170e+18 	 1.021646e-05 	 8.353564e-07 	 -1000.0000 	 -1000.0000 	 -1000.0000 	 -1000.0000 
	 55.5300 	 1.039456e-02 	 168.3720 	  0.9661 	 4.475484e+20 	 2.861931e+18 	 1.020700e-05 	 8.409134e-07 	 -1000.0000 	 -1000.0000 	 -1000.0000 	 -1000.0000 
	 55.6680 	 1.023369e-02 	 167.9768 	  0.9698 	 4.416564e+20 	 2.839129e+18 	 1.019468e-05 	 8.461058e-07 	 -1000.0000 	 -1000.0000 	 -1000.0000 	 -1000.0000 
	 55.9500 	 9.912596e-03 	 167.1192 	  0.9787 	 4.299932e+20 	 2.797809e+18 	 1.015653e-05 	 8.550628e-07 	 -1000.0000 	 -1000.0000 	 -1000.0000 	 -1000.0000 
	 56.0870 	 9.760130e-03 	 166.6939 	  0.9834 	 4.244608e+20 	 2.779180e+18 	 1.012985e-05 	 8.582651e-07 	 -1000.0000 	 -1000.0000 	 -1000.0000 	 -1000.0000 
	 56.2250 	 9.608764e-03 	 166.2702 	  0.9883 	 4.189441e+20 	 2.760635e+18 	 1.009646e-05 	 8.605012e-07 	 -1000.0000 	 -1000.0000 	 -1000.0000 	 -1000.0000 
	 56.3620 	 9.460613e-03 	 165.8607 	  0.9931 	 4.135029e+20 	 2.741951e+18 	 1.005728e-05 	 8.617944e-07 	 -1000.0000 	 -1000.0000 	 -1000.0000 	 -1000.0000 
	 56.5000 	 9.313451e-03 	 165.4636 	  0.9979 	 4.080471e+20 	 2.722487e+18 	 1.001451e-05 	 8.624427e-07 	 -1000.0000 	 -1000.0000 	 -1000.0000 	 -1000.0000 
	 56.9270 	 8.870612e-03 	 164.3725 	  1.0106 	 3.912249e+20 	 2.654404e+18 	 9.895657e-06 	 8.633897e-07 	 -1000.0000 	 -1000.0000 	 -1000.0000 	 -1000.0000 
	 57.0650 	 8.731326e-03 	 164.0772 	  1.0136 	 3.857750e+20 	 2.628645e+18 	 9.872827e-06 	 8.642584e-07 	 -1000.0000 	 -1000.0000 	 -1000.0000 	 -1000.0000 
	 57.2020 	 8.594817e-03 	 163.8174 	  1.0160 	 3.803455e+20 	 2.600792e+18 	 9.861623e-06 	 8.656389e-07 	 -1000.0000 	 -1000.0000 	 -1000.0000 	 -1000.0000 
	 57.3400 	 8.459091e-03 	 163.5904 	  1.0177 	 3.748577e+20 	 2.570538e+18 	 9.860108e-06 	 8.674451e-07 	 -1000.0000 	 -1000.0000 	 -1000.0000 	 -1000.0000 
	 57.6300 	 8.179723e-03 	 163.2318 	  1.0193 	 3.632738e+20 	 2.500442e+18 	 9.877911e-06 	 8.722222e-07 	 -1000.0000 	 -1000.0000 	 -1000.0000 	 -1000.0000 
	 57.9050 	 7.922183e-03 	 163.0470 	  1.0185 	 3.522380e+20 	 2.426858e+18 	 9.903724e-06 	 8.777659e-07 	 -1000.0000 	 -1000.0000 	 -1000.0000 	 -1000.0000 
	 58.0420 	 7.796591e-03 	 163.0125 	  1.0174 	 3.467296e+20 	 2.388025e+18 	 9.914157e-06 	 8.808454e-07 	 -1000.0000 	 -1000.0000 	 -1000.0000 	 -1000.0000 
	 58.1800 	 7.671962e-03 	 163.0126 	  1.0159 	 3.411889e+20 	 2.347766e+18 	 9.922790e-06 	 8.841031e-07 	 -1000.0000 	 -1000.0000 	 -1000.0000 	 -1000.0000 
	 58.4730 	 7.413879e-03 	 163.1069 	  1.0114 	 3.295200e+20 	 2.259761e+18 	 9.938503e-06 	 8.911104e-07 	 -1000.0000 	 -1000.0000 	 -1000.0000 	 -1000.0000 
	 58.6100 	 7.296376e-03 	 163.1849 	  1.0089 	 3.241401e+20 	 2.218025e+18 	 9.946288e-06 	 8.941332e-07 	 -1000.0000 	 -1000.0000 	 -1000.0000 	 -1000.0000 
	 59.0210 	 6.956456e-03 	 163.4957 	  0.9996 	 3.084507e+20 	 2.093584e+18 	 9.981698e-06 	 9.010265e-07 	 -1000.0000 	 -1000.0000 	 -1000.0000 	 -1000.0000 
	 59.3130 	 6.725775e-03 	 163.7519 	  0.9918 	 2.977564e+20 	 2.007089e+18 	 1.002832e-05 	 9.052017e-07 	 -1000.0000 	 -1000.0000 	 -1000.0000 	 -1000.0000 
	 59.4500 	 6.620349e-03 	 163.8737 	  0.9879 	 2.928706e+20 	 1.967255e+18 	 1.005940e-05 	 9.075752e-07 	 -1000.0000 	 -1000.0000 	 -1000.0000 	 -1000.0000 
	 59.5870 	 6.516586e-03 	 163.9929 	  0.9838 	 2.880698e+20 	 1.927984e+18 	 1.009766e-05 	 9.104928e-07 	 -1000.0000 	 -1000.0000 	 -1000.0000 	 -1000.0000 
	 59.7240 	 6.414425e-03 	 164.1075 	  0.9795 	 2.833546e+20 	 1.889342e+18 	 1.014329e-05 	 9.140331e-07 	 -1000.0000 	 -1000.0000 	 -1000.0000 	 -1000.0000 
	 60.1460 	 6.110050e-03 	 164.4306 	  0.9660 	 2.693775e+20 	 1.775175e+18 	 1.031514e-05 	 9.277353e-07 	 -1000.0000 	 -1000.0000 	 -1000.0000 	 -1000.0000 
	 60.2830 	 6.014685e-03 	 164.5259 	  0.9617 	 2.650204e+20 	 1.739989e+18 	 1.037568e-05 	 9.327045e-07 	 -1000.0000 	 -1000.0000 	 -1000.0000 	 -1000.0000 
	 60.4200 	 5.921062e-03 	 164.6167 	  0.9575 	 2.607532e+20 	 1.705869e+18 	 1.043588e-05 	 9.377457e-07 	 -1000.0000 	 -1000.0000 	 -1000.0000 	 -1000.0000 
	 60.5560 	 5.829837e-03 	 164.7010 	  0.9536 	 2.566070e+20 	 1.673137e+18 	 1.049374e-05 	 9.427200e-07 	 -1000.0000 	 -1000.0000 	 -1000.0000 	 -1000.0000 
	 60.6930 	 5.739556e-03 	 164.7750 	  0.9498 	 2.525219e+20 	 1.641393e+18 	 1.054856e-05 	 9.475887e-07 	 -1000.0000 	 -1000.0000 	 -1000.0000 	 -1000.0000 
	 60.9860 	 5.551294e-03 	 164.8696 	  0.9430 	 2.440987e+20 	 1.578007e+18 	 1.064684e-05 	 9.569537e-07 	 -1000.0000 	 -1000.0000 	 -1000.0000 	 -1000.0000 
	 61.1230 	 5.465233e-03 	 164.8716 	  0.9405 	 2.403093e+20 	 1.550649e+18 	 1.068047e-05 	 9.605635e-07 	 -1000.0000 	 -1000.0000 	 -1000.0000 	 -1000.0000 
	 61.2600 	 5.380241e-03 	 164.8385 	  0.9385 	 2.366164e+20 	 1.524854e+18 	 1.070407e-05 	 9.635023e-07 	 -1000.0000 	 -1000.0000 	 -1000.0000 	 -1000.0000 
	 61.3960 	 5.296838e-03 	 164.7679 	  0.9369 	 2.330453e+20 	 1.500809e+18 	 1.071659e-05 	 9.657018e-07 	 -1000.0000 	 -1000.0000 	 -1000.0000 	 -1000.0000 
	 61.5330 	 5.213836e-03 	 164.6629 	  0.9358 	 2.295379e+20 	 1.477990e+18 	 1.071866e-05 	 9.672935e-07 	 -1000.0000 	 -1000.0000 	 -1000.0000 	 -1000.0000 
	 61.9630 	 4.960625e-03 	 164.1753 	  0.9343 	 2.190426e+20 	 1.413231e+18 	 1.066436e-05 	 9.694929e-07 	 -1000.0000 	 -1000.0000 	 -1000.0000 	 -1000.0000 
	 62.1000 	 4.882498e-03 	 163.9894 	  0.9341 	 2.158390e+20 	 1.394058e+18 	 1.063016e-05 	 9.696811e-07 	 -1000.0000 	 -1000.0000 	 -1000.0000 	 -1000.0000 
	 62.2360 	 4.806241e-03 	 163.7994 	  0.9339 	 2.127149e+20 	 1.375414e+18 	 1.058979e-05 	 9.698186e-07 	 -1000.0000 	 -1000.0000 	 -1000.0000 	 -1000.0000 
	 62.3730 	 4.730711e-03 	 163.6066 	  0.9338 	 2.096185e+20 	 1.356959e+18 	 1.054485e-05 	 9.700196e-07 	 -1000.0000 	 -1000.0000 	 -1000.0000 	 -1000.0000 
	 62.6590 	 4.577063e-03 	 163.2176 	  0.9338 	 2.032933e+20 	 1.319276e+18 	 1.044757e-05 	 9.710441e-07 	 -1000.0000 	 -1000.0000 	 -1000.0000 	 -1000.0000 
	 62.9320 	 4.435266e-03 	 162.8910 	  0.9342 	 1.973907e+20 	 1.284030e+18 	 1.036630e-05 	 9.732964e-07 	 -1000.0000 	 -1000.0000 	 -1000.0000 	 -1000.0000 
	 63.0680 	 4.366320e-03 	 162.7536 	  0.9346 	 1.944863e+20 	 1.266581e+18 	 1.033527e-05 	 9.749855e-07 	 -1000.0000 	 -1000.0000 	 -1000.0000 	 -1000.0000 
	 63.2050 	 4.297954e-03 	 162.6328 	  0.9349 	 1.915831e+20 	 1.248871e+18 	 1.031083e-05 	 9.768064e-07 	 -1000.0000 	 -1000.0000 	 -1000.0000 	 -1000.0000 
	 63.4990 	 4.154729e-03 	 162.4279 	  0.9338 	 1.854316e+20 	 1.209478e+18 	 1.027962e-05 	 9.798713e-07 	 -1000.0000 	 -1000.0000 	 -1000.0000 	 -1000.0000 
	 63.6360 	 4.089522e-03 	 162.3554 	  0.9318 	 1.826030e+20 	 1.190040e+18 	 1.027430e-05 	 9.804109e-07 	 -1000.0000 	 -1000.0000 	 -1000.0000 	 -1000.0000 
	 63.9080 	 3.962747e-03 	 162.2480 	  0.9242 	 1.770619e+20 	 1.148608e+18 	 1.027860e-05 	 9.787476e-07 	 -1000.0000 	 -1000.0000 	 -1000.0000 	 -1000.0000 
	 64.0450 	 3.900217e-03 	 162.2052 	  0.9191 	 1.743156e+20 	 1.126946e+18 	 1.028536e-05 	 9.769104e-07 	 -1000.0000 	 -1000.0000 	 -1000.0000 	 -1000.0000 
	 64.3330 	 3.771679e-03 	 162.1101 	  0.9101 	 1.686701e+20 	 1.083589e+18 	 1.029828e-05 	 9.739479e-07 	 -1000.0000 	 -1000.0000 	 -1000.0000 	 -1000.0000 
	 64.4690 	 3.712364e-03 	 162.0511 	  0.9084 	 1.660762e+20 	 1.065667e+18 	 1.029939e-05 	 9.741902e-07 	 -1000.0000 	 -1000.0000 	 -1000.0000 	 -1000.0000 
	 64.6040 	 3.654369e-03 	 161.9764 	  0.9095 	 1.635547e+20 	 1.050460e+18 	 1.029465e-05 	 9.762632e-07 	 -1000.0000 	 -1000.0000 	 -1000.0000 	 -1000.0000 
	 65.1730 	 3.419448e-03 	 161.4481 	  0.9414 	 1.535312e+20 	 1.013523e+18 	 1.020686e-05 	 1.004765e-06 	 -1000.0000 	 -1000.0000 	 -1000.0000 	 -1000.0000 
	 65.3090 	 3.365490e-03 	 161.2764 	  0.9518 	 1.512686e+20 	 1.008075e+18 	 1.017473e-05 	 1.013846e-06 	 -1000.0000 	 -1000.0000 	 -1000.0000 	 -1000.0000 
	 65.4440 	 3.312733e-03 	 161.0911 	  0.9615 	 1.490686e+20 	 1.002701e+18 	 1.014064e-05 	 1.022737e-06 	 -1000.0000 	 -1000.0000 	 -1000.0000 	 -1000.0000 
	 65.5800 	 3.260378e-03 	 160.8906 	  0.9700 	 1.468963e+20 	 9.967064e+17 	 1.010519e-05 	 1.031124e-06 	 -1000.0000 	 -1000.0000 	 -1000.0000 	 -1000.0000 
	 65.7160 	 3.208801e-03 	 160.6775 	  0.9765 	 1.447657e+20 	 9.895126e+17 	 1.006982e-05 	 1.038520e-06 	 -1000.0000 	 -1000.0000 	 -1000.0000 	 -1000.0000 
	 66.8330 	 2.812645e-03 	 158.5978 	  0.8840 	 1.285644e+20 	 8.299745e+17 	 9.942127e-06 	 1.026425e-06 	 -1000.0000 	 -1000.0000 	 -1000.0000 	 -1000.0000 
	 66.9690 	 2.767562e-03 	 158.3172 	  0.8630 	 1.267275e+20 	 8.043238e+17 	 9.969787e-06 	 1.021574e-06 	 -1000.0000 	 -1000.0000 	 -1000.0000 	 -1000.0000 
	 67.1040 	 2.723455e-03 	 158.0345 	  0.8450 	 1.249309e+20 	 7.813603e+17 	 1.001236e-05 	 1.019251e-06 	 -1000.0000 	 -1000.0000 	 -1000.0000 	 -1000.0000 
	 67.2400 	 2.679663e-03 	 157.7451 	  0.8309 	 1.231478e+20 	 7.616311e+17 	 1.007063e-05 	 1.020077e-06 	 -1000.0000 	 -1000.0000 	 -1000.0000 	 -1000.0000 
	 67.3760 	 2.636498e-03 	 157.4478 	  0.8206 	 1.213932e+20 	 7.450380e+17 	 1.014035e-05 	 1.023541e-06 	 -1000.0000 	 -1000.0000 	 -1000.0000 	 -1000.0000 
	 67.6660 	 2.546475e-03 	 156.7714 	  0.8084 	 1.177541e+20 	 7.178552e+17 	 1.030557e-05 	 1.036405e-06 	 -1000.0000 	 -1000.0000 	 -1000.0000 	 -1000.0000 
	 67.9370 	 2.464719e-03 	 156.0615 	  0.8050 	 1.144915e+20 	 6.990738e+17 	 1.044776e-05 	 1.050316e-06 	 -1000.0000 	 -1000.0000 	 -1000.0000 	 -1000.0000 
	 68.0720 	 2.424809e-03 	 155.6711 	  0.8048 	 1.129200e+20 	 6.909472e+17 	 1.050320e-05 	 1.056308e-06 	 -1000.0000 	 -1000.0000 	 -1000.0000 	 -1000.0000 
	 68.2080 	 2.385152e-03 	 155.2507 	  0.8054 	 1.113741e+20 	 6.833765e+17 	 1.054608e-05 	 1.061414e-06 	 -1000.0000 	 -1000.0000 	 -1000.0000 	 -1000.0000 
	 68.5060 	 2.300207e-03 	 154.2288 	  0.8087 	 1.081196e+20 	 6.689035e+17 	 1.059022e-05 	 1.069020e-06 	 -1000.0000 	 -1000.0000 	 -1000.0000 	 -1000.0000 
	 68.6410 	 2.262620e-03 	 153.7179 	  0.8111 	 1.067063e+20 	 6.632823e+17 	 1.058549e-05 	 1.070598e-06 	 -1000.0000 	 -1000.0000 	 -1000.0000 	 -1000.0000 
	 68.9120 	 2.188870e-03 	 152.5987 	  0.8173 	 1.039845e+20 	 6.536834e+17 	 1.052617e-05 	 1.069830e-06 	 -1000.0000 	 -1000.0000 	 -1000.0000 	 -1000.0000 
	 69.0480 	 2.152669e-03 	 151.9985 	  0.8210 	 1.026681e+20 	 6.495748e+17 	 1.047529e-05 	 1.067730e-06 	 -1000.0000 	 -1000.0000 	 -1000.0000 	 -1000.0000 
	 69.3290 	 2.079359e-03 	 150.7194 	  0.8295 	 1.000136e+20 	 6.419883e+17 	 1.034529e-05 	 1.060996e-06 	 -1000.0000 	 -1000.0000 	 -1000.0000 	 -1000.0000 
	 69.4640 	 2.044761e-03 	 150.1030 	  0.8340 	 9.875389e+19 	 6.385423e+17 	 1.027865e-05 	 1.057069e-06 	 -1000.0000 	 -1000.0000 	 -1000.0000 	 -1000.0000 
	 69.5990 	 2.010509e-03 	 149.4962 	  0.8386 	 9.749431e+19 	 6.350739e+17 	 1.021435e-05 	 1.052993e-06 	 -1000.0000 	 -1000.0000 	 -1000.0000 	 -1000.0000 
	 70.1690 	 1.869723e-03 	 147.1396 	  0.8565 	 9.211980e+19 	 6.177717e+17 	 1.003461e-05 	 1.041025e-06 	 -1000.0000 	 -1000.0000 	 -1000.0000 	 -1000.0000 
	 70.3040 	 1.837470e-03 	 146.6389 	  0.8593 	 9.083966e+19 	 6.124977e+17 	 1.002557e-05 	 1.041279e-06 	 -1000.0000 	 -1000.0000 	 -1000.0000 	 -1000.0000 
	 70.4390 	 1.805708e-03 	 146.1633 	  0.8612 	 8.955960e+19 	 6.065647e+17 	 1.003354e-05 	 1.043400e-06 	 -1000.0000 	 -1000.0000 	 -1000.0000 	 -1000.0000 
	 70.5740 	 1.774463e-03 	 145.7143 	  0.8620 	 8.828062e+19 	 5.999137e+17 	 1.005803e-05 	 1.047343e-06 	 -1000.0000 	 -1000.0000 	 -1000.0000 	 -1000.0000 
	 70.7100 	 1.743510e-03 	 145.2901 	  0.8617 	 8.699336e+19 	 5.925275e+17 	 1.009474e-05 	 1.052599e-06 	 -1000.0000 	 -1000.0000 	 -1000.0000 	 -1000.0000 
	 70.9890 	 1.681640e-03 	 144.5145 	  0.8581 	 8.435626e+19 	 5.754529e+17 	 1.018639e-05 	 1.065113e-06 	 -1000.0000 	 -1000.0000 	 -1000.0000 	 -1000.0000 
	 71.1240 	 1.652482e-03 	 144.1877 	  0.8549 	 8.308196e+19 	 5.663754e+17 	 1.022869e-05 	 1.071045e-06 	 -1000.0000 	 -1000.0000 	 -1000.0000 	 -1000.0000 
	 71.2590 	 1.623828e-03 	 143.8945 	  0.8510 	 8.180875e+19 	 5.568391e+17 	 1.026334e-05 	 1.076302e-06 	 -1000.0000 	 -1000.0000 	 -1000.0000 	 -1000.0000 
	 71.3940 	 1.595668e-03 	 143.6340 	  0.8463 	 8.053736e+19 	 5.469313e+17 	 1.028725e-05 	 1.080667e-06 	 -1000.0000 	 -1000.0000 	 -1000.0000 	 -1000.0000 
	 71.5300 	 1.567770e-03 	 143.3966 	  0.8413 	 7.926163e+19 	 5.367745e+17 	 1.030085e-05 	 1.084328e-06 	 -1000.0000 	 -1000.0000 	 -1000.0000 	 -1000.0000 
	 71.9570 	 1.482871e-03 	 142.7056 	  0.8275 	 7.533118e+19 	 5.062350e+17 	 1.028439e-05 	 1.092480e-06 	 -1000.0000 	 -1000.0000 	 -1000.0000 	 -1000.0000 
	 72.0920 	 1.456761e-03 	 142.4702 	  0.8251 	 7.412544e+19 	 4.977933e+17 	 1.026272e-05 	 1.094193e-06 	 -1000.0000 	 -1000.0000 	 -1000.0000 	 -1000.0000 
	 72.2270 	 1.430960e-03 	 142.2134 	  0.8242 	 7.294281e+19 	 4.902354e+17 	 1.023415e-05 	 1.095529e-06 	 -1000.0000 	 -1000.0000 	 -1000.0000 	 -1000.0000 
	 72.3610 	 1.405680e-03 	 141.9400 	  0.8247 	 7.179155e+19 	 4.835151e+17 	 1.020191e-05 	 1.097068e-06 	 -1000.0000 	 -1000.0000 	 -1000.0000 	 -1000.0000 
	 72.6520 	 1.352074e-03 	 141.3038 	  0.8289 	 6.936512e+19 	 4.709497e+17 	 1.012669e-05 	 1.102205e-06 	 -1000.0000 	 -1000.0000 	 -1000.0000 	 -1000.0000 
	 72.9220 	 1.304157e-03 	 140.6940 	  0.8353 	 6.719822e+19 	 4.607837e+17 	 1.004773e-05 	 1.106197e-06 	 -1000.0000 	 -1000.0000 	 -1000.0000 	 -1000.0000 
	 73.0570 	 1.280926e-03 	 140.3935 	  0.8389 	 6.614257e+19 	 4.559016e+17 	 1.000712e-05 	 1.107954e-06 	 -1000.0000 	 -1000.0000 	 -1000.0000 	 -1000.0000 
	 73.1910 	 1.258319e-03 	 140.1033 	  0.8424 	 6.510954e+19 	 4.510949e+17 	 9.964729e-06 	 1.109410e-06 	 -1000.0000 	 -1000.0000 	 -1000.0000 	 -1000.0000 
	 73.4820 	 1.210568e-03 	 139.5183 	  0.8503 	 6.290088e+19 	 4.405914e+17 	 9.856846e-06 	 1.110885e-06 	 -1000.0000 	 -1000.0000 	 -1000.0000 	 -1000.0000 
	 73.6170 	 1.188945e-03 	 139.2760 	  0.8539 	 6.188489e+19 	 4.355952e+17 	 9.795479e-06 	 1.110470e-06 	 -1000.0000 	 -1000.0000 	 -1000.0000 	 -1000.0000 
	 74.0210 	 1.125815e-03 	 138.6958 	  0.8641 	 5.884539e+19 	 4.197559e+17 	 9.556384e-06 	 1.104210e-06 	 -1000.0000 	 -1000.0000 	 -1000.0000 	 -1000.0000 
	 74.3160 	 1.081397e-03 	 138.3868 	  0.8707 	 5.665017e+19 	 4.074804e+17 	 9.362361e-06 	 1.098271e-06 	 -1000.0000 	 -1000.0000 	 -1000.0000 	 -1000.0000 
	 74.4500 	 1.061802e-03 	 138.2664 	  0.8733 	 5.567177e+19 	 4.017977e+17 	 9.282564e-06 	 1.096558e-06 	 -1000.0000 	 -1000.0000 	 -1000.0000 	 -1000.0000 
	 74.5840 	 1.042618e-03 	 138.1533 	  0.8757 	 5.471022e+19 	 3.960878e+17 	 9.213817e-06 	 1.096042e-06 	 -1000.0000 	 -1000.0000 	 -1000.0000 	 -1000.0000 
	 74.7190 	 1.023724e-03 	 138.0444 	  0.8778 	 5.376077e+19 	 3.903251e+17 	 9.158531e-06 	 1.097005e-06 	 -1000.0000 	 -1000.0000 	 -1000.0000 	 -1000.0000 
	 75.1360 	 9.677598e-04 	 137.7544 	  0.8825 	 5.092857e+19 	 3.723243e+17 	 9.065207e-06 	 1.108035e-06 	 -1000.0000 	 -1000.0000 	 -1000.0000 	 -1000.0000 
	 75.2700 	 9.504189e-04 	 137.6819 	  0.8834 	 5.004251e+19 	 3.664222e+17 	 9.055200e-06 	 1.113595e-06 	 -1000.0000 	 -1000.0000 	 -1000.0000 	 -1000.0000 
	 75.4040 	 9.333293e-04 	 137.6224 	  0.8839 	 4.916417e+19 	 3.604370e+17 	 9.052441e-06 	 1.119848e-06 	 -1000.0000 	 -1000.0000 	 -1000.0000 	 -1000.0000 
	 75.5390 	 9.163399e-04 	 137.5770 	  0.8842 	 4.828535e+19 	 3.543159e+17 	 9.055196e-06 	 1.126658e-06 	 -1000.0000 	 -1000.0000 	 -1000.0000 	 -1000.0000 
	 75.6730 	 8.997123e-04 	 137.5468 	  0.8842 	 4.741971e+19 	 3.481720e+17 	 9.060820e-06 	 1.133725e-06 	 -1000.0000 	 -1000.0000 	 -1000.0000 	 -1000.0000 
	 75.9690 	 8.639065e-04 	 137.5337 	  0.8837 	 4.553687e+19 	 3.345044e+17 	 9.069482e-06 	 1.149402e-06 	 -1000.0000 	 -1000.0000 	 -1000.0000 	 -1000.0000 
	 76.1030 	 8.481562e-04 	 137.5526 	  0.8833 	 4.470038e+19 	 3.283389e+17 	 9.065329e-06 	 1.156056e-06 	 -1000.0000 	 -1000.0000 	 -1000.0000 	 -1000.0000 
	 76.2370 	 8.327175e-04 	 137.5873 	  0.8829 	 4.387542e+19 	 3.222277e+17 	 9.052243e-06 	 1.162148e-06 	 -1000.0000 	 -1000.0000 	 -1000.0000 	 -1000.0000 
	 76.3710 	 8.176021e-04 	 137.6380 	  0.8826 	 4.306282e+19 	 3.161905e+17 	 9.028151e-06 	 1.167506e-06 	 -1000.0000 	 -1000.0000 	 -1000.0000 	 -1000.0000 
	 76.5040 	 8.029136e-04 	 137.7045 	  0.8823 	 4.226848e+19 	 3.102661e+17 	 8.993056e-06 	 1.172005e-06 	 -1000.0000 	 -1000.0000 	 -1000.0000 	 -1000.0000 
	 76.9230 	 7.585872e-04 	 138.0205 	  0.8807 	 3.984354e+19 	 2.919324e+17 	 8.810287e-06 	 1.179987e-06 	 -1000.0000 	 -1000.0000 	 -1000.0000 	 -1000.0000 
	 77.0570 	 7.450044e-04 	 138.1565 	  0.8799 	 3.909224e+19 	 2.861399e+17 	 8.729034e-06 	 1.180301e-06 	 -1000.0000 	 -1000.0000 	 -1000.0000 	 -1000.0000 
	 77.1910 	 7.316934e-04 	 138.3078 	  0.8788 	 3.835276e+19 	 2.803787e+17 	 8.637540e-06 	 1.179478e-06 	 -1000.0000 	 -1000.0000 	 -1000.0000 	 -1000.0000 
	 77.3240 	 7.187391e-04 	 138.4645 	  0.8777 	 3.763196e+19 	 2.747429e+17 	 8.539340e-06 	 1.177752e-06 	 -1000.0000 	 -1000.0000 	 -1000.0000 	 -1000.0000 
	 77.6190 	 6.908623e-04 	 138.7855 	  0.8759 	 3.608879e+19 	 2.628425e+17 	 8.311247e-06 	 1.172028e-06 	 -1000.0000 	 -1000.0000 	 -1000.0000 	 -1000.0000 
	 78.0210 	 6.545847e-04 	 139.0042 	  0.8780 	 3.413724e+19 	 2.489341e+17 	 8.029706e-06 	 1.164465e-06 	 -1000.0000 	 -1000.0000 	 -1000.0000 	 -1000.0000 
	 78.1540 	 6.429795e-04 	 138.9974 	  0.8800 	 3.353319e+19 	 2.450041e+17 	 7.953592e-06 	 1.162998e-06 	 -1000.0000 	 -1000.0000 	 -1000.0000 	 -1000.0000 
	 78.4490 	 6.179251e-04 	 138.8714 	  0.8845 	 3.225615e+19 	 2.369355e+17 	 7.815890e-06 	 1.162552e-06 	 -1000.0000 	 -1000.0000 	 -1000.0000 	 -1000.0000 
	 78.5830 	 6.068537e-04 	 138.7766 	  0.8859 	 3.170041e+19 	 2.333642e+17 	 7.766848e-06 	 1.163871e-06 	 -1000.0000 	 -1000.0000 	 -1000.0000 	 -1000.0000 
	 78.7170 	 5.959734e-04 	 138.6663 	  0.8862 	 3.115722e+19 	 2.297256e+17 	 7.725733e-06 	 1.166277e-06 	 -1000.0000 	 -1000.0000 	 -1000.0000 	 -1000.0000 
	 78.9840 	 5.748573e-04 	 138.4191 	  0.8843 	 3.010677e+19 	 2.222141e+17 	 7.663108e-06 	 1.174330e-06 	 -1000.0000 	 -1000.0000 	 -1000.0000 	 -1000.0000 
	 79.2660 	 5.533565e-04 	 138.1428 	  0.8828 	 2.903834e+19 	 2.145546e+17 	 7.610496e-06 	 1.186749e-06 	 -1000.0000 	 -1000.0000 	 -1000.0000 	 -1000.0000 
	 79.3990 	 5.434972e-04 	 138.0154 	  0.8839 	 2.854739e+19 	 2.112933e+17 	 7.585272e-06 	 1.193703e-06 	 -1000.0000 	 -1000.0000 	 -1000.0000 	 -1000.0000 
	 79.5320 	 5.338157e-04 	 137.8942 	  0.8870 	 2.806388e+19 	 2.083874e+17 	 7.557160e-06 	 1.201213e-06 	 -1000.0000 	 -1000.0000 	 -1000.0000 	 -1000.0000 
	 79.6650 	 5.243096e-04 	 137.7816 	  0.8925 	 2.758732e+19 	 2.059022e+17 	 7.524683e-06 	 1.209171e-06 	 -1000.0000 	 -1000.0000 	 -1000.0000 	 -1000.0000 
	 80.0960 	 4.946522e-04 	 137.4552 	  0.9223 	 2.609103e+19 	 2.000063e+17 	 7.389491e-06 	 1.235934e-06 	 -1000.0000 	 -1000.0000 	 -1000.0000 	 -1000.0000 
	 80.2290 	 4.858356e-04 	 137.3586 	  0.9333 	 2.564447e+19 	 1.985689e+17 	 7.339244e-06 	 1.243820e-06 	 -1000.0000 	 -1000.0000 	 -1000.0000 	 -1000.0000 
	 80.3620 	 4.771683e-04 	 137.2603 	  0.9443 	 2.520522e+19 	 1.971776e+17 	 7.285279e-06 	 1.251209e-06 	 -1000.0000 	 -1000.0000 	 -1000.0000 	 -1000.0000 
	 80.4950 	 4.686451e-04 	 137.1582 	  0.9548 	 2.477338e+19 	 1.957560e+17 	 7.227711e-06 	 1.257910e-06 	 -1000.0000 	 -1000.0000 	 -1000.0000 	 -1000.0000 
	 80.6280 	 4.602608e-04 	 137.0502 	  0.9642 	 2.434904e+19 	 1.942272e+17 	 7.166600e-06 	 1.263722e-06 	 -1000.0000 	 -1000.0000 	 -1000.0000 	 -1000.0000 
	 81.7260 	 3.958381e-04 	 135.7744 	  0.9582 	 2.113391e+19 	 1.704841e+17 	 6.525313e-06 	 1.255263e-06 	 -1000.0000 	 -1000.0000 	 -1000.0000 	 -1000.0000 
	 81.8590 	 3.886321e-04 	 135.6147 	  0.9526 	 2.077411e+19 	 1.669604e+17 	 6.430185e-06 	 1.247471e-06 	 -1000.0000 	 -1000.0000 	 -1000.0000 	 -1000.0000 
	 81.9920 	 3.815748e-04 	 135.4753 	  0.9493 	 2.041847e+19 	 1.637634e+17 	 6.331070e-06 	 1.238829e-06 	 -1000.0000 	 -1000.0000 	 -1000.0000 	 -1000.0000 
	 82.1250 	 3.746695e-04 	 135.3606 	  0.9490 	 2.006648e+19 	 1.610008e+17 	 6.228149e-06 	 1.229544e-06 	 -1000.0000 	 -1000.0000 	 -1000.0000 	 -1000.0000 
	 82.2580 	 3.679068e-04 	 135.2669 	  0.9514 	 1.971824e+19 	 1.586170e+17 	 6.122293e-06 	 1.219755e-06 	 -1000.0000 	 -1000.0000 	 -1000.0000 	 -1000.0000 
	 82.5490 	 3.535498e-04 	 135.1094 	  0.9627 	 1.897070e+19 	 1.542818e+17 	 5.885578e-06 	 1.197243e-06 	 -1000.0000 	 -1000.0000 	 -1000.0000 	 -1000.0000 
	 82.6810 	 3.472101e-04 	 135.0474 	  0.9691 	 1.863871e+19 	 1.525148e+17 	 5.778266e-06 	 1.186844e-06 	 -1000.0000 	 -1000.0000 	 -1000.0000 	 -1000.0000 
	 82.9470 	 3.347040e-04 	 134.9142 	  0.9812 	 1.798447e+19 	 1.488871e+17 	 5.567849e-06 	 1.166317e-06 	 -1000.0000 	 -1000.0000 	 -1000.0000 	 -1000.0000 
	 83.0790 	 3.286268e-04 	 134.8411 	  0.9864 	 1.766740e+19 	 1.469911e+17 	 5.468344e-06 	 1.156699e-06 	 -1000.0000 	 -1000.0000 	 -1000.0000 	 -1000.0000 
	 83.3690 	 3.156058e-04 	 134.6744 	  0.9963 	 1.698855e+19 	 1.427030e+17 	 5.266568e-06 	 1.138074e-06 	 -1000.0000 	 -1000.0000 	 -1000.0000 	 -1000.0000 
	 83.5010 	 3.098417e-04 	 134.6001 	  1.0006 	 1.668765e+19 	 1.407382e+17 	 5.184291e-06 	 1.131163e-06 	 -1000.0000 	 -1000.0000 	 -1000.0000 	 -1000.0000 
	 83.6340 	 3.041448e-04 	 134.5289 	  1.0048 	 1.638961e+19 	 1.387775e+17 	 5.108611e-06 	 1.125452e-06 	 -1000.0000 	 -1000.0000 	 -1000.0000 	 -1000.0000 
	 84.1920 	 2.814718e-04 	 134.3119 	  1.0225 	 1.519214e+19 	 1.307674e+17 	 4.877485e-06 	 1.117295e-06 	 -1000.0000 	 -1000.0000 	 -1000.0000 	 -1000.0000 
	 84.3240 	 2.763834e-04 	 134.2892 	  1.0260 	 1.492004e+19 	 1.288497e+17 	 4.843087e-06 	 1.119245e-06 	 -1000.0000 	 -1000.0000 	 -1000.0000 	 -1000.0000 
	 84.4570 	 2.713564e-04 	 134.2810 	  1.0291 	 1.464966e+19 	 1.268780e+17 	 4.816176e-06 	 1.122762e-06 	 -1000.0000 	 -1000.0000 	 -1000.0000 	 -1000.0000 
	 84.5890 	 2.664635e-04 	 134.2879 	  1.0315 	 1.438492e+19 	 1.248751e+17 	 4.797154e-06 	 1.127835e-06 	 -1000.0000 	 -1000.0000 	 -1000.0000 	 -1000.0000 
	 84.7210 	 2.616627e-04 	 134.3062 	  1.0336 	 1.412397e+19 	 1.228456e+17 	 4.785977e-06 	 1.134596e-06 	 -1000.0000 	 -1000.0000 	 -1000.0000 	 -1000.0000 
	 85.0120 	 2.513865e-04 	 134.3638 	  1.0377 	 1.356348e+19 	 1.184023e+17 	 4.790080e-06 	 1.156069e-06 	 -1000.0000 	 -1000.0000 	 -1000.0000 	 -1000.0000 
	 85.1440 	 2.468563e-04 	 134.3876 	  1.0399 	 1.331656e+19 	 1.164568e+17 	 4.805440e-06 	 1.169061e-06 	 -1000.0000 	 -1000.0000 	 -1000.0000 	 -1000.0000 
	 85.2770 	 2.423693e-04 	 134.4036 	  1.0425 	 1.307280e+19 	 1.145764e+17 	 4.829713e-06 	 1.184373e-06 	 -1000.0000 	 -1000.0000 	 -1000.0000 	 -1000.0000 
	 85.4090 	 2.379900e-04 	 134.4079 	  1.0456 	 1.283605e+19 	 1.128076e+17 	 4.862452e-06 	 1.201834e-06 	 -1000.0000 	 -1000.0000 	 -1000.0000 	 -1000.0000 
	 85.5410 	 2.336837e-04 	 134.4011 	  1.0494 	 1.260436e+19 	 1.111300e+17 	 4.902856e-06 	 1.221407e-06 	 -1000.0000 	 -1000.0000 	 -1000.0000 	 -1000.0000 
	 85.9640 	 2.203728e-04 	 134.3161 	  1.0643 	 1.189404e+19 	 1.062382e+17 	 5.070552e-06 	 1.296195e-06 	 -1000.0000 	 -1000.0000 	 -1000.0000 	 -1000.0000 
	 86.0970 	 2.163409e-04 	 134.2733 	  1.0697 	 1.168022e+19 	 1.048118e+17 	 5.131042e-06 	 1.322814e-06 	 -1000.0000 	 -1000.0000 	 -1000.0000 	 -1000.0000 
	 86.2290 	 2.124114e-04 	 134.2249 	  1.0752 	 1.147224e+19 	 1.034295e+17 	 5.192675e-06 	 1.350354e-06 	 -1000.0000 	 -1000.0000 	 -1000.0000 	 -1000.0000 
	 86.3610 	 2.085534e-04 	 134.1714 	  1.0807 	 1.126838e+19 	 1.020676e+17 	 5.254620e-06 	 1.378767e-06 	 -1000.0000 	 -1000.0000 	 -1000.0000 	 -1000.0000 
	 86.6550 	 2.002160e-04 	 134.0362 	  1.0918 	 1.082880e+19 	 9.904300e+16 	 5.387005e-06 	 1.443848e-06 	 -1000.0000 	 -1000.0000 	 -1000.0000 	 -1000.0000 
	 86.9190 	 1.930272e-04 	 133.9005 	  1.0987 	 1.045052e+19 	 9.624241e+16 	 5.489319e-06 	 1.502386e-06 	 -1000.0000 	 -1000.0000 	 -1000.0000 	 -1000.0000 
	 87.0510 	 1.895369e-04 	 133.8296 	  1.1007 	 1.026696e+19 	 9.478817e+16 	 5.530918e-06 	 1.530882e-06 	 -1000.0000 	 -1000.0000 	 -1000.0000 	 -1000.0000 
	 87.1830 	 1.861129e-04 	 133.7590 	  1.1021 	 1.008678e+19 	 9.332201e+16 	 5.564075e-06 	 1.558220e-06 	 -1000.0000 	 -1000.0000 	 -1000.0000 	 -1000.0000 
	 87.4650 	 1.790053e-04 	 133.6209 	  1.1063 	 9.711629e+18 	 9.028930e+16 	 5.599360e-06 	 1.610204e-06 	 -1000.0000 	 -1000.0000 	 -1000.0000 	 -1000.0000 
	 87.5970 	 1.757686e-04 	 133.5673 	  1.1101 	 9.539879e+18 	 8.898166e+16 	 5.595873e-06 	 1.630344e-06 	 -1000.0000 	 -1000.0000 	 -1000.0000 	 -1000.0000 
	 87.9930 	 1.663696e-04 	 133.4772 	  1.1347 	 9.035786e+18 	 8.577880e+16 	 5.494293e-06 	 1.669096e-06 	 -1000.0000 	 -1000.0000 	 -1000.0000 	 -1000.0000 
	 88.2890 	 1.596438e-04 	 133.4947 	  1.1627 	 8.669203e+18 	 8.391717e+16 	 5.335460e-06 	 1.676519e-06 	 -1000.0000 	 -1000.0000 	 -1000.0000 	 -1000.0000 
	 88.4200 	 1.567506e-04 	 133.5287 	  1.1759 	 8.509868e+18 	 8.314186e+16 	 5.246562e-06 	 1.674416e-06 	 -1000.0000 	 -1000.0000 	 -1000.0000 	 -1000.0000 
	 88.5510 	 1.539094e-04 	 133.5802 	  1.1888 	 8.352365e+18 	 8.235521e+16 	 5.148056e-06 	 1.669247e-06 	 -1000.0000 	 -1000.0000 	 -1000.0000 	 -1000.0000 
	 88.6830 	 1.510996e-04 	 133.6506 	  1.2009 	 8.195551e+18 	 8.152170e+16 	 5.040436e-06 	 1.661129e-06 	 -1000.0000 	 -1000.0000 	 -1000.0000 	 -1000.0000 
	 89.9190 	 1.274244e-04 	 135.3358 	  1.1880 	 6.825747e+18 	 6.741306e+16 	 3.890667e-06 	 1.491319e-06 	 -1000.0000 	 -1000.0000 	 -1000.0000 	 -1000.0000 
	 90.0500 	 1.251722e-04 	 135.6113 	  1.1758 	 6.691427e+18 	 6.542964e+16 	 3.782661e-06 	 1.472115e-06 	 -1000.0000 	 -1000.0000 	 -1000.0000 	 -1000.0000 
	 90.1810 	 1.229587e-04 	 135.8973 	  1.1647 	 6.559210e+18 	 6.353424e+16 	 3.682907e-06 	 1.455132e-06 	 -1000.0000 	 -1000.0000 	 -1000.0000 	 -1000.0000 
	 90.3130 	 1.207650e-04 	 136.1941 	  1.1553 	 6.428120e+18 	 6.175709e+16 	 3.591745e-06 	 1.440788e-06 	 -1000.0000 	 -1000.0000 	 -1000.0000 	 -1000.0000 
	 90.4440 	 1.186245e-04 	 136.4968 	  1.1476 	 6.300173e+18 	 6.011527e+16 	 3.510280e-06 	 1.429308e-06 	 -1000.0000 	 -1000.0000 	 -1000.0000 	 -1000.0000 
	 90.9940 	 1.100533e-04 	 137.8614 	  1.1240 	 5.787156e+18 	 5.406834e+16 	 3.253113e-06 	 1.408455e-06 	 -1000.0000 	 -1000.0000 	 -1000.0000 	 -1000.0000 
	 91.1250 	 1.081149e-04 	 138.2094 	  1.1186 	 5.670903e+18 	 5.272077e+16 	 3.209034e-06 	 1.409398e-06 	 -1000.0000 	 -1000.0000 	 -1000.0000 	 -1000.0000 
	 91.2560 	 1.062169e-04 	 138.5670 	  1.1130 	 5.556963e+18 	 5.139392e+16 	 3.170744e-06 	 1.412502e-06 	 -1000.0000 	 -1000.0000 	 -1000.0000 	 -1000.0000 
	 91.5520 	 1.020775e-04 	 139.4132 	  1.1015 	 5.307969e+18 	 4.852363e+16 	 3.104658e-06 	 1.427592e-06 	 -1000.0000 	 -1000.0000 	 -1000.0000 	 -1000.0000 
	 91.6830 	 1.003116e-04 	 139.8059 	  1.0976 	 5.201488e+18 	 4.733267e+16 	 3.084088e-06 	 1.437909e-06 	 -1000.0000 	 -1000.0000 	 -1000.0000 	 -1000.0000 
	 91.9450 	 9.690054e-05 	 140.6273 	  1.0933 	 4.995297e+18 	 4.514542e+16 	 3.058100e-06 	 1.465386e-06 	 -1000.0000 	 -1000.0000 	 -1000.0000 	 -1000.0000 
	 92.0760 	 9.525315e-05 	 141.0546 	  1.0931 	 4.895518e+18 	 4.415095e+16 	 3.052363e-06 	 1.482583e-06 	 -1000.0000 	 -1000.0000 	 -1000.0000 	 -1000.0000 
	 92.3650 	 9.174229e-05 	 142.0245 	  1.0964 	 4.682875e+18 	 4.214785e+16 	 3.055814e-06 	 1.528728e-06 	 -1000.0000 	 -1000.0000 	 -1000.0000 	 -1000.0000 
	 92.4960 	 9.020169e-05 	 142.4722 	  1.0992 	 4.589752e+18 	 4.130951e+16 	 3.064305e-06 	 1.553383e-06 	 -1000.0000 	 -1000.0000 	 -1000.0000 	 -1000.0000 
	 92.6260 	 8.870106e-05 	 142.9186 	  1.1027 	 4.499276e+18 	 4.051011e+16 	 3.076776e-06 	 1.580167e-06 	 -1000.0000 	 -1000.0000 	 -1000.0000 	 -1000.0000 
	 93.1750 	 8.265241e-05 	 144.8079 	  1.1176 	 4.137756e+18 	 3.730136e+16 	 3.170393e-06 	 1.719099e-06 	 -1000.0000 	 -1000.0000 	 -1000.0000 	 -1000.0000 
	 93.3060 	 8.127816e-05 	 145.2589 	  1.1187 	 4.056334e+18 	 3.652624e+16 	 3.201713e-06 	 1.758528e-06 	 -1000.0000 	 -1000.0000 	 -1000.0000 	 -1000.0000 
	 93.4360 	 7.994086e-05 	 145.7062 	  1.1179 	 3.977352e+18 	 3.573451e+16 	 3.235902e-06 	 1.800084e-06 	 -1000.0000 	 -1000.0000 	 -1000.0000 	 -1000.0000 
	 93.5670 	 7.861994e-05 	 146.1565 	  1.1150 	 3.899588e+18 	 3.490810e+16 	 3.273246e-06 	 1.844363e-06 	 -1000.0000 	 -1000.0000 	 -1000.0000 	 -1000.0000 
	 93.6980 	 7.732550e-05 	 146.6040 	  1.1102 	 3.823674e+18 	 3.406163e+16 	 3.312906e-06 	 1.890795e-06 	 -1000.0000 	 -1000.0000 	 -1000.0000 	 -1000.0000 
	 93.9950 	 7.448687e-05 	 147.5952 	  1.0950 	 3.658547e+18 	 3.213475e+16 	 3.407829e-06 	 2.002322e-06 	 -1000.0000 	 -1000.0000 	 -1000.0000 	 -1000.0000 
