	 height_(km) 	 press_(mbar) 	 temp_(K) 	 temperr_(K) 	 numdens_(m-3) 	 numdenserr_(m-3) 	 H2Ovmr_() 	 H2Ovmrerr_() 	 D/H_(VSMOW) 	 D/Herr_(VSMOW) 	 18O/16O_(VSMOW) 	 18O/16Oerr_(VSMOW) 
	  6.7580 	 2.237321e+00 	 125.6384 	  1.8455 	 1.225752e+23 	 1.187310e+21 	 3.123274e-07 	 1.171197e-07 	 -1000.0000 	 -1000.0000 	 -1000.0000 	 -1000.0000 
	  6.8880 	 2.198837e+00 	 126.4591 	  1.7756 	 1.201821e+23 	 1.154983e+21 	 2.781502e-07 	 1.050252e-07 	 -1000.0000 	 -1000.0000 	 -1000.0000 	 -1000.0000 
	  7.0190 	 2.160654e+00 	 127.2602 	  1.7085 	 1.178153e+23 	 1.123351e+21 	 2.486790e-07 	 9.450532e-08 	 -1000.0000 	 -1000.0000 	 -1000.0000 	 -1000.0000 
	  7.1490 	 2.123348e+00 	 128.0298 	  1.6451 	 1.155104e+23 	 1.092880e+21 	 2.235630e-07 	 8.546587e-08 	 -1000.0000 	 -1000.0000 	 -1000.0000 	 -1000.0000 
	  7.2790 	 2.086618e+00 	 128.7745 	  1.5848 	 1.132488e+23 	 1.063308e+21 	 2.019070e-07 	 7.761063e-08 	 -1000.0000 	 -1000.0000 	 -1000.0000 	 -1000.0000 
	 10.9570 	 1.262117e+00 	 141.0387 	  0.8856 	 6.495997e+22 	 5.309235e+20 	 5.326082e-08 	 1.835985e-08 	 -1000.0000 	 -1000.0000 	 -1000.0000 	 -1000.0000 
	 11.0860 	 1.239866e+00 	 141.2132 	  0.8860 	 6.373978e+22 	 5.205161e+20 	 5.383971e-08 	 1.844733e-08 	 -1000.0000 	 -1000.0000 	 -1000.0000 	 -1000.0000 
	 11.2150 	 1.218008e+00 	 141.3739 	  0.8874 	 6.254646e+22 	 5.105061e+20 	 5.449374e-08 	 1.856221e-08 	 -1000.0000 	 -1000.0000 	 -1000.0000 	 -1000.0000 
	 11.3440 	 1.196537e+00 	 141.5213 	  0.8897 	 6.137950e+22 	 5.008773e+20 	 5.522432e-08 	 1.870314e-08 	 -1000.0000 	 -1000.0000 	 -1000.0000 	 -1000.0000 
	 11.4730 	 1.175449e+00 	 141.6556 	  0.8929 	 6.023839e+22 	 4.916138e+20 	 5.603429e-08 	 1.886945e-08 	 -1000.0000 	 -1000.0000 	 -1000.0000 	 -1000.0000 
	 13.7570 	 8.591052e-01 	 142.2619 	  1.0152 	 4.375611e+22 	 3.706731e+20 	 9.023479e-08 	 2.669740e-08 	 -1000.0000 	 -1000.0000 	 -1000.0000 	 -1000.0000 
	 13.8860 	 8.441073e-01 	 142.2178 	  1.0216 	 4.300388e+22 	 3.652916e+20 	 9.381282e-08 	 2.748475e-08 	 -1000.0000 	 -1000.0000 	 -1000.0000 	 -1000.0000 
	 14.0150 	 8.293784e-01 	 142.1676 	  1.0275 	 4.226739e+22 	 3.599599e+20 	 9.763918e-08 	 2.831843e-08 	 -1000.0000 	 -1000.0000 	 -1000.0000 	 -1000.0000 
	 14.1440 	 8.149130e-01 	 142.1117 	  1.0328 	 4.154612e+22 	 3.546620e+20 	 1.017267e-07 	 2.919994e-08 	 -1000.0000 	 -1000.0000 	 -1000.0000 	 -1000.0000 
	 14.2730 	 8.007052e-01 	 142.0505 	  1.0375 	 4.083956e+22 	 3.493818e+20 	 1.060870e-07 	 3.013037e-08 	 -1000.0000 	 -1000.0000 	 -1000.0000 	 -1000.0000 
	 16.5830 	 5.836603e-01 	 140.5246 	  0.9489 	 3.010726e+22 	 2.421707e+20 	 2.329833e-07 	 5.379922e-08 	 -1000.0000 	 -1000.0000 	 -1000.0000 	 -1000.0000 
	 16.7110 	 5.734403e-01 	 140.4768 	  0.9364 	 2.958993e+22 	 2.356599e+20 	 2.416595e-07 	 5.518788e-08 	 -1000.0000 	 -1000.0000 	 -1000.0000 	 -1000.0000 
	 16.8390 	 5.634001e-01 	 140.4464 	  0.9246 	 2.907825e+22 	 2.293164e+20 	 2.501929e-07 	 5.651427e-08 	 -1000.0000 	 -1000.0000 	 -1000.0000 	 -1000.0000 
	 16.9680 	 5.534632e-01 	 140.4362 	  0.9135 	 2.856794e+22 	 2.231446e+20 	 2.585922e-07 	 5.777730e-08 	 -1000.0000 	 -1000.0000 	 -1000.0000 	 -1000.0000 
	 17.0960 	 5.437836e-01 	 140.4490 	  0.9038 	 2.806658e+22 	 2.172921e+20 	 2.666877e-07 	 5.895054e-08 	 -1000.0000 	 -1000.0000 	 -1000.0000 	 -1000.0000 
	 18.0030 	 4.801945e-01 	 141.2168 	  0.8790 	 2.465567e+22 	 1.850774e+20 	 3.190481e-07 	 6.548230e-08 	 -1000.0000 	 -1000.0000 	 -1000.0000 	 -1000.0000 
	 18.1310 	 4.718814e-01 	 141.3889 	  0.8797 	 2.419894e+22 	 1.815399e+20 	 3.265418e-07 	 6.633116e-08 	 -1000.0000 	 -1000.0000 	 -1000.0000 	 -1000.0000 
	 18.2590 	 4.637194e-01 	 141.5671 	  0.8810 	 2.374970e+22 	 1.781508e+20 	 3.343188e-07 	 6.721472e-08 	 -1000.0000 	 -1000.0000 	 -1000.0000 	 -1000.0000 
	 18.3880 	 4.556423e-01 	 141.7493 	  0.8824 	 2.330502e+22 	 1.748510e+20 	 3.425344e-07 	 6.815777e-08 	 -1000.0000 	 -1000.0000 	 -1000.0000 	 -1000.0000 
	 18.5160 	 4.477712e-01 	 141.9297 	  0.8838 	 2.287224e+22 	 1.716578e+20 	 3.511424e-07 	 6.916060e-08 	 -1000.0000 	 -1000.0000 	 -1000.0000 	 -1000.0000 
	 19.4330 	 3.952971e-01 	 143.0384 	  0.8865 	 2.003478e+22 	 1.496873e+20 	 4.292765e-07 	 7.875608e-08 	 -1000.0000 	 -1000.0000 	 -1000.0000 	 -1000.0000 
	 19.5610 	 3.885008e-01 	 143.1661 	  0.8868 	 1.967319e+22 	 1.468211e+20 	 4.425851e-07 	 8.042009e-08 	 -1000.0000 	 -1000.0000 	 -1000.0000 	 -1000.0000 
	 19.6890 	 3.818304e-01 	 143.2882 	  0.8874 	 1.931925e+22 	 1.440380e+20 	 4.564830e-07 	 8.215530e-08 	 -1000.0000 	 -1000.0000 	 -1000.0000 	 -1000.0000 
	 19.8180 	 3.752343e-01 	 143.4057 	  0.8884 	 1.897002e+22 	 1.413285e+20 	 4.710685e-07 	 8.397033e-08 	 -1000.0000 	 -1000.0000 	 -1000.0000 	 -1000.0000 
	 19.9460 	 3.688136e-01 	 143.5173 	  0.8900 	 1.863063e+22 	 1.387460e+20 	 4.860954e-07 	 8.583081e-08 	 -1000.0000 	 -1000.0000 	 -1000.0000 	 -1000.0000 
	 20.8460 	 3.270184e-01 	 144.3684 	  0.9173 	 1.641339e+22 	 1.234197e+20 	 6.067912e-07 	 1.003260e-07 	 -1000.0000 	 -1000.0000 	 -1000.0000 	 -1000.0000 
	 20.9740 	 3.215213e-01 	 144.5608 	  0.9218 	 1.611595e+22 	 1.214309e+20 	 6.261198e-07 	 1.025775e-07 	 -1000.0000 	 -1000.0000 	 -1000.0000 	 -1000.0000 
	 21.1020 	 3.161277e-01 	 144.7881 	  0.9259 	 1.582134e+22 	 1.194268e+20 	 6.459983e-07 	 1.048751e-07 	 -1000.0000 	 -1000.0000 	 -1000.0000 	 -1000.0000 
	 21.2300 	 3.108352e-01 	 145.0560 	  0.9296 	 1.552905e+22 	 1.173864e+20 	 6.663589e-07 	 1.075188e-07 	 -1000.0000 	 -1000.0000 	 -1000.0000 	 -1000.0000 
	 21.3580 	 3.056410e-01 	 145.3702 	  0.9325 	 1.523851e+22 	 1.152887e+20 	 6.871536e-07 	 1.107976e-07 	 -1000.0000 	 -1000.0000 	 -1000.0000 	 -1000.0000 
	 22.2760 	 2.710875e-01 	 149.0028 	  0.9314 	 1.320070e+22 	 9.818096e+19 	 8.586952e-07 	 1.379805e-07 	 -1000.0000 	 -1000.0000 	 -1000.0000 	 -1000.0000 
	 22.4040 	 2.666287e-01 	 149.6171 	  0.9300 	 1.292977e+22 	 9.572363e+19 	 8.865243e-07 	 1.423981e-07 	 -1000.0000 	 -1000.0000 	 -1000.0000 	 -1000.0000 
	 22.5320 	 2.622541e-01 	 150.2321 	  0.9290 	 1.266417e+22 	 9.331703e+19 	 9.155320e-07 	 1.470019e-07 	 -1000.0000 	 -1000.0000 	 -1000.0000 	 -1000.0000 
	 22.6600 	 2.579625e-01 	 150.8393 	  0.9285 	 1.240460e+22 	 9.098367e+19 	 9.457931e-07 	 1.518043e-07 	 -1000.0000 	 -1000.0000 	 -1000.0000 	 -1000.0000 
	 22.7880 	 2.537526e-01 	 151.4302 	  0.9287 	 1.215176e+22 	 8.874608e+19 	 9.773845e-07 	 1.568155e-07 	 -1000.0000 	 -1000.0000 	 -1000.0000 	 -1000.0000 
	 23.6910 	 2.262552e-01 	 154.7204 	  0.9573 	 1.058604e+22 	 7.656745e+19 	 1.247022e-06 	 1.991902e-07 	 -1000.0000 	 -1000.0000 	 -1000.0000 	 -1000.0000 
	 23.8190 	 2.226492e-01 	 155.0590 	  0.9642 	 1.039302e+22 	 7.529184e+19 	 1.293632e-06 	 2.064273e-07 	 -1000.0000 	 -1000.0000 	 -1000.0000 	 -1000.0000 
	 23.9460 	 2.191379e-01 	 155.3657 	  0.9715 	 1.020781e+22 	 7.411171e+19 	 1.342450e-06 	 2.139812e-07 	 -1000.0000 	 -1000.0000 	 -1000.0000 	 -1000.0000 
	 24.0730 	 2.156911e-01 	 155.6442 	  0.9791 	 1.002860e+22 	 7.300840e+19 	 1.394020e-06 	 2.219367e-07 	 -1000.0000 	 -1000.0000 	 -1000.0000 	 -1000.0000 
	 24.2010 	 2.122806e-01 	 155.8971 	  0.9869 	 9.853784e+21 	 7.196569e+19 	 1.448979e-06 	 2.303899e-07 	 -1000.0000 	 -1000.0000 	 -1000.0000 	 -1000.0000 
	 26.4910 	 1.601558e-01 	 156.7266 	  1.0451 	 7.407951e+21 	 5.610318e+19 	 3.223815e-06 	 5.001702e-07 	 -1000.0000 	 -1000.0000 	 -1000.0000 	 -1000.0000 
	 26.6190 	 1.576550e-01 	 156.6920 	  1.0431 	 7.293661e+21 	 5.512506e+19 	 3.389872e-06 	 5.250621e-07 	 -1000.0000 	 -1000.0000 	 -1000.0000 	 -1000.0000 
	 26.7460 	 1.552128e-01 	 156.6769 	  1.0417 	 7.181233e+21 	 5.417315e+19 	 3.565031e-06 	 5.511291e-07 	 -1000.0000 	 -1000.0000 	 -1000.0000 	 -1000.0000 
	 26.8730 	 1.528091e-01 	 156.6862 	  1.0411 	 7.069586e+21 	 5.324832e+19 	 3.751081e-06 	 5.785873e-07 	 -1000.0000 	 -1000.0000 	 -1000.0000 	 -1000.0000 
	 27.0010 	 1.504253e-01 	 156.7257 	  1.0416 	 6.957664e+21 	 5.235229e+19 	 3.950122e-06 	 6.076453e-07 	 -1000.0000 	 -1000.0000 	 -1000.0000 	 -1000.0000 
	 27.9140 	 1.345250e-01 	 158.0395 	  1.0823 	 6.172473e+21 	 4.723400e+19 	 5.734073e-06 	 8.521896e-07 	 -1000.0000 	 -1000.0000 	 -1000.0000 	 -1000.0000 
	 28.0410 	 1.324624e-01 	 158.3287 	  1.0908 	 6.066677e+21 	 4.662894e+19 	 6.034406e-06 	 8.912242e-07 	 -1000.0000 	 -1000.0000 	 -1000.0000 	 -1000.0000 
	 28.1680 	 1.304353e-01 	 158.6315 	  1.0991 	 5.962238e+21 	 4.602700e+19 	 6.347625e-06 	 9.315022e-07 	 -1000.0000 	 -1000.0000 	 -1000.0000 	 -1000.0000 
	 28.2950 	 1.284432e-01 	 158.9437 	  1.1071 	 5.859329e+21 	 4.542060e+19 	 6.673947e-06 	 9.730725e-07 	 -1000.0000 	 -1000.0000 	 -1000.0000 	 -1000.0000 
	 28.4220 	 1.264858e-01 	 159.2612 	  1.1144 	 5.758120e+21 	 4.480218e+19 	 7.013661e-06 	 1.016080e-06 	 -1000.0000 	 -1000.0000 	 -1000.0000 	 -1000.0000 
	 29.3340 	 1.134085e-01 	 161.5543 	  1.1383 	 5.087350e+21 	 3.971781e+19 	 9.947121e-06 	 1.377048e-06 	 -1000.0000 	 -1000.0000 	 -1000.0000 	 -1000.0000 
	 29.4610 	 1.117157e-01 	 161.8965 	  1.1383 	 5.000884e+21 	 3.895084e+19 	 1.045037e-05 	 1.434895e-06 	 -1000.0000 	 -1000.0000 	 -1000.0000 	 -1000.0000 
	 29.5880 	 1.100522e-01 	 162.2519 	  1.1379 	 4.915806e+21 	 3.818110e+19 	 1.098421e-05 	 1.494478e-06 	 -1000.0000 	 -1000.0000 	 -1000.0000 	 -1000.0000 
	 29.7150 	 1.084174e-01 	 162.6229 	  1.1372 	 4.832014e+21 	 3.741243e+19 	 1.155073e-05 	 1.555626e-06 	 -1000.0000 	 -1000.0000 	 -1000.0000 	 -1000.0000 
	 29.8420 	 1.068105e-01 	 163.0121 	  1.1362 	 4.749404e+21 	 3.664869e+19 	 1.215194e-05 	 1.617961e-06 	 -1000.0000 	 -1000.0000 	 -1000.0000 	 -1000.0000 
	 30.7570 	 9.600470e-02 	 166.3201 	  1.1305 	 4.186409e+21 	 3.156934e+19 	 1.730655e-05 	 2.072424e-06 	 -1000.0000 	 -1000.0000 	 -1000.0000 	 -1000.0000 
	 30.8840 	 9.460574e-02 	 166.7969 	  1.1310 	 4.113545e+21 	 3.094840e+19 	 1.803912e-05 	 2.132680e-06 	 -1000.0000 	 -1000.0000 	 -1000.0000 	 -1000.0000 
	 31.0100 	 9.324066e-02 	 167.2587 	  1.1322 	 4.042792e+21 	 3.035793e+19 	 1.874070e-05 	 2.190924e-06 	 -1000.0000 	 -1000.0000 	 -1000.0000 	 -1000.0000 
	 31.1370 	 9.188733e-02 	 167.7078 	  1.1341 	 3.973115e+21 	 2.979026e+19 	 1.941259e-05 	 2.247885e-06 	 -1000.0000 	 -1000.0000 	 -1000.0000 	 -1000.0000 
	 31.2640 	 9.055621e-02 	 168.1354 	  1.1368 	 3.905171e+21 	 2.925196e+19 	 2.003931e-05 	 2.303067e-06 	 -1000.0000 	 -1000.0000 	 -1000.0000 	 -1000.0000 
	 32.1800 	 8.157218e-02 	 170.3113 	  1.1811 	 3.469494e+21 	 2.626684e+19 	 2.274810e-05 	 2.635743e-06 	 -1000.0000 	 -1000.0000 	 -1000.0000 	 -1000.0000 
	 32.3060 	 8.041582e-02 	 170.4853 	  1.1896 	 3.416529e+21 	 2.595913e+19 	 2.287472e-05 	 2.669303e-06 	 -1000.0000 	 -1000.0000 	 -1000.0000 	 -1000.0000 
	 32.4320 	 7.927741e-02 	 170.6311 	  1.1983 	 3.365070e+21 	 2.566991e+19 	 2.294734e-05 	 2.699133e-06 	 -1000.0000 	 -1000.0000 	 -1000.0000 	 -1000.0000 
	 32.5590 	 7.814770e-02 	 170.7502 	  1.2074 	 3.314665e+21 	 2.539498e+19 	 2.296828e-05 	 2.725183e-06 	 -1000.0000 	 -1000.0000 	 -1000.0000 	 -1000.0000 
	 32.6850 	 7.704408e-02 	 170.8415 	  1.2164 	 3.266052e+21 	 2.513657e+19 	 2.293986e-05 	 2.746837e-06 	 -1000.0000 	 -1000.0000 	 -1000.0000 	 -1000.0000 
	 34.9930 	 5.938117e-02 	 168.7560 	  1.2816 	 2.550827e+21 	 2.057570e+19 	 1.715192e-05 	 2.308076e-06 	 -1000.0000 	 -1000.0000 	 -1000.0000 	 -1000.0000 
	 35.1190 	 5.853663e-02 	 168.5572 	  1.2784 	 2.517480e+21 	 2.027184e+19 	 1.675445e-05 	 2.252548e-06 	 -1000.0000 	 -1000.0000 	 -1000.0000 	 -1000.0000 
	 35.2450 	 5.770385e-02 	 168.3765 	  1.2755 	 2.484315e+21 	 1.996959e+19 	 1.637281e-05 	 2.198391e-06 	 -1000.0000 	 -1000.0000 	 -1000.0000 	 -1000.0000 
	 35.3710 	 5.688284e-02 	 168.2189 	  1.2730 	 2.451272e+21 	 1.967116e+19 	 1.601055e-05 	 2.146525e-06 	 -1000.0000 	 -1000.0000 	 -1000.0000 	 -1000.0000 
	 35.4960 	 5.607999e-02 	 168.0904 	  1.2712 	 2.418551e+21 	 1.938108e+19 	 1.567369e-05 	 2.098206e-06 	 -1000.0000 	 -1000.0000 	 -1000.0000 	 -1000.0000 
	 36.4160 	 5.052232e-02 	 168.2462 	  1.2874 	 2.177085e+21 	 1.752477e+19 	 1.403159e-05 	 1.881216e-06 	 -1000.0000 	 -1000.0000 	 -1000.0000 	 -1000.0000 
	 36.5410 	 4.981274e-02 	 168.4055 	  1.2926 	 2.144463e+21 	 1.730199e+19 	 1.391159e-05 	 1.868749e-06 	 -1000.0000 	 -1000.0000 	 -1000.0000 	 -1000.0000 
	 36.6670 	 4.910790e-02 	 168.5938 	  1.2982 	 2.111729e+21 	 1.708117e+19 	 1.381124e-05 	 1.859325e-06 	 -1000.0000 	 -1000.0000 	 -1000.0000 	 -1000.0000 
	 36.7920 	 4.841877e-02 	 168.8064 	  1.3040 	 2.079437e+21 	 1.686470e+19 	 1.373055e-05 	 1.852690e-06 	 -1000.0000 	 -1000.0000 	 -1000.0000 	 -1000.0000 
	 36.9180 	 4.773414e-02 	 169.0448 	  1.3100 	 2.047103e+21 	 1.664803e+19 	 1.366662e-05 	 1.848267e-06 	 -1000.0000 	 -1000.0000 	 -1000.0000 	 -1000.0000 
	 37.8290 	 4.307355e-02 	 171.3507 	  1.3479 	 1.822355e+21 	 1.506133e+19 	 1.361156e-05 	 1.855600e-06 	 -1000.0000 	 -1000.0000 	 -1000.0000 	 -1000.0000 
	 37.9540 	 4.247409e-02 	 171.7338 	  1.3520 	 1.792989e+21 	 1.483871e+19 	 1.365345e-05 	 1.860863e-06 	 -1000.0000 	 -1000.0000 	 -1000.0000 	 -1000.0000 
	 38.0790 	 4.188448e-02 	 172.1302 	  1.3558 	 1.764027e+21 	 1.461480e+19 	 1.370646e-05 	 1.867096e-06 	 -1000.0000 	 -1000.0000 	 -1000.0000 	 -1000.0000 
	 38.2040 	 4.130478e-02 	 172.5389 	  1.3592 	 1.735485e+21 	 1.438957e+19 	 1.377050e-05 	 1.874336e-06 	 -1000.0000 	 -1000.0000 	 -1000.0000 	 -1000.0000 
	 38.3290 	 4.073506e-02 	 172.9591 	  1.3623 	 1.707380e+21 	 1.416301e+19 	 1.384556e-05 	 1.882664e-06 	 -1000.0000 	 -1000.0000 	 -1000.0000 	 -1000.0000 
	 39.2490 	 3.684258e-02 	 176.3215 	  1.3707 	 1.514738e+21 	 1.245369e+19 	 1.474461e-05 	 1.980914e-06 	 -1000.0000 	 -1000.0000 	 -1000.0000 	 -1000.0000 
	 39.3740 	 3.635144e-02 	 176.8045 	  1.3691 	 1.490459e+21 	 1.221613e+19 	 1.491473e-05 	 1.998870e-06 	 -1000.0000 	 -1000.0000 	 -1000.0000 	 -1000.0000 
	 39.4990 	 3.586843e-02 	 177.2912 	  1.3667 	 1.466616e+21 	 1.197741e+19 	 1.509643e-05 	 2.017731e-06 	 -1000.0000 	 -1000.0000 	 -1000.0000 	 -1000.0000 
	 39.6240 	 3.539326e-02 	 177.7808 	  1.3633 	 1.443203e+21 	 1.173756e+19 	 1.528961e-05 	 2.037394e-06 	 -1000.0000 	 -1000.0000 	 -1000.0000 	 -1000.0000 
	 39.7490 	 3.492566e-02 	 178.2726 	  1.3589 	 1.420215e+21 	 1.149663e+19 	 1.549403e-05 	 2.057706e-06 	 -1000.0000 	 -1000.0000 	 -1000.0000 	 -1000.0000 
	 40.6690 	 3.169420e-02 	 181.8264 	  1.3011 	 1.263820e+21 	 9.741175e+18 	 1.726239e-05 	 2.218947e-06 	 -1000.0000 	 -1000.0000 	 -1000.0000 	 -1000.0000 
	 40.7940 	 3.128168e-02 	 182.2715 	  1.2927 	 1.244326e+21 	 9.521161e+18 	 1.751791e-05 	 2.242590e-06 	 -1000.0000 	 -1000.0000 	 -1000.0000 	 -1000.0000 
	 40.9190 	 3.087509e-02 	 182.7002 	  1.2850 	 1.225258e+21 	 9.309993e+18 	 1.777141e-05 	 2.266775e-06 	 -1000.0000 	 -1000.0000 	 -1000.0000 	 -1000.0000 
	 41.0440 	 3.047429e-02 	 183.1098 	  1.2782 	 1.206621e+21 	 9.109097e+18 	 1.802109e-05 	 2.291557e-06 	 -1000.0000 	 -1000.0000 	 -1000.0000 	 -1000.0000 
	 41.1690 	 3.007916e-02 	 183.4981 	  1.2726 	 1.188415e+21 	 8.919896e+18 	 1.826523e-05 	 2.317030e-06 	 -1000.0000 	 -1000.0000 	 -1000.0000 	 -1000.0000 
	 42.0910 	 2.732874e-02 	 185.5666 	  1.2802 	 1.067240e+21 	 7.938705e+18 	 1.978577e-05 	 2.523742e-06 	 -1000.0000 	 -1000.0000 	 -1000.0000 	 -1000.0000 
	 42.2160 	 2.697702e-02 	 185.7404 	  1.2863 	 1.052468e+21 	 7.852651e+18 	 1.994903e-05 	 2.551779e-06 	 -1000.0000 	 -1000.0000 	 -1000.0000 	 -1000.0000 
	 42.3410 	 2.663011e-02 	 185.8903 	  1.2931 	 1.038055e+21 	 7.774549e+18 	 2.010164e-05 	 2.579102e-06 	 -1000.0000 	 -1000.0000 	 -1000.0000 	 -1000.0000 
	 42.4660 	 2.628795e-02 	 186.0168 	  1.3003 	 1.023992e+21 	 7.703344e+18 	 2.024356e-05 	 2.605487e-06 	 -1000.0000 	 -1000.0000 	 -1000.0000 	 -1000.0000 
	 42.5910 	 2.595046e-02 	 186.1204 	  1.3079 	 1.010266e+21 	 7.637976e+18 	 2.037485e-05 	 2.630725e-06 	 -1000.0000 	 -1000.0000 	 -1000.0000 	 -1000.0000 
	 44.8740 	 2.051926e-02 	 184.6419 	  1.3084 	 8.056467e+20 	 6.299371e+18 	 2.104624e-05 	 2.669303e-06 	 -1000.0000 	 -1000.0000 	 -1000.0000 	 -1000.0000 
	 44.9990 	 2.025700e-02 	 184.4352 	  1.2980 	 7.962342e+20 	 6.191362e+18 	 2.100431e-05 	 2.645933e-06 	 -1000.0000 	 -1000.0000 	 -1000.0000 	 -1000.0000 
	 45.1230 	 1.999990e-02 	 184.2281 	  1.2881 	 7.870059e+20 	 6.085945e+18 	 2.095781e-05 	 2.622253e-06 	 -1000.0000 	 -1000.0000 	 -1000.0000 	 -1000.0000 
	 45.2480 	 1.974373e-02 	 184.0195 	  1.2787 	 7.778021e+20 	 5.982874e+18 	 2.090656e-05 	 2.598459e-06 	 -1000.0000 	 -1000.0000 	 -1000.0000 	 -1000.0000 
	 45.3720 	 1.949251e-02 	 183.8145 	  1.2704 	 7.687589e+20 	 5.885243e+18 	 2.085191e-05 	 2.575510e-06 	 -1000.0000 	 -1000.0000 	 -1000.0000 	 -1000.0000 
	 46.2870 	 1.772311e-02 	 182.4569 	  1.2551 	 7.041881e+20 	 5.370180e+18 	 2.033494e-05 	 2.453818e-06 	 -1000.0000 	 -1000.0000 	 -1000.0000 	 -1000.0000 
	 46.4110 	 1.749475e-02 	 182.2867 	  1.2578 	 6.957631e+20 	 5.322289e+18 	 2.024126e-05 	 2.441706e-06 	 -1000.0000 	 -1000.0000 	 -1000.0000 	 -1000.0000 
	 46.5350 	 1.726916e-02 	 182.1168 	  1.2611 	 6.874303e+20 	 5.277286e+18 	 2.013943e-05 	 2.429712e-06 	 -1000.0000 	 -1000.0000 	 -1000.0000 	 -1000.0000 
	 46.6590 	 1.704635e-02 	 181.9462 	  1.2648 	 6.791945e+20 	 5.234409e+18 	 2.002869e-05 	 2.417512e-06 	 -1000.0000 	 -1000.0000 	 -1000.0000 	 -1000.0000 
	 46.7840 	 1.682456e-02 	 181.7726 	  1.2688 	 6.709951e+20 	 5.192564e+18 	 1.990736e-05 	 2.404688e-06 	 -1000.0000 	 -1000.0000 	 -1000.0000 	 -1000.0000 
	 47.7070 	 1.527266e-02 	 180.3578 	  1.2960 	 6.138838e+20 	 4.885172e+18 	 1.874064e-05 	 2.282028e-06 	 -1000.0000 	 -1000.0000 	 -1000.0000 	 -1000.0000 
	 47.8310 	 1.507477e-02 	 180.1415 	  1.2997 	 6.066577e+20 	 4.845272e+18 	 1.856915e-05 	 2.263668e-06 	 -1000.0000 	 -1000.0000 	 -1000.0000 	 -1000.0000 
	 47.9550 	 1.487914e-02 	 179.9173 	  1.3037 	 5.995309e+20 	 4.806428e+18 	 1.840051e-05 	 2.245567e-06 	 -1000.0000 	 -1000.0000 	 -1000.0000 	 -1000.0000 
	 48.0790 	 1.468567e-02 	 179.6844 	  1.3079 	 5.925014e+20 	 4.768876e+18 	 1.823684e-05 	 2.227958e-06 	 -1000.0000 	 -1000.0000 	 -1000.0000 	 -1000.0000 
	 48.2040 	 1.449276e-02 	 179.4405 	  1.3125 	 5.855115e+20 	 4.732568e+18 	 1.807905e-05 	 2.210947e-06 	 -1000.0000 	 -1000.0000 	 -1000.0000 	 -1000.0000 
	 49.1200 	 1.313981e-02 	 177.3725 	  1.3589 	 5.370312e+20 	 4.520710e+18 	 1.729882e-05 	 2.124888e-06 	 -1000.0000 	 -1000.0000 	 -1000.0000 	 -1000.0000 
	 49.2440 	 1.296512e-02 	 177.0665 	  1.3663 	 5.308093e+20 	 4.497120e+18 	 1.725480e-05 	 2.119018e-06 	 -1000.0000 	 -1000.0000 	 -1000.0000 	 -1000.0000 
	 49.3680 	 1.279255e-02 	 176.7577 	  1.3739 	 5.246615e+20 	 4.474002e+18 	 1.722717e-05 	 2.114530e-06 	 -1000.0000 	 -1000.0000 	 -1000.0000 	 -1000.0000 
	 49.4910 	 1.262351e-02 	 176.4499 	  1.3814 	 5.186341e+20 	 4.451303e+18 	 1.721630e-05 	 2.111444e-06 	 -1000.0000 	 -1000.0000 	 -1000.0000 	 -1000.0000 
	 49.6150 	 1.245528e-02 	 176.1392 	  1.3889 	 5.126270e+20 	 4.428415e+18 	 1.722228e-05 	 2.109690e-06 	 -1000.0000 	 -1000.0000 	 -1000.0000 	 -1000.0000 
	 50.5330 	 1.127853e-02 	 174.0043 	  1.4378 	 4.698709e+20 	 4.235329e+18 	 1.768992e-05 	 2.125601e-06 	 -1000.0000 	 -1000.0000 	 -1000.0000 	 -1000.0000 
	 50.6560 	 1.112949e-02 	 173.7772 	  1.4427 	 4.642692e+20 	 4.203111e+18 	 1.777239e-05 	 2.128611e-06 	 -1000.0000 	 -1000.0000 	 -1000.0000 	 -1000.0000 
	 50.7800 	 1.098113e-02 	 173.5720 	  1.4470 	 4.586249e+20 	 4.168349e+18 	 1.784988e-05 	 2.131059e-06 	 -1000.0000 	 -1000.0000 	 -1000.0000 	 -1000.0000 
	 50.9030 	 1.083578e-02 	 173.3951 	  1.4506 	 4.530204e+20 	 4.131363e+18 	 1.791784e-05 	 2.132656e-06 	 -1000.0000 	 -1000.0000 	 -1000.0000 	 -1000.0000 
	 51.0260 	 1.069218e-02 	 173.2478 	  1.4535 	 4.474015e+20 	 4.091643e+18 	 1.797368e-05 	 2.133182e-06 	 -1000.0000 	 -1000.0000 	 -1000.0000 	 -1000.0000 
	 51.9460 	 9.670992e-03 	 173.3087 	  1.4489 	 4.045030e+20 	 3.697839e+18 	 1.779406e-05 	 2.088866e-06 	 -1000.0000 	 -1000.0000 	 -1000.0000 	 -1000.0000 
	 52.0690 	 9.541740e-03 	 173.4863 	  1.4444 	 3.986849e+20 	 3.633682e+18 	 1.768359e-05 	 2.076293e-06 	 -1000.0000 	 -1000.0000 	 -1000.0000 	 -1000.0000 
	 52.1920 	 9.414290e-03 	 173.7062 	  1.4391 	 3.928612e+20 	 3.567333e+18 	 1.755281e-05 	 2.062232e-06 	 -1000.0000 	 -1000.0000 	 -1000.0000 	 -1000.0000 
	 52.3150 	 9.288671e-03 	 173.9690 	  1.4328 	 3.870364e+20 	 3.498958e+18 	 1.740185e-05 	 2.046713e-06 	 -1000.0000 	 -1000.0000 	 -1000.0000 	 -1000.0000 
	 52.4380 	 9.164910e-03 	 174.2753 	  1.4255 	 3.812151e+20 	 3.428727e+18 	 1.723092e-05 	 2.029770e-06 	 -1000.0000 	 -1000.0000 	 -1000.0000 	 -1000.0000 
	 53.3660 	 8.292179e-03 	 177.8726 	  1.3440 	 3.380361e+20 	 2.865209e+18 	 1.541676e-05 	 1.867355e-06 	 -1000.0000 	 -1000.0000 	 -1000.0000 	 -1000.0000 
	 53.4890 	 8.184382e-03 	 178.4653 	  1.3316 	 3.325295e+20 	 2.791354e+18 	 1.514145e-05 	 1.843876e-06 	 -1000.0000 	 -1000.0000 	 -1000.0000 	 -1000.0000 
	 53.6120 	 8.078356e-03 	 179.0696 	  1.3193 	 3.271037e+20 	 2.719060e+18 	 1.486737e-05 	 1.820630e-06 	 -1000.0000 	 -1000.0000 	 -1000.0000 	 -1000.0000 
	 53.7350 	 7.974077e-03 	 179.6806 	  1.3074 	 3.217680e+20 	 2.648758e+18 	 1.459746e-05 	 1.797834e-06 	 -1000.0000 	 -1000.0000 	 -1000.0000 	 -1000.0000 
	 53.8580 	 7.871522e-03 	 180.2936 	  1.2959 	 3.165321e+20 	 2.580878e+18 	 1.433466e-05 	 1.775700e-06 	 -1000.0000 	 -1000.0000 	 -1000.0000 	 -1000.0000 
	 54.7690 	 7.162375e-03 	 184.5131 	  1.2348 	 2.813892e+20 	 2.175028e+18 	 1.278331e-05 	 1.645322e-06 	 -1000.0000 	 -1000.0000 	 -1000.0000 	 -1000.0000 
	 54.8910 	 7.073536e-03 	 185.0039 	  1.2297 	 2.771649e+20 	 2.132513e+18 	 1.262996e-05 	 1.632647e-06 	 -1000.0000 	 -1000.0000 	 -1000.0000 	 -1000.0000 
	 55.0140 	 6.985276e-03 	 185.4749 	  1.2252 	 2.730152e+20 	 2.091946e+18 	 1.248726e-05 	 1.620985e-06 	 -1000.0000 	 -1000.0000 	 -1000.0000 	 -1000.0000 
	 55.1370 	 6.898275e-03 	 185.9198 	  1.2213 	 2.689730e+20 	 2.053510e+18 	 1.235611e-05 	 1.610435e-06 	 -1000.0000 	 -1000.0000 	 -1000.0000 	 -1000.0000 
	 55.2590 	 6.813176e-03 	 186.3335 	  1.2179 	 2.650678e+20 	 2.017319e+18 	 1.223700e-05 	 1.601056e-06 	 -1000.0000 	 -1000.0000 	 -1000.0000 	 -1000.0000 
	 56.1890 	 6.199732e-03 	 188.4490 	  1.2028 	 2.384915e+20 	 1.788283e+18 	 1.163987e-05 	 1.561619e-06 	 -1000.0000 	 -1000.0000 	 -1000.0000 	 -1000.0000 
	 56.3110 	 6.123677e-03 	 188.5873 	  1.2008 	 2.353932e+20 	 1.762557e+18 	 1.159529e-05 	 1.559876e-06 	 -1000.0000 	 -1000.0000 	 -1000.0000 	 -1000.0000 
	 56.4340 	 6.048007e-03 	 188.6944 	  1.1985 	 2.323532e+20 	 1.737229e+18 	 1.155659e-05 	 1.558721e-06 	 -1000.0000 	 -1000.0000 	 -1000.0000 	 -1000.0000 
	 56.5570 	 5.973343e-03 	 188.7692 	  1.1958 	 2.293950e+20 	 1.712384e+18 	 1.152362e-05 	 1.558106e-06 	 -1000.0000 	 -1000.0000 	 -1000.0000 	 -1000.0000 
	 56.6790 	 5.900270e-03 	 188.8114 	  1.1925 	 2.265393e+20 	 1.688094e+18 	 1.149609e-05 	 1.557965e-06 	 -1000.0000 	 -1000.0000 	 -1000.0000 	 -1000.0000 
	 57.5920 	 5.383014e-03 	 188.1425 	  1.1477 	 2.074133e+20 	 1.512434e+18 	 1.140812e-05 	 1.566394e-06 	 -1000.0000 	 -1000.0000 	 -1000.0000 	 -1000.0000 
	 57.7140 	 5.317508e-03 	 187.9270 	  1.1403 	 2.051244e+20 	 1.490590e+18 	 1.140732e-05 	 1.568243e-06 	 -1000.0000 	 -1000.0000 	 -1000.0000 	 -1000.0000 
	 57.8360 	 5.252765e-03 	 187.6832 	  1.1329 	 2.028906e+20 	 1.469419e+18 	 1.140806e-05 	 1.570145e-06 	 -1000.0000 	 -1000.0000 	 -1000.0000 	 -1000.0000 
	 57.9580 	 5.188755e-03 	 187.4116 	  1.1258 	 2.007092e+20 	 1.449015e+18 	 1.140998e-05 	 1.572064e-06 	 -1000.0000 	 -1000.0000 	 -1000.0000 	 -1000.0000 
	 58.0810 	 5.124935e-03 	 187.1101 	  1.1189 	 1.985605e+20 	 1.429314e+18 	 1.141281e-05 	 1.573978e-06 	 -1000.0000 	 -1000.0000 	 -1000.0000 	 -1000.0000 
	 59.0040 	 4.666556e-03 	 184.0508 	  1.0853 	 1.838029e+20 	 1.312694e+18 	 1.143558e-05 	 1.585478e-06 	 -1000.0000 	 -1000.0000 	 -1000.0000 	 -1000.0000 
	 59.1260 	 4.608497e-03 	 183.5618 	  1.0828 	 1.819999e+20 	 1.300563e+18 	 1.143684e-05 	 1.586643e-06 	 -1000.0000 	 -1000.0000 	 -1000.0000 	 -1000.0000 
	 59.2480 	 4.550994e-03 	 183.0584 	  1.0805 	 1.802238e+20 	 1.288914e+18 	 1.143733e-05 	 1.587753e-06 	 -1000.0000 	 -1000.0000 	 -1000.0000 	 -1000.0000 
	 59.3700 	 4.494038e-03 	 182.5424 	  1.0784 	 1.784723e+20 	 1.277654e+18 	 1.143696e-05 	 1.588817e-06 	 -1000.0000 	 -1000.0000 	 -1000.0000 	 -1000.0000 
	 59.4920 	 4.437617e-03 	 182.0155 	  1.0765 	 1.767429e+20 	 1.266693e+18 	 1.143561e-05 	 1.589845e-06 	 -1000.0000 	 -1000.0000 	 -1000.0000 	 -1000.0000 
	 60.4140 	 4.027898e-03 	 177.8142 	  1.0612 	 1.642162e+20 	 1.187362e+18 	 1.138572e-05 	 1.596423e-06 	 -1000.0000 	 -1000.0000 	 -1000.0000 	 -1000.0000 
	 60.5360 	 3.975894e-03 	 177.2389 	  1.0591 	 1.626220e+20 	 1.177168e+18 	 1.137326e-05 	 1.596932e-06 	 -1000.0000 	 -1000.0000 	 -1000.0000 	 -1000.0000 
	 60.6580 	 3.924415e-03 	 176.6607 	  1.0569 	 1.610416e+20 	 1.167054e+18 	 1.135934e-05 	 1.597294e-06 	 -1000.0000 	 -1000.0000 	 -1000.0000 	 -1000.0000 
	 60.7800 	 3.873462e-03 	 176.0801 	  1.0547 	 1.594748e+20 	 1.157023e+18 	 1.134391e-05 	 1.597489e-06 	 -1000.0000 	 -1000.0000 	 -1000.0000 	 -1000.0000 
	 60.9020 	 3.823037e-03 	 175.4977 	  1.0525 	 1.579211e+20 	 1.147078e+18 	 1.132696e-05 	 1.597498e-06 	 -1000.0000 	 -1000.0000 	 -1000.0000 	 -1000.0000 
	 61.8270 	 3.457656e-03 	 171.0609 	  1.0378 	 1.465335e+20 	 1.075801e+18 	 1.115029e-05 	 1.590846e-06 	 -1000.0000 	 -1000.0000 	 -1000.0000 	 -1000.0000 
	 61.9490 	 3.411555e-03 	 170.4751 	  1.0368 	 1.450765e+20 	 1.067323e+18 	 1.112177e-05 	 1.589269e-06 	 -1000.0000 	 -1000.0000 	 -1000.0000 	 -1000.0000 
	 62.0710 	 3.365899e-03 	 169.8894 	  1.0363 	 1.436282e+20 	 1.059161e+18 	 1.109237e-05 	 1.587591e-06 	 -1000.0000 	 -1000.0000 	 -1000.0000 	 -1000.0000 
	 62.1920 	 3.321045e-03 	 169.3089 	  1.0363 	 1.422000e+20 	 1.051412e+18 	 1.106244e-05 	 1.585848e-06 	 -1000.0000 	 -1000.0000 	 -1000.0000 	 -1000.0000 
	 62.3140 	 3.276238e-03 	 168.7239 	  1.0368 	 1.407676e+20 	 1.043978e+18 	 1.103160e-05 	 1.584032e-06 	 -1000.0000 	 -1000.0000 	 -1000.0000 	 -1000.0000 
	 63.2300 	 2.952629e-03 	 164.3497 	  1.0572 	 1.302379e+20 	 9.995341e+17 	 1.079182e-05 	 1.570298e-06 	 -1000.0000 	 -1000.0000 	 -1000.0000 	 -1000.0000 
	 63.3510 	 2.911639e-03 	 163.7748 	  1.0607 	 1.288808e+20 	 9.942249e+17 	 1.076117e-05 	 1.568644e-06 	 -1000.0000 	 -1000.0000 	 -1000.0000 	 -1000.0000 
	 63.4730 	 2.870752e-03 	 163.1960 	  1.0639 	 1.275218e+20 	 9.887242e+17 	 1.073102e-05 	 1.567049e-06 	 -1000.0000 	 -1000.0000 	 -1000.0000 	 -1000.0000 
	 63.5940 	 2.830646e-03 	 162.6227 	  1.0666 	 1.261838e+20 	 9.830342e+17 	 1.070203e-05 	 1.565551e-06 	 -1000.0000 	 -1000.0000 	 -1000.0000 	 -1000.0000 
	 63.7150 	 2.790993e-03 	 162.0503 	  1.0688 	 1.248559e+20 	 9.770227e+17 	 1.067412e-05 	 1.564148e-06 	 -1000.0000 	 -1000.0000 	 -1000.0000 	 -1000.0000 
	 64.6400 	 2.503003e-03 	 157.7001 	  1.0613 	 1.150634e+20 	 9.168892e+17 	 1.050533e-05 	 1.557316e-06 	 -1000.0000 	 -1000.0000 	 -1000.0000 	 -1000.0000 
	 64.7610 	 2.467193e-03 	 157.1330 	  1.0583 	 1.138265e+20 	 9.078859e+17 	 1.048879e-05 	 1.556978e-06 	 -1000.0000 	 -1000.0000 	 -1000.0000 	 -1000.0000 
	 64.8830 	 2.431485e-03 	 156.5612 	  1.0552 	 1.125886e+20 	 8.987961e+17 	 1.047323e-05 	 1.556774e-06 	 -1000.0000 	 -1000.0000 	 -1000.0000 	 -1000.0000 
	 65.0040 	 2.396454e-03 	 155.9939 	  1.0521 	 1.113697e+20 	 8.898487e+17 	 1.045883e-05 	 1.556708e-06 	 -1000.0000 	 -1000.0000 	 -1000.0000 	 -1000.0000 
	 65.1250 	 2.361791e-03 	 155.4264 	  1.0492 	 1.101593e+20 	 8.810487e+17 	 1.044539e-05 	 1.556780e-06 	 -1000.0000 	 -1000.0000 	 -1000.0000 	 -1000.0000 
	 66.0430 	 2.110136e-03 	 151.1045 	  1.0405 	 1.012360e+20 	 8.238672e+17 	 1.036010e-05 	 1.560370e-06 	 -1000.0000 	 -1000.0000 	 -1000.0000 	 -1000.0000 
	 66.1640 	 2.078470e-03 	 150.5326 	  1.0411 	 1.000958e+20 	 8.175096e+17 	 1.034768e-05 	 1.560771e-06 	 -1000.0000 	 -1000.0000 	 -1000.0000 	 -1000.0000 
	 66.2850 	 2.047166e-03 	 149.9604 	  1.0419 	 9.896457e+19 	 8.113566e+17 	 1.033411e-05 	 1.561025e-06 	 -1000.0000 	 -1000.0000 	 -1000.0000 	 -1000.0000 
	 66.4060 	 2.016225e-03 	 149.3877 	  1.0429 	 9.784258e+19 	 8.053853e+17 	 1.031911e-05 	 1.561092e-06 	 -1000.0000 	 -1000.0000 	 -1000.0000 	 -1000.0000 
	 66.5270 	 1.985652e-03 	 148.8146 	  1.0442 	 9.673005e+19 	 7.995731e+17 	 1.030243e-05 	 1.560931e-06 	 -1000.0000 	 -1000.0000 	 -1000.0000 	 -1000.0000 
	 67.4530 	 1.763862e-03 	 144.4746 	  1.0586 	 8.850476e+19 	 7.577510e+17 	 1.011205e-05 	 1.551122e-06 	 -1000.0000 	 -1000.0000 	 -1000.0000 	 -1000.0000 
	 67.5740 	 1.736398e-03 	 143.9326 	  1.0607 	 8.745496e+19 	 7.522537e+17 	 1.008229e-05 	 1.549185e-06 	 -1000.0000 	 -1000.0000 	 -1000.0000 	 -1000.0000 
	 67.6950 	 1.709262e-03 	 143.4017 	  1.0626 	 8.640729e+19 	 7.466584e+17 	 1.005247e-05 	 1.547248e-06 	 -1000.0000 	 -1000.0000 	 -1000.0000 	 -1000.0000 
	 67.8160 	 1.682448e-03 	 142.8835 	  1.0645 	 8.536060e+19 	 7.409368e+17 	 1.002293e-05 	 1.545360e-06 	 -1000.0000 	 -1000.0000 	 -1000.0000 	 -1000.0000 
	 67.9370 	 1.655947e-03 	 142.3797 	  1.0662 	 8.431375e+19 	 7.350607e+17 	 9.994007e-06 	 1.543566e-06 	 -1000.0000 	 -1000.0000 	 -1000.0000 	 -1000.0000 
	 68.8560 	 1.464578e-03 	 139.1298 	  1.0765 	 7.630800e+19 	 6.851117e+17 	 9.812723e-06 	 1.538934e-06 	 -1000.0000 	 -1000.0000 	 -1000.0000 	 -1000.0000 
	 68.9760 	 1.440920e-03 	 138.7812 	  1.0787 	 7.526339e+19 	 6.784063e+17 	 9.793140e-06 	 1.540503e-06 	 -1000.0000 	 -1000.0000 	 -1000.0000 	 -1000.0000 
	 69.0970 	 1.417391e-03 	 138.4466 	  1.0814 	 7.421314e+19 	 6.717612e+17 	 9.773897e-06 	 1.542843e-06 	 -1000.0000 	 -1000.0000 	 -1000.0000 	 -1000.0000 
	 69.2170 	 1.394385e-03 	 138.1313 	  1.0847 	 7.317553e+19 	 6.653360e+17 	 9.755162e-06 	 1.545991e-06 	 -1000.0000 	 -1000.0000 	 -1000.0000 	 -1000.0000 
	 69.3380 	 1.371522e-03 	 137.8297 	  1.0888 	 7.213417e+19 	 6.590739e+17 	 9.736471e-06 	 1.550078e-06 	 -1000.0000 	 -1000.0000 	 -1000.0000 	 -1000.0000 
	 70.2590 	 1.208726e-03 	 136.0252 	  1.1487 	 6.444319e+19 	 6.209873e+17 	 9.588298e-06 	 1.612699e-06 	 -1000.0000 	 -1000.0000 	 -1000.0000 	 -1000.0000 
	 70.3790 	 1.188931e-03 	 135.8443 	  1.1593 	 6.347657e+19 	 6.169951e+17 	 9.567281e-06 	 1.623797e-06 	 -1000.0000 	 -1000.0000 	 -1000.0000 	 -1000.0000 
	 70.4990 	 1.169446e-03 	 135.6733 	  1.1703 	 6.251890e+19 	 6.131197e+17 	 9.545695e-06 	 1.635205e-06 	 -1000.0000 	 -1000.0000 	 -1000.0000 	 -1000.0000 
	 70.6190 	 1.150268e-03 	 135.5116 	  1.1815 	 6.157040e+19 	 6.093271e+17 	 9.523490e-06 	 1.646810e-06 	 -1000.0000 	 -1000.0000 	 -1000.0000 	 -1000.0000 
	 70.7390 	 1.131392e-03 	 135.3582 	  1.1928 	 6.063130e+19 	 6.055833e+17 	 9.500618e-06 	 1.658494e-06 	 -1000.0000 	 -1000.0000 	 -1000.0000 	 -1000.0000 
	 73.0620 	 8.187350e-04 	 133.0481 	  1.3047 	 4.459731e+19 	 4.983589e+17 	 8.863941e-06 	 1.755941e-06 	 -1000.0000 	 -1000.0000 	 -1000.0000 	 -1000.0000 
	 73.1820 	 8.050163e-04 	 132.9558 	  1.3024 	 4.388104e+19 	 4.901413e+17 	 8.820798e-06 	 1.751295e-06 	 -1000.0000 	 -1000.0000 	 -1000.0000 	 -1000.0000 
	 73.3010 	 7.916306e-04 	 132.8761 	  1.2999 	 4.317866e+19 	 4.819569e+17 	 8.771969e-06 	 1.747115e-06 	 -1000.0000 	 -1000.0000 	 -1000.0000 	 -1000.0000 
	 73.4210 	 7.783513e-04 	 132.8097 	  1.2975 	 4.247767e+19 	 4.737269e+17 	 8.719654e-06 	 1.743177e-06 	 -1000.0000 	 -1000.0000 	 -1000.0000 	 -1000.0000 
	 73.5410 	 7.652903e-04 	 132.7596 	  1.2954 	 4.178332e+19 	 4.655787e+17 	 8.667540e-06 	 1.739279e-06 	 -1000.0000 	 -1000.0000 	 -1000.0000 	 -1000.0000 
	 74.4650 	 6.718343e-04 	 132.9786 	  1.2987 	 3.663533e+19 	 4.096877e+17 	 8.285171e-06 	 1.722128e-06 	 -1000.0000 	 -1000.0000 	 -1000.0000 	 -1000.0000 
	 74.5840 	 6.606798e-04 	 133.0563 	  1.3015 	 3.600540e+19 	 4.034201e+17 	 8.239261e-06 	 1.721769e-06 	 -1000.0000 	 -1000.0000 	 -1000.0000 	 -1000.0000 
	 74.7030 	 6.497181e-04 	 133.1360 	  1.3046 	 3.538552e+19 	 3.973403e+17 	 8.194281e-06 	 1.721783e-06 	 -1000.0000 	 -1000.0000 	 -1000.0000 	 -1000.0000 
	 74.8230 	 6.388570e-04 	 133.2157 	  1.3081 	 3.477141e+19 	 3.913913e+17 	 8.149919e-06 	 1.722158e-06 	 -1000.0000 	 -1000.0000 	 -1000.0000 	 -1000.0000 
	 74.9420 	 6.282750e-04 	 133.2910 	  1.3119 	 3.417409e+19 	 3.856641e+17 	 8.106975e-06 	 1.722870e-06 	 -1000.0000 	 -1000.0000 	 -1000.0000 	 -1000.0000 
	 75.8650 	 5.522070e-04 	 133.5247 	  1.3455 	 2.997951e+19 	 3.463122e+17 	 7.818104e-06 	 1.740593e-06 	 -1000.0000 	 -1000.0000 	 -1000.0000 	 -1000.0000 
	 75.9840 	 5.431100e-04 	 133.4994 	  1.3501 	 2.949182e+19 	 3.418262e+17 	 7.787988e-06 	 1.745007e-06 	 -1000.0000 	 -1000.0000 	 -1000.0000 	 -1000.0000 
	 76.1030 	 5.341592e-04 	 133.4605 	  1.3549 	 2.901481e+19 	 3.374615e+17 	 7.759837e-06 	 1.750069e-06 	 -1000.0000 	 -1000.0000 	 -1000.0000 	 -1000.0000 
	 76.2230 	 5.252761e-04 	 133.4073 	  1.3597 	 2.854414e+19 	 3.331791e+17 	 7.733540e-06 	 1.755880e-06 	 -1000.0000 	 -1000.0000 	 -1000.0000 	 -1000.0000 
	 76.3420 	 5.166039e-04 	 133.3404 	  1.3645 	 2.808720e+19 	 3.290464e+17 	 7.709624e-06 	 1.762390e-06 	 -1000.0000 	 -1000.0000 	 -1000.0000 	 -1000.0000 
	 77.2670 	 4.534612e-04 	 132.4268 	  1.4043 	 2.481700e+19 	 3.003340e+17 	 7.594632e-06 	 1.840981e-06 	 -1000.0000 	 -1000.0000 	 -1000.0000 	 -1000.0000 
	 77.3870 	 4.458120e-04 	 132.2940 	  1.4104 	 2.442264e+19 	 2.969871e+17 	 7.586278e-06 	 1.854658e-06 	 -1000.0000 	 -1000.0000 	 -1000.0000 	 -1000.0000 
	 77.5060 	 4.383498e-04 	 132.1692 	  1.4170 	 2.403680e+19 	 2.937385e+17 	 7.578711e-06 	 1.868939e-06 	 -1000.0000 	 -1000.0000 	 -1000.0000 	 -1000.0000 
	 77.6250 	 4.310102e-04 	 132.0546 	  1.4240 	 2.365573e+19 	 2.905555e+17 	 7.571619e-06 	 1.883911e-06 	 -1000.0000 	 -1000.0000 	 -1000.0000 	 -1000.0000 
	 77.7440 	 4.237935e-04 	 131.9533 	  1.4316 	 2.327895e+19 	 2.874334e+17 	 7.564762e-06 	 1.899550e-06 	 -1000.0000 	 -1000.0000 	 -1000.0000 	 -1000.0000 
	 78.6570 	 3.724484e-04 	 131.8062 	  1.5089 	 2.050130e+19 	 2.649595e+17 	 7.500766e-06 	 2.037869e-06 	 -1000.0000 	 -1000.0000 	 -1000.0000 	 -1000.0000 
	 78.7770 	 3.662060e-04 	 131.8630 	  1.5206 	 2.015144e+19 	 2.621181e+17 	 7.489583e-06 	 2.057646e-06 	 -1000.0000 	 -1000.0000 	 -1000.0000 	 -1000.0000 
	 78.8960 	 3.601254e-04 	 131.9329 	  1.5323 	 1.980837e+19 	 2.593066e+17 	 7.477662e-06 	 2.077417e-06 	 -1000.0000 	 -1000.0000 	 -1000.0000 	 -1000.0000 
	 79.0150 	 3.541519e-04 	 132.0151 	  1.5440 	 1.946929e+19 	 2.564951e+17 	 7.464861e-06 	 2.097280e-06 	 -1000.0000 	 -1000.0000 	 -1000.0000 	 -1000.0000 
	 79.1340 	 3.482837e-04 	 132.1084 	  1.5555 	 1.913433e+19 	 2.536777e+17 	 7.451127e-06 	 2.117174e-06 	 -1000.0000 	 -1000.0000 	 -1000.0000 	 -1000.0000 
	 81.4130 	 2.535190e-04 	 134.3867 	  1.6347 	 1.367344e+19 	 1.912893e+17 	 6.953920e-06 	 2.424551e-06 	 -1000.0000 	 -1000.0000 	 -1000.0000 	 -1000.0000 
	 81.5320 	 2.493680e-04 	 134.4604 	  1.6300 	 1.344259e+19 	 1.876446e+17 	 6.914967e-06 	 2.434419e-06 	 -1000.0000 	 -1000.0000 	 -1000.0000 	 -1000.0000 
	 81.6500 	 2.453217e-04 	 134.5252 	  1.6253 	 1.321857e+19 	 1.840933e+17 	 6.875419e-06 	 2.443759e-06 	 -1000.0000 	 -1000.0000 	 -1000.0000 	 -1000.0000 
	 81.7680 	 2.413442e-04 	 134.5817 	  1.6208 	 1.299929e+19 	 1.806267e+17 	 6.835038e-06 	 2.452712e-06 	 -1000.0000 	 -1000.0000 	 -1000.0000 	 -1000.0000 
	 81.8870 	 2.374018e-04 	 134.6300 	  1.6168 	 1.278282e+19 	 1.772391e+17 	 6.793561e-06 	 2.461406e-06 	 -1000.0000 	 -1000.0000 	 -1000.0000 	 -1000.0000 
	 82.8060 	 2.091678e-04 	 134.7610 	  1.6134 	 1.125091e+19 	 1.559422e+17 	 6.457713e-06 	 2.522689e-06 	 -1000.0000 	 -1000.0000 	 -1000.0000 	 -1000.0000 
	 82.9240 	 2.058062e-04 	 134.7708 	  1.6160 	 1.106918e+19 	 1.537098e+17 	 6.413806e-06 	 2.530272e-06 	 -1000.0000 	 -1000.0000 	 -1000.0000 	 -1000.0000 
	 83.0420 	 2.024995e-04 	 134.7857 	  1.6191 	 1.089014e+19 	 1.515428e+17 	 6.369986e-06 	 2.537880e-06 	 -1000.0000 	 -1000.0000 	 -1000.0000 	 -1000.0000 
	 83.1600 	 1.992463e-04 	 134.8080 	  1.6225 	 1.071356e+19 	 1.494260e+17 	 6.326335e-06 	 2.545537e-06 	 -1000.0000 	 -1000.0000 	 -1000.0000 	 -1000.0000 
	 83.2780 	 1.960450e-04 	 134.8395 	  1.6261 	 1.053922e+19 	 1.473440e+17 	 6.282930e-06 	 2.553270e-06 	 -1000.0000 	 -1000.0000 	 -1000.0000 	 -1000.0000 
	 84.2060 	 1.725486e-04 	 135.5039 	  1.6560 	 9.233221e+18 	 1.311387e+17 	 5.957629e-06 	 2.619413e-06 	 -1000.0000 	 -1000.0000 	 -1000.0000 	 -1000.0000 
	 84.3240 	 1.697675e-04 	 135.6198 	  1.6599 	 9.076579e+18 	 1.291222e+17 	 5.918974e-06 	 2.628778e-06 	 -1000.0000 	 -1000.0000 	 -1000.0000 	 -1000.0000 
	 84.4420 	 1.670321e-04 	 135.7354 	  1.6638 	 8.922537e+18 	 1.271330e+17 	 5.881058e-06 	 2.638416e-06 	 -1000.0000 	 -1000.0000 	 -1000.0000 	 -1000.0000 
	 84.5600 	 1.643422e-04 	 135.8483 	  1.6677 	 8.771245e+18 	 1.251766e+17 	 5.843919e-06 	 2.648344e-06 	 -1000.0000 	 -1000.0000 	 -1000.0000 	 -1000.0000 
	 84.6780 	 1.616977e-04 	 135.9563 	  1.6718 	 8.622852e+18 	 1.232585e+17 	 5.807594e-06 	 2.658578e-06 	 -1000.0000 	 -1000.0000 	 -1000.0000 	 -1000.0000 
	 85.5960 	 1.426256e-04 	 136.5057 	  1.7042 	 7.573408e+18 	 1.098707e+17 	 5.555696e-06 	 2.750469e-06 	 -1000.0000 	 -1000.0000 	 -1000.0000 	 -1000.0000 
	 85.7140 	 1.403569e-04 	 136.5521 	  1.7078 	 7.450525e+18 	 1.082934e+17 	 5.527367e-06 	 2.764075e-06 	 -1000.0000 	 -1000.0000 	 -1000.0000 	 -1000.0000 
	 85.8320 	 1.381273e-04 	 136.5983 	  1.7111 	 7.329869e+18 	 1.067303e+17 	 5.499963e-06 	 2.778138e-06 	 -1000.0000 	 -1000.0000 	 -1000.0000 	 -1000.0000 
	 85.9500 	 1.359360e-04 	 136.6458 	  1.7140 	 7.211279e+18 	 1.051757e+17 	 5.473483e-06 	 2.792672e-06 	 -1000.0000 	 -1000.0000 	 -1000.0000 	 -1000.0000 
	 86.0680 	 1.337821e-04 	 136.6964 	  1.7164 	 7.094597e+18 	 1.036236e+17 	 5.447925e-06 	 2.807691e-06 	 -1000.0000 	 -1000.0000 	 -1000.0000 	 -1000.0000 
	 86.9890 	 1.181742e-04 	 137.4007 	  1.7173 	 6.234338e+18 	 9.120838e+16 	 5.278568e-06 	 2.942109e-06 	 -1000.0000 	 -1000.0000 	 -1000.0000 	 -1000.0000 
	 87.1070 	 1.163201e-04 	 137.5622 	  1.7158 	 6.129266e+18 	 8.958525e+16 	 5.260291e-06 	 2.961399e-06 	 -1000.0000 	 -1000.0000 	 -1000.0000 	 -1000.0000 
	 87.2240 	 1.145124e-04 	 137.7457 	  1.7143 	 6.025990e+18 	 8.797430e+16 	 5.242822e-06 	 2.980944e-06 	 -1000.0000 	 -1000.0000 	 -1000.0000 	 -1000.0000 
	 87.3420 	 1.127199e-04 	 137.9568 	  1.7127 	 5.922669e+18 	 8.634981e+16 	 5.225827e-06 	 3.001065e-06 	 -1000.0000 	 -1000.0000 	 -1000.0000 	 -1000.0000 
	 87.4590 	 1.109723e-04 	 138.1940 	  1.7111 	 5.820980e+18 	 8.474115e+16 	 5.209563e-06 	 3.021409e-06 	 -1000.0000 	 -1000.0000 	 -1000.0000 	 -1000.0000 
	 88.3820 	 9.817968e-05 	 141.1722 	  1.7032 	 5.042593e+18 	 7.228537e+16 	 5.103345e-06 	 3.198192e-06 	 -1000.0000 	 -1000.0000 	 -1000.0000 	 -1000.0000 
	 88.4990 	 9.668258e-05 	 141.6778 	  1.7019 	 4.947928e+18 	 7.074702e+16 	 5.093915e-06 	 3.223803e-06 	 -1000.0000 	 -1000.0000 	 -1000.0000 	 -1000.0000 
	 88.6160 	 9.521347e-05 	 142.2072 	  1.7003 	 4.854489e+18 	 6.921946e+16 	 5.085751e-06 	 3.250452e-06 	 -1000.0000 	 -1000.0000 	 -1000.0000 	 -1000.0000 
	 88.7340 	 9.376016e-05 	 142.7637 	  1.6982 	 4.761593e+18 	 6.769024e+16 	 5.078910e-06 	 3.278482e-06 	 -1000.0000 	 -1000.0000 	 -1000.0000 	 -1000.0000 
	 88.8510 	 9.234728e-05 	 143.3363 	  1.6957 	 4.670917e+18 	 6.618580e+16 	 5.073616e-06 	 3.307515e-06 	 -1000.0000 	 -1000.0000 	 -1000.0000 	 -1000.0000 
	 89.7720 	 8.217612e-05 	 148.3852 	  1.6537 	 4.014681e+18 	 5.488204e+16 	 5.088916e-06 	 3.585398e-06 	 -1000.0000 	 -1000.0000 	 -1000.0000 	 -1000.0000 
	 89.8890 	 8.099556e-05 	 149.0717 	  1.6466 	 3.938792e+18 	 5.354648e+16 	 5.097310e-06 	 3.626748e-06 	 -1000.0000 	 -1000.0000 	 -1000.0000 	 -1000.0000 
	 90.0060 	 7.983761e-05 	 149.7631 	  1.6394 	 3.864563e+18 	 5.224198e+16 	 5.106869e-06 	 3.669334e-06 	 -1000.0000 	 -1000.0000 	 -1000.0000 	 -1000.0000 
	 90.1240 	 7.869187e-05 	 150.4635 	  1.6321 	 3.791370e+18 	 5.096043e+16 	 5.117597e-06 	 3.713494e-06 	 -1000.0000 	 -1000.0000 	 -1000.0000 	 -1000.0000 
	 90.2410 	 7.757698e-05 	 151.1595 	  1.6250 	 3.720445e+18 	 4.972614e+16 	 5.129221e-06 	 3.758439e-06 	 -1000.0000 	 -1000.0000 	 -1000.0000 	 -1000.0000 
	 91.1580 	 6.949441e-05 	 156.4742 	  1.5801 	 3.220084e+18 	 4.145205e+16 	 5.248391e-06 	 4.149565e-06 	 -1000.0000 	 -1000.0000 	 -1000.0000 	 -1000.0000 
	 91.2740 	 6.854882e-05 	 157.1028 	  1.5755 	 3.163585e+18 	 4.056813e+16 	 5.267165e-06 	 4.204562e-06 	 -1000.0000 	 -1000.0000 	 -1000.0000 	 -1000.0000 
	 91.3910 	 6.761146e-05 	 157.7208 	  1.5709 	 3.108089e+18 	 3.970783e+16 	 5.287050e-06 	 4.261487e-06 	 -1000.0000 	 -1000.0000 	 -1000.0000 	 -1000.0000 
	 91.5070 	 6.669804e-05 	 158.3159 	  1.5664 	 3.054530e+18 	 3.888408e+16 	 5.307740e-06 	 4.319427e-06 	 -1000.0000 	 -1000.0000 	 -1000.0000 	 -1000.0000 
	 91.6240 	 6.579246e-05 	 158.8965 	  1.5618 	 3.001967e+18 	 3.808085e+16 	 5.329627e-06 	 4.379445e-06 	 -1000.0000 	 -1000.0000 	 -1000.0000 	 -1000.0000 
	 92.5480 	 5.915744e-05 	 162.7254 	  1.5219 	 2.634603e+18 	 3.253363e+16 	 5.540591e-06 	 4.914561e-06 	 -1000.0000 	 -1000.0000 	 -1000.0000 	 -1000.0000 
	 92.6640 	 5.838463e-05 	 163.1366 	  1.5163 	 2.593626e+18 	 3.192173e+16 	 5.571709e-06 	 4.989717e-06 	 -1000.0000 	 -1000.0000 	 -1000.0000 	 -1000.0000 
	 92.7810 	 5.761772e-05 	 163.5440 	  1.5105 	 2.553235e+18 	 3.132075e+16 	 5.604077e-06 	 5.067363e-06 	 -1000.0000 	 -1000.0000 	 -1000.0000 	 -1000.0000 
	 92.8970 	 5.686949e-05 	 163.9433 	  1.5047 	 2.514054e+18 	 3.074011e+16 	 5.637119e-06 	 5.146185e-06 	 -1000.0000 	 -1000.0000 	 -1000.0000 	 -1000.0000 
	 93.0140 	 5.612675e-05 	 164.3440 	  1.4988 	 2.475340e+18 	 3.016893e+16 	 5.671385e-06 	 5.227553e-06 	 -1000.0000 	 -1000.0000 	 -1000.0000 	 -1000.0000 
	 93.9310 	 5.068852e-05 	 167.5685 	  1.4537 	 2.194448e+18 	 2.615156e+16 	 5.971659e-06 	 5.935083e-06 	 -1000.0000 	 -1000.0000 	 -1000.0000 	 -1000.0000 
	 94.0470 	 5.004595e-05 	 167.9764 	  1.4499 	 2.161583e+18 	 2.570789e+16 	 6.013829e-06 	 6.034759e-06 	 -1000.0000 	 -1000.0000 	 -1000.0000 	 -1000.0000 
