	 height_(km) 	 press_(mbar) 	 temp_(K) 	 temperr_(K) 	 numdens_(m-3) 	 numdenserr_(m-3) 	 H2Ovmr_() 	 H2Ovmrerr_() 	 D/H_(VSMOW) 	 D/Herr_(VSMOW) 	 18O/16O_(VSMOW) 	 18O/16Oerr_(VSMOW) 
	 18.3760 	 1.314839e+00 	 190.5940 	  4.1053 	 5.001121e+22 	 1.099399e+21 	 3.220366e-05 	 2.881993e-06 	  3.0114 	  0.6803 	  0.6903 	  0.1593 
	 18.5540 	 1.291257e+00 	 190.5240 	  3.9681 	 4.913224e+22 	 1.045252e+21 	 3.203932e-05 	 2.836940e-06 	  2.9930 	  0.6834 	  0.6836 	  0.1593 
	 18.7320 	 1.268096e+00 	 190.4578 	  3.8333 	 4.826774e+22 	 9.930389e+20 	 3.176158e-05 	 2.787126e-06 	  2.9791 	  0.7167 	  0.6787 	  0.1615 
	 18.9100 	 1.245350e+00 	 190.3953 	  3.6993 	 4.741746e+22 	 9.424142e+20 	 3.149648e-05 	 2.734108e-06 	  2.9696 	  0.7634 	  0.6755 	  0.1641 
	 19.0880 	 1.223008e+00 	 190.3363 	  3.5642 	 4.658116e+22 	 8.930335e+20 	 3.128038e-05 	 2.683392e-06 	  2.9645 	  0.7998 	  0.6741 	  0.1665 
	 19.3060 	 1.196183e+00 	 190.2688 	  3.3948 	 4.557559e+22 	 8.337454e+20 	 3.106338e-05 	 2.629247e-06 	  2.9645 	  0.8294 	  0.6747 	  0.1683 
	 19.4840 	 1.174710e+00 	 190.2175 	  3.2512 	 4.476948e+22 	 7.858948e+20 	 3.088779e-05 	 2.592487e-06 	  2.9696 	  0.8423 	  0.6770 	  0.1689 
	 19.6620 	 1.153613e+00 	 190.1693 	  3.1009 	 4.397653e+22 	 7.381758e+20 	 3.067564e-05 	 2.561566e-06 	  2.9792 	  0.8465 	  0.6809 	  0.1687 
	 19.8400 	 1.132883e+00 	 190.1244 	  2.9422 	 4.319650e+22 	 6.902437e+20 	 3.039300e-05 	 2.534912e-06 	  2.9933 	  0.8441 	  0.6863 	  0.1679 
	 20.0180 	 1.112513e+00 	 190.0825 	  2.7735 	 4.242915e+22 	 6.417871e+20 	 3.001197e-05 	 2.510870e-06 	  3.0118 	  0.8371 	  0.6932 	  0.1668 
	 20.4240 	 1.067395e+00 	 190.0012 	  2.3667 	 4.072601e+22 	 5.324293e+20 	 2.896158e-05 	 2.470554e-06 	  3.0689 	  0.8160 	  0.7137 	  0.1645 
	 20.6020 	 1.048217e+00 	 189.9737 	  2.1910 	 4.000009e+22 	 4.874824e+20 	 2.858456e-05 	 2.465986e-06 	  3.0997 	  0.8101 	  0.7244 	  0.1645 
	 20.7800 	 1.029414e+00 	 189.9524 	  2.0245 	 3.928688e+22 	 4.458946e+20 	 2.836529e-05 	 2.474672e-06 	  3.1331 	  0.8091 	  0.7358 	  0.1654 
	 20.9580 	 1.010990e+00 	 189.9381 	  1.8723 	 3.858640e+22 	 4.087024e+20 	 2.837869e-05 	 2.499834e-06 	  3.1685 	  0.8140 	  0.7477 	  0.1672 
	 21.1800 	 9.885238e-01 	 189.9354 	  1.7066 	 3.772911e+22 	 3.689595e+20 	 2.876144e-05 	 2.554407e-06 	  3.2144 	  0.8248 	  0.7628 	  0.1703 
	 21.3570 	 9.709872e-01 	 189.9515 	  1.5944 	 3.705650e+22 	 3.422774e+20 	 2.934117e-05 	 2.614309e-06 	  3.2511 	  0.8333 	  0.7745 	  0.1727 
	 21.5350 	 9.536593e-01 	 189.9898 	  1.5000 	 3.638799e+22 	 3.196561e+20 	 3.015122e-05 	 2.687984e-06 	  3.2864 	  0.8400 	  0.7856 	  0.1748 
	 21.7120 	 9.367084e-01 	 190.0549 	  1.4251 	 3.572933e+22 	 3.011051e+20 	 3.116681e-05 	 2.774954e-06 	  3.3189 	  0.8448 	  0.7954 	  0.1766 
	 21.8900 	 9.199176e-01 	 190.1526 	  1.3694 	 3.507146e+22 	 2.861611e+20 	 3.237900e-05 	 2.875337e-06 	  3.3479 	  0.8477 	  0.8037 	  0.1781 
	 22.1200 	 8.985951e-01 	 190.3187 	  1.3239 	 3.422937e+22 	 2.716484e+20 	 3.416554e-05 	 3.017716e-06 	  3.3807 	  0.8468 	  0.8123 	  0.1790 
	 22.4750 	 8.665774e-01 	 190.6025 	  1.2970 	 3.296046e+22 	 2.570708e+20 	 3.716616e-05 	 3.239287e-06 	  3.4272 	  0.8306 	  0.8214 	  0.1767 
	 22.6520 	 8.510499e-01 	 190.7284 	  1.2963 	 3.234790e+22 	 2.520751e+20 	 3.865404e-05 	 3.337344e-06 	  3.4523 	  0.8138 	  0.8250 	  0.1733 
	 22.8300 	 8.357459e-01 	 190.8275 	  1.2997 	 3.174907e+22 	 2.477983e+20 	 4.007844e-05 	 3.420529e-06 	  3.4806 	  0.7907 	  0.8283 	  0.1685 
	 23.0440 	 8.177576e-01 	 190.9027 	  1.3073 	 3.105289e+22 	 2.432674e+20 	 4.167877e-05 	 3.497278e-06 	  3.5210 	  0.7567 	  0.8328 	  0.1614 
	 23.2210 	 8.032036e-01 	 190.9290 	  1.3160 	 3.049575e+22 	 2.399655e+20 	 4.292331e-05 	 3.541080e-06 	  3.5610 	  0.7256 	  0.8374 	  0.1547 
	 23.3980 	 7.889295e-01 	 190.9230 	  1.3267 	 2.995465e+22 	 2.370201e+20 	 4.410705e-05 	 3.565927e-06 	  3.6083 	  0.6932 	  0.8434 	  0.1477 
	 23.5750 	 7.749225e-01 	 190.8850 	  1.3390 	 2.942875e+22 	 2.343874e+20 	 4.523467e-05 	 3.569150e-06 	  3.6642 	  0.6602 	  0.8512 	  0.1404 
	 23.7520 	 7.611698e-01 	 190.8154 	  1.3527 	 2.891724e+22 	 2.320236e+20 	 4.630417e-05 	 3.546198e-06 	  3.7298 	  0.6271 	  0.8615 	  0.1328 
	 24.8980 	 6.774355e-01 	 189.6341 	  1.4534 	 2.589674e+22 	 2.200299e+20 	 5.185644e-05 	 2.421666e-06 	  4.3015 	  0.4028 	  0.9774 	  0.0820 
	 25.0740 	 6.653173e-01 	 189.3809 	  1.4636 	 2.546733e+22 	 2.177593e+20 	 5.314871e-05 	 2.302473e-06 	  4.3930 	  0.3822 	  1.0010 	  0.0793 
	 25.2510 	 6.533478e-01 	 189.1412 	  1.4679 	 2.504096e+22 	 2.148106e+20 	 5.487036e-05 	 2.341295e-06 	  4.4814 	  0.3695 	  1.0261 	  0.0794 
	 25.4270 	 6.416748e-01 	 188.9335 	  1.4643 	 2.462097e+22 	 2.109742e+20 	 5.658399e-05 	 2.380160e-06 	  4.5632 	  0.3539 	  1.0516 	  0.0796 
	 25.6040 	 6.301780e-01 	 188.7708 	  1.4508 	 2.420114e+22 	 2.059736e+20 	 5.828526e-05 	 2.419226e-06 	  4.6363 	  0.3357 	  1.0771 	  0.0798 
	 25.8340 	 6.155954e-01 	 188.6300 	  1.4190 	 2.365916e+22 	 1.978715e+20 	 6.041147e-05 	 2.469554e-06 	  4.7139 	  0.3309 	  1.1078 	  0.0801 
	 26.0110 	 6.046256e-01 	 188.5617 	  1.3864 	 2.324601e+22 	 1.908002e+20 	 6.194586e-05 	 2.507626e-06 	  4.7574 	  0.3293 	  1.1280 	  0.0802 
	 26.1880 	 5.938556e-01 	 188.5151 	  1.3492 	 2.283737e+22 	 1.833582e+20 	 6.338391e-05 	 2.544801e-06 	  4.7840 	  0.3273 	  1.1431 	  0.0802 
	 26.3650 	 5.832674e-01 	 188.4784 	  1.3099 	 2.243423e+22 	 1.758699e+20 	 6.473875e-05 	 2.581324e-06 	  4.7911 	  0.3247 	  1.1517 	  0.0799 
	 26.5420 	 5.728438e-01 	 188.4401 	  1.2707 	 2.203754e+22 	 1.686524e+20 	 6.603461e-05 	 2.617552e-06 	  4.7776 	  0.3215 	  1.1530 	  0.0794 
	 26.7580 	 5.603388e-01 	 188.3816 	  1.2256 	 2.156310e+22 	 1.604884e+20 	 6.759294e-05 	 2.661796e-06 	  4.7338 	  0.3163 	  1.1446 	  0.0781 
	 26.9340 	 5.503290e-01 	 188.3209 	  1.1930 	 2.118476e+22 	 1.544759e+20 	 6.890073e-05 	 2.698497e-06 	  4.6786 	  0.3111 	  1.1306 	  0.0768 
	 27.1110 	 5.404290e-01 	 188.2451 	  1.1653 	 2.081212e+22 	 1.491111e+20 	 7.028783e-05 	 2.736941e-06 	  4.6092 	  0.3052 	  1.1114 	  0.0751 
	 27.4640 	 5.211998e-01 	 188.0383 	  1.1317 	 2.009375e+22 	 1.408299e+20 	 7.322959e-05 	 2.818482e-06 	  4.4502 	  0.2929 	  1.0662 	  0.0716 
	 27.6980 	 5.088342e-01 	 187.8557 	  1.1262 	 1.963609e+22 	 1.371219e+20 	 7.506552e-05 	 2.871759e-06 	  4.3463 	  0.2857 	  1.0376 	  0.0695 
	 27.8740 	 4.997260e-01 	 187.6963 	  1.1279 	 1.930098e+22 	 1.349621e+20 	 7.611304e-05 	 2.905295e-06 	  4.2751 	  0.2814 	  1.0196 	  0.0684 
	 28.0510 	 4.907262e-01 	 187.5189 	  1.1320 	 1.897133e+22 	 1.330866e+20 	 7.698366e-05 	 3.073277e-06 	  4.2130 	  0.2855 	  1.0060 	  0.0693 
	 28.2270 	 4.819306e-01 	 187.3271 	  1.1363 	 1.865037e+22 	 1.312943e+20 	 7.709346e-05 	 3.198695e-06 	  4.1622 	  0.2898 	  0.9977 	  0.0704 
	 28.4040 	 4.732334e-01 	 187.1205 	  1.1384 	 1.833399e+22 	 1.293465e+20 	 7.624153e-05 	 3.249788e-06 	  4.1222 	  0.2930 	  0.9947 	  0.0715 
	 28.6320 	 4.622447e-01 	 186.8384 	  1.1367 	 1.793524e+22 	 1.264935e+20 	 7.381159e-05 	 3.227571e-06 	  4.0865 	  0.2966 	  0.9984 	  0.0730 
	 28.8080 	 4.539265e-01 	 186.6128 	  1.1322 	 1.763377e+22 	 1.240720e+20 	 7.112400e-05 	 3.139199e-06 	  4.0711 	  0.2983 	  1.0064 	  0.0740 
	 28.9840 	 4.457508e-01 	 186.3842 	  1.1255 	 1.733743e+22 	 1.215039e+20 	 6.800256e-05 	 2.992957e-06 	  4.0662 	  0.2985 	  1.0180 	  0.0748 
	 29.1600 	 4.377171e-01 	 186.1562 	  1.1167 	 1.704587e+22 	 1.188298e+20 	 6.477289e-05 	 2.819209e-06 	  4.0702 	  0.2981 	  1.0322 	  0.0754 
	 29.3360 	 4.298246e-01 	 185.9320 	  1.1063 	 1.675877e+22 	 1.160906e+20 	 6.176408e-05 	 2.669739e-06 	  4.0806 	  0.2992 	  1.0476 	  0.0763 
	 29.5520 	 4.203250e-01 	 185.6623 	  1.0923 	 1.641223e+22 	 1.127135e+20 	 5.869297e-05 	 2.568432e-06 	  4.0972 	  0.3041 	  1.0660 	  0.0783 
	 29.7280 	 4.127286e-01 	 185.4447 	  1.0808 	 1.613453e+22 	 1.100173e+20 	 5.679491e-05 	 2.539222e-06 	  4.1099 	  0.3098 	  1.0791 	  0.0803 
	 29.9040 	 4.052541e-01 	 185.2265 	  1.0702 	 1.586096e+22 	 1.074321e+20 	 5.541814e-05 	 2.491191e-06 	  4.1182 	  0.3123 	  1.0892 	  0.0813 
	 30.0800 	 3.978947e-01 	 185.0057 	  1.0613 	 1.559146e+22 	 1.050148e+20 	 5.453361e-05 	 2.385103e-06 	  4.1204 	  0.3085 	  1.0957 	  0.0805 
	 30.4860 	 3.813332e-01 	 184.4761 	  1.0505 	 1.498532e+22 	 1.002993e+20 	 5.485223e-05 	 2.377622e-06 	  4.1023 	  0.3061 	  1.0977 	  0.0846 
	 30.6610 	 3.743835e-01 	 184.2376 	  1.0496 	 1.473126e+22 	 9.859853e+19 	 5.570968e-05 	 2.395360e-06 	  4.0878 	  0.3036 	  1.0943 	  0.0857 
	 30.8370 	 3.675195e-01 	 183.9910 	  1.0504 	 1.448056e+22 	 9.703618e+19 	 5.686535e-05 	 2.423013e-06 	  4.0715 	  0.3006 	  1.0895 	  0.0863 
	 31.0120 	 3.608268e-01 	 183.7390 	  1.0522 	 1.423636e+22 	 9.559275e+19 	 5.819404e-05 	 2.457447e-06 	  4.0551 	  0.2975 	  1.0842 	  0.0869 
	 31.1880 	 3.542357e-01 	 183.4784 	  1.0547 	 1.399615e+22 	 9.421490e+19 	 5.960097e-05 	 2.495872e-06 	  4.0404 	  0.2945 	  1.0790 	  0.0877 
	 31.4120 	 3.460443e-01 	 183.1388 	  1.0584 	 1.369783e+22 	 9.253404e+19 	 6.138051e-05 	 2.545992e-06 	  4.0256 	  0.2910 	  1.0733 	  0.0894 
	 31.5880 	 3.397477e-01 	 182.8691 	  1.0617 	 1.346843e+22 	 9.125856e+19 	 6.270690e-05 	 2.584057e-06 	  4.0178 	  0.2887 	  1.0700 	  0.0908 
	 31.7640 	 3.335602e-01 	 182.5998 	  1.0652 	 1.324265e+22 	 9.001275e+19 	 6.392831e-05 	 2.619727e-06 	  4.0143 	  0.2868 	  1.0683 	  0.0921 
	 31.9400 	 3.274690e-01 	 182.3338 	  1.0689 	 1.301983e+22 	 8.878734e+19 	 6.502930e-05 	 2.653120e-06 	  4.0158 	  0.2855 	  1.0686 	  0.0926 
	 32.1160 	 3.214618e-01 	 182.0738 	  1.0727 	 1.279928e+22 	 8.757329e+19 	 6.601682e-05 	 2.685474e-06 	  4.0223 	  0.2849 	  1.0712 	  0.0922 
	 32.3460 	 3.137318e-01 	 181.7435 	  1.0777 	 1.251424e+22 	 8.599854e+19 	 6.758674e-05 	 2.930567e-06 	  4.0364 	  0.2952 	  1.0773 	  0.0931 
	 32.5210 	 3.079458e-01 	 181.4970 	  1.0816 	 1.230014e+22 	 8.481161e+19 	 6.897902e-05 	 3.210719e-06 	  4.0504 	  0.3089 	  1.0834 	  0.0945 
	 32.6970 	 3.022142e-01 	 181.2510 	  1.0855 	 1.208757e+22 	 8.362992e+19 	 7.043450e-05 	 3.470436e-06 	  4.0665 	  0.3223 	  1.0902 	  0.0957 
	 32.8720 	 2.966057e-01 	 181.0065 	  1.0895 	 1.187925e+22 	 8.246891e+19 	 7.189697e-05 	 3.659556e-06 	  4.0839 	  0.3315 	  1.0971 	  0.0960 
	 33.0480 	 2.910600e-01 	 180.7588 	  1.0935 	 1.167311e+22 	 8.131738e+19 	 7.336650e-05 	 3.755690e-06 	  4.1031 	  0.3342 	  1.1040 	  0.0950 
	 33.4450 	 2.789189e-01 	 180.1905 	  1.1028 	 1.122147e+22 	 7.879874e+19 	 7.664928e-05 	 3.715151e-06 	  4.1665 	  0.3244 	  1.1239 	  0.0904 
	 33.6200 	 2.737374e-01 	 179.9365 	  1.1072 	 1.102856e+22 	 7.773375e+19 	 7.797783e-05 	 3.619812e-06 	  4.2103 	  0.3172 	  1.1360 	  0.0886 
	 33.7950 	 2.686651e-01 	 179.6805 	  1.1118 	 1.083962e+22 	 7.670292e+19 	 7.914163e-05 	 3.490446e-06 	  4.2674 	  0.3101 	  1.1506 	  0.0872 
	 33.9700 	 2.637053e-01 	 179.4231 	  1.1168 	 1.065475e+22 	 7.571085e+19 	 8.009964e-05 	 3.336307e-06 	  4.3384 	  0.3037 	  1.1674 	  0.0859 
	 34.1900 	 2.576224e-01 	 179.0992 	  1.1238 	 1.042775e+22 	 7.452722e+19 	 8.104788e-05 	 3.140835e-06 	  4.4435 	  0.2978 	  1.1899 	  0.0836 
	 34.3650 	 2.528918e-01 	 178.8438 	  1.1302 	 1.025086e+22 	 7.364396e+19 	 8.203864e-05 	 3.162282e-06 	  4.5350 	  0.3020 	  1.2073 	  0.0830 
	 34.5400 	 2.482450e-01 	 178.5926 	  1.1378 	 1.007666e+22 	 7.281918e+19 	 8.289153e-05 	 3.181004e-06 	  4.6288 	  0.3066 	  1.2230 	  0.0818 
	 34.7150 	 2.436710e-01 	 178.3476 	  1.1467 	 9.904625e+21 	 7.205919e+19 	 8.361053e-05 	 3.196616e-06 	  4.7214 	  0.3113 	  1.2359 	  0.0804 
	 34.8900 	 2.391592e-01 	 178.1108 	  1.1571 	 9.734261e+21 	 7.136982e+19 	 8.417803e-05 	 3.208814e-06 	  4.8097 	  0.3162 	  1.2452 	  0.0794 
	 35.1240 	 2.332182e-01 	 177.7984 	  1.1732 	 9.509272e+21 	 7.054154e+19 	 8.464817e-05 	 3.220538e-06 	  4.9134 	  0.3226 	  1.2501 	  0.0792 
	 35.4730 	 2.245724e-01 	 177.2899 	  1.1983 	 9.183007e+21 	 6.938962e+19 	 8.480265e-05 	 3.327193e-06 	  5.0092 	  0.3363 	  1.2372 	  0.0806 
	 35.6480 	 2.203435e-01 	 176.9919 	  1.2099 	 9.025135e+21 	 6.879652e+19 	 8.435791e-05 	 3.362499e-06 	  5.0161 	  0.3416 	  1.2200 	  0.0808 
	 35.8220 	 2.162148e-01 	 176.6531 	  1.2200 	 8.872860e+21 	 6.816419e+19 	 8.369271e-05 	 3.438711e-06 	  4.9882 	  0.3482 	  1.1959 	  0.0814 
	 36.0440 	 2.110565e-01 	 176.1625 	  1.2297 	 8.685158e+21 	 6.725747e+19 	 8.263386e-05 	 3.646544e-06 	  4.9073 	  0.3611 	  1.1583 	  0.0834 
	 36.2190 	 2.070716e-01 	 175.7446 	  1.2341 	 8.541422e+21 	 6.643348e+19 	 8.153390e-05 	 3.862678e-06 	  4.8197 	  0.3742 	  1.1271 	  0.0858 
	 36.3930 	 2.031761e-01 	 175.3151 	  1.2352 	 8.401331e+21 	 6.549231e+19 	 8.009431e-05 	 4.057560e-06 	  4.7251 	  0.3870 	  1.0979 	  0.0883 
	 36.5680 	 1.993210e-01 	 174.8815 	  1.2322 	 8.262467e+21 	 6.439876e+19 	 7.833314e-05 	 4.185192e-06 	  4.6357 	  0.4000 	  1.0732 	  0.0903 
	 36.7420 	 1.955463e-01 	 174.4606 	  1.2248 	 8.125636e+21 	 6.314464e+19 	 7.645425e-05 	 4.225922e-06 	  4.5631 	  0.4152 	  1.0553 	  0.0912 
	 36.9740 	 1.906013e-01 	 173.9247 	  1.2117 	 7.944593e+21 	 6.135531e+19 	 7.408803e-05 	 4.156779e-06 	  4.5008 	  0.4261 	  1.0435 	  0.0909 
	 37.1490 	 1.869389e-01 	 173.5387 	  1.2054 	 7.809251e+21 	 6.014368e+19 	 7.253097e-05 	 4.015670e-06 	  4.4825 	  0.4265 	  1.0442 	  0.0896 
	 37.3230 	 1.833561e-01 	 173.1694 	  1.2072 	 7.675882e+21 	 5.925420e+19 	 7.121769e-05 	 3.807674e-06 	  4.4873 	  0.4200 	  1.0529 	  0.0876 
	 37.4980 	 1.798126e-01 	 172.8118 	  1.2219 	 7.543096e+21 	 5.885582e+19 	 7.013373e-05 	 3.546153e-06 	  4.5099 	  0.4092 	  1.0687 	  0.0851 
	 37.6720 	 1.763499e-01 	 172.4689 	  1.2536 	 7.412555e+21 	 5.912361e+19 	 6.927778e-05 	 3.292848e-06 	  4.5434 	  0.3989 	  1.0897 	  0.0832 
	 37.9040 	 1.718279e-01 	 172.0266 	  1.3207 	 7.241106e+21 	 6.043697e+19 	 6.854617e-05 	 3.159297e-06 	  4.5847 	  0.3957 	  1.1210 	  0.0842 
	 38.0790 	 1.684890e-01 	 171.6980 	  1.3824 	 7.114015e+21 	 6.184736e+19 	 6.842831e-05 	 3.275816e-06 	  4.5936 	  0.4047 	  1.1414 	  0.0884 
	 38.4280 	 1.620168e-01 	 171.0354 	  1.5072 	 6.867184e+21 	 6.468938e+19 	 6.902101e-05 	 3.580582e-06 	  4.5101 	  0.4261 	  1.1587 	  0.0982 
	 38.6020 	 1.588833e-01 	 170.6922 	  1.5583 	 6.747815e+21 	 6.564710e+19 	 6.930611e-05 	 3.645693e-06 	  4.4096 	  0.4251 	  1.1508 	  0.0999 
	 38.8180 	 1.550780e-01 	 170.2515 	  1.6052 	 6.603112e+21 	 6.617672e+19 	 6.941969e-05 	 3.722182e-06 	  4.2355 	  0.4180 	  1.1243 	  0.1002 
	 38.9920 	 1.520781e-01 	 169.8878 	  1.6300 	 6.489133e+21 	 6.610597e+19 	 6.926305e-05 	 3.870563e-06 	  4.0658 	  0.4183 	  1.0909 	  0.1023 
	 39.1660 	 1.491342e-01 	 169.5193 	  1.6437 	 6.377268e+21 	 6.562492e+19 	 6.872186e-05 	 4.091912e-06 	  3.8807 	  0.4277 	  1.0487 	  0.1077 
	 39.3400 	 1.462440e-01 	 169.1486 	  1.6467 	 6.267333e+21 	 6.476463e+19 	 6.767755e-05 	 4.293712e-06 	  3.6948 	  0.4377 	  1.0015 	  0.1143 
	 39.5140 	 1.434052e-01 	 168.7784 	  1.6394 	 6.159147e+21 	 6.355612e+19 	 6.617159e-05 	 4.406114e-06 	  3.5252 	  0.4389 	  0.9541 	  0.1174 
	 40.6380 	 1.261563e-01 	 166.5743 	  1.3761 	 5.490552e+21 	 4.956879e+19 	 4.911618e-05 	 3.522546e-06 	  3.0134 	  0.4077 	  0.7283 	  0.0954 
	 40.8120 	 1.236425e-01 	 166.2693 	  1.3166 	 5.391034e+21 	 4.701892e+19 	 4.577620e-05 	 3.204551e-06 	  3.0227 	  0.4062 	  0.7087 	  0.0924 
	 40.9860 	 1.211746e-01 	 165.9630 	  1.2624 	 5.293148e+21 	 4.467197e+19 	 4.253003e-05 	 2.862507e-06 	  3.0563 	  0.4030 	  0.6933 	  0.0890 
	 41.1600 	 1.187552e-01 	 165.6492 	  1.2183 	 5.197221e+21 	 4.266208e+19 	 3.951124e-05 	 2.511753e-06 	  3.1107 	  0.3972 	  0.6814 	  0.0849 
	 41.3340 	 1.163869e-01 	 165.3222 	  1.1890 	 5.103567e+21 	 4.111856e+19 	 3.679937e-05 	 2.170539e-06 	  3.1802 	  0.3901 	  0.6715 	  0.0807 
	 41.5620 	 1.133608e-01 	 164.8775 	  1.1732 	 4.984203e+21 	 3.979792e+19 	 3.361125e-05 	 1.765584e-06 	  3.2831 	  0.4098 	  0.6592 	  0.0763 
	 41.7360 	 1.111074e-01 	 164.5379 	  1.1736 	 4.895198e+21 	 3.917567e+19 	 3.124291e-05 	 1.528905e-06 	  3.3627 	  0.4487 	  0.6487 	  0.0746 
	 41.9090 	 1.089124e-01 	 164.2107 	  1.1805 	 4.808081e+21 	 3.875428e+19 	 2.884259e-05 	 1.384896e-06 	  3.4384 	  0.4961 	  0.6366 	  0.0745 
	 42.0830 	 1.067479e-01 	 163.9018 	  1.1901 	 4.721462e+21 	 3.840711e+19 	 2.645068e-05 	 1.310529e-06 	  3.5104 	  0.5451 	  0.6228 	  0.0754 
	 42.4820 	 1.019357e-01 	 163.3140 	  1.2057 	 4.524889e+21 	 3.737975e+19 	 2.164474e-05 	 1.200872e-06 	  3.6628 	  0.6461 	  0.5869 	  0.0781 
	 42.6560 	 9.989758e-02 	 163.1165 	  1.2090 	 4.439772e+21 	 3.680726e+19 	 1.994814e-05 	 1.150838e-06 	  3.7274 	  0.6833 	  0.5708 	  0.0789 
	 42.8290 	 9.790431e-02 	 162.9566 	  1.2111 	 4.355440e+21 	 3.619356e+19 	 1.850507e-05 	 1.103420e-06 	  3.7931 	  0.7183 	  0.5551 	  0.0796 
	 43.0030 	 9.593057e-02 	 162.8330 	  1.2127 	 4.270870e+21 	 3.555354e+19 	 1.728776e-05 	 1.064667e-06 	  3.8625 	  0.7538 	  0.5400 	  0.0802 
	 43.1760 	 9.399691e-02 	 162.7477 	  1.2144 	 4.186994e+21 	 3.491593e+19 	 1.629060e-05 	 1.038925e-06 	 -1000.0000 	 -1000.0000 	  0.5260 	  0.0810 
	 43.4060 	 9.147166e-02 	 162.6866 	  1.2174 	 4.076080e+21 	 3.408260e+19 	 1.526338e-05 	 1.008610e-06 	 -1000.0000 	 -1000.0000 	  0.5090 	  0.0819 
	 43.5790 	 8.961067e-02 	 162.6708 	  1.2199 	 3.993548e+21 	 3.346509e+19 	 1.468706e-05 	 9.759912e-07 	 -1000.0000 	 -1000.0000 	  0.4975 	  0.0818 
	 43.7520 	 8.778640e-02 	 162.6733 	  1.2224 	 3.912175e+21 	 3.285378e+19 	 1.425056e-05 	 9.290105e-07 	 -1000.0000 	 -1000.0000 	  0.4874 	  0.0811 
	 43.9250 	 8.600218e-02 	 162.6869 	  1.2247 	 3.832313e+21 	 3.224706e+19 	 1.392171e-05 	 8.703142e-07 	 -1000.0000 	 -1000.0000 	  0.4784 	  0.0800 
	 44.0980 	 8.426120e-02 	 162.7047 	  1.2265 	 3.754300e+21 	 3.164341e+19 	 1.366634e-05 	 8.056329e-07 	 -1000.0000 	 -1000.0000 	  0.4706 	  0.0789 
	 44.3160 	 8.212844e-02 	 162.7264 	  1.2282 	 3.658777e+21 	 3.088785e+19 	 1.339391e-05 	 7.328994e-07 	 -1000.0000 	 -1000.0000 	  0.4621 	  0.0783 
	 44.4890 	 8.048061e-02 	 162.7403 	  1.2291 	 3.585062e+21 	 3.029479e+19 	 1.318026e-05 	 6.973538e-07 	 -1000.0000 	 -1000.0000 	  0.4562 	  0.0785 
	 44.6620 	 7.886890e-02 	 162.7490 	  1.2297 	 3.513083e+21 	 2.970979e+19 	 1.295412e-05 	 6.846669e-07 	 -1000.0000 	 -1000.0000 	  0.4510 	  0.0793 
	 44.8350 	 7.729014e-02 	 162.7502 	  1.2302 	 3.442740e+21 	 2.913492e+19 	 1.272145e-05 	 6.825713e-07 	 -1000.0000 	 -1000.0000 	  0.4465 	  0.0804 
	 45.0080 	 7.574124e-02 	 162.7419 	  1.2306 	 3.373931e+21 	 2.857223e+19 	 1.249023e-05 	 6.825433e-07 	 -1000.0000 	 -1000.0000 	  0.4427 	  0.0816 
	 45.4130 	 7.222739e-02 	 162.6693 	  1.2313 	 3.218869e+21 	 2.730771e+19 	 1.197470e-05 	 6.749654e-07 	 -1000.0000 	 -1000.0000 	  0.4358 	  0.0846 
	 45.5850 	 7.078410e-02 	 162.6082 	  1.2314 	 3.155729e+21 	 2.679354e+19 	 1.176939e-05 	 6.672576e-07 	 -1000.0000 	 -1000.0000 	  0.4336 	  0.0859 
	 45.7580 	 6.936281e-02 	 162.5241 	  1.2313 	 3.093952e+21 	 2.629039e+19 	 1.156986e-05 	 6.582323e-07 	 -1000.0000 	 -1000.0000 	  0.4315 	  0.0872 
	 45.9300 	 6.798054e-02 	 162.4148 	  1.2310 	 3.034317e+21 	 2.580426e+19 	 1.137582e-05 	 6.482643e-07 	 -1000.0000 	 -1000.0000 	  0.4297 	  0.0886 
	 46.1600 	 6.617856e-02 	 162.2287 	  1.2303 	 2.957254e+21 	 2.517669e+19 	 1.112130e-05 	 6.336922e-07 	 -1000.0000 	 -1000.0000 	  0.4274 	  0.0903 
	 46.3330 	 6.485521e-02 	 162.0621 	  1.2298 	 2.901093e+21 	 2.472209e+19 	 1.093508e-05 	 6.232055e-07 	 -1000.0000 	 -1000.0000 	  0.4257 	  0.0916 
	 46.5050 	 6.356420e-02 	 161.8769 	  1.2296 	 2.846602e+21 	 2.428538e+19 	 1.075621e-05 	 6.149202e-07 	 -1000.0000 	 -1000.0000 	  0.4239 	  0.0930 
	 46.6780 	 6.228819e-02 	 161.6739 	  1.2296 	 2.792975e+21 	 2.386187e+19 	 1.058423e-05 	 6.099166e-07 	 -1000.0000 	 -1000.0000 	  0.4219 	  0.0944 
	 46.8500 	 6.103965e-02 	 161.4580 	  1.2302 	 2.740665e+21 	 2.345671e+19 	 1.042225e-05 	 6.089701e-07 	 -1000.0000 	 -1000.0000 	  0.4198 	  0.0958 
	 47.0800 	 5.940000e-02 	 161.1481 	  1.2314 	 2.672185e+21 	 2.293452e+19 	 1.021698e-05 	 6.140775e-07 	 -1000.0000 	 -1000.0000 	  0.4165 	  0.0978 
	 47.4250 	 5.700717e-02 	 160.6278 	  1.2318 	 2.572842e+21 	 2.216442e+19 	 9.908251e-06 	 6.294650e-07 	 -1000.0000 	 -1000.0000 	  0.4112 	  0.1010 
	 47.5980 	 5.583862e-02 	 160.3374 	  1.2303 	 2.524658e+21 	 2.177094e+19 	 9.739826e-06 	 6.377442e-07 	 -1000.0000 	 -1000.0000 	  0.4084 	  0.1028 
	 47.7700 	 5.469830e-02 	 160.0265 	  1.2270 	 2.477896e+21 	 2.136700e+19 	 9.555811e-06 	 6.451602e-07 	 -1000.0000 	 -1000.0000 	  0.4056 	  0.1046 
	 47.9940 	 5.324588e-02 	 159.5889 	  1.2201 	 2.418706e+21 	 2.082191e+19 	 9.288594e-06 	 6.528942e-07 	 -1000.0000 	 -1000.0000 	  0.4023 	  0.1073 
	 48.1660 	 5.215584e-02 	 159.2312 	  1.2132 	 2.374516e+21 	 2.039507e+19 	 9.065650e-06 	 6.572696e-07 	 -1000.0000 	 -1000.0000 	  0.3999 	  0.1097 
	 48.3380 	 5.108784e-02 	 158.8572 	  1.2052 	 2.331374e+21 	 1.996674e+19 	 8.831663e-06 	 6.597346e-07 	 -1000.0000 	 -1000.0000 	  0.3979 	  0.1123 
	 48.5100 	 5.004200e-02 	 158.4697 	  1.1967 	 2.289236e+21 	 1.954210e+19 	 8.591731e-06 	 6.595895e-07 	 -1000.0000 	 -1000.0000 	  0.3963 	  0.1152 
	 48.6820 	 4.901840e-02 	 158.0713 	  1.1880 	 2.248058e+21 	 1.912621e+19 	 8.352065e-06 	 6.567078e-07 	 -1000.0000 	 -1000.0000 	  0.3952 	  0.1184 
	 48.9040 	 4.772896e-02 	 157.5483 	  1.1769 	 2.196174e+21 	 1.860610e+19 	 8.054343e-06 	 6.498883e-07 	 -1000.0000 	 -1000.0000 	  0.3944 	  0.1227 
	 49.0760 	 4.675278e-02 	 157.1440 	  1.1685 	 2.156785e+21 	 1.821603e+19 	 7.840802e-06 	 6.431565e-07 	 -1000.0000 	 -1000.0000 	  0.3941 	  0.1262 
	 49.4200 	 4.485422e-02 	 156.3647 	  1.1533 	 2.079530e+21 	 1.746924e+19 	 7.483616e-06 	 6.291180e-07 	 -1000.0000 	 -1000.0000 	  0.3937 	  0.1334 
	 49.5920 	 4.392905e-02 	 156.0019 	  1.1467 	 2.041392e+21 	 1.711237e+19 	 7.350436e-06 	 6.230624e-07 	 -1000.0000 	 -1000.0000 	  0.3934 	  0.1372 
	 49.8290 	 4.267885e-02 	 155.5354 	  1.1393 	 1.989265e+21 	 1.664238e+19 	 7.216421e-06 	 6.159423e-07 	 -1000.0000 	 -1000.0000 	  0.3925 	  0.1425 
	 50.0000 	 4.179494e-02 	 155.2156 	  1.1356 	 1.952082e+21 	 1.632428e+19 	 7.144929e-06 	 6.111834e-07 	 -1000.0000 	 -1000.0000 	  0.3916 	  0.1462 
	 50.1710 	 4.092663e-02 	 154.9036 	  1.1337 	 1.915369e+21 	 1.602837e+19 	 7.085112e-06 	 6.064284e-07 	 -1000.0000 	 -1000.0000 	 -1000.0000 	 -1000.0000 
	 50.3430 	 4.006933e-02 	 154.5919 	  1.1339 	 1.879013e+21 	 1.575723e+19 	 7.028070e-06 	 6.014248e-07 	 -1000.0000 	 -1000.0000 	 -1000.0000 	 -1000.0000 
	 50.5140 	 3.923337e-02 	 154.2787 	  1.1366 	 1.843533e+21 	 1.551797e+19 	 6.965836e-06 	 5.959879e-07 	 -1000.0000 	 -1000.0000 	 -1000.0000 	 -1000.0000 
	 50.7490 	 3.811111e-02 	 153.8373 	  1.1441 	 1.795932e+21 	 1.523637e+19 	 6.864554e-06 	 5.877217e-07 	 -1000.0000 	 -1000.0000 	 -1000.0000 	 -1000.0000 
	 50.9200 	 3.731338e-02 	 153.5073 	  1.1516 	 1.762121e+21 	 1.505780e+19 	 6.780792e-06 	 5.813218e-07 	 -1000.0000 	 -1000.0000 	 -1000.0000 	 -1000.0000 
	 51.0910 	 3.653116e-02 	 153.1693 	  1.1604 	 1.728992e+21 	 1.489443e+19 	 6.690123e-06 	 5.746938e-07 	 -1000.0000 	 -1000.0000 	 -1000.0000 	 -1000.0000 
	 51.4340 	 3.500749e-02 	 152.4652 	  1.1796 	 1.664537e+21 	 1.458738e+19 	 6.493826e-06 	 5.609336e-07 	 -1000.0000 	 -1000.0000 	 -1000.0000 	 -1000.0000 
	 51.6590 	 3.403945e-02 	 151.9824 	  1.1912 	 1.623653e+21 	 1.437892e+19 	 6.362517e-06 	 5.518973e-07 	 -1000.0000 	 -1000.0000 	 -1000.0000 	 -1000.0000 
	 51.8300 	 3.331940e-02 	 151.6029 	  1.1976 	 1.593284e+21 	 1.420257e+19 	 6.268115e-06 	 5.452600e-07 	 -1000.0000 	 -1000.0000 	 -1000.0000 	 -1000.0000 
	 52.0010 	 3.261213e-02 	 151.2114 	  1.2007 	 1.563499e+21 	 1.400099e+19 	 6.183190e-06 	 5.389909e-07 	 -1000.0000 	 -1000.0000 	 -1000.0000 	 -1000.0000 
	 52.1730 	 3.191299e-02 	 150.8046 	  1.1993 	 1.534105e+21 	 1.376389e+19 	 6.111713e-06 	 5.332121e-07 	 -1000.0000 	 -1000.0000 	 -1000.0000 	 -1000.0000 
	 52.3440 	 3.122945e-02 	 150.3861 	  1.1923 	 1.505423e+21 	 1.348553e+19 	 6.058630e-06 	 5.281097e-07 	 -1000.0000 	 -1000.0000 	 -1000.0000 	 -1000.0000 
	 52.5790 	 3.030880e-02 	 149.7855 	  1.1747 	 1.466902e+21 	 1.304428e+19 	 6.011974e-06 	 5.220014e-07 	 -1000.0000 	 -1000.0000 	 -1000.0000 	 -1000.0000 
	 52.7500 	 2.965322e-02 	 149.3273 	  1.1590 	 1.439578e+21 	 1.270635e+19 	 5.987704e-06 	 5.178804e-07 	 -1000.0000 	 -1000.0000 	 -1000.0000 	 -1000.0000 
	 52.9210 	 2.901036e-02 	 148.8489 	  1.1436 	 1.412894e+21 	 1.237680e+19 	 5.963231e-06 	 5.137429e-07 	 -1000.0000 	 -1000.0000 	 -1000.0000 	 -1000.0000 
	 53.0930 	 2.837714e-02 	 148.3455 	  1.1306 	 1.386743e+21 	 1.207401e+19 	 5.930840e-06 	 5.093033e-07 	 -1000.0000 	 -1000.0000 	 -1000.0000 	 -1000.0000 
	 53.4830 	 2.699263e-02 	 147.1176 	  1.1191 	 1.330084e+21 	 1.156702e+19 	 5.799387e-06 	 4.972487e-07 	 -1000.0000 	 -1000.0000 	 -1000.0000 	 -1000.0000 
	 53.6540 	 2.640638e-02 	 146.5503 	  1.1200 	 1.306233e+21 	 1.140546e+19 	 5.719593e-06 	 4.912406e-07 	 -1000.0000 	 -1000.0000 	 -1000.0000 	 -1000.0000 
	 53.8240 	 2.583466e-02 	 145.9766 	  1.1221 	 1.282980e+21 	 1.126015e+19 	 5.632326e-06 	 4.850304e-07 	 -1000.0000 	 -1000.0000 	 -1000.0000 	 -1000.0000 
	 53.9950 	 2.526970e-02 	 145.3950 	  1.1239 	 1.259950e+21 	 1.111416e+19 	 5.540526e-06 	 4.786822e-07 	 -1000.0000 	 -1000.0000 	 -1000.0000 	 -1000.0000 
	 54.1660 	 2.471386e-02 	 144.8143 	  1.1235 	 1.237183e+21 	 1.095340e+19 	 5.448732e-06 	 4.723794e-07 	 -1000.0000 	 -1000.0000 	 -1000.0000 	 -1000.0000 
	 54.4030 	 2.395788e-02 	 144.0154 	  1.1188 	 1.205995e+21 	 1.069853e+19 	 5.329247e-06 	 4.639944e-07 	 -1000.0000 	 -1000.0000 	 -1000.0000 	 -1000.0000 
	 54.5740 	 2.342320e-02 	 143.4427 	  1.1135 	 1.183786e+21 	 1.050056e+19 	 5.254268e-06 	 4.583879e-07 	 -1000.0000 	 -1000.0000 	 -1000.0000 	 -1000.0000 
	 54.7440 	 2.290095e-02 	 142.8757 	  1.1075 	 1.161983e+21 	 1.030020e+19 	 5.193706e-06 	 4.533398e-07 	 -1000.0000 	 -1000.0000 	 -1000.0000 	 -1000.0000 
	 54.9150 	 2.238530e-02 	 142.3072 	  1.1017 	 1.140355e+21 	 1.010234e+19 	 5.150939e-06 	 4.489294e-07 	 -1000.0000 	 -1000.0000 	 -1000.0000 	 -1000.0000 
	 55.0860 	 2.187967e-02 	 141.7400 	  1.0970 	 1.119056e+21 	 9.915351e+18 	 5.130296e-06 	 4.453111e-07 	 -1000.0000 	 -1000.0000 	 -1000.0000 	 -1000.0000 
	 55.3170 	 2.121242e-02 	 140.9735 	  1.0934 	 1.090827e+21 	 9.687115e+18 	 5.136131e-06 	 4.415100e-07 	 -1000.0000 	 -1000.0000 	 -1000.0000 	 -1000.0000 
	 55.4870 	 2.073243e-02 	 140.4070 	  1.0930 	 1.070445e+21 	 9.538350e+18 	 5.158383e-06 	 4.391244e-07 	 -1000.0000 	 -1000.0000 	 -1000.0000 	 -1000.0000 
	 55.6580 	 2.025862e-02 	 139.8332 	  1.0949 	 1.050271e+21 	 9.406103e+18 	 5.190034e-06 	 4.367380e-07 	 -1000.0000 	 -1000.0000 	 -1000.0000 	 -1000.0000 
	 55.8280 	 1.979610e-02 	 139.2569 	  1.0994 	 1.030538e+21 	 9.292778e+18 	 5.225237e-06 	 4.340790e-07 	 -1000.0000 	 -1000.0000 	 -1000.0000 	 -1000.0000 
	 55.9980 	 1.934166e-02 	 138.6731 	  1.1066 	 1.011119e+21 	 9.198361e+18 	 5.258612e-06 	 4.308312e-07 	 -1000.0000 	 -1000.0000 	 -1000.0000 	 -1000.0000 
	 56.3970 	 1.830592e-02 	 137.2640 	  1.1337 	 9.668038e+20 	 9.045239e+18 	 5.289233e-06 	 4.194005e-07 	 -1000.0000 	 -1000.0000 	 -1000.0000 	 -1000.0000 
	 56.5680 	 1.787521e-02 	 136.6394 	  1.1491 	 9.483737e+20 	 9.003878e+18 	 5.262188e-06 	 4.122940e-07 	 -1000.0000 	 -1000.0000 	 -1000.0000 	 -1000.0000 
	 56.7380 	 1.745485e-02 	 136.0037 	  1.1660 	 9.303989e+20 	 8.974087e+18 	 5.199730e-06 	 4.035803e-07 	 -1000.0000 	 -1000.0000 	 -1000.0000 	 -1000.0000 
	 56.9080 	 1.704227e-02 	 135.3518 	  1.1844 	 9.127791e+20 	 8.953429e+18 	 5.094103e-06 	 3.930094e-07 	 -1000.0000 	 -1000.0000 	 -1000.0000 	 -1000.0000 
	 57.1370 	 1.649891e-02 	 134.4503 	  1.2107 	 8.895981e+20 	 8.934872e+18 	 4.885147e-06 	 3.760319e-07 	 -1000.0000 	 -1000.0000 	 -1000.0000 	 -1000.0000 
	 57.3070 	 1.610494e-02 	 133.7685 	  1.2304 	 8.727804e+20 	 8.923217e+18 	 4.691965e-06 	 3.619234e-07 	 -1000.0000 	 -1000.0000 	 -1000.0000 	 -1000.0000 
	 57.4780 	 1.571686e-02 	 133.0761 	  1.2499 	 8.561817e+20 	 8.909185e+18 	 4.475226e-06 	 3.469068e-07 	 -1000.0000 	 -1000.0000 	 -1000.0000 	 -1000.0000 
	 57.6480 	 1.533936e-02 	 132.3853 	  1.2683 	 8.399800e+20 	 8.889256e+18 	 4.246667e-06 	 3.315751e-07 	 -1000.0000 	 -1000.0000 	 -1000.0000 	 -1000.0000 
	 57.8180 	 1.497026e-02 	 131.6958 	  1.2852 	 8.240604e+20 	 8.859776e+18 	 4.014068e-06 	 3.162488e-07 	 -1000.0000 	 -1000.0000 	 -1000.0000 	 -1000.0000 
	 58.0410 	 1.449849e-02 	 130.8025 	  1.3047 	 8.035395e+20 	 8.804429e+18 	 3.709991e-06 	 2.964585e-07 	 -1000.0000 	 -1000.0000 	 -1000.0000 	 -1000.0000 
	 58.3810 	 1.380408e-02 	 129.4979 	  1.3299 	 7.727627e+20 	 8.686766e+18 	 3.249284e-06 	 2.669199e-07 	 -1000.0000 	 -1000.0000 	 -1000.0000 	 -1000.0000 
	 58.5510 	 1.346710e-02 	 128.8866 	  1.3411 	 7.574774e+20 	 8.614418e+18 	 3.020198e-06 	 2.524017e-07 	 -1000.0000 	 -1000.0000 	 -1000.0000 	 -1000.0000 
	 58.7200 	 1.313823e-02 	 128.3151 	  1.3516 	 7.422727e+20 	 8.534524e+18 	 2.793268e-06 	 2.381133e-07 	 -1000.0000 	 -1000.0000 	 -1000.0000 	 -1000.0000 
	 58.9550 	 1.269085e-02 	 127.5898 	  1.3657 	 7.210702e+20 	 8.412308e+18 	 2.481045e-06 	 2.185551e-07 	 -1000.0000 	 -1000.0000 	 -1000.0000 	 -1000.0000 
	 59.1240 	 1.237651e-02 	 127.1227 	  1.3760 	 7.057932e+20 	 8.318447e+18 	 2.261778e-06 	 2.048353e-07 	 -1000.0000 	 -1000.0000 	 -1000.0000 	 -1000.0000 
	 59.2940 	 1.206680e-02 	 126.7023 	  1.3870 	 6.904149e+20 	 8.220729e+18 	 2.048151e-06 	 1.914320e-07 	 -1000.0000 	 -1000.0000 	 -1000.0000 	 -1000.0000 
	 59.4630 	 1.176558e-02 	 126.3368 	  1.3988 	 6.751281e+20 	 8.121830e+18 	 1.844874e-06 	 1.785959e-07 	 -1000.0000 	 -1000.0000 	 -1000.0000 	 -1000.0000 
	 59.6320 	 1.147121e-02 	 126.0268 	  1.4119 	 6.598544e+20 	 8.022630e+18 	 1.652827e-06 	 1.663386e-07 	 -1000.0000 	 -1000.0000 	 -1000.0000 	 -1000.0000 
	 59.8610 	 1.108342e-02 	 125.6991 	  1.4313 	 6.392037e+20 	 7.886001e+18 	 1.413254e-06 	 1.507649e-07 	 -1000.0000 	 -1000.0000 	 -1000.0000 	 -1000.0000 
	 60.0310 	 1.080372e-02 	 125.5262 	  1.4459 	 6.239280e+20 	 7.778706e+18 	 1.252072e-06 	 1.400202e-07 	 -1000.0000 	 -1000.0000 	 -1000.0000 	 -1000.0000 
	 60.3710 	 1.026505e-02 	 125.3654 	  1.4718 	 5.935842e+20 	 7.534643e+18 	 9.764566e-07 	 1.207569e-07 	 -1000.0000 	 -1000.0000 	 -1000.0000 	 -1000.0000 
	 60.5400 	 1.000748e-02 	 125.3795 	  1.4814 	 5.786361e+20 	 7.392190e+18 	 8.644521e-07 	 1.123415e-07 	 -1000.0000 	 -1000.0000 	 -1000.0000 	 -1000.0000 
	 60.7750 	 9.660279e-03 	 125.4967 	  1.4905 	 5.580571e+20 	 7.169201e+18 	 7.358051e-07 	 1.019356e-07 	 -1000.0000 	 -1000.0000 	 -1000.0000 	 -1000.0000 
	 60.9440 	 9.418172e-03 	 125.6397 	  1.4943 	 5.434565e+20 	 6.995501e+18 	 6.602693e-07 	 9.535872e-08 	 -1000.0000 	 -1000.0000 	 -1000.0000 	 -1000.0000 
	 61.1140 	 9.180781e-03 	 125.8234 	  1.4965 	 5.289800e+20 	 6.813575e+18 	 5.964182e-07 	 8.948646e-08 	 -1000.0000 	 -1000.0000 	 -1000.0000 	 -1000.0000 
	 61.4520 	 8.726229e-03 	 126.2727 	  1.4973 	 5.009745e+20 	 6.444645e+18 	 4.979071e-07 	 7.995630e-08 	 -1000.0000 	 -1000.0000 	 -1000.0000 	 -1000.0000 
	 61.6850 	 8.425999e-03 	 126.6299 	  1.4965 	 4.823630e+20 	 6.194039e+18 	 4.466446e-07 	 7.494854e-08 	 -1000.0000 	 -1000.0000 	 -1000.0000 	 -1000.0000 
	 61.8540 	 8.215117e-03 	 126.9169 	  1.4958 	 4.692262e+20 	 6.015898e+18 	 4.164161e-07 	 7.201138e-08 	 -1000.0000 	 -1000.0000 	 -1000.0000 	 -1000.0000 
	 62.0240 	 8.009000e-03 	 127.2337 	  1.4952 	 4.563189e+20 	 5.840477e+18 	 3.910759e-07 	 6.957266e-08 	 -1000.0000 	 -1000.0000 	 -1000.0000 	 -1000.0000 
	 62.1930 	 7.810230e-03 	 127.5801 	  1.4950 	 4.437928e+20 	 5.670451e+18 	 3.701983e-07 	 6.759743e-08 	 -1000.0000 	 -1000.0000 	 -1000.0000 	 -1000.0000 
	 62.3620 	 7.617722e-03 	 127.9617 	  1.4956 	 4.315705e+20 	 5.505346e+18 	 3.529192e-07 	 6.600893e-08 	 -1000.0000 	 -1000.0000 	 -1000.0000 	 -1000.0000 
	 62.5850 	 7.372987e-03 	 128.5197 	  1.4970 	 4.158972e+20 	 5.293999e+18 	 3.348500e-07 	 6.444440e-08 	 -1000.0000 	 -1000.0000 	 -1000.0000 	 -1000.0000 
	 62.7540 	 7.193977e-03 	 128.9806 	  1.4977 	 4.043492e+20 	 5.136702e+18 	 3.244188e-07 	 6.364431e-08 	 -1000.0000 	 -1000.0000 	 -1000.0000 	 -1000.0000 
	 62.9240 	 7.019013e-03 	 129.4745 	  1.4973 	 3.930073e+20 	 4.979127e+18 	 3.164965e-07 	 6.316158e-08 	 -1000.0000 	 -1000.0000 	 -1000.0000 	 -1000.0000 
	 63.0930 	 6.849692e-03 	 129.9929 	  1.4950 	 3.819933e+20 	 4.821473e+18 	 3.109405e-07 	 6.299072e-08 	 -1000.0000 	 -1000.0000 	 -1000.0000 	 -1000.0000 
	 63.4990 	 6.459528e-03 	 131.3355 	  1.4790 	 3.565521e+20 	 4.432256e+18 	 3.058110e-07 	 6.378139e-08 	 -1000.0000 	 -1000.0000 	 -1000.0000 	 -1000.0000 
	 63.6680 	 6.303998e-03 	 131.9299 	  1.4686 	 3.464008e+20 	 4.268608e+18 	 3.068195e-07 	 6.459251e-08 	 -1000.0000 	 -1000.0000 	 -1000.0000 	 -1000.0000 
	 63.8370 	 6.152701e-03 	 132.5425 	  1.4571 	 3.365244e+20 	 4.106897e+18 	 3.095715e-07 	 6.567811e-08 	 -1000.0000 	 -1000.0000 	 -1000.0000 	 -1000.0000 
	 64.0060 	 6.005771e-03 	 133.1717 	  1.4448 	 3.269344e+20 	 3.949120e+18 	 3.139985e-07 	 6.703268e-08 	 -1000.0000 	 -1000.0000 	 -1000.0000 	 -1000.0000 
	 64.1740 	 5.864161e-03 	 133.8118 	  1.4326 	 3.176962e+20 	 3.798100e+18 	 3.199958e-07 	 6.864111e-08 	 -1000.0000 	 -1000.0000 	 -1000.0000 	 -1000.0000 
	 64.3930 	 5.686130e-03 	 134.6663 	  1.4170 	 3.060934e+20 	 3.610998e+18 	 3.301850e-07 	 7.113902e-08 	 -1000.0000 	 -1000.0000 	 -1000.0000 	 -1000.0000 
	 64.5610 	 5.554325e-03 	 135.3366 	  1.4050 	 2.975158e+20 	 3.474387e+18 	 3.398611e-07 	 7.338092e-08 	 -1000.0000 	 -1000.0000 	 -1000.0000 	 -1000.0000 
	 64.7300 	 5.425666e-03 	 136.0233 	  1.3928 	 2.891572e+20 	 3.342480e+18 	 3.512628e-07 	 7.593789e-08 	 -1000.0000 	 -1000.0000 	 -1000.0000 	 -1000.0000 
	 64.8980 	 5.301457e-03 	 136.7178 	  1.3804 	 2.811049e+20 	 3.216343e+18 	 3.642921e-07 	 7.879475e-08 	 -1000.0000 	 -1000.0000 	 -1000.0000 	 -1000.0000 
	 65.0670 	 5.179997e-03 	 137.4277 	  1.3674 	 2.732514e+20 	 3.093996e+18 	 3.791417e-07 	 8.200053e-08 	 -1000.0000 	 -1000.0000 	 -1000.0000 	 -1000.0000 
	 65.3030 	 5.015904e-03 	 138.4283 	  1.3491 	 2.626919e+20 	 2.931217e+18 	 4.028594e-07 	 8.702996e-08 	 -1000.0000 	 -1000.0000 	 -1000.0000 	 -1000.0000 
	 65.4710 	 4.902834e-03 	 139.1337 	  1.3371 	 2.554710e+20 	 2.822391e+18 	 4.218881e-07 	 9.097571e-08 	 -1000.0000 	 -1000.0000 	 -1000.0000 	 -1000.0000 
	 65.6400 	 4.792086e-03 	 139.8261 	  1.3268 	 2.484616e+20 	 2.719986e+18 	 4.428524e-07 	 9.522756e-08 	 -1000.0000 	 -1000.0000 	 -1000.0000 	 -1000.0000 
	 65.8080 	 4.684843e-03 	 140.4871 	  1.3192 	 2.417519e+20 	 2.626222e+18 	 4.655214e-07 	 9.971365e-08 	 -1000.0000 	 -1000.0000 	 -1000.0000 	 -1000.0000 
	 65.9770 	 4.579701e-03 	 141.1147 	  1.3150 	 2.352673e+20 	 2.540978e+18 	 4.901783e-07 	 1.044652e-07 	 -1000.0000 	 -1000.0000 	 -1000.0000 	 -1000.0000 
	 66.3810 	 4.338934e-03 	 142.4285 	  1.3182 	 2.208285e+20 	 2.372297e+18 	 5.560829e-07 	 1.166373e-07 	 -1000.0000 	 -1000.0000 	 -1000.0000 	 -1000.0000 
	 66.5500 	 4.242470e-03 	 142.8928 	  1.3232 	 2.152144e+20 	 2.313510e+18 	 5.861398e-07 	 1.219961e-07 	 -1000.0000 	 -1000.0000 	 -1000.0000 	 -1000.0000 
	 66.7180 	 4.148962e-03 	 143.3005 	  1.3290 	 2.098713e+20 	 2.260213e+18 	 6.172193e-07 	 1.274353e-07 	 -1000.0000 	 -1000.0000 	 -1000.0000 	 -1000.0000 
	 66.8870 	 4.057230e-03 	 143.6536 	  1.3349 	 2.047279e+20 	 2.210572e+18 	 6.495157e-07 	 1.329890e-07 	 -1000.0000 	 -1000.0000 	 -1000.0000 	 -1000.0000 
	 67.9870 	 3.512477e-03 	 144.3684 	  1.3218 	 1.763780e+20 	 1.903911e+18 	 8.720125e-07 	 1.689259e-07 	 -1000.0000 	 -1000.0000 	 -1000.0000 	 -1000.0000 
	 68.1550 	 3.436387e-03 	 144.2290 	  1.3082 	 1.727236e+20 	 1.852836e+18 	 9.052258e-07 	 1.739657e-07 	 -1000.0000 	 -1000.0000 	 -1000.0000 	 -1000.0000 
	 68.3230 	 3.361857e-03 	 144.0362 	  1.2937 	 1.692041e+20 	 1.802595e+18 	 9.371261e-07 	 1.787296e-07 	 -1000.0000 	 -1000.0000 	 -1000.0000 	 -1000.0000 
	 68.4910 	 3.288758e-03 	 143.7967 	  1.2795 	 1.658011e+20 	 1.754509e+18 	 9.672605e-07 	 1.831548e-07 	 -1000.0000 	 -1000.0000 	 -1000.0000 	 -1000.0000 
	 68.6590 	 3.216962e-03 	 143.5174 	  1.2669 	 1.624966e+20 	 1.709883e+18 	 9.951858e-07 	 1.871803e-07 	 -1000.0000 	 -1000.0000 	 -1000.0000 	 -1000.0000 
	 68.8970 	 3.117419e-03 	 143.0745 	  1.2529 	 1.579538e+20 	 1.653412e+18 	 1.030735e-06 	 1.922133e-07 	 -1000.0000 	 -1000.0000 	 -1000.0000 	 -1000.0000 
	 69.0650 	 3.048774e-03 	 142.7488 	  1.2458 	 1.548278e+20 	 1.617614e+18 	 1.053320e-06 	 1.954023e-07 	 -1000.0000 	 -1000.0000 	 -1000.0000 	 -1000.0000 
	 69.4010 	 2.915830e-03 	 142.1312 	  1.2379 	 1.487222e+20 	 1.553624e+18 	 1.093421e-06 	 2.012515e-07 	 -1000.0000 	 -1000.0000 	 -1000.0000 	 -1000.0000 
	 69.5690 	 2.851674e-03 	 141.8693 	  1.2370 	 1.457181e+20 	 1.524306e+18 	 1.111473e-06 	 2.040815e-07 	 -1000.0000 	 -1000.0000 	 -1000.0000 	 -1000.0000 
	 69.7910 	 2.769290e-03 	 141.6036 	  1.2384 	 1.417709e+20 	 1.486975e+18 	 1.133606e-06 	 2.078343e-07 	 -1000.0000 	 -1000.0000 	 -1000.0000 	 -1000.0000 
	 69.9590 	 2.708661e-03 	 141.4818 	  1.2406 	 1.387851e+20 	 1.458952e+18 	 1.149009e-06 	 2.106821e-07 	 -1000.0000 	 -1000.0000 	 -1000.0000 	 -1000.0000 
	 70.1260 	 2.649773e-03 	 141.4439 	  1.2431 	 1.358047e+20 	 1.430573e+18 	 1.163127e-06 	 2.135157e-07 	 -1000.0000 	 -1000.0000 	 -1000.0000 	 -1000.0000 
	 70.2930 	 2.592187e-03 	 141.5031 	  1.2455 	 1.327997e+20 	 1.401026e+18 	 1.176012e-06 	 2.163485e-07 	 -1000.0000 	 -1000.0000 	 -1000.0000 	 -1000.0000 
	 70.4610 	 2.535492e-03 	 141.6746 	  1.2472 	 1.297399e+20 	 1.369483e+18 	 1.187683e-06 	 2.191935e-07 	 -1000.0000 	 -1000.0000 	 -1000.0000 	 -1000.0000 
	 70.6950 	 2.458538e-03 	 142.1119 	  1.2476 	 1.254155e+20 	 1.322067e+18 	 1.201722e-06 	 2.231408e-07 	 -1000.0000 	 -1000.0000 	 -1000.0000 	 -1000.0000 
	 70.8620 	 2.405079e-03 	 142.5625 	  1.2463 	 1.222999e+20 	 1.286009e+18 	 1.210131e-06 	 2.259418e-07 	 -1000.0000 	 -1000.0000 	 -1000.0000 	 -1000.0000 
	 71.0290 	 2.352863e-03 	 143.1254 	  1.2435 	 1.191731e+20 	 1.248349e+18 	 1.217167e-06 	 2.287247e-07 	 -1000.0000 	 -1000.0000 	 -1000.0000 	 -1000.0000 
	 71.3630 	 2.252250e-03 	 144.5777 	  1.2328 	 1.129332e+20 	 1.169081e+18 	 1.227015e-06 	 2.342191e-07 	 -1000.0000 	 -1000.0000 	 -1000.0000 	 -1000.0000 
	 71.5910 	 2.186546e-03 	 145.7953 	  1.2213 	 1.087274e+20 	 1.112896e+18 	 1.230409e-06 	 2.378690e-07 	 -1000.0000 	 -1000.0000 	 -1000.0000 	 -1000.0000 
	 71.7590 	 2.139680e-03 	 146.7810 	  1.2109 	 1.056832e+20 	 1.071166e+18 	 1.231148e-06 	 2.404482e-07 	 -1000.0000 	 -1000.0000 	 -1000.0000 	 -1000.0000 
	 71.9260 	 2.094393e-03 	 147.8145 	  1.1988 	 1.027211e+20 	 1.029923e+18 	 1.230376e-06 	 2.428769e-07 	 -1000.0000 	 -1000.0000 	 -1000.0000 	 -1000.0000 
	 72.0930 	 2.050399e-03 	 148.8826 	  1.1853 	 9.983894e+19 	 9.893796e+17 	 1.228084e-06 	 2.451331e-07 	 -1000.0000 	 -1000.0000 	 -1000.0000 	 -1000.0000 
	 72.4950 	 1.949716e-03 	 151.4745 	  1.1478 	 9.331572e+19 	 8.972656e+17 	 1.216330e-06 	 2.496647e-07 	 -1000.0000 	 -1000.0000 	 -1000.0000 	 -1000.0000 
	 72.6620 	 1.909913e-03 	 152.4958 	  1.1313 	 9.080042e+19 	 8.621145e+17 	 1.209026e-06 	 2.511461e-07 	 -1000.0000 	 -1000.0000 	 -1000.0000 	 -1000.0000 
	 72.8290 	 1.871185e-03 	 153.4437 	  1.1150 	 8.840904e+19 	 8.292244e+17 	 1.200444e-06 	 2.523885e-07 	 -1000.0000 	 -1000.0000 	 -1000.0000 	 -1000.0000 
	 72.9960 	 1.833456e-03 	 154.2903 	  1.0997 	 8.614813e+19 	 7.988882e+17 	 1.190688e-06 	 2.533902e-07 	 -1000.0000 	 -1000.0000 	 -1000.0000 	 -1000.0000 
	 73.1630 	 1.796649e-03 	 155.0081 	  1.0858 	 8.402406e+19 	 7.713930e+17 	 1.179864e-06 	 2.541501e-07 	 -1000.0000 	 -1000.0000 	 -1000.0000 	 -1000.0000 
	 73.3950 	 1.746938e-03 	 155.7655 	  1.0694 	 8.129869e+19 	 7.379439e+17 	 1.163312e-06 	 2.548266e-07 	 -1000.0000 	 -1000.0000 	 -1000.0000 	 -1000.0000 
	 73.5620 	 1.712124e-03 	 156.1387 	  1.0595 	 7.948807e+19 	 7.169416e+17 	 1.150538e-06 	 2.550743e-07 	 -1000.0000 	 -1000.0000 	 -1000.0000 	 -1000.0000 
	 73.7290 	 1.678077e-03 	 156.3689 	  1.0511 	 7.779427e+19 	 6.982109e+17 	 1.137240e-06 	 2.551505e-07 	 -1000.0000 	 -1000.0000 	 -1000.0000 	 -1000.0000 
	 73.8960 	 1.644759e-03 	 156.4573 	  1.0440 	 7.620871e+19 	 6.814837e+17 	 1.123062e-06 	 2.550493e-07 	 -1000.0000 	 -1000.0000 	 -1000.0000 	 -1000.0000 
	 74.0630 	 1.612129e-03 	 156.4050 	  1.0381 	 7.472271e+19 	 6.664940e+17 	 1.106102e-06 	 2.546796e-07 	 -1000.0000 	 -1000.0000 	 -1000.0000 	 -1000.0000 
	 74.2890 	 1.568991e-03 	 156.1266 	  1.0320 	 7.285211e+19 	 6.486189e+17 	 1.083055e-06 	 2.540312e-07 	 -1000.0000 	 -1000.0000 	 -1000.0000 	 -1000.0000 
	 74.4560 	 1.537805e-03 	 155.7894 	  1.0290 	 7.155817e+19 	 6.370114e+17 	 1.066011e-06 	 2.534572e-07 	 -1000.0000 	 -1000.0000 	 -1000.0000 	 -1000.0000 
	 74.6220 	 1.507336e-03 	 155.3625 	  1.0273 	 7.033333e+19 	 6.266738e+17 	 1.049102e-06 	 2.528182e-07 	 -1000.0000 	 -1000.0000 	 -1000.0000 	 -1000.0000 
	 74.7880 	 1.477348e-03 	 154.8610 	  1.0271 	 6.915807e+19 	 6.174012e+17 	 1.032260e-06 	 2.521209e-07 	 -1000.0000 	 -1000.0000 	 -1000.0000 	 -1000.0000 
	 74.9550 	 1.447619e-03 	 154.2979 	  1.0284 	 6.801413e+19 	 6.090146e+17 	 1.015418e-06 	 2.513700e-07 	 -1000.0000 	 -1000.0000 	 -1000.0000 	 -1000.0000 
	 75.3560 	 1.378019e-03 	 152.7764 	  1.0372 	 6.538850e+19 	 5.920141e+17 	 9.755225e-07 	 2.494087e-07 	 -1000.0000 	 -1000.0000 	 -1000.0000 	 -1000.0000 
	 75.5220 	 1.350017e-03 	 152.0965 	  1.0427 	 6.434611e+19 	 5.859975e+17 	 9.592724e-07 	 2.485474e-07 	 -1000.0000 	 -1000.0000 	 -1000.0000 	 -1000.0000 
	 75.6880 	 1.322531e-03 	 151.3986 	  1.0491 	 6.332677e+19 	 5.804180e+17 	 9.432013e-07 	 2.476665e-07 	 -1000.0000 	 -1000.0000 	 -1000.0000 	 -1000.0000 
	 75.8550 	 1.295429e-03 	 150.6864 	  1.0561 	 6.232242e+19 	 5.751347e+17 	 9.272336e-07 	 2.467678e-07 	 -1000.0000 	 -1000.0000 	 -1000.0000 	 -1000.0000 
	 76.0790 	 1.259925e-03 	 149.7267 	  1.0660 	 6.100289e+19 	 5.683169e+17 	 9.062012e-07 	 2.455665e-07 	 -1000.0000 	 -1000.0000 	 -1000.0000 	 -1000.0000 
	 76.4120 	 1.208709e-03 	 148.3178 	  1.0794 	 5.907908e+19 	 5.579167e+17 	 8.760078e-07 	 2.438797e-07 	 -1000.0000 	 -1000.0000 	 -1000.0000 	 -1000.0000 
	 76.5780 	 1.183773e-03 	 147.6353 	  1.0846 	 5.812765e+19 	 5.522401e+17 	 8.615463e-07 	 2.431230e-07 	 -1000.0000 	 -1000.0000 	 -1000.0000 	 -1000.0000 
	 76.7450 	 1.159020e-03 	 146.9695 	  1.0882 	 5.716986e+19 	 5.459737e+17 	 8.474546e-07 	 2.424413e-07 	 -1000.0000 	 -1000.0000 	 -1000.0000 	 -1000.0000 
	 76.9830 	 1.124294e-03 	 146.0659 	  1.0921 	 5.579959e+19 	 5.364624e+17 	 8.281539e-07 	 2.416154e-07 	 -1000.0000 	 -1000.0000 	 -1000.0000 	 -1000.0000 
	 77.1490 	 1.100486e-03 	 145.4726 	  1.0970 	 5.484057e+19 	 5.302378e+17 	 8.151661e-07 	 2.411283e-07 	 -1000.0000 	 -1000.0000 	 -1000.0000 	 -1000.0000 
	 77.3150 	 1.077042e-03 	 144.9139 	  1.1063 	 5.387931e+19 	 5.250453e+17 	 8.025073e-07 	 2.407033e-07 	 -1000.0000 	 -1000.0000 	 -1000.0000 	 -1000.0000 
	 77.4810 	 1.053988e-03 	 144.3935 	  1.1222 	 5.291625e+19 	 5.214927e+17 	 7.901252e-07 	 2.403307e-07 	 -1000.0000 	 -1000.0000 	 -1000.0000 	 -1000.0000 
	 77.6470 	 1.031345e-03 	 143.9152 	  1.1469 	 5.195181e+19 	 5.201673e+17 	 7.779697e-07 	 2.400011e-07 	 -1000.0000 	 -1000.0000 	 -1000.0000 	 -1000.0000 
	 77.8780 	 1.000554e-03 	 143.3205 	  1.1938 	 5.061017e+19 	 5.214592e+17 	 7.613739e-07 	 2.395980e-07 	 -1000.0000 	 -1000.0000 	 -1000.0000 	 -1000.0000 
	 78.0430 	 9.790882e-04 	 142.9421 	  1.2304 	 4.965546e+19 	 5.230025e+17 	 7.497255e-07 	 2.393383e-07 	 -1000.0000 	 -1000.0000 	 -1000.0000 	 -1000.0000 
	 78.3730 	 9.375272e-04 	 142.2880 	  1.2916 	 4.776592e+19 	 5.222170e+17 	 7.268793e-07 	 2.388538e-07 	 -1000.0000 	 -1000.0000 	 -1000.0000 	 -1000.0000 
	 78.5390 	 9.173338e-04 	 142.0046 	  1.3074 	 4.683039e+19 	 5.174051e+17 	 7.155845e-07 	 2.386115e-07 	 -1000.0000 	 -1000.0000 	 -1000.0000 	 -1000.0000 
	 78.7680 	 8.902415e-04 	 141.6574 	  1.3078 	 4.555896e+19 	 5.047492e+17 	 7.002013e-07 	 2.382726e-07 	 -1000.0000 	 -1000.0000 	 -1000.0000 	 -1000.0000 
	 78.9330 	 8.712207e-04 	 141.4367 	  1.2954 	 4.465531e+19 	 4.922107e+17 	 6.892666e-07 	 2.380338e-07 	 -1000.0000 	 -1000.0000 	 -1000.0000 	 -1000.0000 
	 79.0980 	 8.525756e-04 	 141.2387 	  1.2747 	 4.376089e+19 	 4.776198e+17 	 6.784634e-07 	 2.378073e-07 	 -1000.0000 	 -1000.0000 	 -1000.0000 	 -1000.0000 
	 79.2630 	 8.342682e-04 	 141.0620 	  1.2476 	 4.287465e+19 	 4.616953e+17 	 6.677974e-07 	 2.376000e-07 	 -1000.0000 	 -1000.0000 	 -1000.0000 	 -1000.0000 
	 79.4290 	 8.161526e-04 	 140.9041 	  1.2162 	 4.199023e+19 	 4.450532e+17 	 6.572115e-07 	 2.374180e-07 	 -1000.0000 	 -1000.0000 	 -1000.0000 	 -1000.0000 
	 79.6680 	 7.905928e-04 	 140.7136 	  1.1677 	 4.072953e+19 	 4.211765e+17 	 6.422545e-07 	 2.372107e-07 	 -1000.0000 	 -1000.0000 	 -1000.0000 	 -1000.0000 
	 79.8330 	 7.733490e-04 	 140.6128 	  1.1351 	 3.986947e+19 	 4.053422e+17 	 6.321549e-07 	 2.371050e-07 	 -1000.0000 	 -1000.0000 	 -1000.0000 	 -1000.0000 
	 79.9980 	 7.564706e-04 	 140.5416 	  1.1057 	 3.901919e+19 	 3.905097e+17 	 6.222655e-07 	 2.370293e-07 	 -1000.0000 	 -1000.0000 	 -1000.0000 	 -1000.0000 
	 80.3290 	 7.238426e-04 	 140.5037 	  1.0653 	 3.734776e+19 	 3.654142e+17 	 6.031501e-07 	 2.369655e-07 	 -1000.0000 	 -1000.0000 	 -1000.0000 	 -1000.0000 
	 80.5520 	 7.028266e-04 	 140.5541 	  1.0552 	 3.625160e+19 	 3.526021e+17 	 5.908690e-07 	 2.369908e-07 	 -1000.0000 	 -1000.0000 	 -1000.0000 	 -1000.0000 
	 80.7160 	 6.878168e-04 	 140.6118 	  1.0543 	 3.546312e+19 	 3.447768e+17 	 5.821466e-07 	 2.370495e-07 	 -1000.0000 	 -1000.0000 	 -1000.0000 	 -1000.0000 
	 80.8810 	 6.730535e-04 	 140.6729 	  1.0569 	 3.468648e+19 	 3.378199e+17 	 5.736338e-07 	 2.371469e-07 	 -1000.0000 	 -1000.0000 	 -1000.0000 	 -1000.0000 
	 81.0460 	 6.585903e-04 	 140.7241 	  1.0609 	 3.392792e+19 	 3.313779e+17 	 5.653823e-07 	 2.372867e-07 	 -1000.0000 	 -1000.0000 	 -1000.0000 	 -1000.0000 
	 81.4520 	 6.240844e-04 	 140.7377 	  1.0675 	 3.214582e+19 	 3.156619e+17 	 5.461639e-07 	 2.378302e-07 	 -1000.0000 	 -1000.0000 	 -1000.0000 	 -1000.0000 
	 81.6160 	 6.105815e-04 	 140.6902 	  1.0686 	 3.146098e+19 	 3.093106e+17 	 5.388293e-07 	 2.381360e-07 	 -1000.0000 	 -1000.0000 	 -1000.0000 	 -1000.0000 
	 81.7810 	 5.972684e-04 	 140.6120 	  1.0696 	 3.079236e+19 	 3.030817e+17 	 5.316955e-07 	 2.384969e-07 	 -1000.0000 	 -1000.0000 	 -1000.0000 	 -1000.0000 
	 81.9460 	 5.842417e-04 	 140.5040 	  1.0710 	 3.014423e+19 	 2.971284e+17 	 5.248060e-07 	 2.389130e-07 	 -1000.0000 	 -1000.0000 	 -1000.0000 	 -1000.0000 
	 82.1110 	 5.715146e-04 	 140.3666 	  1.0735 	 2.951660e+19 	 2.915625e+17 	 5.181606e-07 	 2.393865e-07 	 -1000.0000 	 -1000.0000 	 -1000.0000 	 -1000.0000 
	 82.3420 	 5.541988e-04 	 140.1289 	  1.0789 	 2.867082e+19 	 2.844653e+17 	 5.092724e-07 	 2.401539e-07 	 -1000.0000 	 -1000.0000 	 -1000.0000 	 -1000.0000 
	 82.5060 	 5.422416e-04 	 139.9331 	  1.0838 	 2.809143e+19 	 2.798280e+17 	 5.032605e-07 	 2.407798e-07 	 -1000.0000 	 -1000.0000 	 -1000.0000 	 -1000.0000 
	 82.6710 	 5.304760e-04 	 139.7178 	  1.0894 	 2.752426e+19 	 2.754173e+17 	 4.974652e-07 	 2.414836e-07 	 -1000.0000 	 -1000.0000 	 -1000.0000 	 -1000.0000 
	 82.8360 	 5.189605e-04 	 139.4880 	  1.0954 	 2.697121e+19 	 2.711900e+17 	 4.919266e-07 	 2.422673e-07 	 -1000.0000 	 -1000.0000 	 -1000.0000 	 -1000.0000 
	 83.0010 	 5.076801e-04 	 139.2474 	  1.1015 	 2.643059e+19 	 2.670747e+17 	 4.866465e-07 	 2.431363e-07 	 -1000.0000 	 -1000.0000 	 -1000.0000 	 -1000.0000 
	 83.3900 	 4.819538e-04 	 138.6544 	  1.1162 	 2.519860e+19 	 2.576492e+17 	 4.752044e-07 	 2.455393e-07 	 -1000.0000 	 -1000.0000 	 -1000.0000 	 -1000.0000 
	 83.5540 	 4.714537e-04 	 138.3990 	  1.1225 	 2.469512e+19 	 2.537862e+17 	 4.707918e-07 	 2.467057e-07 	 -1000.0000 	 -1000.0000 	 -1000.0000 	 -1000.0000 
	 83.7190 	 4.610850e-04 	 138.1419 	  1.1291 	 2.419693e+19 	 2.499639e+17 	 4.665910e-07 	 2.479732e-07 	 -1000.0000 	 -1000.0000 	 -1000.0000 	 -1000.0000 
	 83.8830 	 4.509658e-04 	 137.8885 	  1.1359 	 2.370927e+19 	 2.462270e+17 	 4.626474e-07 	 2.493275e-07 	 -1000.0000 	 -1000.0000 	 -1000.0000 	 -1000.0000 
	 84.1260 	 4.363149e-04 	 137.5248 	  1.1464 	 2.299943e+19 	 2.407835e+17 	 4.572016e-07 	 2.515053e-07 	 -1000.0000 	 -1000.0000 	 -1000.0000 	 -1000.0000 
	 84.2900 	 4.266726e-04 	 137.2948 	  1.1535 	 2.252875e+19 	 2.371449e+17 	 4.537646e-07 	 2.530859e-07 	 -1000.0000 	 -1000.0000 	 -1000.0000 	 -1000.0000 
	 84.4540 	 4.172404e-04 	 137.0835 	  1.1607 	 2.206471e+19 	 2.335115e+17 	 4.504949e-07 	 2.547518e-07 	 -1000.0000 	 -1000.0000 	 -1000.0000 	 -1000.0000 
	 84.6190 	 4.079734e-04 	 136.8953 	  1.1678 	 2.160445e+19 	 2.298411e+17 	 4.473528e-07 	 2.565105e-07 	 -1000.0000 	 -1000.0000 	 -1000.0000 	 -1000.0000 
	 84.7830 	 3.989939e-04 	 136.7378 	  1.1746 	 2.115342e+19 	 2.261581e+17 	 4.443561e-07 	 2.583376e-07 	 -1000.0000 	 -1000.0000 	 -1000.0000 	 -1000.0000 
	 85.0060 	 3.871459e-04 	 136.5752 	  1.1834 	 2.054980e+19 	 2.210687e+17 	 4.404640e-07 	 2.609447e-07 	 -1000.0000 	 -1000.0000 	 -1000.0000 	 -1000.0000 
	 85.3340 	 3.703864e-04 	 136.4421 	  1.1950 	 1.967932e+19 	 2.133670e+17 	 4.351089e-07 	 2.650294e-07 	 -1000.0000 	 -1000.0000 	 -1000.0000 	 -1000.0000 
	 85.4990 	 3.622140e-04 	 136.4218 	  1.2000 	 1.924793e+19 	 2.093755e+17 	 4.325763e-07 	 2.671939e-07 	 -1000.0000 	 -1000.0000 	 -1000.0000 	 -1000.0000 
	 85.6630 	 3.542372e-04 	 136.4320 	  1.2044 	 1.882268e+19 	 2.053186e+17 	 4.301630e-07 	 2.694165e-07 	 -1000.0000 	 -1000.0000 	 -1000.0000 	 -1000.0000 
	 85.9000 	 3.429591e-04 	 136.4964 	  1.2095 	 1.821495e+19 	 1.993120e+17 	 4.268598e-07 	 2.727562e-07 	 -1000.0000 	 -1000.0000 	 -1000.0000 	 -1000.0000 
	 86.0640 	 3.353448e-04 	 136.5707 	  1.2123 	 1.780091e+19 	 1.950901e+17 	 4.247078e-07 	 2.751611e-07 	 -1000.0000 	 -1000.0000 	 -1000.0000 	 -1000.0000 
	 86.3910 	 3.206864e-04 	 136.7761 	  1.2159 	 1.699712e+19 	 1.866249e+17 	 4.207653e-07 	 2.802043e-07 	 -1000.0000 	 -1000.0000 	 -1000.0000 	 -1000.0000 
	 86.5550 	 3.136241e-04 	 136.9011 	  1.2168 	 1.660755e+19 	 1.824062e+17 	 4.189724e-07 	 2.828662e-07 	 -1000.0000 	 -1000.0000 	 -1000.0000 	 -1000.0000 
	 86.7900 	 3.038465e-04 	 137.0988 	  1.2171 	 1.606655e+19 	 1.764404e+17 	 4.166230e-07 	 2.868428e-07 	 -1000.0000 	 -1000.0000 	 -1000.0000 	 -1000.0000 
	 86.9540 	 2.972380e-04 	 137.2481 	  1.2168 	 1.570003e+19 	 1.723427e+17 	 4.151321e-07 	 2.897330e-07 	 -1000.0000 	 -1000.0000 	 -1000.0000 	 -1000.0000 
	 87.1170 	 2.908246e-04 	 137.4041 	  1.2163 	 1.534384e+19 	 1.683313e+17 	 4.137671e-07 	 2.927008e-07 	 -1000.0000 	 -1000.0000 	 -1000.0000 	 -1000.0000 
	 87.2810 	 2.845097e-04 	 137.5677 	  1.2157 	 1.499283e+19 	 1.643638e+17 	 4.125076e-07 	 2.957838e-07 	 -1000.0000 	 -1000.0000 	 -1000.0000 	 -1000.0000 
	 87.4450 	 2.783154e-04 	 137.7364 	  1.2150 	 1.464846e+19 	 1.604720e+17 	 4.113586e-07 	 2.989656e-07 	 -1000.0000 	 -1000.0000 	 -1000.0000 	 -1000.0000 
	 87.6740 	 2.698569e-04 	 137.9782 	  1.2143 	 1.417842e+19 	 1.551795e+17 	 4.099304e-07 	 3.035750e-07 	 -1000.0000 	 -1000.0000 	 -1000.0000 	 -1000.0000 
	 87.8370 	 2.639809e-04 	 138.1523 	  1.2140 	 1.385221e+19 	 1.515254e+17 	 4.090324e-07 	 3.069737e-07 	 -1000.0000 	 -1000.0000 	 -1000.0000 	 -1000.0000 
	 88.0000 	 2.582333e-04 	 138.3263 	  1.2139 	 1.353354e+19 	 1.479757e+17 	 4.082277e-07 	 3.104700e-07 	 -1000.0000 	 -1000.0000 	 -1000.0000 	 -1000.0000 
	 88.3270 	 2.471193e-04 	 138.6686 	  1.2146 	 1.291912e+19 	 1.412059e+17 	 4.068739e-07 	 3.177746e-07 	 -1000.0000 	 -1000.0000 	 -1000.0000 	 -1000.0000 
	 88.5640 	 2.394218e-04 	 138.9033 	  1.2159 	 1.249564e+19 	 1.366042e+17 	 4.060969e-07 	 3.233118e-07 	 -1000.0000 	 -1000.0000 	 -1000.0000 	 -1000.0000 
	 88.7270 	 2.342877e-04 	 139.0527 	  1.2170 	 1.221458e+19 	 1.335680e+17 	 4.056621e-07 	 3.272442e-07 	 -1000.0000 	 -1000.0000 	 -1000.0000 	 -1000.0000 
	 88.8900 	 2.292719e-04 	 139.1888 	  1.2179 	 1.194140e+19 	 1.306201e+17 	 4.053096e-07 	 3.312823e-07 	 -1000.0000 	 -1000.0000 	 -1000.0000 	 -1000.0000 
	 89.0540 	 2.243341e-04 	 139.3088 	  1.2187 	 1.167410e+19 	 1.277287e+17 	 4.050396e-07 	 3.354569e-07 	 -1000.0000 	 -1000.0000 	 -1000.0000 	 -1000.0000 
	 89.4440 	 2.129810e-04 	 139.5133 	  1.2190 	 1.106690e+19 	 1.210930e+17 	 4.047471e-07 	 3.458648e-07 	 -1000.0000 	 -1000.0000 	 -1000.0000 	 -1000.0000 
	 89.6070 	 2.083986e-04 	 139.5681 	  1.2187 	 1.082452e+19 	 1.184332e+17 	 4.047708e-07 	 3.504280e-07 	 -1000.0000 	 -1000.0000 	 -1000.0000 	 -1000.0000 
	 89.7700 	 2.039171e-04 	 139.6086 	  1.2183 	 1.058868e+19 	 1.158576e+17 	 4.048794e-07 	 3.551238e-07 	 -1000.0000 	 -1000.0000 	 -1000.0000 	 -1000.0000 
	 89.9340 	 1.995134e-04 	 139.6377 	  1.2182 	 1.035787e+19 	 1.133629e+17 	 4.050735e-07 	 3.599861e-07 	 -1000.0000 	 -1000.0000 	 -1000.0000 	 -1000.0000 
	 90.0970 	 1.952447e-04 	 139.6578 	  1.2184 	 1.013477e+19 	 1.109921e+17 	 4.053490e-07 	 3.649589e-07 	 -1000.0000 	 -1000.0000 	 -1000.0000 	 -1000.0000 
	 90.3280 	 1.893749e-04 	 139.6786 	  1.2214 	 9.828507e+18 	 1.079043e+17 	 4.058759e-07 	 3.722488e-07 	 -1000.0000 	 -1000.0000 	 -1000.0000 	 -1000.0000 
	 90.4910 	 1.853477e-04 	 139.6950 	  1.2282 	 9.618330e+18 	 1.060250e+17 	 4.063393e-07 	 3.775646e-07 	 -1000.0000 	 -1000.0000 	 -1000.0000 	 -1000.0000 
	 90.6530 	 1.814289e-04 	 139.7185 	  1.2412 	 9.413418e+18 	 1.044928e+17 	 4.068709e-07 	 3.829891e-07 	 -1000.0000 	 -1000.0000 	 -1000.0000 	 -1000.0000 
	 90.8160 	 1.775610e-04 	 139.7545 	  1.2626 	 9.210455e+18 	 1.033686e+17 	 4.074740e-07 	 3.885900e-07 	 -1000.0000 	 -1000.0000 	 -1000.0000 	 -1000.0000 
	 90.9790 	 1.737595e-04 	 139.8079 	  1.2944 	 9.009939e+18 	 1.027408e+17 	 4.081421e-07 	 3.943357e-07 	 -1000.0000 	 -1000.0000 	 -1000.0000 	 -1000.0000 
	 91.3810 	 1.646743e-04 	 140.0155 	  1.4038 	 8.526351e+18 	 1.026146e+17 	 4.100375e-07 	 4.091262e-07 	 -1000.0000 	 -1000.0000 	 -1000.0000 	 -1000.0000 
	 91.5430 	 1.611520e-04 	 140.1203 	  1.4469 	 8.337679e+18 	 1.024989e+17 	 4.108867e-07 	 4.153332e-07 	 -1000.0000 	 -1000.0000 	 -1000.0000 	 -1000.0000 
	 91.7060 	 1.577017e-04 	 140.2326 	  1.4816 	 8.152534e+18 	 1.019659e+17 	 4.117820e-07 	 4.217198e-07 	 -1000.0000 	 -1000.0000 	 -1000.0000 	 -1000.0000 
	 91.8690 	 1.543540e-04 	 140.3480 	  1.5025 	 7.972812e+18 	 1.007651e+17 	 4.127130e-07 	 4.282462e-07 	 -1000.0000 	 -1000.0000 	 -1000.0000 	 -1000.0000 
	 92.0920 	 1.499374e-04 	 140.5088 	  1.5058 	 7.735736e+18 	 9.794097e+16 	 4.140393e-07 	 4.374009e-07 	 -1000.0000 	 -1000.0000 	 -1000.0000 	 -1000.0000 
	 92.2540 	 1.468315e-04 	 140.6296 	  1.4928 	 7.568985e+18 	 9.521437e+16 	 4.150409e-07 	 4.442177e-07 	 -1000.0000 	 -1000.0000 	 -1000.0000 	 -1000.0000 
	 92.4170 	 1.437798e-04 	 140.7560 	  1.4692 	 7.405050e+18 	 9.206202e+16 	 4.160812e-07 	 4.512209e-07 	 -1000.0000 	 -1000.0000 	 -1000.0000 	 -1000.0000 
	 92.5790 	 1.408074e-04 	 140.8881 	  1.4377 	 7.245232e+18 	 8.866783e+16 	 4.171478e-07 	 4.583273e-07 	 -1000.0000 	 -1000.0000 	 -1000.0000 	 -1000.0000 
	 92.7410 	 1.378832e-04 	 141.0279 	  1.4004 	 7.087811e+18 	 8.515775e+16 	 4.182474e-07 	 4.655831e-07 	 -1000.0000 	 -1000.0000 	 -1000.0000 	 -1000.0000 
	 92.9820 	 1.336133e-04 	 141.2502 	  1.3397 	 6.857592e+18 	 7.997580e+16 	 4.199478e-07 	 4.766704e-07 	 -1000.0000 	 -1000.0000 	 -1000.0000 	 -1000.0000 
	 93.3070 	 1.280347e-04 	 141.5664 	  1.2616 	 6.556580e+18 	 7.351951e+16 	 4.223805e-07 	 4.922342e-07 	 -1000.0000 	 -1000.0000 	 -1000.0000 	 -1000.0000 
	 93.4690 	 1.253440e-04 	 141.7265 	  1.2304 	 6.411489e+18 	 7.072125e+16 	 4.236598e-07 	 5.002767e-07 	 -1000.0000 	 -1000.0000 	 -1000.0000 	 -1000.0000 
	 93.6310 	 1.227208e-04 	 141.8855 	  1.2077 	 6.270218e+18 	 6.831428e+16 	 4.249873e-07 	 5.085202e-07 	 -1000.0000 	 -1000.0000 	 -1000.0000 	 -1000.0000 
	 93.8560 	 1.191902e-04 	 142.1046 	  1.1912 	 6.080393e+18 	 6.562472e+16 	 4.269132e-07 	 5.203138e-07 	 -1000.0000 	 -1000.0000 	 -1000.0000 	 -1000.0000 
	 94.0180 	 1.167230e-04 	 142.2639 	  1.1877 	 5.947859e+18 	 6.405175e+16 	 4.283590e-07 	 5.290593e-07 	 -1000.0000 	 -1000.0000 	 -1000.0000 	 -1000.0000 
