	 height_(km) 	 press_(mbar) 	 temp_(K) 	 temperr_(K) 	 numdens_(m-3) 	 numdenserr_(m-3) 	 H2Ovmr_() 	 H2Ovmrerr_() 	 D/H_(VSMOW) 	 D/Herr_(VSMOW) 	 18O/16O_(VSMOW) 	 18O/16Oerr_(VSMOW) 
	 19.1140 	 1.279808e+00 	 214.6628 	  4.6656 	 4.323211e+22 	 9.487898e+20 	 1.640656e-04 	 1.741589e-05 	  3.8517 	  1.0139 	  0.8577 	  0.1698 
	 19.2420 	 1.265081e+00 	 214.4503 	  4.6021 	 4.277760e+22 	 9.261443e+20 	 1.639010e-04 	 1.712848e-05 	  3.8531 	  1.0067 	  0.8545 	  0.1662 
	 19.3700 	 1.250507e+00 	 214.2320 	  4.5313 	 4.232815e+22 	 9.028787e+20 	 1.637019e-04 	 1.684876e-05 	  3.8561 	  0.9993 	  0.8516 	  0.1628 
	 19.4990 	 1.235975e+00 	 214.0064 	  4.4530 	 4.188020e+22 	 8.788686e+20 	 1.634675e-04 	 1.657472e-05 	  3.8607 	  0.9918 	  0.8491 	  0.1596 
	 19.6270 	 1.221708e+00 	 213.7776 	  4.3690 	 4.144059e+22 	 8.545501e+20 	 1.632024e-04 	 1.631067e-05 	  3.8669 	  0.9843 	  0.8470 	  0.1566 
	 21.4240 	 1.036706e+00 	 210.3465 	  2.7949 	 3.572464e+22 	 4.970687e+20 	 1.565715e-04 	 1.338686e-05 	  4.0977 	  0.8617 	  0.8483 	  0.1298 
	 21.5520 	 1.024568e+00 	 210.1077 	  2.6741 	 3.534591e+22 	 4.730180e+20 	 1.559216e-04 	 1.322712e-05 	  4.1230 	  0.8514 	  0.8504 	  0.1288 
	 21.6800 	 1.012560e+00 	 209.8725 	  2.5547 	 3.497043e+22 	 4.494953e+20 	 1.552512e-04 	 1.307246e-05 	  4.1494 	  0.8410 	  0.8527 	  0.1278 
	 21.8090 	 1.000591e+00 	 209.6397 	  2.4363 	 3.459519e+22 	 4.263874e+20 	 1.545555e-04 	 1.292143e-05 	  4.1769 	  0.8303 	  0.8553 	  0.1270 
	 21.9370 	 9.888432e-01 	 209.4133 	  2.3212 	 3.422592e+22 	 4.041168e+20 	 1.538456e-04 	 1.277607e-05 	  4.2053 	  0.8195 	  0.8582 	  0.1263 
	 23.7370 	 8.365803e-01 	 206.9956 	  1.2134 	 2.930233e+22 	 1.936886e+20 	 1.420533e-04 	 1.103343e-05 	  4.6798 	  0.6485 	  0.9231 	  0.1231 
	 23.8650 	 8.266272e-01 	 206.8834 	  1.1796 	 2.896983e+22 	 1.869278e+20 	 1.411047e-04 	 1.091942e-05 	  4.7169 	  0.6354 	  0.9295 	  0.1232 
	 23.9930 	 8.167852e-01 	 206.7762 	  1.1505 	 2.864001e+22 	 1.810120e+20 	 1.401471e-04 	 1.080564e-05 	  4.7540 	  0.6221 	  0.9361 	  0.1234 
	 24.1200 	 8.071294e-01 	 206.6742 	  1.1260 	 2.831554e+22 	 1.759013e+20 	 1.391939e-04 	 1.069329e-05 	  4.7908 	  0.6088 	  0.9428 	  0.1237 
	 24.2480 	 7.975069e-01 	 206.5748 	  1.1052 	 2.799141e+22 	 1.714381e+20 	 1.382385e-04 	 1.058101e-05 	  4.8279 	  0.5952 	  0.9498 	  0.1239 
	 26.0300 	 6.744883e-01 	 205.0973 	  0.9948 	 2.384040e+22 	 1.400174e+20 	 1.301168e-04 	 9.332345e-06 	  5.2823 	  0.5650 	  1.0527 	  0.1265 
	 26.1570 	 6.664620e-01 	 204.9565 	  0.9884 	 2.357303e+22 	 1.379431e+20 	 1.302164e-04 	 9.277883e-06 	  5.3066 	  0.5637 	  1.0592 	  0.1263 
	 26.2850 	 6.584654e-01 	 204.8068 	  0.9818 	 2.330740e+22 	 1.358247e+20 	 1.304448e-04 	 9.228771e-06 	  5.3295 	  0.5620 	  1.0654 	  0.1260 
	 26.4120 	 6.506220e-01 	 204.6499 	  0.9752 	 2.304760e+22 	 1.337052e+20 	 1.307954e-04 	 9.185586e-06 	  5.3506 	  0.5599 	  1.0713 	  0.1257 
	 26.5400 	 6.428070e-01 	 204.4831 	  0.9685 	 2.278953e+22 	 1.315615e+20 	 1.312649e-04 	 9.147264e-06 	  5.3704 	  0.5575 	  1.0770 	  0.1253 
	 28.3330 	 5.420399e-01 	 200.9647 	  0.8977 	 1.955113e+22 	 1.061109e+20 	 1.442660e-04 	 8.977281e-06 	  5.4848 	  0.5070 	  1.1253 	  0.1161 
	 28.4600 	 5.354690e-01 	 200.6310 	  0.8955 	 1.934592e+22 	 1.048569e+20 	 1.451950e-04 	 8.982205e-06 	  5.4820 	  0.5039 	  1.1267 	  0.1155 
	 28.5870 	 5.289681e-01 	 200.2901 	  0.8936 	 1.914331e+22 	 1.036664e+20 	 1.460625e-04 	 8.988549e-06 	  5.4779 	  0.5010 	  1.1279 	  0.1150 
	 28.7140 	 5.225364e-01 	 199.9431 	  0.8920 	 1.894318e+22 	 1.025345e+20 	 1.468622e-04 	 8.996184e-06 	  5.4726 	  0.4984 	  1.1288 	  0.1145 
	 28.8410 	 5.161732e-01 	 199.5913 	  0.8908 	 1.874540e+22 	 1.014559e+20 	 1.475923e-04 	 9.005002e-06 	  5.4664 	  0.4961 	  1.1295 	  0.1141 
	 30.6160 	 4.339785e-01 	 194.7494 	  0.8969 	 1.615585e+22 	 8.924306e+19 	 1.502267e-04 	 9.169940e-06 	  5.3383 	  0.4879 	  1.1272 	  0.1129 
	 30.7430 	 4.285544e-01 	 194.4363 	  0.8983 	 1.597974e+22 	 8.843192e+19 	 1.498698e-04 	 9.177299e-06 	  5.3310 	  0.4888 	  1.1268 	  0.1131 
	 30.8700 	 4.231892e-01 	 194.1278 	  0.8999 	 1.580483e+22 	 8.762332e+19 	 1.494479e-04 	 9.183124e-06 	  5.3245 	  0.4899 	  1.1265 	  0.1133 
	 30.9960 	 4.179240e-01 	 193.8261 	  0.9015 	 1.563252e+22 	 8.682365e+19 	 1.489745e-04 	 9.187492e-06 	  5.3189 	  0.4911 	  1.1262 	  0.1135 
	 31.1230 	 4.126751e-01 	 193.5260 	  0.9031 	 1.546010e+22 	 8.602028e+19 	 1.484537e-04 	 9.190685e-06 	  5.3142 	  0.4925 	  1.1261 	  0.1138 
	 32.9020 	 3.450931e-01 	 189.5924 	  0.9236 	 1.319497e+22 	 7.508144e+19 	 1.429843e-04 	 9.257123e-06 	  5.3605 	  0.5138 	  1.1409 	  0.1174 
	 33.0280 	 3.407114e-01 	 189.3241 	  0.9247 	 1.304590e+22 	 7.433393e+19 	 1.431617e-04 	 9.275026e-06 	  5.3731 	  0.5147 	  1.1436 	  0.1175 
	 33.1540 	 3.363803e-01 	 189.0567 	  0.9257 	 1.289831e+22 	 7.359127e+19 	 1.434612e-04 	 9.296083e-06 	  5.3871 	  0.5154 	  1.1467 	  0.1176 
	 33.2800 	 3.320992e-01 	 188.7899 	  0.9266 	 1.275218e+22 	 7.285374e+19 	 1.438767e-04 	 9.320199e-06 	  5.4024 	  0.5160 	  1.1500 	  0.1176 
	 33.4060 	 3.278674e-01 	 188.5237 	  0.9276 	 1.260749e+22 	 7.212164e+19 	 1.443968e-04 	 9.347137e-06 	  5.4190 	  0.5165 	  1.1535 	  0.1176 
	 35.1750 	 2.733184e-01 	 184.8214 	  0.9453 	 1.072047e+22 	 6.257216e+19 	 1.553280e-04 	 9.867717e-06 	  5.7060 	  0.5214 	  1.2063 	  0.1169 
	 35.3010 	 2.697579e-01 	 184.5606 	  0.9471 	 1.059573e+22 	 6.195273e+19 	 1.557900e-04 	 9.903537e-06 	  5.7248 	  0.5226 	  1.2088 	  0.1169 
	 35.4270 	 2.662385e-01 	 184.3009 	  0.9490 	 1.047220e+22 	 6.134196e+19 	 1.561383e-04 	 9.937763e-06 	  5.7425 	  0.5241 	  1.2109 	  0.1171 
	 35.5520 	 2.627874e-01 	 184.0446 	  0.9509 	 1.035083e+22 	 6.074468e+19 	 1.563717e-04 	 9.970049e-06 	  5.7590 	  0.5257 	  1.2126 	  0.1172 
	 35.6780 	 2.593490e-01 	 183.7877 	  0.9529 	 1.022966e+22 	 6.015138e+19 	 1.564993e-04 	 1.000087e-05 	  5.7745 	  0.5276 	  1.2139 	  0.1174 
	 37.4550 	 2.149864e-01 	 180.4340 	  0.9853 	 8.637824e+21 	 5.274473e+19 	 1.505664e-04 	 1.023959e-05 	  5.8826 	  0.5656 	  1.2095 	  0.1222 
	 37.5810 	 2.121206e-01 	 180.2201 	  0.9878 	 8.532816e+21 	 5.228368e+19 	 1.498717e-04 	 1.024267e-05 	  5.8834 	  0.5684 	  1.2087 	  0.1226 
	 37.7070 	 2.092901e-01 	 180.0093 	  0.9903 	 8.428828e+21 	 5.182916e+19 	 1.491729e-04 	 1.024406e-05 	  5.8836 	  0.5711 	  1.2079 	  0.1230 
	 37.8320 	 2.065167e-01 	 179.8032 	  0.9928 	 8.326672e+21 	 5.138424e+19 	 1.484768e-04 	 1.024378e-05 	  5.8831 	  0.5737 	  1.2074 	  0.1234 
	 37.9580 	 2.037556e-01 	 179.5984 	  0.9953 	 8.224712e+21 	 5.094129e+19 	 1.477726e-04 	 1.024182e-05 	  5.8822 	  0.5762 	  1.2069 	  0.1238 
	 39.7120 	 1.687400e-01 	 177.0179 	  1.0317 	 6.910427e+21 	 4.509500e+19 	 1.377641e-04 	 1.003270e-05 	  5.8646 	  0.6072 	  1.2258 	  0.1307 
	 39.8360 	 1.664928e-01 	 176.8522 	  1.0343 	 6.824802e+21 	 4.469194e+19 	 1.370456e-04 	 1.000474e-05 	  5.8659 	  0.6093 	  1.2295 	  0.1313 
	 39.9610 	 1.642562e-01 	 176.6871 	  1.0369 	 6.739423e+21 	 4.428681e+19 	 1.363187e-04 	 9.974722e-06 	  5.8679 	  0.6114 	  1.2336 	  0.1319 
	 40.0860 	 1.620479e-01 	 176.5239 	  1.0396 	 6.654975e+21 	 4.388295e+19 	 1.355875e-04 	 9.942834e-06 	  5.8703 	  0.6135 	  1.2379 	  0.1326 
	 40.2110 	 1.598677e-01 	 176.3627 	  1.0422 	 6.571448e+21 	 4.348048e+19 	 1.348501e-04 	 9.909077e-06 	  5.8730 	  0.6156 	  1.2426 	  0.1333 
	 41.9750 	 1.318784e-01 	 174.2704 	  1.0793 	 5.485853e+21 	 3.799480e+19 	 1.226499e-04 	 9.233487e-06 	  5.8516 	  0.6448 	  1.3075 	  0.1437 
	 42.0990 	 1.300933e-01 	 174.1363 	  1.0818 	 5.415745e+21 	 3.762302e+19 	 1.215964e-04 	 9.171973e-06 	  5.8394 	  0.6467 	  1.3098 	  0.1444 
	 42.2230 	 1.283308e-01 	 174.0043 	  1.0841 	 5.346414e+21 	 3.725232e+19 	 1.205139e-04 	 9.108792e-06 	  5.8251 	  0.6485 	  1.3114 	  0.1451 
	 42.3480 	 1.265769e-01 	 173.8735 	  1.0865 	 5.277302e+21 	 3.687951e+19 	 1.193982e-04 	 9.043652e-06 	  5.8087 	  0.6503 	  1.3125 	  0.1458 
	 42.4720 	 1.248594e-01 	 173.7460 	  1.0887 	 5.209509e+21 	 3.651033e+19 	 1.182739e-04 	 8.977893e-06 	  5.7907 	  0.6520 	  1.3129 	  0.1465 
	 44.2250 	 1.028510e-01 	 172.2446 	  1.1055 	 4.328897e+21 	 3.125507e+19 	 1.040702e-04 	 8.090257e-06 	  5.4569 	  0.6675 	  1.2791 	  0.1522 
	 44.3490 	 1.014465e-01 	 172.1616 	  1.1056 	 4.271866e+21 	 3.087985e+19 	 1.033999e-04 	 8.040857e-06 	  5.4348 	  0.6679 	  1.2752 	  0.1523 
	 44.4730 	 1.000609e-01 	 172.0813 	  1.1056 	 4.215506e+21 	 3.050568e+19 	 1.027961e-04 	 7.994357e-06 	  5.4137 	  0.6682 	  1.2714 	  0.1524 
	 44.5980 	 9.868315e-02 	 172.0030 	  1.1055 	 4.159364e+21 	 3.012997e+19 	 1.022547e-04 	 7.950428e-06 	  5.3935 	  0.6684 	  1.2675 	  0.1524 
	 44.7220 	 9.733493e-02 	 171.9280 	  1.1053 	 4.104337e+21 	 2.975917e+19 	 1.017822e-04 	 7.909701e-06 	  5.3744 	  0.6685 	  1.2636 	  0.1524 
	 46.4780 	 8.009405e-02 	 171.0884 	  1.1071 	 3.393664e+21 	 2.494299e+19 	 1.008980e-04 	 7.590522e-06 	  5.2004 	  0.6653 	  1.2146 	  0.1495 
	 46.6020 	 7.899820e-02 	 171.0429 	  1.1080 	 3.348106e+21 	 2.464369e+19 	 1.011824e-04 	 7.583126e-06 	  5.1943 	  0.6649 	  1.2117 	  0.1492 
	 46.7260 	 7.791722e-02 	 170.9995 	  1.1089 	 3.303119e+21 	 2.434953e+19 	 1.015045e-04 	 7.577295e-06 	  5.1890 	  0.6646 	  1.2090 	  0.1489 
	 46.8500 	 7.685091e-02 	 170.9582 	  1.1100 	 3.258693e+21 	 2.406035e+19 	 1.018615e-04 	 7.572884e-06 	  5.1844 	  0.6643 	  1.2063 	  0.1486 
	 46.9740 	 7.579905e-02 	 170.9190 	  1.1112 	 3.214822e+21 	 2.377595e+19 	 1.022503e-04 	 7.569731e-06 	  5.1803 	  0.6641 	  1.2038 	  0.1482 
	 48.7140 	 6.244492e-02 	 170.6386 	  1.1369 	 2.653062e+21 	 2.019116e+19 	 1.092775e-04 	 7.570874e-06 	  5.1399 	  0.6618 	  1.1745 	  0.1444 
	 48.8370 	 6.159282e-02 	 170.6370 	  1.1393 	 2.616908e+21 	 1.996088e+19 	 1.097490e-04 	 7.568343e-06 	  5.1349 	  0.6617 	  1.1726 	  0.1442 
	 48.9600 	 6.075210e-02 	 170.6369 	  1.1417 	 2.581209e+21 	 1.973329e+19 	 1.101985e-04 	 7.564793e-06 	  5.1293 	  0.6616 	  1.1707 	  0.1440 
	 49.0840 	 5.991595e-02 	 170.6380 	  1.1442 	 2.545680e+21 	 1.950652e+19 	 1.094957e-04 	 6.334533e-06 	  5.1229 	  0.6615 	  1.1687 	  0.1438 
	 49.2070 	 5.909772e-02 	 170.6401 	  1.1466 	 2.510892e+21 	 1.928419e+19 	 1.098482e-04 	 6.328446e-06 	  5.1160 	  0.6614 	  1.1667 	  0.1436 
	 50.9540 	 4.860923e-02 	 170.6403 	  1.1822 	 2.064970e+21 	 1.638502e+19 	 1.113202e-04 	 6.152734e-06 	  4.9736 	  0.6663 	  1.1325 	  0.1434 
	 51.0770 	 4.794562e-02 	 170.6334 	  1.1846 	 2.036847e+21 	 1.619754e+19 	 1.111322e-04 	 6.134253e-06 	  4.9621 	  0.6674 	  1.1295 	  0.1449 
	 51.2000 	 4.729122e-02 	 170.6261 	  1.1869 	 2.009121e+21 	 1.601205e+19 	 1.109060e-04 	 6.115120e-06 	  4.9506 	  0.6686 	  1.1264 	  0.1473 
	 51.3240 	 4.664070e-02 	 170.6186 	  1.1893 	 1.981565e+21 	 1.582701e+19 	 1.106413e-04 	 6.095248e-06 	  4.9391 	  0.6699 	  1.1233 	  0.1497 
	 51.4470 	 4.600442e-02 	 170.6112 	  1.1916 	 1.954616e+21 	 1.564539e+19 	 1.103447e-04 	 6.075046e-06 	  4.9278 	  0.6714 	  1.1200 	  0.1522 
	 53.1700 	 3.796712e-02 	 170.6176 	  1.2218 	 1.613263e+21 	 1.328181e+19 	 1.041715e-04 	 5.789232e-06 	  4.8050 	  0.7049 	 -1000.0000 	 -1000.0000 
	 53.2930 	 3.745127e-02 	 170.6311 	  1.2238 	 1.591225e+21 	 1.312524e+19 	 1.036862e-04 	 5.771672e-06 	  4.8005 	  0.7083 	 -1000.0000 	 -1000.0000 
	 53.4150 	 3.694666e-02 	 170.6461 	  1.2259 	 1.569651e+21 	 1.297161e+19 	 1.032094e-04 	 5.754940e-06 	  4.7968 	  0.7117 	 -1000.0000 	 -1000.0000 
	 53.5380 	 3.644491e-02 	 170.6629 	  1.2280 	 1.548184e+21 	 1.281844e+19 	 1.027349e-04 	 5.738788e-06 	  4.7939 	  0.7153 	 -1000.0000 	 -1000.0000 
	 53.6600 	 3.595408e-02 	 170.6812 	  1.2302 	 1.527169e+21 	 1.266823e+19 	 1.022721e-04 	 5.723491e-06 	  4.7917 	  0.7190 	 -1000.0000 	 -1000.0000 
	 55.4030 	 2.962512e-02 	 171.0890 	  1.2677 	 1.255263e+21 	 1.072463e+19 	 9.741409e-05 	 5.592164e-06 	  4.8154 	  0.7785 	 -1000.0000 	 -1000.0000 
	 55.5250 	 2.922629e-02 	 171.1263 	  1.2709 	 1.238092e+21 	 1.060272e+19 	 9.725325e-05 	 5.589535e-06 	  4.8195 	  0.7828 	 -1000.0000 	 -1000.0000 
	 55.6470 	 2.883289e-02 	 171.1647 	  1.2741 	 1.221152e+21 	 1.048240e+19 	 9.712273e-05 	 5.587780e-06 	  4.8238 	  0.7869 	 -1000.0000 	 -1000.0000 
	 55.7700 	 2.844171e-02 	 171.2046 	  1.2774 	 1.204304e+21 	 1.036262e+19 	 9.702244e-05 	 5.586888e-06 	  4.8281 	  0.7911 	 -1000.0000 	 -1000.0000 
	 55.8920 	 2.805906e-02 	 171.2453 	  1.2807 	 1.187820e+21 	 1.024526e+19 	 9.695364e-05 	 5.586854e-06 	  4.8324 	  0.7951 	 -1000.0000 	 -1000.0000 
	 57.6130 	 2.319882e-02 	 171.9458 	  1.3248 	 9.780826e+20 	 8.702981e+18 	 9.889512e-05 	 5.664260e-06 	  4.8902 	  0.8463 	 -1000.0000 	 -1000.0000 
	 57.7350 	 2.289000e-02 	 172.0047 	  1.3274 	 9.647310e+20 	 8.599269e+18 	 9.919940e-05 	 5.674439e-06 	  4.8936 	  0.8497 	 -1000.0000 	 -1000.0000 
	 57.8570 	 2.258552e-02 	 172.0647 	  1.3298 	 9.515647e+20 	 8.496091e+18 	 9.951446e-05 	 5.685117e-06 	  4.8969 	  0.8530 	 -1000.0000 	 -1000.0000 
	 57.9800 	 2.228286e-02 	 172.1266 	  1.3320 	 9.384749e+20 	 8.392576e+18 	 9.983820e-05 	 5.696328e-06 	  4.9002 	  0.8563 	 -1000.0000 	 -1000.0000 
	 58.1020 	 2.198688e-02 	 172.1891 	  1.3341 	 9.256714e+20 	 8.290380e+18 	 1.001609e-04 	 5.707833e-06 	  4.9036 	  0.8596 	 -1000.0000 	 -1000.0000 
	 59.8290 	 1.820254e-02 	 173.2002 	  1.3403 	 7.619047e+20 	 6.879612e+18 	 1.023619e-04 	 5.876972e-06 	  4.9775 	  0.9181 	 -1000.0000 	 -1000.0000 
	 59.9510 	 1.796125e-02 	 173.2777 	  1.3390 	 7.514732e+20 	 6.782599e+18 	 1.022022e-04 	 5.886675e-06 	  4.9868 	  0.9238 	 -1000.0000 	 -1000.0000 
	 60.0720 	 1.772513e-02 	 173.3545 	  1.3375 	 7.412690e+20 	 6.687028e+18 	 1.019973e-04 	 5.895669e-06 	  4.9967 	  0.9297 	 -1000.0000 	 -1000.0000 
	 60.1930 	 1.749214e-02 	 173.4310 	  1.3358 	 7.312055e+20 	 6.592184e+18 	 1.017518e-04 	 5.904056e-06 	  5.0074 	  0.9359 	 -1000.0000 	 -1000.0000 
	 60.3150 	 1.726037e-02 	 173.5074 	  1.3340 	 7.212006e+20 	 6.497372e+18 	 1.014704e-04 	 5.911941e-06 	  5.0188 	  0.9424 	 -1000.0000 	 -1000.0000 
	 62.0230 	 1.433022e-02 	 174.3940 	  1.3046 	 5.956798e+20 	 5.299833e+18 	 9.797782e-05 	 5.999918e-06 	 -1000.0000 	 -1000.0000 	 -1000.0000 	 -1000.0000 
	 62.1430 	 1.414509e-02 	 174.4388 	  1.3027 	 5.878322e+20 	 5.226466e+18 	 9.798585e-05 	 6.008067e-06 	 -1000.0000 	 -1000.0000 	 -1000.0000 	 -1000.0000 
	 62.2640 	 1.396096e-02 	 174.4821 	  1.3008 	 5.800362e+20 	 5.153791e+18 	 9.803713e-05 	 6.016992e-06 	 -1000.0000 	 -1000.0000 	 -1000.0000 	 -1000.0000 
	 62.3850 	 1.377934e-02 	 174.5235 	  1.2989 	 5.723550e+20 	 5.082368e+18 	 9.812492e-05 	 6.026576e-06 	 -1000.0000 	 -1000.0000 	 -1000.0000 	 -1000.0000 
	 62.5060 	 1.360019e-02 	 174.5634 	  1.2971 	 5.647860e+20 	 5.012144e+18 	 9.824019e-05 	 6.036720e-06 	 -1000.0000 	 -1000.0000 	 -1000.0000 	 -1000.0000 
	 64.2260 	 1.129522e-02 	 175.0480 	  1.2690 	 4.677458e+20 	 4.112081e+18 	 9.745597e-05 	 6.173368e-06 	 -1000.0000 	 -1000.0000 	 -1000.0000 	 -1000.0000 
	 64.3460 	 1.114981e-02 	 175.0844 	  1.2667 	 4.616204e+20 	 4.054393e+18 	 9.693204e-05 	 6.176588e-06 	 -1000.0000 	 -1000.0000 	 -1000.0000 	 -1000.0000 
	 64.4670 	 1.100509e-02 	 175.1228 	  1.2642 	 4.555216e+20 	 3.996782e+18 	 9.632642e-05 	 6.178001e-06 	 -1000.0000 	 -1000.0000 	 -1000.0000 	 -1000.0000 
	 64.5870 	 1.086346e-02 	 175.1631 	  1.2617 	 4.495493e+20 	 3.940189e+18 	 9.565625e-05 	 6.177480e-06 	 -1000.0000 	 -1000.0000 	 -1000.0000 	 -1000.0000 
	 64.7080 	 1.072252e-02 	 175.2061 	  1.2590 	 4.436029e+20 	 3.883658e+18 	 9.492060e-05 	 6.174967e-06 	 -1000.0000 	 -1000.0000 	 -1000.0000 	 -1000.0000 
	 66.4090 	 8.931508e-03 	 176.2191 	  1.2043 	 3.675221e+20 	 3.140524e+18 	 8.399743e-05 	 5.931993e-06 	 -1000.0000 	 -1000.0000 	 -1000.0000 	 -1000.0000 
	 66.5290 	 8.817758e-03 	 176.3146 	  1.1995 	 3.626611e+20 	 3.092109e+18 	 8.351663e-05 	 5.904602e-06 	 -1000.0000 	 -1000.0000 	 -1000.0000 	 -1000.0000 
	 66.6490 	 8.705526e-03 	 176.4089 	  1.1947 	 3.578674e+20 	 3.044455e+18 	 8.309718e-05 	 5.877243e-06 	 -1000.0000 	 -1000.0000 	 -1000.0000 	 -1000.0000 
	 66.7690 	 8.594781e-03 	 176.5008 	  1.1900 	 3.531412e+20 	 2.997623e+18 	 8.273668e-05 	 5.850219e-06 	 -1000.0000 	 -1000.0000 	 -1000.0000 	 -1000.0000 
	 66.8890 	 8.485493e-03 	 176.5893 	  1.1854 	 3.484830e+20 	 2.951671e+18 	 8.243100e-05 	 5.823834e-06 	 -1000.0000 	 -1000.0000 	 -1000.0000 	 -1000.0000 
	 68.6020 	 7.066978e-03 	 176.8242 	  1.1597 	 2.895929e+20 	 2.424470e+18 	 8.157676e-05 	 5.704175e-06 	 -1000.0000 	 -1000.0000 	 -1000.0000 	 -1000.0000 
	 68.7220 	 6.976506e-03 	 176.7387 	  1.1615 	 2.859958e+20 	 2.397599e+18 	 8.161589e-05 	 5.723411e-06 	 -1000.0000 	 -1000.0000 	 -1000.0000 	 -1000.0000 
	 68.8410 	 6.887854e-03 	 176.6406 	  1.1637 	 2.824919e+20 	 2.372077e+18 	 8.165488e-05 	 5.746084e-06 	 -1000.0000 	 -1000.0000 	 -1000.0000 	 -1000.0000 
	 68.9610 	 6.799521e-03 	 176.5286 	  1.1662 	 2.790210e+20 	 2.347416e+18 	 8.169350e-05 	 5.772349e-06 	 -1000.0000 	 -1000.0000 	 -1000.0000 	 -1000.0000 
	 69.0810 	 6.712245e-03 	 176.4038 	  1.1690 	 2.756114e+20 	 2.323775e+18 	 8.173085e-05 	 5.801754e-06 	 -1000.0000 	 -1000.0000 	 -1000.0000 	 -1000.0000 
	 72.8780 	 4.430274e-03 	 167.7067 	  1.1950 	 1.915218e+20 	 1.753813e+18 	 7.944270e-05 	 6.595080e-06 	 -1000.0000 	 -1000.0000 	 -1000.0000 	 -1000.0000 
	 72.9970 	 4.371746e-03 	 167.3508 	  1.1886 	 1.893921e+20 	 1.732332e+18 	 7.917636e-05 	 6.562271e-06 	 -1000.0000 	 -1000.0000 	 -1000.0000 	 -1000.0000 
	 73.1160 	 4.313897e-03 	 166.9960 	  1.1819 	 1.872808e+20 	 1.710640e+18 	 7.889384e-05 	 6.525009e-06 	 -1000.0000 	 -1000.0000 	 -1000.0000 	 -1000.0000 
	 73.2350 	 4.256718e-03 	 166.6432 	  1.1751 	 1.851869e+20 	 1.688811e+18 	 7.859522e-05 	 6.483751e-06 	 -1000.0000 	 -1000.0000 	 -1000.0000 	 -1000.0000 
	 73.3540 	 4.200201e-03 	 166.2933 	  1.1683 	 1.831098e+20 	 1.666922e+18 	 7.828074e-05 	 6.439023e-06 	 -1000.0000 	 -1000.0000 	 -1000.0000 	 -1000.0000 
	 75.0510 	 3.461589e-03 	 162.0782 	  1.1098 	 1.548486e+20 	 1.389931e+18 	 7.224147e-05 	 5.763720e-06 	 -1000.0000 	 -1000.0000 	 -1000.0000 	 -1000.0000 
	 75.1700 	 3.414241e-03 	 161.8521 	  1.1101 	 1.529474e+20 	 1.374628e+18 	 7.173386e-05 	 5.731952e-06 	 -1000.0000 	 -1000.0000 	 -1000.0000 	 -1000.0000 
	 75.2880 	 3.367843e-03 	 161.6346 	  1.1109 	 1.510749e+20 	 1.359887e+18 	 7.122625e-05 	 5.702953e-06 	 -1000.0000 	 -1000.0000 	 -1000.0000 	 -1000.0000 
	 75.4070 	 3.321608e-03 	 161.4210 	  1.1120 	 1.492001e+20 	 1.345410e+18 	 7.071179e-05 	 5.676069e-06 	 -1000.0000 	 -1000.0000 	 -1000.0000 	 -1000.0000 
	 75.5260 	 3.275926e-03 	 161.2126 	  1.1134 	 1.473398e+20 	 1.331277e+18 	 7.019665e-05 	 5.651372e-06 	 -1000.0000 	 -1000.0000 	 -1000.0000 	 -1000.0000 
	 77.2040 	 2.689018e-03 	 158.3662 	  1.1246 	 1.230766e+20 	 1.142679e+18 	 6.385705e-05 	 5.426509e-06 	 -1000.0000 	 -1000.0000 	 -1000.0000 	 -1000.0000 
	 77.3220 	 2.651623e-03 	 158.1561 	  1.1232 	 1.215244e+20 	 1.128988e+18 	 6.352716e-05 	 5.413962e-06 	 -1000.0000 	 -1000.0000 	 -1000.0000 	 -1000.0000 
	 77.4410 	 2.614403e-03 	 157.9443 	  1.1214 	 1.199779e+20 	 1.115128e+18 	 6.321204e-05 	 5.401654e-06 	 -1000.0000 	 -1000.0000 	 -1000.0000 	 -1000.0000 
	 77.5590 	 2.577978e-03 	 157.7352 	  1.1194 	 1.184626e+20 	 1.101345e+18 	 6.291653e-05 	 5.389823e-06 	 -1000.0000 	 -1000.0000 	 -1000.0000 	 -1000.0000 
	 77.6770 	 2.542028e-03 	 157.5274 	  1.1172 	 1.169647e+20 	 1.087537e+18 	 6.263724e-05 	 5.378378e-06 	 -1000.0000 	 -1000.0000 	 -1000.0000 	 -1000.0000 
	 79.3570 	 2.078762e-03 	 155.0611 	  1.0741 	 9.718780e+19 	 8.965989e+17 	 6.001474e-05 	 5.267916e-06 	 -1000.0000 	 -1000.0000 	 -1000.0000 	 -1000.0000 
	 79.4750 	 2.049434e-03 	 154.9405 	  1.0710 	 9.589039e+19 	 8.840209e+17 	 5.989196e-05 	 5.264113e-06 	 -1000.0000 	 -1000.0000 	 -1000.0000 	 -1000.0000 
	 79.5930 	 2.020501e-03 	 154.8278 	  1.0680 	 9.460453e+19 	 8.715739e+17 	 5.977103e-05 	 5.260693e-06 	 -1000.0000 	 -1000.0000 	 -1000.0000 	 -1000.0000 
	 79.7110 	 1.991960e-03 	 154.7228 	  1.0650 	 9.333028e+19 	 8.592589e+17 	 5.965046e-05 	 5.257597e-06 	 -1000.0000 	 -1000.0000 	 -1000.0000 	 -1000.0000 
	 79.8290 	 1.963806e-03 	 154.6258 	  1.0620 	 9.206772e+19 	 8.470765e+17 	 5.952877e-05 	 5.254767e-06 	 -1000.0000 	 -1000.0000 	 -1000.0000 	 -1000.0000 
	 81.5000 	 1.604068e-03 	 154.0849 	  1.0289 	 7.548833e+19 	 6.893875e+17 	 5.689313e-05 	 5.211945e-06 	 -1000.0000 	 -1000.0000 	 -1000.0000 	 -1000.0000 
	 81.6180 	 1.581235e-03 	 154.0873 	  1.0273 	 7.441628e+19 	 6.793875e+17 	 5.661474e-05 	 5.207172e-06 	 -1000.0000 	 -1000.0000 	 -1000.0000 	 -1000.0000 
	 81.7350 	 1.558908e-03 	 154.0883 	  1.0258 	 7.336801e+19 	 6.696436e+17 	 5.633040e-05 	 5.202186e-06 	 -1000.0000 	 -1000.0000 	 -1000.0000 	 -1000.0000 
	 81.8530 	 1.536702e-03 	 154.0864 	  1.0244 	 7.232601e+19 	 6.599946e+17 	 5.603724e-05 	 5.196964e-06 	 -1000.0000 	 -1000.0000 	 -1000.0000 	 -1000.0000 
	 81.9700 	 1.514988e-03 	 154.0798 	  1.0231 	 7.130835e+19 	 6.506093e+17 	 5.574246e-05 	 5.191680e-06 	 -1000.0000 	 -1000.0000 	 -1000.0000 	 -1000.0000 
	 83.6440 	 1.235126e-03 	 152.5857 	  1.0144 	 5.866445e+19 	 5.390014e+17 	 5.233526e-05 	 5.152856e-06 	 -1000.0000 	 -1000.0000 	 -1000.0000 	 -1000.0000 
	 83.7610 	 1.217547e-03 	 152.3477 	  1.0143 	 5.791808e+19 	 5.327984e+17 	 5.221947e-05 	 5.155495e-06 	 -1000.0000 	 -1000.0000 	 -1000.0000 	 -1000.0000 
	 83.8780 	 1.200202e-03 	 152.0943 	  1.0143 	 5.718705e+19 	 5.267599e+17 	 5.212273e-05 	 5.159027e-06 	 -1000.0000 	 -1000.0000 	 -1000.0000 	 -1000.0000 
	 83.9950 	 1.183087e-03 	 151.8265 	  1.0142 	 5.647062e+19 	 5.208737e+17 	 5.204457e-05 	 5.163423e-06 	 -1000.0000 	 -1000.0000 	 -1000.0000 	 -1000.0000 
	 84.1120 	 1.166198e-03 	 151.5453 	  1.0142 	 5.576803e+19 	 5.151277e+17 	 5.198420e-05 	 5.168624e-06 	 -1000.0000 	 -1000.0000 	 -1000.0000 	 -1000.0000 
	 85.7700 	 9.485281e-04 	 146.6878 	  1.0053 	 4.687637e+19 	 4.419449e+17 	 5.257215e-05 	 5.294438e-06 	 -1000.0000 	 -1000.0000 	 -1000.0000 	 -1000.0000 
	 85.8860 	 9.346669e-04 	 146.3256 	  1.0040 	 4.630479e+19 	 4.370631e+17 	 5.266924e-05 	 5.304680e-06 	 -1000.0000 	 -1000.0000 	 -1000.0000 	 -1000.0000 
	 86.0020 	 9.209736e-04 	 145.9652 	  1.0026 	 4.573809e+19 	 4.322027e+17 	 5.276444e-05 	 5.314868e-06 	 -1000.0000 	 -1000.0000 	 -1000.0000 	 -1000.0000 
	 86.1190 	 9.073312e-04 	 145.6044 	  1.0012 	 4.517126e+19 	 4.273232e+17 	 5.285670e-05 	 5.325073e-06 	 -1000.0000 	 -1000.0000 	 -1000.0000 	 -1000.0000 
	 86.2350 	 8.939715e-04 	 145.2504 	  0.9999 	 4.461379e+19 	 4.225091e+17 	 5.294275e-05 	 5.335115e-06 	 -1000.0000 	 -1000.0000 	 -1000.0000 	 -1000.0000 
	 87.9030 	 7.194007e-04 	 141.0304 	  0.9902 	 3.698808e+19 	 3.566877e+17 	 5.265185e-05 	 5.470293e-06 	 -1000.0000 	 -1000.0000 	 -1000.0000 	 -1000.0000 
	 88.0190 	 7.084302e-04 	 140.8091 	  0.9908 	 3.648264e+19 	 3.524262e+17 	 5.251506e-05 	 5.479555e-06 	 -1000.0000 	 -1000.0000 	 -1000.0000 	 -1000.0000 
	 88.1350 	 6.976063e-04 	 140.5933 	  0.9916 	 3.598143e+19 	 3.482224e+17 	 5.237589e-05 	 5.489020e-06 	 -1000.0000 	 -1000.0000 	 -1000.0000 	 -1000.0000 
	 88.2510 	 6.869281e-04 	 140.3819 	  0.9926 	 3.548476e+19 	 3.440800e+17 	 5.223799e-05 	 5.498744e-06 	 -1000.0000 	 -1000.0000 	 -1000.0000 	 -1000.0000 
	 88.3660 	 6.764848e-04 	 140.1753 	  0.9938 	 3.499713e+19 	 3.400375e+17 	 5.210610e-05 	 5.508686e-06 	 -1000.0000 	 -1000.0000 	 -1000.0000 	 -1000.0000 
	 90.0160 	 5.417298e-04 	 136.8819 	  1.0341 	 2.868668e+19 	 2.909629e+17 	 5.271751e-05 	 5.710607e-06 	 -1000.0000 	 -1000.0000 	 -1000.0000 	 -1000.0000 
	 90.1310 	 5.333342e-04 	 136.5994 	  1.0382 	 2.830038e+19 	 2.881815e+17 	 5.298734e-05 	 5.730035e-06 	 -1000.0000 	 -1000.0000 	 -1000.0000 	 -1000.0000 
	 90.2470 	 5.249863e-04 	 136.3076 	  1.0424 	 2.791710e+19 	 2.854335e+17 	 5.327418e-05 	 5.750323e-06 	 -1000.0000 	 -1000.0000 	 -1000.0000 	 -1000.0000 
	 90.3620 	 5.168276e-04 	 136.0121 	  1.0465 	 2.754322e+19 	 2.827588e+17 	 5.356804e-05 	 5.771086e-06 	 -1000.0000 	 -1000.0000 	 -1000.0000 	 -1000.0000 
	 90.4780 	 5.087138e-04 	 135.7080 	  1.0507 	 2.717196e+19 	 2.801033e+17 	 5.386887e-05 	 5.792647e-06 	 -1000.0000 	 -1000.0000 	 -1000.0000 	 -1000.0000 
	 92.1360 	 4.041077e-04 	 130.9633 	  1.0886 	 2.236372e+19 	 2.425001e+17 	 5.576077e-05 	 6.148695e-06 	 -1000.0000 	 -1000.0000 	 -1000.0000 	 -1000.0000 
	 92.2510 	 3.975677e-04 	 130.6342 	  1.0890 	 2.205593e+19 	 2.397126e+17 	 5.566434e-05 	 6.176954e-06 	 -1000.0000 	 -1000.0000 	 -1000.0000 	 -1000.0000 
	 92.3670 	 3.910610e-04 	 130.3083 	  1.0891 	 2.174805e+19 	 2.368746e+17 	 5.556534e-05 	 6.206388e-06 	 -1000.0000 	 -1000.0000 	 -1000.0000 	 -1000.0000 
	 92.4820 	 3.846995e-04 	 129.9926 	  1.0889 	 2.144528e+19 	 2.340367e+17 	 5.547417e-05 	 6.236645e-06 	 -1000.0000 	 -1000.0000 	 -1000.0000 	 -1000.0000 
	 92.5980 	 3.783723e-04 	 129.6828 	  1.0885 	 2.114222e+19 	 2.311513e+17 	 5.539816e-05 	 6.268423e-06 	 -1000.0000 	 -1000.0000 	 -1000.0000 	 -1000.0000 
