	 height_(km) 	 press_(mbar) 	 temp_(K) 	 temperr_(K) 	 numdens_(m-3) 	 numdenserr_(m-3) 	 H2Ovmr_() 	 H2Ovmrerr_() 	 D/H_(VSMOW) 	 D/Herr_(VSMOW) 	 18O/16O_(VSMOW) 	 18O/16Oerr_(VSMOW) 
	 13.1320 	 1.036148e+00 	 179.5500 	  3.7059 	 4.188586e+22 	 8.932451e+20 	 1.823184e-05 	 3.335548e-06 	  5.7982 	  1.6066 	 -1000.0000 	 -1000.0000 
	 13.2720 	 1.020540e+00 	 179.0844 	  3.5563 	 4.134335e+22 	 8.452015e+20 	 1.803172e-05 	 3.188051e-06 	  5.6978 	  1.5340 	 -1000.0000 	 -1000.0000 
	 14.1870 	 9.240004e-01 	 177.3336 	  2.6335 	 3.776006e+22 	 5.753794e+20 	 1.735213e-05 	 2.425881e-06 	  5.1625 	  1.1407 	 -1000.0000 	 -1000.0000 
	 14.3260 	 9.101403e-01 	 177.2313 	  2.5042 	 3.721571e+22 	 5.408977e+20 	 1.732124e-05 	 2.334280e-06 	  5.1006 	  1.0926 	 -1000.0000 	 -1000.0000 
	 14.4650 	 8.964861e-01 	 177.1635 	  2.3786 	 3.667286e+22 	 5.080804e+20 	 1.730473e-05 	 2.247869e-06 	  5.0438 	  1.0472 	 -1000.0000 	 -1000.0000 
	 14.6040 	 8.830352e-01 	 177.1273 	  2.2567 	 3.613204e+22 	 4.769095e+20 	 1.730128e-05 	 2.166367e-06 	  4.9922 	  1.0046 	 -1000.0000 	 -1000.0000 
	 14.7430 	 8.697854e-01 	 177.1197 	  2.1389 	 3.559377e+22 	 4.473667e+20 	 1.730967e-05 	 2.089532e-06 	  4.9456 	  0.9695 	 -1000.0000 	 -1000.0000 
	 15.6470 	 7.883583e-01 	 177.5614 	  1.4883 	 3.219168e+22 	 2.937044e+20 	 1.757761e-05 	 2.191988e-06 	  4.7644 	  0.9063 	 -1000.0000 	 -1000.0000 
	 15.7860 	 7.765426e-01 	 177.6730 	  1.4086 	 3.168933e+22 	 2.757995e+20 	 1.764002e-05 	 2.315922e-06 	  4.7551 	  0.9174 	 -1000.0000 	 -1000.0000 
	 15.9250 	 7.649080e-01 	 177.7878 	  1.3350 	 3.119399e+22 	 2.593684e+20 	 1.770468e-05 	 2.439660e-06 	  4.7509 	  0.9301 	 -1000.0000 	 -1000.0000 
	 16.0640 	 7.534522e-01 	 177.9027 	  1.2676 	 3.070620e+22 	 2.443929e+20 	 1.777019e-05 	 2.561394e-06 	  4.7518 	  0.9443 	 -1000.0000 	 -1000.0000 
	 16.2030 	 7.421729e-01 	 178.0149 	  1.2069 	 3.022648e+22 	 2.308548e+20 	 1.783527e-05 	 2.679550e-06 	  4.7580 	  0.9597 	 -1000.0000 	 -1000.0000 
	 17.1100 	 6.727302e-01 	 178.4845 	  0.9785 	 2.732398e+22 	 1.753594e+20 	 1.828844e-05 	 3.339169e-06 	  4.8709 	  1.0676 	 -1000.0000 	 -1000.0000 
	 17.2490 	 6.626917e-01 	 178.4945 	  0.9654 	 2.691512e+22 	 1.709267e+20 	 1.837331e-05 	 3.419846e-06 	  4.8883 	  1.0809 	 -1000.0000 	 -1000.0000 
	 17.3880 	 6.528039e-01 	 178.4837 	  0.9562 	 2.651548e+22 	 1.672202e+20 	 1.846468e-05 	 3.494690e-06 	  4.9029 	  1.0922 	 -1000.0000 	 -1000.0000 
	 17.5260 	 6.431326e-01 	 178.4509 	  0.9503 	 2.612772e+22 	 1.641310e+20 	 1.856243e-05 	 3.563512e-06 	  4.9138 	  1.1011 	 -1000.0000 	 -1000.0000 
	 17.6650 	 6.335344e-01 	 178.3940 	  0.9468 	 2.574607e+22 	 1.614853e+20 	 1.866849e-05 	 3.627458e-06 	  4.9203 	  1.1076 	 -1000.0000 	 -1000.0000 
	 18.5700 	 5.743304e-01 	 177.4223 	  0.9453 	 2.346299e+22 	 1.480581e+20 	 1.949718e-05 	 3.883674e-06 	  4.8506 	  1.0863 	 -1000.0000 	 -1000.0000 
	 18.7090 	 5.657197e-01 	 177.2207 	  0.9455 	 2.313698e+22 	 1.460699e+20 	 1.963399e-05 	 3.895048e-06 	  4.8247 	  1.0742 	 -1000.0000 	 -1000.0000 
	 18.8480 	 5.572333e-01 	 177.0232 	  0.9457 	 2.281522e+22 	 1.440796e+20 	 1.977006e-05 	 3.899276e-06 	  4.7955 	  1.0604 	 -1000.0000 	 -1000.0000 
	 18.9860 	 5.489297e-01 	 176.8377 	  0.9460 	 2.249914e+22 	 1.420987e+20 	 1.990240e-05 	 3.897207e-06 	  4.7638 	  1.0455 	 -1000.0000 	 -1000.0000 
	 19.1250 	 5.406871e-01 	 176.6680 	  0.9462 	 2.218331e+22 	 1.400956e+20 	 2.003042e-05 	 3.889430e-06 	  4.7300 	  1.0294 	 -1000.0000 	 -1000.0000 
	 20.0330 	 4.897435e-01 	 176.3222 	  0.9454 	 2.013984e+22 	 1.266979e+20 	 2.049366e-05 	 3.686413e-06 	  4.5227 	  0.9204 	 -1000.0000 	 -1000.0000 
	 20.1720 	 4.823750e-01 	 176.3736 	  0.9448 	 1.983130e+22 	 1.246191e+20 	 2.046975e-05 	 3.629342e-06 	  4.5018 	  0.9051 	 -1000.0000 	 -1000.0000 
	 20.3100 	 4.751690e-01 	 176.4376 	  0.9440 	 1.952779e+22 	 1.225599e+20 	 2.041289e-05 	 3.563377e-06 	  4.4856 	  0.8904 	 -1000.0000 	 -1000.0000 
	 20.4480 	 4.680709e-01 	 176.5094 	  0.9430 	 1.922773e+22 	 1.205097e+20 	 2.032270e-05 	 3.486762e-06 	  4.4743 	  0.8757 	 -1000.0000 	 -1000.0000 
	 20.5870 	 4.610291e-01 	 176.5838 	  0.9418 	 1.892964e+22 	 1.184583e+20 	 2.019884e-05 	 3.398455e-06 	  4.4677 	  0.8607 	 -1000.0000 	 -1000.0000 
	 21.4930 	 4.176874e-01 	 176.7949 	  0.9281 	 1.712557e+22 	 1.057299e+20 	 1.884138e-05 	 2.703370e-06 	  4.5074 	  0.7793 	 -1000.0000 	 -1000.0000 
	 21.6320 	 4.114115e-01 	 176.7639 	  0.9255 	 1.687129e+22 	 1.039187e+20 	 1.859314e-05 	 2.599026e-06 	  4.5199 	  0.7695 	 -1000.0000 	 -1000.0000 
	 21.7700 	 4.052736e-01 	 176.7157 	  0.9229 	 1.662431e+22 	 1.021685e+20 	 1.834664e-05 	 2.500704e-06 	  4.5325 	  0.7606 	 -1000.0000 	 -1000.0000 
	 21.9080 	 3.992261e-01 	 176.6501 	  0.9205 	 1.638259e+22 	 1.004696e+20 	 1.810296e-05 	 2.409011e-06 	  4.5448 	  0.7528 	 -1000.0000 	 -1000.0000 
	 22.0470 	 3.932242e-01 	 176.5665 	  0.9182 	 1.614424e+22 	 9.881420e+19 	 1.786268e-05 	 2.324084e-06 	  4.5565 	  0.7460 	 -1000.0000 	 -1000.0000 
	 22.9570 	 3.560176e-01 	 175.6139 	  0.9115 	 1.469634e+22 	 8.951340e+19 	 1.639546e-05 	 1.882287e-06 	  4.6257 	  0.7186 	 -1000.0000 	 -1000.0000 
	 23.0950 	 3.506765e-01 	 175.4281 	  0.9117 	 1.449114e+22 	 8.830548e+19 	 1.618016e-05 	 1.824336e-06 	  4.6375 	  0.7160 	 -1000.0000 	 -1000.0000 
	 23.2320 	 3.454495e-01 	 175.2409 	  0.9121 	 1.429039e+22 	 8.714193e+19 	 1.596536e-05 	 1.768001e-06 	  4.6502 	  0.7139 	 -1000.0000 	 -1000.0000 
	 23.3700 	 3.402594e-01 	 175.0524 	  0.9127 	 1.409089e+22 	 8.599933e+19 	 1.574578e-05 	 1.712446e-06 	  4.6646 	  0.7123 	 -1000.0000 	 -1000.0000 
	 23.5080 	 3.351435e-01 	 174.8668 	  0.9134 	 1.389384e+22 	 8.487982e+19 	 1.552082e-05 	 1.658088e-06 	  4.6811 	  0.7112 	 -1000.0000 	 -1000.0000 
	 24.4100 	 3.034659e-01 	 173.9124 	  0.9193 	 1.264942e+22 	 7.774243e+19 	 1.380563e-05 	 1.340612e-06 	  4.8727 	  0.7533 	 -1000.0000 	 -1000.0000 
	 24.5480 	 2.988809e-01 	 173.8246 	  0.9202 	 1.246447e+22 	 7.665070e+19 	 1.349367e-05 	 1.298268e-06 	  4.9201 	  0.7674 	 -1000.0000 	 -1000.0000 
	 24.6850 	 2.943961e-01 	 173.7560 	  0.9210 	 1.228220e+22 	 7.556528e+19 	 1.317048e-05 	 1.256344e-06 	  4.9732 	  0.7832 	 -1000.0000 	 -1000.0000 
	 24.8220 	 2.899773e-01 	 173.7069 	  0.9217 	 1.210124e+22 	 7.447793e+19 	 1.283596e-05 	 1.213728e-06 	  5.0327 	  0.8006 	 -1000.0000 	 -1000.0000 
	 24.9600 	 2.855926e-01 	 173.6782 	  0.9224 	 1.192026e+22 	 7.338035e+19 	 1.249022e-05 	 1.170266e-06 	  5.0991 	  0.8198 	 -1000.0000 	 -1000.0000 
	 25.8730 	 2.582162e-01 	 174.0415 	  0.9251 	 1.075668e+22 	 6.607648e+19 	 1.031583e-05 	 9.562411e-07 	 -1000.0000 	 -1000.0000 	 -1000.0000 	 -1000.0000 
	 26.0100 	 2.543466e-01 	 174.1573 	  0.9254 	 1.058854e+22 	 6.499715e+19 	 1.005005e-05 	 9.378987e-07 	 -1000.0000 	 -1000.0000 	 -1000.0000 	 -1000.0000 
	 26.1480 	 2.505102e-01 	 174.2799 	  0.9256 	 1.042147e+22 	 6.392409e+19 	 9.806000e-06 	 9.227791e-07 	 -1000.0000 	 -1000.0000 	 -1000.0000 	 -1000.0000 
	 26.2850 	 2.467617e-01 	 174.4037 	  0.9260 	 1.025811e+22 	 6.287637e+19 	 9.588230e-06 	 9.105288e-07 	 -1000.0000 	 -1000.0000 	 -1000.0000 	 -1000.0000 
	 26.4220 	 2.430727e-01 	 174.5259 	  0.9264 	 1.009746e+22 	 6.184966e+19 	 9.395398e-06 	 9.000565e-07 	 -1000.0000 	 -1000.0000 	 -1000.0000 	 -1000.0000 
	 27.3330 	 2.200002e-01 	 175.0503 	  0.9323 	 9.110590e+21 	 5.574588e+19 	 8.621428e-06 	 8.377005e-07 	 -1000.0000 	 -1000.0000 	 -1000.0000 	 -1000.0000 
	 27.4700 	 2.167350e-01 	 175.0617 	  0.9333 	 8.974815e+21 	 5.493118e+19 	 8.560543e-06 	 8.314094e-07 	 -1000.0000 	 -1000.0000 	 -1000.0000 	 -1000.0000 
	 27.6070 	 2.135182e-01 	 175.0514 	  0.9342 	 8.842181e+21 	 5.413603e+19 	 8.509407e-06 	 8.258003e-07 	 -1000.0000 	 -1000.0000 	 -1000.0000 	 -1000.0000 
	 27.7450 	 2.103252e-01 	 175.0178 	  0.9349 	 8.711682e+21 	 5.335194e+19 	 8.466337e-06 	 8.205393e-07 	 -1000.0000 	 -1000.0000 	 -1000.0000 	 -1000.0000 
	 27.8820 	 2.072003e-01 	 174.9601 	  0.9353 	 8.585143e+21 	 5.258741e+19 	 8.430768e-06 	 8.154999e-07 	 -1000.0000 	 -1000.0000 	 -1000.0000 	 -1000.0000 
	 28.7970 	 1.873641e-01 	 173.8688 	  0.9281 	 7.812117e+21 	 4.768270e+19 	 8.397631e-06 	 7.989934e-07 	 -1000.0000 	 -1000.0000 	 -1000.0000 	 -1000.0000 
	 28.9330 	 1.845602e-01 	 173.5955 	  0.9258 	 7.707324e+21 	 4.699013e+19 	 8.430859e-06 	 7.993688e-07 	 -1000.0000 	 -1000.0000 	 -1000.0000 	 -1000.0000 
	 29.0700 	 1.817724e-01 	 173.2906 	  0.9234 	 7.604267e+21 	 4.630894e+19 	 8.254714e-06 	 9.159343e-07 	 -1000.0000 	 -1000.0000 	 -1000.0000 	 -1000.0000 
	 29.2070 	 1.790214e-01 	 172.9558 	  0.9209 	 7.503680e+21 	 4.564693e+19 	 8.300474e-06 	 9.177459e-07 	 -1000.0000 	 -1000.0000 	 -1000.0000 	 -1000.0000 
	 29.3430 	 1.763264e-01 	 172.5938 	  0.9185 	 7.406224e+21 	 4.501133e+19 	 8.364401e-06 	 9.201998e-07 	 -1000.0000 	 -1000.0000 	 -1000.0000 	 -1000.0000 
	 30.2470 	 1.592997e-01 	 169.4554 	  0.9075 	 6.814724e+21 	 4.146127e+19 	 9.282963e-06 	 9.463997e-07 	 -1000.0000 	 -1000.0000 	 -1000.0000 	 -1000.0000 
	 30.3830 	 1.568651e-01 	 168.8901 	  0.9066 	 6.733020e+21 	 4.101750e+19 	 9.453863e-06 	 9.486432e-07 	 -1000.0000 	 -1000.0000 	 -1000.0000 	 -1000.0000 
	 30.5200 	 1.544440e-01 	 168.3029 	  0.9057 	 6.652236e+21 	 4.058602e+19 	 9.615714e-06 	 9.492289e-07 	 -1000.0000 	 -1000.0000 	 -1000.0000 	 -1000.0000 
	 30.6570 	 1.520537e-01 	 167.7006 	  0.9049 	 6.572830e+21 	 4.016700e+19 	 9.760240e-06 	 9.476886e-07 	 -1000.0000 	 -1000.0000 	 -1000.0000 	 -1000.0000 
	 30.7930 	 1.497103e-01 	 167.0901 	  0.9041 	 6.495224e+21 	 3.976025e+19 	 9.879671e-06 	 9.436162e-07 	 -1000.0000 	 -1000.0000 	 -1000.0000 	 -1000.0000 
	 31.7100 	 1.346267e-01 	 162.8301 	  0.8961 	 5.993728e+21 	 3.706154e+19 	 9.631522e-06 	 8.254772e-07 	 -1000.0000 	 -1000.0000 	 -1000.0000 	 -1000.0000 
	 31.8460 	 1.324913e-01 	 162.1990 	  0.8946 	 5.921591e+21 	 3.665877e+19 	 9.422104e-06 	 7.952839e-07 	 -1000.0000 	 -1000.0000 	 -1000.0000 	 -1000.0000 
	 31.9830 	 1.303660e-01 	 161.5683 	  0.8930 	 5.849339e+21 	 3.625364e+19 	 9.170300e-06 	 7.625607e-07 	 -1000.0000 	 -1000.0000 	 -1000.0000 	 -1000.0000 
	 32.1190 	 1.282816e-01 	 160.9489 	  0.8915 	 5.777971e+21 	 3.585265e+19 	 8.881622e-06 	 7.281634e-07 	 -1000.0000 	 -1000.0000 	 -1000.0000 	 -1000.0000 
	 32.2550 	 1.262225e-01 	 160.3378 	  0.8901 	 5.706904e+21 	 3.545343e+19 	 8.556202e-06 	 6.922372e-07 	 -1000.0000 	 -1000.0000 	 -1000.0000 	 -1000.0000 
	 33.1630 	 1.131076e-01 	 156.5700 	  0.8847 	 5.237089e+21 	 3.287432e+19 	 5.636510e-06 	 4.402116e-07 	 -1000.0000 	 -1000.0000 	 -1000.0000 	 -1000.0000 
	 33.2990 	 1.112378e-01 	 156.0575 	  0.8848 	 5.167423e+21 	 3.250565e+19 	 5.146422e-06 	 4.042553e-07 	 -1000.0000 	 -1000.0000 	 -1000.0000 	 -1000.0000 
	 33.4350 	 1.093928e-01 	 155.5581 	  0.8851 	 5.098026e+21 	 3.214253e+19 	 4.663316e-06 	 3.696308e-07 	 -1000.0000 	 -1000.0000 	 -1000.0000 	 -1000.0000 
	 33.5710 	 1.075728e-01 	 155.0715 	  0.8856 	 5.028928e+21 	 3.178529e+19 	 4.194601e-06 	 3.366335e-07 	 -1000.0000 	 -1000.0000 	 -1000.0000 	 -1000.0000 
	 33.7070 	 1.057777e-01 	 154.5974 	  0.8865 	 4.960165e+21 	 3.143427e+19 	 3.747691e-06 	 3.055590e-07 	 -1000.0000 	 -1000.0000 	 -1000.0000 	 -1000.0000 
	 34.6170 	 9.441232e-02 	 151.7208 	  0.8996 	 4.511153e+21 	 2.925334e+19 	 1.744079e-06 	 1.632614e-07 	 -1000.0000 	 -1000.0000 	 -1000.0000 	 -1000.0000 
	 34.7520 	 9.282036e-02 	 151.3280 	  0.9022 	 4.446588e+21 	 2.894780e+19 	 1.592220e-06 	 1.513059e-07 	 -1000.0000 	 -1000.0000 	 -1000.0000 	 -1000.0000 
	 34.8880 	 9.124043e-02 	 150.9376 	  0.9049 	 4.382189e+21 	 2.864145e+19 	 1.465473e-06 	 1.409701e-07 	 -1000.0000 	 -1000.0000 	 -1000.0000 	 -1000.0000 
	 35.0230 	 8.969551e-02 	 150.5542 	  0.9074 	 4.318942e+21 	 2.833762e+19 	 1.361173e-06 	 1.321482e-07 	 -1000.0000 	 -1000.0000 	 -1000.0000 	 -1000.0000 
	 35.1580 	 8.817361e-02 	 150.1736 	  0.9098 	 4.256407e+21 	 2.803289e+19 	 1.273792e-06 	 1.245025e-07 	 -1000.0000 	 -1000.0000 	 -1000.0000 	 -1000.0000 
	 36.0670 	 7.850287e-02 	 147.5861 	  0.9187 	 3.856397e+21 	 2.589651e+19 	 8.367442e-07 	 8.698888e-08 	 -1000.0000 	 -1000.0000 	 -1000.0000 	 -1000.0000 
	 36.2020 	 7.714792e-02 	 147.1825 	  0.9190 	 3.800303e+21 	 2.557153e+19 	 7.776105e-07 	 8.240219e-08 	 -1000.0000 	 -1000.0000 	 -1000.0000 	 -1000.0000 
	 36.3380 	 7.580286e-02 	 146.7664 	  0.9192 	 3.744676e+21 	 2.524589e+19 	 7.198995e-07 	 7.800259e-08 	 -1000.0000 	 -1000.0000 	 -1000.0000 	 -1000.0000 
	 36.4730 	 7.448702e-02 	 146.3425 	  0.9193 	 3.690339e+21 	 2.492578e+19 	 6.647943e-07 	 7.385367e-08 	 -1000.0000 	 -1000.0000 	 -1000.0000 	 -1000.0000 
	 36.6080 	 7.318997e-02 	 145.9062 	  0.9194 	 3.636883e+21 	 2.461021e+19 	 6.121958e-07 	 6.992117e-08 	 -1000.0000 	 -1000.0000 	 -1000.0000 	 -1000.0000 
	 37.5300 	 6.480400e-02 	 142.5724 	  0.9225 	 3.294221e+21 	 2.265236e+19 	 3.400385e-07 	 4.864679e-08 	 -1000.0000 	 -1000.0000 	 -1000.0000 	 -1000.0000 
	 37.6650 	 6.364379e-02 	 142.0764 	  0.9234 	 3.246422e+21 	 2.238879e+19 	 3.127306e-07 	 4.625991e-08 	 -1000.0000 	 -1000.0000 	 -1000.0000 	 -1000.0000 
	 37.8000 	 6.250102e-02 	 141.5983 	  0.9244 	 3.198862e+21 	 2.212651e+19 	 2.879984e-07 	 4.402529e-08 	 -1000.0000 	 -1000.0000 	 -1000.0000 	 -1000.0000 
	 37.9350 	 6.137577e-02 	 141.1454 	  0.9253 	 3.151408e+21 	 2.186382e+19 	 2.656010e-07 	 4.193096e-08 	 -1000.0000 	 -1000.0000 	 -1000.0000 	 -1000.0000 
	 38.0700 	 6.026812e-02 	 140.7248 	  0.9263 	 3.103930e+21 	 2.159901e+19 	 2.452974e-07 	 3.996494e-08 	 -1000.0000 	 -1000.0000 	 -1000.0000 	 -1000.0000 
	 38.9800 	 5.326347e-02 	 139.1369 	  0.9327 	 2.776150e+21 	 1.967341e+19 	 1.466662e-07 	 2.926905e-08 	 -1000.0000 	 -1000.0000 	 -1000.0000 	 -1000.0000 
	 39.1150 	 5.229144e-02 	 139.0735 	  0.9341 	 2.726803e+21 	 1.937703e+19 	 1.362444e-07 	 2.800530e-08 	 -1000.0000 	 -1000.0000 	 -1000.0000 	 -1000.0000 
	 39.2500 	 5.133609e-02 	 139.0382 	  0.9360 	 2.677647e+21 	 1.908458e+19 	 1.267074e-07 	 2.682141e-08 	 -1000.0000 	 -1000.0000 	 -1000.0000 	 -1000.0000 
	 39.3850 	 5.039717e-02 	 139.0248 	  0.9383 	 2.628823e+21 	 1.879858e+19 	 1.179935e-07 	 2.571667e-08 	 -1000.0000 	 -1000.0000 	 -1000.0000 	 -1000.0000 
	 39.5200 	 4.947444e-02 	 139.0270 	  0.9412 	 2.580472e+21 	 1.852150e+19 	 1.100411e-07 	 2.469035e-08 	 -1000.0000 	 -1000.0000 	 -1000.0000 	 -1000.0000 
	 40.4330 	 4.364038e-02 	 139.0285 	  0.9812 	 2.275136e+21 	 1.703364e+19 	 7.190280e-08 	 1.971900e-08 	 -1000.0000 	 -1000.0000 	 -1000.0000 	 -1000.0000 
	 40.5680 	 4.283512e-02 	 138.9919 	  0.9899 	 2.233725e+21 	 1.687287e+19 	 6.812763e-08 	 1.924467e-08 	 -1000.0000 	 -1000.0000 	 -1000.0000 	 -1000.0000 
	 40.7020 	 4.204977e-02 	 138.9425 	  0.9990 	 2.193558e+21 	 1.672528e+19 	 6.477593e-08 	 1.882943e-08 	 -1000.0000 	 -1000.0000 	 -1000.0000 	 -1000.0000 
	 40.8370 	 4.127237e-02 	 138.8782 	  1.0085 	 2.154026e+21 	 1.658743e+19 	 6.177196e-08 	 1.846318e-08 	 -1000.0000 	 -1000.0000 	 -1000.0000 	 -1000.0000 
	 40.9720 	 4.050860e-02 	 138.7985 	  1.0183 	 2.115419e+21 	 1.645922e+19 	 5.911632e-08 	 1.814531e-08 	 -1000.0000 	 -1000.0000 	 -1000.0000 	 -1000.0000 
	 43.3270 	 2.913491e-02 	 133.8506 	  1.1419 	 1.577734e+21 	 1.449837e+19 	 4.226292e-08 	 1.638104e-08 	 -1000.0000 	 -1000.0000 	 -1000.0000 	 -1000.0000 
	 43.4610 	 2.858511e-02 	 133.3683 	  1.1435 	 1.553542e+21 	 1.435128e+19 	 4.177945e-08 	 1.632922e-08 	 -1000.0000 	 -1000.0000 	 -1000.0000 	 -1000.0000 
	 43.5950 	 2.804445e-02 	 132.8867 	  1.1450 	 1.529690e+21 	 1.420251e+19 	 4.132921e-08 	 1.628669e-08 	 -1000.0000 	 -1000.0000 	 -1000.0000 	 -1000.0000 
	 43.7290 	 2.751274e-02 	 132.4121 	  1.1468 	 1.506097e+21 	 1.405335e+19 	 4.092392e-08 	 1.625692e-08 	 -1000.0000 	 -1000.0000 	 -1000.0000 	 -1000.0000 
	 43.8630 	 2.698978e-02 	 131.9508 	  1.1490 	 1.482683e+21 	 1.390514e+19 	 4.057526e-08 	 1.624338e-08 	 -1000.0000 	 -1000.0000 	 -1000.0000 	 -1000.0000 
	 44.7800 	 2.363363e-02 	 129.5956 	  1.1879 	 1.321966e+21 	 1.298386e+19 	 4.052927e-08 	 1.683418e-08 	 -1000.0000 	 -1000.0000 	 -1000.0000 	 -1000.0000 
	 44.9140 	 2.317530e-02 	 129.4048 	  1.1962 	 1.298202e+21 	 1.285378e+19 	 4.092950e-08 	 1.704258e-08 	 -1000.0000 	 -1000.0000 	 -1000.0000 	 -1000.0000 
	 45.0480 	 2.272530e-02 	 129.2572 	  1.2046 	 1.274418e+21 	 1.271905e+19 	 4.143997e-08 	 1.728518e-08 	 -1000.0000 	 -1000.0000 	 -1000.0000 	 -1000.0000 
	 45.1810 	 2.228696e-02 	 129.1544 	  1.2127 	 1.250814e+21 	 1.257864e+19 	 4.205734e-08 	 1.756070e-08 	 -1000.0000 	 -1000.0000 	 -1000.0000 	 -1000.0000 
	 45.3150 	 2.185374e-02 	 129.0960 	  1.2203 	 1.227057e+21 	 1.242831e+19 	 4.279258e-08 	 1.787419e-08 	 -1000.0000 	 -1000.0000 	 -1000.0000 	 -1000.0000 
	 46.2230 	 1.914296e-02 	 129.9048 	  1.2447 	 1.068654e+21 	 1.105922e+19 	 5.090291e-08 	 2.101019e-08 	 -1000.0000 	 -1000.0000 	 -1000.0000 	 -1000.0000 
	 46.3570 	 1.877488e-02 	 130.1645 	  1.2441 	 1.046059e+21 	 1.081333e+19 	 5.258228e-08 	 2.162717e-08 	 -1000.0000 	 -1000.0000 	 -1000.0000 	 -1000.0000 
	 46.4900 	 1.841712e-02 	 130.4413 	  1.2428 	 1.023953e+21 	 1.056466e+19 	 5.437728e-08 	 2.227920e-08 	 -1000.0000 	 -1000.0000 	 -1000.0000 	 -1000.0000 
	 46.6230 	 1.806669e-02 	 130.7312 	  1.2409 	 1.002210e+21 	 1.031381e+19 	 5.630186e-08 	 2.297086e-08 	 -1000.0000 	 -1000.0000 	 -1000.0000 	 -1000.0000 
	 46.7570 	 1.772083e-02 	 131.0305 	  1.2385 	 9.807129e+20 	 1.006134e+19 	 5.837383e-08 	 2.370792e-08 	 -1000.0000 	 -1000.0000 	 -1000.0000 	 -1000.0000 
	 47.6770 	 1.552594e-02 	 132.8534 	  1.2193 	 8.470596e+20 	 8.502363e+18 	 7.651817e-08 	 2.986236e-08 	 -1000.0000 	 -1000.0000 	 -1000.0000 	 -1000.0000 
	 47.8100 	 1.523290e-02 	 133.0516 	  1.2166 	 8.298413e+20 	 8.310705e+18 	 7.983843e-08 	 3.090835e-08 	 -1000.0000 	 -1000.0000 	 -1000.0000 	 -1000.0000 
	 47.9420 	 1.494782e-02 	 133.2295 	  1.2141 	 8.132413e+20 	 8.128150e+18 	 8.335635e-08 	 3.198462e-08 	 -1000.0000 	 -1000.0000 	 -1000.0000 	 -1000.0000 
	 48.0750 	 1.466628e-02 	 133.3892 	  1.2115 	 7.969929e+20 	 7.951531e+18 	 8.714240e-08 	 3.310717e-08 	 -1000.0000 	 -1000.0000 	 -1000.0000 	 -1000.0000 
	 48.2080 	 1.439035e-02 	 133.5288 	  1.2090 	 7.812083e+20 	 7.781857e+18 	 9.118809e-08 	 3.426766e-08 	 -1000.0000 	 -1000.0000 	 -1000.0000 	 -1000.0000 
	 49.1270 	 1.262861e-02 	 133.9300 	  1.1930 	 6.835097e+20 	 6.770644e+18 	 1.275368e-07 	 4.338743e-08 	 -1000.0000 	 -1000.0000 	 -1000.0000 	 -1000.0000 
	 49.2600 	 1.239323e-02 	 133.9221 	  1.1917 	 6.707964e+20 	 6.645582e+18 	 1.341457e-07 	 4.492281e-08 	 -1000.0000 	 -1000.0000 	 -1000.0000 	 -1000.0000 
	 49.3920 	 1.216414e-02 	 133.9050 	  1.1910 	 6.584747e+20 	 6.526656e+18 	 1.410655e-07 	 4.652317e-08 	 -1000.0000 	 -1000.0000 	 -1000.0000 	 -1000.0000 
	 49.5250 	 1.193774e-02 	 133.8807 	  1.1910 	 6.463372e+20 	 6.412040e+18 	 1.484083e-07 	 4.822088e-08 	 -1000.0000 	 -1000.0000 	 -1000.0000 	 -1000.0000 
	 49.6580 	 1.171566e-02 	 133.8521 	  1.1918 	 6.344574e+20 	 6.302633e+18 	 1.561307e-07 	 5.001225e-08 	 -1000.0000 	 -1000.0000 	 -1000.0000 	 -1000.0000 
	 50.5700 	 1.029949e-02 	 133.7010 	  1.2238 	 5.585222e+20 	 5.679633e+18 	 2.231226e-07 	 6.558618e-08 	 -1000.0000 	 -1000.0000 	 -1000.0000 	 -1000.0000 
	 50.7020 	 1.010895e-02 	 133.6874 	  1.2299 	 5.482521e+20 	 5.600209e+18 	 2.370570e-07 	 6.848806e-08 	 -1000.0000 	 -1000.0000 	 -1000.0000 	 -1000.0000 
	 50.8350 	 9.920461e-03 	 133.6721 	  1.2354 	 5.380919e+20 	 5.519899e+18 	 2.530552e-07 	 7.163300e-08 	 -1000.0000 	 -1000.0000 	 -1000.0000 	 -1000.0000 
	 50.9680 	 9.735431e-03 	 133.6538 	  1.2397 	 5.281225e+20 	 5.438222e+18 	 2.713309e-07 	 7.501923e-08 	 -1000.0000 	 -1000.0000 	 -1000.0000 	 -1000.0000 
	 51.1000 	 9.555152e-03 	 133.6313 	  1.2424 	 5.184188e+20 	 5.354737e+18 	 2.920294e-07 	 7.863772e-08 	 -1000.0000 	 -1000.0000 	 -1000.0000 	 -1000.0000 
	 52.0200 	 8.386817e-03 	 133.2717 	  1.1961 	 4.561408e+20 	 4.642694e+18 	 5.217098e-07 	 1.118662e-07 	 -1000.0000 	 -1000.0000 	 -1000.0000 	 -1000.0000 
	 52.1520 	 8.231198e-03 	 133.1968 	  1.1819 	 4.479229e+20 	 4.525725e+18 	 5.633990e-07 	 1.175460e-07 	 -1000.0000 	 -1000.0000 	 -1000.0000 	 -1000.0000 
	 52.2850 	 8.077297e-03 	 133.1203 	  1.1673 	 4.398004e+20 	 4.407538e+18 	 6.056667e-07 	 1.233718e-07 	 -1000.0000 	 -1000.0000 	 -1000.0000 	 -1000.0000 
	 52.4180 	 7.926252e-03 	 133.0445 	  1.1527 	 4.318276e+20 	 4.290295e+18 	 6.474865e-07 	 1.292541e-07 	 -1000.0000 	 -1000.0000 	 -1000.0000 	 -1000.0000 
	 52.5500 	 7.779116e-03 	 132.9717 	  1.1389 	 4.240540e+20 	 4.176130e+18 	 6.878450e-07 	 1.351017e-07 	 -1000.0000 	 -1000.0000 	 -1000.0000 	 -1000.0000 
	 53.4630 	 6.833158e-03 	 132.6610 	  1.0968 	 3.734691e+20 	 3.531049e+18 	 8.878172e-07 	 1.724864e-07 	 -1000.0000 	 -1000.0000 	 -1000.0000 	 -1000.0000 
	 53.5950 	 6.706281e-03 	 132.6529 	  1.0997 	 3.665703e+20 	 3.461938e+18 	 9.029959e-07 	 1.771835e-07 	 -1000.0000 	 -1000.0000 	 -1000.0000 	 -1000.0000 
	 53.7270 	 6.581796e-03 	 132.6545 	  1.1043 	 3.597728e+20 	 3.398079e+18 	 9.149906e-07 	 1.816745e-07 	 -1000.0000 	 -1000.0000 	 -1000.0000 	 -1000.0000 
	 53.8600 	 6.458750e-03 	 132.6662 	  1.1106 	 3.530255e+20 	 3.338676e+18 	 9.239963e-07 	 1.859840e-07 	 -1000.0000 	 -1000.0000 	 -1000.0000 	 -1000.0000 
	 53.9920 	 6.338960e-03 	 132.6879 	  1.1182 	 3.464292e+20 	 3.284250e+18 	 9.300168e-07 	 1.900400e-07 	 -1000.0000 	 -1000.0000 	 -1000.0000 	 -1000.0000 
	 57.6800 	 3.788656e-03 	 137.6591 	  1.1744 	 1.995842e+20 	 2.117556e+18 	 4.812737e-07 	 1.863556e-07 	 -1000.0000 	 -1000.0000 	 -1000.0000 	 -1000.0000 
	 57.8110 	 3.721355e-03 	 137.9423 	  1.1518 	 1.956446e+20 	 2.049087e+18 	 4.625621e-07 	 1.818609e-07 	 -1000.0000 	 -1000.0000 	 -1000.0000 	 -1000.0000 
	 57.9420 	 3.655320e-03 	 138.2052 	  1.1292 	 1.918094e+20 	 1.981181e+18 	 4.447003e-07 	 1.773711e-07 	 -1000.0000 	 -1000.0000 	 -1000.0000 	 -1000.0000 
	 58.0740 	 3.590031e-03 	 138.4431 	  1.1070 	 1.880554e+20 	 1.914375e+18 	 4.276240e-07 	 1.729325e-07 	 -1000.0000 	 -1000.0000 	 -1000.0000 	 -1000.0000 
	 58.2050 	 3.526446e-03 	 138.6457 	  1.0861 	 1.844444e+20 	 1.850719e+18 	 4.116538e-07 	 1.686923e-07 	 -1000.0000 	 -1000.0000 	 -1000.0000 	 -1000.0000 
	 59.1200 	 3.113340e-03 	 138.7014 	  1.0144 	 1.626670e+20 	 1.547437e+18 	 3.306704e-07 	 1.489709e-07 	 -1000.0000 	 -1000.0000 	 -1000.0000 	 -1000.0000 
	 59.2510 	 3.058276e-03 	 138.5111 	  1.0148 	 1.600064e+20 	 1.524353e+18 	 3.230560e-07 	 1.476356e-07 	 -1000.0000 	 -1000.0000 	 -1000.0000 	 -1000.0000 
	 59.3820 	 3.004145e-03 	 138.2811 	  1.0169 	 1.574375e+20 	 1.504581e+18 	 3.161727e-07 	 1.465613e-07 	 -1000.0000 	 -1000.0000 	 -1000.0000 	 -1000.0000 
	 59.5140 	 2.950515e-03 	 138.0133 	  1.0202 	 1.549334e+20 	 1.487315e+18 	 3.098777e-07 	 1.456986e-07 	 -1000.0000 	 -1000.0000 	 -1000.0000 	 -1000.0000 
	 59.6450 	 2.898169e-03 	 137.7154 	  1.0243 	 1.525235e+20 	 1.472125e+18 	 3.041688e-07 	 1.450165e-07 	 -1000.0000 	 -1000.0000 	 -1000.0000 	 -1000.0000 
	 60.5630 	 2.553542e-03 	 135.0294 	  1.0466 	 1.371135e+20 	 1.371027e+18 	 2.720597e-07 	 1.419438e-07 	 -1000.0000 	 -1000.0000 	 -1000.0000 	 -1000.0000 
	 60.6940 	 2.507290e-03 	 134.5853 	  1.0478 	 1.350745e+20 	 1.354956e+18 	 2.681329e-07 	 1.415800e-07 	 -1000.0000 	 -1000.0000 	 -1000.0000 	 -1000.0000 
	 60.8250 	 2.461725e-03 	 134.1287 	  1.0486 	 1.330701e+20 	 1.338748e+18 	 2.643562e-07 	 1.412462e-07 	 -1000.0000 	 -1000.0000 	 -1000.0000 	 -1000.0000 
	 60.9560 	 2.416835e-03 	 133.6606 	  1.0493 	 1.310990e+20 	 1.322538e+18 	 2.607305e-07 	 1.409488e-07 	 -1000.0000 	 -1000.0000 	 -1000.0000 	 -1000.0000 
	 61.0870 	 2.372605e-03 	 133.1816 	  1.0500 	 1.291597e+20 	 1.306461e+18 	 2.572566e-07 	 1.406944e-07 	 -1000.0000 	 -1000.0000 	 -1000.0000 	 -1000.0000 
	 61.9970 	 2.082634e-03 	 129.6585 	  1.0608 	 1.164301e+20 	 1.206740e+18 	 2.372509e-07 	 1.405192e-07 	 -1000.0000 	 -1000.0000 	 -1000.0000 	 -1000.0000 
	 62.1270 	 2.043611e-03 	 129.1624 	  1.0632 	 1.146868e+20 	 1.193888e+18 	 2.349048e-07 	 1.407130e-07 	 -1000.0000 	 -1000.0000 	 -1000.0000 	 -1000.0000 
	 62.2570 	 2.005185e-03 	 128.6806 	  1.0656 	 1.129526e+20 	 1.181028e+18 	 2.326547e-07 	 1.409469e-07 	 -1000.0000 	 -1000.0000 	 -1000.0000 	 -1000.0000 
	 62.3880 	 1.967068e-03 	 128.2141 	  1.0679 	 1.112107e+20 	 1.167923e+18 	 2.304729e-07 	 1.412176e-07 	 -1000.0000 	 -1000.0000 	 -1000.0000 	 -1000.0000 
	 62.5180 	 1.929842e-03 	 127.7744 	  1.0700 	 1.094845e+20 	 1.154641e+18 	 2.283814e-07 	 1.415155e-07 	 -1000.0000 	 -1000.0000 	 -1000.0000 	 -1000.0000 
	 63.4370 	 1.683753e-03 	 125.6719 	  1.0745 	 9.711280e+19 	 1.043693e+18 	 2.148094e-07 	 1.440181e-07 	 -1000.0000 	 -1000.0000 	 -1000.0000 	 -1000.0000 
	 63.5670 	 1.651369e-03 	 125.5474 	  1.0739 	 9.533494e+19 	 1.025533e+18 	 2.129884e-07 	 1.443875e-07 	 -1000.0000 	 -1000.0000 	 -1000.0000 	 -1000.0000 
	 63.6980 	 1.619349e-03 	 125.4696 	  1.0732 	 9.354106e+19 	 1.006841e+18 	 2.111696e-07 	 1.447574e-07 	 -1000.0000 	 -1000.0000 	 -1000.0000 	 -1000.0000 
	 63.8280 	 1.588185e-03 	 125.4409 	  1.0725 	 9.176036e+19 	 9.879869e+17 	 2.093788e-07 	 1.451204e-07 	 -1000.0000 	 -1000.0000 	 -1000.0000 	 -1000.0000 
	 63.9580 	 1.557631e-03 	 125.4616 	  1.0719 	 8.998093e+19 	 9.689165e+17 	 2.075995e-07 	 1.454773e-07 	 -1000.0000 	 -1000.0000 	 -1000.0000 	 -1000.0000 
	 64.8700 	 1.360415e-03 	 126.9889 	  1.0758 	 7.771270e+19 	 8.359138e+17 	 1.954172e-07 	 1.477865e-07 	 -1000.0000 	 -1000.0000 	 -1000.0000 	 -1000.0000 
	 65.0000 	 1.334643e-03 	 127.3436 	  1.0777 	 7.603459e+19 	 8.178574e+17 	 1.938053e-07 	 1.481524e-07 	 -1000.0000 	 -1000.0000 	 -1000.0000 	 -1000.0000 
	 65.1300 	 1.309411e-03 	 127.7062 	  1.0797 	 7.438684e+19 	 8.001875e+17 	 1.922613e-07 	 1.485564e-07 	 -1000.0000 	 -1000.0000 	 -1000.0000 	 -1000.0000 
	 65.2600 	 1.284703e-03 	 128.0676 	  1.0819 	 7.277380e+19 	 7.829559e+17 	 1.907981e-07 	 1.490088e-07 	 -1000.0000 	 -1000.0000 	 -1000.0000 	 -1000.0000 
	 65.3900 	 1.260504e-03 	 128.4186 	  1.0842 	 7.119987e+19 	 7.662145e+17 	 1.894288e-07 	 1.495200e-07 	 -1000.0000 	 -1000.0000 	 -1000.0000 	 -1000.0000 
	 66.3030 	 1.103632e-03 	 129.9389 	  1.0994 	 6.153648e+19 	 6.656796e+17 	 1.832807e-07 	 1.554437e-07 	 -1000.0000 	 -1000.0000 	 -1000.0000 	 -1000.0000 
	 66.4330 	 1.083015e-03 	 130.0010 	  1.1010 	 6.035630e+19 	 6.536348e+17 	 1.828660e-07 	 1.566121e-07 	 -1000.0000 	 -1000.0000 	 -1000.0000 	 -1000.0000 
	 66.5630 	 1.062798e-03 	 130.0334 	  1.1022 	 5.921604e+19 	 6.419985e+17 	 1.825290e-07 	 1.578399e-07 	 -1000.0000 	 -1000.0000 	 -1000.0000 	 -1000.0000 
	 66.6920 	 1.043123e-03 	 130.0399 	  1.1031 	 5.812069e+19 	 6.307982e+17 	 1.822578e-07 	 1.591087e-07 	 -1000.0000 	 -1000.0000 	 -1000.0000 	 -1000.0000 
	 66.8220 	 1.023676e-03 	 130.0243 	  1.1036 	 5.704991e+19 	 6.198020e+17 	 1.820345e-07 	 1.604301e-07 	 -1000.0000 	 -1000.0000 	 -1000.0000 	 -1000.0000 
	 67.7430 	 8.960441e-04 	 129.5520 	  1.0947 	 5.015451e+19 	 5.461090e+17 	 1.808716e-07 	 1.704224e-07 	 -1000.0000 	 -1000.0000 	 -1000.0000 	 -1000.0000 
	 67.8730 	 8.793599e-04 	 129.4510 	  1.0921 	 4.925949e+19 	 5.361956e+17 	 1.807188e-07 	 1.719003e-07 	 -1000.0000 	 -1000.0000 	 -1000.0000 	 -1000.0000 
	 68.0030 	 8.629818e-04 	 129.3412 	  1.0895 	 4.838247e+19 	 5.264703e+17 	 1.805757e-07 	 1.734018e-07 	 -1000.0000 	 -1000.0000 	 -1000.0000 	 -1000.0000 
	 68.1320 	 8.470248e-04 	 129.2233 	  1.0870 	 4.752974e+19 	 5.170325e+17 	 1.804463e-07 	 1.749178e-07 	 -1000.0000 	 -1000.0000 	 -1000.0000 	 -1000.0000 
	 68.2620 	 8.312340e-04 	 129.0951 	  1.0846 	 4.668779e+19 	 5.077628e+17 	 1.803320e-07 	 1.764748e-07 	 -1000.0000 	 -1000.0000 	 -1000.0000 	 -1000.0000 
	 69.1700 	 7.284593e-04 	 127.9436 	  1.0796 	 4.126499e+19 	 4.515146e+17 	 1.801658e-07 	 1.883206e-07 	 -1000.0000 	 -1000.0000 	 -1000.0000 	 -1000.0000 
	 69.2990 	 7.148588e-04 	 127.7593 	  1.0810 	 4.055187e+19 	 4.447030e+17 	 1.802128e-07 	 1.901169e-07 	 -1000.0000 	 -1000.0000 	 -1000.0000 	 -1000.0000 
	 69.4280 	 7.014945e-04 	 127.5768 	  1.0830 	 3.985041e+19 	 4.381256e+17 	 1.802640e-07 	 1.919263e-07 	 -1000.0000 	 -1000.0000 	 -1000.0000 	 -1000.0000 
	 69.5560 	 6.884629e-04 	 127.3997 	  1.0854 	 3.916503e+19 	 4.318089e+17 	 1.803142e-07 	 1.937294e-07 	 -1000.0000 	 -1000.0000 	 -1000.0000 	 -1000.0000 
	 69.6850 	 6.755566e-04 	 127.2277 	  1.0885 	 3.848414e+19 	 4.256318e+17 	 1.803592e-07 	 1.955489e-07 	 -1000.0000 	 -1000.0000 	 -1000.0000 	 -1000.0000 
	 70.6070 	 5.895987e-04 	 126.3296 	  1.1258 	 3.384557e+19 	 3.854279e+17 	 1.802968e-07 	 2.084160e-07 	 -1000.0000 	 -1000.0000 	 -1000.0000 	 -1000.0000 
	 70.7360 	 5.784130e-04 	 126.2311 	  1.1331 	 3.323060e+19 	 3.803455e+17 	 1.803157e-07 	 2.103146e-07 	 -1000.0000 	 -1000.0000 	 -1000.0000 	 -1000.0000 
	 70.8650 	 5.674261e-04 	 126.1270 	  1.1409 	 3.262653e+19 	 3.754350e+17 	 1.803832e-07 	 2.122945e-07 	 -1000.0000 	 -1000.0000 	 -1000.0000 	 -1000.0000 
	 70.9940 	 5.566356e-04 	 126.0128 	  1.1492 	 3.203431e+19 	 3.707115e+17 	 1.805140e-07 	 2.143761e-07 	 -1000.0000 	 -1000.0000 	 -1000.0000 	 -1000.0000 
	 71.1230 	 5.460391e-04 	 125.8842 	  1.1579 	 3.145488e+19 	 3.661897e+17 	 1.807231e-07 	 2.165796e-07 	 -1000.0000 	 -1000.0000 	 -1000.0000 	 -1000.0000 
	 72.0330 	 4.765693e-04 	 124.2894 	  1.2310 	 2.778664e+19 	 3.407821e+17 	 1.853826e-07 	 2.369344e-07 	 -1000.0000 	 -1000.0000 	 -1000.0000 	 -1000.0000 
	 72.1620 	 4.674238e-04 	 123.9807 	  1.2427 	 2.732044e+19 	 3.379305e+17 	 1.864647e-07 	 2.404847e-07 	 -1000.0000 	 -1000.0000 	 -1000.0000 	 -1000.0000 
	 72.2900 	 4.585077e-04 	 123.6681 	  1.2545 	 2.686708e+19 	 3.351904e+17 	 1.876029e-07 	 2.441265e-07 	 -1000.0000 	 -1000.0000 	 -1000.0000 	 -1000.0000 
	 72.4180 	 4.497449e-04 	 123.3544 	  1.2665 	 2.642148e+19 	 3.325053e+17 	 1.887907e-07 	 2.478704e-07 	 -1000.0000 	 -1000.0000 	 -1000.0000 	 -1000.0000 
	 72.5470 	 4.410638e-04 	 123.0424 	  1.2787 	 2.597880e+19 	 3.298208e+17 	 1.900233e-07 	 2.517302e-07 	 -1000.0000 	 -1000.0000 	 -1000.0000 	 -1000.0000 
	 73.4630 	 3.834051e-04 	 121.3282 	  1.3663 	 2.291451e+19 	 3.088358e+17 	 1.987152e-07 	 2.804173e-07 	 -1000.0000 	 -1000.0000 	 -1000.0000 	 -1000.0000 
	 73.5920 	 3.758295e-04 	 121.1708 	  1.3784 	 2.249122e+19 	 3.055057e+17 	 1.998876e-07 	 2.846025e-07 	 -1000.0000 	 -1000.0000 	 -1000.0000 	 -1000.0000 
	 73.7200 	 3.684480e-04 	 121.0305 	  1.3902 	 2.207484e+19 	 3.021336e+17 	 2.010489e-07 	 2.888085e-07 	 -1000.0000 	 -1000.0000 	 -1000.0000 	 -1000.0000 
	 73.8480 	 3.612025e-04 	 120.9043 	  1.4019 	 2.166273e+19 	 2.987045e+17 	 2.022129e-07 	 2.930749e-07 	 -1000.0000 	 -1000.0000 	 -1000.0000 	 -1000.0000 
	 73.9770 	 3.540391e-04 	 120.7892 	  1.4135 	 2.125236e+19 	 2.952012e+17 	 2.033933e-07 	 2.974428e-07 	 -1000.0000 	 -1000.0000 	 -1000.0000 	 -1000.0000 
	 74.8870 	 3.075069e-04 	 120.1862 	  1.4883 	 1.854602e+19 	 2.699319e+17 	 2.122558e-07 	 3.307176e-07 	 -1000.0000 	 -1000.0000 	 -1000.0000 	 -1000.0000 
	 75.0150 	 3.015000e-04 	 120.1246 	  1.4979 	 1.819303e+19 	 2.663515e+17 	 2.135824e-07 	 3.357543e-07 	 -1000.0000 	 -1000.0000 	 -1000.0000 	 -1000.0000 
	 75.1420 	 2.956597e-04 	 120.0705 	  1.5073 	 1.784881e+19 	 2.627941e+17 	 2.149113e-07 	 3.408292e-07 	 -1000.0000 	 -1000.0000 	 -1000.0000 	 -1000.0000 
	 75.2700 	 2.898898e-04 	 120.0234 	  1.5165 	 1.750764e+19 	 2.592035e+17 	 2.162610e-07 	 3.460186e-07 	 -1000.0000 	 -1000.0000 	 -1000.0000 	 -1000.0000 
	 75.3980 	 2.842328e-04 	 119.9842 	  1.5257 	 1.717196e+19 	 2.556077e+17 	 2.176183e-07 	 3.512789e-07 	 -1000.0000 	 -1000.0000 	 -1000.0000 	 -1000.0000 
	 76.3200 	 2.464815e-04 	 119.9905 	  1.5890 	 1.489204e+19 	 2.294586e+17 	 2.274901e-07 	 3.911930e-07 	 -1000.0000 	 -1000.0000 	 -1000.0000 	 -1000.0000 
	 76.4480 	 2.416320e-04 	 120.0401 	  1.5967 	 1.459300e+19 	 2.257386e+17 	 2.289140e-07 	 3.971481e-07 	 -1000.0000 	 -1000.0000 	 -1000.0000 	 -1000.0000 
	 76.5750 	 2.369132e-04 	 120.1036 	  1.6036 	 1.430044e+19 	 2.220044e+17 	 2.303610e-07 	 4.032165e-07 	 -1000.0000 	 -1000.0000 	 -1000.0000 	 -1000.0000 
	 76.7020 	 2.322865e-04 	 120.1820 	  1.6098 	 1.401198e+19 	 2.182197e+17 	 2.318493e-07 	 4.094649e-07 	 -1000.0000 	 -1000.0000 	 -1000.0000 	 -1000.0000 
	 76.8300 	 2.277162e-04 	 120.2770 	  1.6152 	 1.372540e+19 	 2.143464e+17 	 2.333988e-07 	 4.159659e-07 	 -1000.0000 	 -1000.0000 	 -1000.0000 	 -1000.0000 
	 77.7400 	 1.978756e-04 	 121.4874 	  1.6191 	 1.180700e+19 	 1.846986e+17 	 2.463606e-07 	 4.695765e-07 	 -1000.0000 	 -1000.0000 	 -1000.0000 	 -1000.0000 
	 77.8680 	 1.940396e-04 	 121.7443 	  1.6153 	 1.155354e+19 	 1.803087e+17 	 2.484480e-07 	 4.781758e-07 	 -1000.0000 	 -1000.0000 	 -1000.0000 	 -1000.0000 
	 77.9950 	 1.903174e-04 	 122.0232 	  1.6110 	 1.130594e+19 	 1.759445e+17 	 2.505655e-07 	 4.869331e-07 	 -1000.0000 	 -1000.0000 	 -1000.0000 	 -1000.0000 
	 78.1220 	 1.866776e-04 	 122.3271 	  1.6061 	 1.106216e+19 	 1.715877e+17 	 2.527223e-07 	 4.959022e-07 	 -1000.0000 	 -1000.0000 	 -1000.0000 	 -1000.0000 
	 78.2500 	 1.830909e-04 	 122.6595 	  1.6009 	 1.082027e+19 	 1.672205e+17 	 2.549292e-07 	 5.051434e-07 	 -1000.0000 	 -1000.0000 	 -1000.0000 	 -1000.0000 
	 79.1630 	 1.597645e-04 	 125.8553 	  1.5660 	 9.203697e+18 	 1.380158e+17 	 2.711079e-07 	 5.759578e-07 	 -1000.0000 	 -1000.0000 	 -1000.0000 	 -1000.0000 
	 79.2900 	 1.568153e-04 	 126.4089 	  1.5617 	 8.994320e+18 	 1.342953e+17 	 2.733889e-07 	 5.864471e-07 	 -1000.0000 	 -1000.0000 	 -1000.0000 	 -1000.0000 
	 79.4170 	 1.539339e-04 	 126.9851 	  1.5573 	 8.788958e+18 	 1.306557e+17 	 2.756785e-07 	 5.971004e-07 	 -1000.0000 	 -1000.0000 	 -1000.0000 	 -1000.0000 
	 79.5450 	 1.510969e-04 	 127.5871 	  1.5527 	 8.586128e+18 	 1.270672e+17 	 2.779954e-07 	 6.080071e-07 	 -1000.0000 	 -1000.0000 	 -1000.0000 	 -1000.0000 
	 79.6720 	 1.483471e-04 	 128.2040 	  1.5479 	 8.389083e+18 	 1.235839e+17 	 2.803044e-07 	 6.190003e-07 	 -1000.0000 	 -1000.0000 	 -1000.0000 	 -1000.0000 
	 80.5870 	 1.303159e-04 	 133.0784 	  1.5011 	 7.099488e+18 	 1.006497e+17 	 2.973588e-07 	 7.037707e-07 	 -1000.0000 	 -1000.0000 	 -1000.0000 	 -1000.0000 
	 80.7130 	 1.280588e-04 	 133.7805 	  1.4934 	 6.940048e+18 	 9.780895e+16 	 2.998073e-07 	 7.163800e-07 	 -1000.0000 	 -1000.0000 	 -1000.0000 	 -1000.0000 
	 80.8400 	 1.258342e-04 	 134.4873 	  1.4857 	 6.783724e+18 	 9.503528e+16 	 3.023151e-07 	 7.293802e-07 	 -1000.0000 	 -1000.0000 	 -1000.0000 	 -1000.0000 
	 80.9670 	 1.236588e-04 	 135.1904 	  1.4781 	 6.631770e+18 	 9.235589e+16 	 3.048684e-07 	 7.426936e-07 	 -1000.0000 	 -1000.0000 	 -1000.0000 	 -1000.0000 
	 81.0930 	 1.215475e-04 	 135.8815 	  1.4710 	 6.485305e+18 	 8.979498e+16 	 3.074519e-07 	 7.562326e-07 	 -1000.0000 	 -1000.0000 	 -1000.0000 	 -1000.0000 
	 82.0100 	 1.074548e-04 	 140.4797 	  1.4371 	 5.544717e+18 	 7.436547e+16 	 3.282085e-07 	 8.665776e-07 	 -1000.0000 	 -1000.0000 	 -1000.0000 	 -1000.0000 
	 82.1360 	 1.056792e-04 	 141.0317 	  1.4355 	 5.431740e+18 	 7.266984e+16 	 3.313688e-07 	 8.836037e-07 	 -1000.0000 	 -1000.0000 	 -1000.0000 	 -1000.0000 
	 82.2620 	 1.039399e-04 	 141.5618 	  1.4345 	 5.322364e+18 	 7.106175e+16 	 3.346089e-07 	 9.011346e-07 	 -1000.0000 	 -1000.0000 	 -1000.0000 	 -1000.0000 
	 82.3890 	 1.022227e-04 	 142.0733 	  1.4343 	 5.215651e+18 	 6.952397e+16 	 3.379568e-07 	 9.193332e-07 	 -1000.0000 	 -1000.0000 	 -1000.0000 	 -1000.0000 
	 82.5150 	 1.005540e-04 	 142.5574 	  1.4347 	 5.113168e+18 	 6.807522e+16 	 3.413614e-07 	 9.379304e-07 	 -1000.0000 	 -1000.0000 	 -1000.0000 	 -1000.0000 
	 83.4300 	 8.940291e-05 	 145.3196 	  1.4535 	 4.459862e+18 	 5.936729e+16 	 3.687198e-07 	 1.090830e-06 	 -1000.0000 	 -1000.0000 	 -1000.0000 	 -1000.0000 
	 83.5560 	 8.798787e-05 	 145.5943 	  1.4573 	 4.380966e+18 	 5.836166e+16 	 3.728809e-07 	 1.114595e-06 	 -1000.0000 	 -1000.0000 	 -1000.0000 	 -1000.0000 
	 83.6820 	 8.659848e-05 	 145.8441 	  1.4612 	 4.304393e+18 	 5.739140e+16 	 3.771466e-07 	 1.139082e-06 	 -1000.0000 	 -1000.0000 	 -1000.0000 	 -1000.0000 
	 83.8090 	 8.522285e-05 	 146.0709 	  1.4649 	 4.229446e+18 	 5.644557e+16 	 3.815553e-07 	 1.164515e-06 	 -1000.0000 	 -1000.0000 	 -1000.0000 	 -1000.0000 
	 83.9350 	 8.388146e-05 	 146.2715 	  1.4684 	 4.157190e+18 	 5.553545e+16 	 3.860407e-07 	 1.190516e-06 	 -1000.0000 	 -1000.0000 	 -1000.0000 	 -1000.0000 
	 84.8530 	 7.471510e-05 	 147.0327 	  1.4799 	 3.683732e+18 	 4.947863e+16 	 4.219647e-07 	 1.403755e-06 	 -1000.0000 	 -1000.0000 	 -1000.0000 	 -1000.0000 
	 84.9790 	 7.353321e-05 	 147.0519 	  1.4805 	 3.624977e+18 	 4.872174e+16 	 4.271093e-07 	 1.435680e-06 	 -1000.0000 	 -1000.0000 	 -1000.0000 	 -1000.0000 
	 85.1050 	 7.236929e-05 	 147.0543 	  1.4815 	 3.567545e+18 	 4.798846e+16 	 4.322062e-07 	 1.467956e-06 	 -1000.0000 	 -1000.0000 	 -1000.0000 	 -1000.0000 
	 85.2310 	 7.122326e-05 	 147.0411 	  1.4830 	 3.511380e+18 	 4.728097e+16 	 4.372210e-07 	 1.500484e-06 	 -1000.0000 	 -1000.0000 	 -1000.0000 	 -1000.0000 
	 85.3570 	 7.009507e-05 	 147.0136 	  1.4853 	 3.456427e+18 	 4.660148e+16 	 4.421190e-07 	 1.533161e-06 	 -1000.0000 	 -1000.0000 	 -1000.0000 	 -1000.0000 
	 86.2630 	 6.249902e-05 	 146.5049 	  1.5403 	 3.092352e+18 	 4.268038e+16 	 4.710306e-07 	 1.763470e-06 	 -1000.0000 	 -1000.0000 	 -1000.0000 	 -1000.0000 
	 86.3890 	 6.151181e-05 	 146.4023 	  1.5530 	 3.045550e+18 	 4.225805e+16 	 4.739046e-07 	 1.793635e-06 	 -1000.0000 	 -1000.0000 	 -1000.0000 	 -1000.0000 
	 86.5150 	 6.054060e-05 	 146.2938 	  1.5664 	 2.999596e+18 	 4.185696e+16 	 4.764582e-07 	 1.823056e-06 	 -1000.0000 	 -1000.0000 	 -1000.0000 	 -1000.0000 
	 86.6410 	 5.958507e-05 	 146.1803 	  1.5804 	 2.954463e+18 	 4.147393e+16 	 4.786798e-07 	 1.851639e-06 	 -1000.0000 	 -1000.0000 	 -1000.0000 	 -1000.0000 
	 86.7670 	 5.864491e-05 	 146.0623 	  1.5947 	 2.910123e+18 	 4.110575e+16 	 4.805574e-07 	 1.879290e-06 	 -1000.0000 	 -1000.0000 	 -1000.0000 	 -1000.0000 
	 89.0970 	 4.365350e-05 	 143.8380 	  1.6843 	 2.200231e+18 	 3.313366e+16 	 4.389597e-07 	 2.106772e-06 	 -1000.0000 	 -1000.0000 	 -1000.0000 	 -1000.0000 
	 89.2220 	 4.296004e-05 	 143.7524 	  1.6718 	 2.166564e+18 	 3.250954e+16 	 4.319947e-07 	 2.097317e-06 	 -1000.0000 	 -1000.0000 	 -1000.0000 	 -1000.0000 
	 89.3480 	 4.227160e-05 	 143.6716 	  1.6582 	 2.133034e+18 	 3.187298e+16 	 4.244675e-07 	 2.084807e-06 	 -1000.0000 	 -1000.0000 	 -1000.0000 	 -1000.0000 
	 89.4730 	 4.159913e-05 	 143.5966 	  1.6443 	 2.100181e+18 	 3.123946e+16 	 4.165012e-07 	 2.069321e-06 	 -1000.0000 	 -1000.0000 	 -1000.0000 	 -1000.0000 
	 89.5980 	 4.093714e-05 	 143.5270 	  1.6301 	 2.067744e+18 	 3.060928e+16 	 4.080415e-07 	 2.050653e-06 	 -1000.0000 	 -1000.0000 	 -1000.0000 	 -1000.0000 
	 90.5030 	 3.645464e-05 	 143.1758 	  1.5486 	 1.845807e+18 	 2.656283e+16 	 3.337140e-07 	 1.818819e-06 	 -1000.0000 	 -1000.0000 	 -1000.0000 	 -1000.0000 
	 90.6280 	 3.587671e-05 	 143.1446 	  1.5415 	 1.816945e+18 	 2.609269e+16 	 3.225783e-07 	 1.778140e-06 	 -1000.0000 	 -1000.0000 	 -1000.0000 	 -1000.0000 
	 90.7520 	 3.531261e-05 	 143.1162 	  1.5353 	 1.788735e+18 	 2.564391e+16 	 3.116879e-07 	 1.737809e-06 	 -1000.0000 	 -1000.0000 	 -1000.0000 	 -1000.0000 
	 90.8770 	 3.475299e-05 	 143.0896 	  1.5297 	 1.760716e+18 	 2.520759e+16 	 3.009941e-07 	 1.697916e-06 	 -1000.0000 	 -1000.0000 	 -1000.0000 	 -1000.0000 
	 91.0020 	 3.420221e-05 	 143.0644 	  1.5248 	 1.733115e+18 	 2.478578e+16 	 2.907132e-07 	 1.659531e-06 	 -1000.0000 	 -1000.0000 	 -1000.0000 	 -1000.0000 
	 91.9230 	 3.039567e-05 	 142.8814 	  1.5010 	 1.542220e+18 	 2.198486e+16 	 2.380983e-07 	 1.485570e-06 	 -1000.0000 	 -1000.0000 	 -1000.0000 	 -1000.0000 
	 92.0480 	 2.991150e-05 	 142.8563 	  1.4993 	 1.517931e+18 	 2.163798e+16 	 2.344681e-07 	 1.480079e-06 	 -1000.0000 	 -1000.0000 	 -1000.0000 	 -1000.0000 
	 92.1720 	 2.943870e-05 	 142.8322 	  1.4982 	 1.494198e+18 	 2.130188e+16 	 2.315739e-07 	 1.478668e-06 	 -1000.0000 	 -1000.0000 	 -1000.0000 	 -1000.0000 
	 92.2970 	 2.896960e-05 	 142.8092 	  1.4977 	 1.470632e+18 	 2.097131e+16 	 2.293175e-07 	 1.481179e-06 	 -1000.0000 	 -1000.0000 	 -1000.0000 	 -1000.0000 
	 92.4220 	 2.850801e-05 	 142.7879 	  1.4979 	 1.447419e+18 	 2.064920e+16 	 2.276734e-07 	 1.487500e-06 	 -1000.0000 	 -1000.0000 	 -1000.0000 	 -1000.0000 
	 93.3270 	 2.538539e-05 	 142.7241 	  1.5222 	 1.289219e+18 	 1.857194e+16 	 2.293864e-07 	 1.632653e-06 	 -1000.0000 	 -1000.0000 	 -1000.0000 	 -1000.0000 
	 93.4510 	 2.498644e-05 	 142.7382 	  1.5276 	 1.268793e+18 	 1.831559e+16 	 2.309033e-07 	 1.663316e-06 	 -1000.0000 	 -1000.0000 	 -1000.0000 	 -1000.0000 
	 93.5750 	 2.459409e-05 	 142.7612 	  1.5331 	 1.248641e+18 	 1.806308e+16 	 2.326001e-07 	 1.695721e-06 	 -1000.0000 	 -1000.0000 	 -1000.0000 	 -1000.0000 
	 93.6990 	 2.420822e-05 	 142.7943 	  1.5384 	 1.228756e+18 	 1.781335e+16 	 2.344356e-07 	 1.729581e-06 	 -1000.0000 	 -1000.0000 	 -1000.0000 	 -1000.0000 
	 93.8230 	 2.382871e-05 	 142.8386 	  1.5432 	 1.209128e+18 	 1.756537e+16 	 2.363687e-07 	 1.764611e-06 	 -1000.0000 	 -1000.0000 	 -1000.0000 	 -1000.0000 
