	 height_(km) 	 press_(mbar) 	 temp_(K) 	 temperr_(K) 	 numdens_(m-3) 	 numdenserr_(m-3) 	 H2Ovmr_() 	 H2Ovmrerr_() 	 D/H_(VSMOW) 	 D/Herr_(VSMOW) 	 18O/16O_(VSMOW) 	 18O/16Oerr_(VSMOW) 
	 18.9420 	 9.248872e-01 	 198.7292 	  3.3521 	 3.373295e+22 	 5.794684e+20 	 1.706892e-04 	 1.453749e-05 	  3.2343 	  0.8485 	  1.0468 	  0.2898 
	 19.0860 	 9.120282e-01 	 198.5236 	  3.3249 	 3.330253e+22 	 5.669219e+20 	 1.696097e-04 	 1.410273e-05 	  3.2451 	  0.8588 	  1.0555 	  0.2910 
	 19.1020 	 9.106085e-01 	 198.4986 	  3.3206 	 3.325524e+22 	 5.653667e+20 	 1.694781e-04 	 1.405718e-05 	  3.2463 	  0.8597 	  1.0563 	  0.2910 
	 19.2450 	 8.979999e-01 	 198.2569 	  3.2717 	 3.283731e+22 	 5.501376e+20 	 1.682066e-04 	 1.367512e-05 	  3.2559 	  0.8655 	  1.0637 	  0.2904 
	 19.3890 	 8.854490e-01 	 197.9836 	  3.2043 	 3.242453e+22 	 5.325736e+20 	 1.667809e-04 	 1.333648e-05 	  3.2651 	  0.8674 	  1.0701 	  0.2881 
	 19.5320 	 8.731300e-01 	 197.6861 	  3.1212 	 3.202217e+22 	 5.131821e+20 	 1.652697e-04 	 1.304556e-05 	  3.2742 	  0.8662 	  1.0754 	  0.2844 
	 20.1120 	 8.246402e-01 	 196.2881 	  2.6542 	 3.045729e+22 	 4.200431e+20 	 1.593404e-04 	 1.228264e-05 	  3.3081 	  0.8464 	  1.0827 	  0.2606 
	 20.2560 	 8.129674e-01 	 195.9122 	  2.5147 	 3.008296e+22 	 3.946669e+20 	 1.581916e-04 	 1.217936e-05 	  3.3145 	  0.8411 	  1.0799 	  0.2540 
	 20.2720 	 8.116794e-01 	 195.8701 	  2.4989 	 3.004166e+22 	 3.918203e+20 	 1.580764e-04 	 1.216944e-05 	  3.3151 	  0.8406 	  1.0795 	  0.2532 
	 20.4150 	 8.002475e-01 	 195.4926 	  2.3541 	 2.967501e+22 	 3.662421e+20 	 1.571690e-04 	 1.209159e-05 	  3.3206 	  0.8355 	  1.0747 	  0.2467 
	 20.5590 	 7.888803e-01 	 195.1126 	  2.2045 	 2.930989e+22 	 3.404230e+20 	 1.564931e-04 	 1.202691e-05 	  3.3257 	  0.8302 	  1.0683 	  0.2402 
	 21.1390 	 7.445626e-01 	 193.6588 	  1.5987 	 2.787081e+22 	 2.412384e+20 	 1.565231e-04 	 1.170602e-05 	  3.3554 	  0.8009 	  1.0317 	  0.2160 
	 21.2820 	 7.339963e-01 	 193.3379 	  1.4572 	 2.752129e+22 	 2.193070e+20 	 1.572821e-04 	 1.155596e-05 	  3.3698 	  0.7898 	  1.0219 	  0.2103 
	 21.4260 	 7.234999e-01 	 193.0371 	  1.3215 	 2.717046e+22 	 1.987658e+20 	 1.583903e-04 	 1.135350e-05 	  3.3888 	  0.7765 	  1.0122 	  0.2047 
	 21.4350 	 7.228487e-01 	 193.0191 	  1.3133 	 2.714856e+22 	 1.975395e+20 	 1.584717e-04 	 1.133890e-05 	  3.3902 	  0.7755 	  1.0116 	  0.2043 
	 21.5780 	 7.125767e-01 	 192.7479 	  1.1875 	 2.680086e+22 	 1.790589e+20 	 1.599616e-04 	 1.107380e-05 	  3.4140 	  0.7598 	  1.0026 	  0.1986 
	 22.1610 	 6.721237e-01 	 191.8237 	  0.8318 	 2.540064e+22 	 1.278694e+20 	 1.662304e-04 	 9.993152e-06 	  3.5719 	  0.6749 	  0.9798 	  0.1757 
	 22.3040 	 6.625374e-01 	 191.6144 	  0.7989 	 2.506497e+22 	 1.222087e+20 	 1.667647e-04 	 9.911261e-06 	  3.6297 	  0.6502 	  0.9805 	  0.1700 
	 22.4470 	 6.530800e-01 	 191.4163 	  0.7852 	 2.473203e+22 	 1.188552e+20 	 1.668798e-04 	 9.902528e-06 	  3.6951 	  0.6246 	  0.9842 	  0.1646 
	 22.5890 	 6.438151e-01 	 191.2382 	  0.7868 	 2.440336e+22 	 1.173339e+20 	 1.666774e-04 	 9.943389e-06 	  3.7665 	  0.5990 	  0.9908 	  0.1599 
	 22.6090 	 6.425203e-01 	 191.2150 	  0.7880 	 2.435718e+22 	 1.172375e+20 	 1.666278e-04 	 9.951876e-06 	  3.7770 	  0.5954 	  0.9919 	  0.1593 
	 23.1790 	 6.066461e-01 	 190.8577 	  0.8688 	 2.304174e+22 	 1.199759e+20 	 1.649960e-04 	 1.013335e-05 	  4.0966 	  0.5069 	  1.0397 	  0.1459 
	 23.1990 	 6.054230e-01 	 190.8589 	  0.8716 	 2.299529e+22 	 1.200675e+20 	 1.649985e-04 	 1.012733e-05 	  4.1078 	  0.5051 	  1.0416 	  0.1454 
	 23.3410 	 5.968075e-01 	 190.9007 	  0.8880 	 2.266424e+22 	 1.202653e+20 	 1.652589e-04 	 1.004097e-05 	  4.1856 	  0.4912 	  1.0556 	  0.1417 
	 23.4840 	 5.882520e-01 	 190.9970 	  0.8978 	 2.232924e+22 	 1.196534e+20 	 1.658854e-04 	 9.886402e-06 	  4.2606 	  0.4756 	  1.0696 	  0.1377 
	 23.6270 	 5.798166e-01 	 191.1348 	  0.9025 	 2.199409e+22 	 1.183936e+20 	 1.667615e-04 	 9.683301e-06 	  4.3318 	  0.4596 	  1.0837 	  0.1338 
	 24.0640 	 5.547737e-01 	 191.6755 	  0.9004 	 2.098468e+22 	 1.123836e+20 	 1.698962e-04 	 8.968593e-06 	  4.5138 	  0.4317 	  1.1223 	  0.1236 
	 24.2070 	 5.468163e-01 	 191.8465 	  0.8996 	 2.066438e+22 	 1.103168e+20 	 1.707701e-04 	 8.780137e-06 	  4.5537 	  0.4338 	  1.1312 	  0.1214 
	 24.3490 	 5.390291e-01 	 191.9916 	  0.9012 	 2.035373e+22 	 1.085113e+20 	 1.714741e-04 	 8.649971e-06 	  4.5801 	  0.4374 	  1.1378 	  0.1198 
	 24.3690 	 5.379414e-01 	 192.0093 	  0.9017 	 2.031065e+22 	 1.082868e+20 	 1.715589e-04 	 8.637014e-06 	  4.5827 	  0.4380 	  1.1385 	  0.1196 
	 24.5110 	 5.302831e-01 	 192.1107 	  0.9079 	 2.001019e+22 	 1.069657e+20 	 1.720581e-04 	 8.585333e-06 	  4.5938 	  0.4421 	  1.1426 	  0.1188 
	 25.0910 	 5.001421e-01 	 192.0177 	  0.9504 	 1.888180e+22 	 1.041970e+20 	 1.731498e-04 	 8.938538e-06 	  4.5321 	  0.4515 	  1.1415 	  0.1253 
	 25.2340 	 4.929826e-01 	 191.8579 	  0.9547 	 1.862727e+22 	 1.032691e+20 	 1.734315e-04 	 9.098863e-06 	  4.5009 	  0.4496 	  1.1376 	  0.1265 
	 25.3770 	 4.859267e-01 	 191.6395 	  0.9523 	 1.838181e+22 	 1.018879e+20 	 1.737710e-04 	 9.246241e-06 	  4.4677 	  0.4456 	  1.1328 	  0.1270 
	 25.5190 	 4.790210e-01 	 191.3623 	  0.9414 	 1.814689e+22 	 9.989350e+19 	 1.741658e-04 	 9.350730e-06 	  4.4350 	  0.4397 	  1.1274 	  0.1265 
	 25.5390 	 4.780563e-01 	 191.3183 	  0.9390 	 1.811450e+22 	 9.955280e+19 	 1.742258e-04 	 9.360479e-06 	  4.4306 	  0.4387 	  1.1266 	  0.1264 
	 26.1090 	 4.513272e-01 	 189.8149 	  0.8172 	 1.723676e+22 	 8.565116e+19 	 1.762225e-04 	 9.229633e-06 	  4.3389 	  0.4083 	  1.1049 	  0.1171 
	 26.1220 	 4.507331e-01 	 189.7847 	  0.8146 	 1.721686e+22 	 8.535030e+19 	 1.762741e-04 	 9.224771e-06 	  4.3379 	  0.4079 	  1.1045 	  0.1170 
	 26.2640 	 4.442823e-01 	 189.5020 	  0.7927 	 1.699649e+22 	 8.251535e+19 	 1.768657e-04 	 9.190728e-06 	  4.3299 	  0.4051 	  1.1008 	  0.1159 
	 26.4070 	 4.378580e-01 	 189.3046 	  0.7821 	 1.676913e+22 	 8.053088e+19 	 1.775060e-04 	 9.184908e-06 	  4.3284 	  0.4040 	  1.0982 	  0.1149 
	 26.5490 	 4.315526e-01 	 189.1793 	  0.7814 	 1.653950e+22 	 7.929839e+19 	 1.781402e-04 	 9.192835e-06 	  4.3335 	  0.4036 	  1.0968 	  0.1140 
	 27.1310 	 4.065427e-01 	 189.0357 	  0.8405 	 1.559275e+22 	 7.898228e+19 	 1.793728e-04 	 9.213607e-06 	  4.4119 	  0.3983 	  1.1038 	  0.1115 
	 27.2730 	 4.006591e-01 	 189.0020 	  0.8604 	 1.536887e+22 	 7.934163e+19 	 1.789872e-04 	 9.186710e-06 	  4.4435 	  0.3946 	  1.1090 	  0.1115 
	 27.9260 	 3.747771e-01 	 188.3527 	  0.9178 	 1.442276e+22 	 7.857115e+19 	 1.731053e-04 	 8.978924e-06 	  4.6208 	  0.3866 	  1.1470 	  0.1151 
	 28.0670 	 3.694271e-01 	 188.1386 	  0.9209 	 1.423321e+22 	 7.777540e+19 	 1.713716e-04 	 8.962528e-06 	  4.6579 	  0.3918 	  1.1568 	  0.1164 
	 28.2090 	 3.641170e-01 	 187.9185 	  0.9208 	 1.404543e+22 	 7.676524e+19 	 1.696693e-04 	 8.956287e-06 	  4.6914 	  0.3971 	  1.1668 	  0.1178 
	 28.3510 	 3.588816e-01 	 187.7042 	  0.9174 	 1.385980e+22 	 7.555427e+19 	 1.681167e-04 	 8.961570e-06 	  4.7200 	  0.4024 	  1.1768 	  0.1191 
	 28.4930 	 3.537173e-01 	 187.5059 	  0.9108 	 1.367530e+22 	 7.415120e+19 	 1.668122e-04 	 8.981404e-06 	  4.7431 	  0.4077 	  1.1867 	  0.1205 
	 28.5160 	 3.528872e-01 	 187.4760 	  0.9094 	 1.364545e+22 	 7.390645e+19 	 1.666306e-04 	 8.986174e-06 	  4.7463 	  0.4085 	  1.1883 	  0.1208 
	 29.0830 	 3.329670e-01 	 187.0183 	  0.8644 	 1.290680e+22 	 6.723943e+19 	 1.654165e-04 	 9.149492e-06 	  4.7787 	  0.4228 	  1.2231 	  0.1256 
	 29.0990 	 3.324198e-01 	 187.0139 	  0.8635 	 1.288590e+22 	 6.707134e+19 	 1.654702e-04 	 9.151872e-06 	  4.7783 	  0.4228 	  1.2239 	  0.1257 
	 29.2400 	 3.276339e-01 	 186.9961 	  0.8580 	 1.270174e+22 	 6.574828e+19 	 1.661141e-04 	 9.163774e-06 	  4.7715 	  0.4208 	  1.2292 	  0.1255 
	 29.3820 	 3.228787e-01 	 187.0126 	  0.8576 	 1.251663e+22 	 6.471302e+19 	 1.670260e-04 	 9.174312e-06 	  4.7601 	  0.4172 	  1.2330 	  0.1255 
	 29.5230 	 3.182216e-01 	 187.0521 	  0.8614 	 1.233386e+22 	 6.393437e+19 	 1.681396e-04 	 9.195381e-06 	  4.7453 	  0.4130 	  1.2355 	  0.1281 
	 30.1130 	 2.994441e-01 	 187.2192 	  0.9020 	 1.159571e+22 	 6.223292e+19 	 1.736957e-04 	 9.430321e-06 	  4.6738 	  0.3977 	  1.2373 	  0.1385 
	 30.2540 	 2.951286e-01 	 187.1998 	  0.9126 	 1.142936e+22 	 6.192670e+19 	 1.748572e-04 	 9.519076e-06 	  4.6623 	  0.3962 	  1.2371 	  0.1409 
	 30.2690 	 2.946735e-01 	 187.1952 	  0.9136 	 1.141197e+22 	 6.189112e+19 	 1.749697e-04 	 9.529170e-06 	  4.6613 	  0.3961 	  1.2371 	  0.1412 
	 30.4100 	 2.904326e-01 	 187.1246 	  0.9224 	 1.125152e+22 	 6.150948e+19 	 1.759028e-04 	 9.626190e-06 	  4.6544 	  0.3960 	  1.2371 	  0.1433 
	 30.5520 	 2.862283e-01 	 187.0033 	  0.9289 	 1.109545e+22 	 6.102510e+19 	 1.766133e-04 	 9.714029e-06 	  4.6519 	  0.3962 	  1.2373 	  0.1449 
	 31.1420 	 2.693980e-01 	 186.1230 	  0.9309 	 1.049231e+22 	 5.792442e+19 	 1.774539e-04 	 9.762527e-06 	  4.6840 	  0.3937 	  1.2367 	  0.1437 
	 31.2830 	 2.655090e-01 	 185.8633 	  0.9252 	 1.035555e+22 	 5.692479e+19 	 1.772391e-04 	 9.695069e-06 	  4.7001 	  0.3924 	  1.2361 	  0.1422 
	 31.4240 	 2.616640e-01 	 185.6003 	  0.9171 	 1.022030e+22 	 5.582579e+19 	 1.769081e-04 	 9.610253e-06 	  4.7181 	  0.3913 	  1.2354 	  0.1408 
	 31.4420 	 2.611761e-01 	 185.5668 	  0.9159 	 1.020311e+22 	 5.567835e+19 	 1.768592e-04 	 9.598868e-06 	  4.7206 	  0.3912 	  1.2353 	  0.1406 
	 31.5830 	 2.573765e-01 	 185.3090 	  0.9049 	 1.006882e+22 	 5.446858e+19 	 1.764397e-04 	 9.508324e-06 	  4.7399 	  0.3907 	  1.2345 	  0.1393 
	 32.1730 	 2.419789e-01 	 184.3905 	  0.8652 	 9.513531e+21 	 4.977206e+19 	 1.750130e-04 	 9.253870e-06 	  4.8085 	  0.3928 	  1.2316 	  0.1343 
	 32.3140 	 2.384449e-01 	 184.2253 	  0.8666 	 9.383061e+21 	 4.915030e+19 	 1.750131e-04 	 9.264790e-06 	  4.8173 	  0.3938 	  1.2313 	  0.1329 
	 32.4550 	 2.349683e-01 	 184.0799 	  0.8726 	 9.253649e+21 	 4.873735e+19 	 1.752001e-04 	 9.294246e-06 	  4.8218 	  0.3942 	  1.2314 	  0.1312 
	 32.5960 	 2.315465e-01 	 183.9507 	  0.8823 	 9.125367e+21 	 4.848619e+19 	 1.755773e-04 	 9.320339e-06 	  4.8218 	  0.3933 	  1.2318 	  0.1289 
	 32.6220 	 2.309212e-01 	 183.9284 	  0.8843 	 9.101842e+21 	 4.845380e+19 	 1.756676e-04 	 9.322926e-06 	  4.8212 	  0.3929 	  1.2319 	  0.1283 
	 33.0450 	 2.209827e-01 	 183.6091 	  0.9248 	 8.725222e+21 	 4.822287e+19 	 1.778908e-04 	 9.301565e-06 	  4.7930 	  0.3806 	  1.2339 	  0.1183 
	 33.1860 	 2.177599e-01 	 183.5116 	  0.9381 	 8.602448e+21 	 4.813864e+19 	 1.788634e-04 	 9.326141e-06 	  4.7778 	  0.3772 	  1.2349 	  0.1152 
	 33.2020 	 2.173968e-01 	 183.5005 	  0.9395 	 8.588609e+21 	 4.812478e+19 	 1.789780e-04 	 9.331846e-06 	  4.7759 	  0.3769 	  1.2350 	  0.1149 
	 33.3430 	 2.142189e-01 	 183.4014 	  0.9507 	 8.467512e+21 	 4.794688e+19 	 1.800117e-04 	 9.410565e-06 	  4.7593 	  0.3755 	  1.2363 	  0.1125 
	 33.4840 	 2.110799e-01 	 183.2998 	  0.9596 	 8.347945e+21 	 4.766316e+19 	 1.810715e-04 	 9.534554e-06 	  4.7421 	  0.3757 	  1.2377 	  0.1114 
	 34.0770 	 1.983274e-01 	 182.8995 	  0.9817 	 7.860651e+21 	 4.576861e+19 	 1.852271e-04 	 1.018005e-05 	  4.6821 	  0.3837 	  1.2398 	  0.1136 
	 34.2170 	 1.954282e-01 	 182.8248 	  0.9859 	 7.748984e+21 	 4.527076e+19 	 1.859748e-04 	 1.022586e-05 	  4.6780 	  0.3837 	  1.2388 	  0.1135 
	 34.3580 	 1.925536e-01 	 182.7626 	  0.9908 	 7.637711e+21 	 4.479413e+19 	 1.866070e-04 	 1.018872e-05 	  4.6792 	  0.3818 	  1.2370 	  0.1128 
	 34.3760 	 1.921899e-01 	 182.7557 	  0.9915 	 7.623589e+21 	 4.473618e+19 	 1.866795e-04 	 1.017789e-05 	  4.6798 	  0.3815 	  1.2367 	  0.1127 
	 34.5160 	 1.893877e-01 	 182.7111 	  0.9977 	 7.514379e+21 	 4.431566e+19 	 1.871845e-04 	 1.005005e-05 	  4.6864 	  0.3775 	  1.2341 	  0.1115 
	 35.1060 	 1.780335e-01 	 182.5038 	  1.0280 	 7.071800e+21 	 4.280847e+19 	 1.882202e-04 	 9.104122e-06 	  4.7548 	  0.3542 	  1.2195 	  0.1043 
	 35.2470 	 1.754121e-01 	 182.3890 	  1.0328 	 6.971923e+21 	 4.239227e+19 	 1.881660e-04 	 8.895785e-06 	  4.7811 	  0.3502 	  1.2167 	  0.1028 
	 35.3870 	 1.728423e-01 	 182.2455 	  1.0363 	 6.875079e+21 	 4.194355e+19 	 1.879804e-04 	 8.740313e-06 	  4.8103 	  0.3479 	  1.2146 	  0.1017 
	 35.5280 	 1.702878e-01 	 182.0760 	  1.0387 	 6.779704e+21 	 4.146142e+19 	 1.876640e-04 	 8.668906e-06 	  4.8423 	  0.3481 	  1.2131 	  0.1011 
	 35.5560 	 1.697846e-01 	 182.0398 	  1.0390 	 6.761007e+21 	 4.136256e+19 	 1.875864e-04 	 8.667991e-06 	  4.8489 	  0.3485 	  1.2129 	  0.1011 
	 36.1180 	 1.599786e-01 	 181.2062 	  1.0393 	 6.400085e+21 	 3.923948e+19 	 1.862388e-04 	 9.532383e-06 	  4.9851 	  0.3811 	  1.2106 	  0.1051 
	 36.1390 	 1.596232e-01 	 181.1733 	  1.0391 	 6.387048e+21 	 3.915749e+19 	 1.862454e-04 	 9.588611e-06 	  4.9897 	  0.3830 	  1.2104 	  0.1054 
	 36.2790 	 1.572754e-01 	 180.9554 	  1.0378 	 6.300788e+21 	 3.861143e+19 	 1.864856e-04 	 9.992848e-06 	  5.0189 	  0.3970 	  1.2094 	  0.1077 
	 36.4190 	 1.549635e-01 	 180.7415 	  1.0364 	 6.215591e+21 	 3.806902e+19 	 1.870717e-04 	 1.045529e-05 	  5.0441 	  0.4131 	  1.2079 	  0.1105 
	 36.5600 	 1.526699e-01 	 180.5300 	  1.0349 	 6.130813e+21 	 3.752936e+19 	 1.879920e-04 	 1.097992e-05 	  5.0650 	  0.4317 	  1.2061 	  0.1140 
	 37.1500 	 1.434162e-01 	 179.6814 	  1.0314 	 5.786332e+21 	 3.540704e+19 	 1.941259e-04 	 1.329825e-05 	  5.1065 	  0.5213 	  1.1951 	  0.1314 
	 37.2900 	 1.412932e-01 	 179.4872 	  1.0319 	 5.706801e+21 	 3.495071e+19 	 1.956685e-04 	 1.377482e-05 	  5.1089 	  0.5415 	  1.1913 	  0.1354 
	 37.3090 	 1.410070e-01 	 179.4610 	  1.0321 	 5.696067e+21 	 3.489056e+19 	 1.958685e-04 	 1.383595e-05 	  5.1090 	  0.5441 	  1.1908 	  0.1359 
	 37.4490 	 1.389120e-01 	 179.2691 	  1.0336 	 5.617401e+21 	 3.446151e+19 	 1.972460e-04 	 1.425980e-05 	  5.1092 	  0.5625 	  1.1866 	  0.1394 
	 37.5890 	 1.368408e-01 	 179.0794 	  1.0358 	 5.539478e+21 	 3.405427e+19 	 1.984193e-04 	 1.463532e-05 	  5.1076 	  0.5788 	  1.1825 	  0.1426 
	 38.0420 	 1.303156e-01 	 178.4900 	  1.0431 	 5.292733e+21 	 3.276452e+19 	 2.004198e-04 	 1.554412e-05 	  5.1005 	  0.6231 	  1.1722 	  0.1510 
	 38.1820 	 1.283575e-01 	 178.3183 	  1.0437 	 5.218241e+21 	 3.233570e+19 	 2.003511e-04 	 1.574925e-05 	  5.1003 	  0.6378 	  1.1703 	  0.1539 
	 38.3220 	 1.264289e-01 	 178.1530 	  1.0427 	 5.144628e+21 	 3.187428e+19 	 1.999049e-04 	 1.591745e-05 	  5.1016 	  0.6544 	  1.1689 	  0.1572 
	 38.4610 	 1.245445e-01 	 177.9958 	  1.0397 	 5.072438e+21 	 3.137351e+19 	 1.990733e-04 	 1.603655e-05 	  5.1044 	  0.6730 	  1.1681 	  0.1611 
	 38.4930 	 1.241151e-01 	 177.9607 	  1.0387 	 5.055948e+21 	 3.125112e+19 	 1.988259e-04 	 1.605568e-05 	  5.1053 	  0.6776 	  1.1681 	  0.1620 
	 39.0510 	 1.168859e-01 	 177.4295 	  1.0095 	 4.775722e+21 	 2.888630e+19 	 1.919922e-04 	 1.582522e-05 	  5.1254 	  0.7613 	  1.1724 	  0.1866 
	 39.0730 	 1.166101e-01 	 177.4123 	  1.0086 	 4.764915e+21 	 2.880202e+19 	 1.916743e-04 	 1.580337e-05 	  5.1255 	  0.7640 	  1.1726 	  0.1875 
	 39.2120 	 1.148815e-01 	 177.3122 	  1.0055 	 4.696964e+21 	 2.832496e+19 	 1.896818e-04 	 1.567543e-05 	  5.1229 	  0.7790 	  1.1738 	  0.1925 
	 39.3520 	 1.131645e-01 	 177.2245 	  1.0063 	 4.629106e+21 	 2.794718e+19 	 1.877206e-04 	 1.557747e-05 	  5.1150 	  0.7900 	  1.1747 	  0.1968 
	 39.4920 	 1.114715e-01 	 177.1463 	  1.0106 	 4.561916e+21 	 2.765716e+19 	 1.857916e-04 	 1.550821e-05 	  5.1022 	  0.7971 	  1.1753 	  0.2003 
	 40.0820 	 1.045997e-01 	 176.8350 	  1.0501 	 4.288214e+21 	 2.699488e+19 	 1.774790e-04 	 1.533154e-05 	  5.0208 	  0.7921 	  1.1781 	  0.2068 
	 40.2210 	 1.030424e-01 	 176.7455 	  1.0605 	 4.226452e+21 	 2.687560e+19 	 1.753088e-04 	 1.525888e-05 	  5.0041 	  0.7860 	  1.1803 	  0.2070 
	 40.2530 	 1.026872e-01 	 176.7231 	  1.0628 	 4.212404e+21 	 2.684563e+19 	 1.747894e-04 	 1.523752e-05 	  5.0007 	  0.7845 	  1.1810 	  0.2070 
	 40.3920 	 1.011587e-01 	 176.6161 	  1.0718 	 4.152162e+21 	 2.669682e+19 	 1.724372e-04 	 1.511892e-05 	  4.9887 	  0.7774 	  1.1845 	  0.2068 
	 40.5320 	 9.964239e-02 	 176.4922 	  1.0791 	 4.092757e+21 	 2.651126e+19 	 1.699239e-04 	 1.495235e-05 	  4.9808 	  0.7691 	  1.1891 	  0.2061 
	 41.1150 	 9.355682e-02 	 175.8405 	  1.0917 	 3.857054e+21 	 2.537312e+19 	 1.585400e-04 	 1.383238e-05 	  4.9862 	  0.7280 	  1.2126 	  0.1994 
	 41.2540 	 9.215514e-02 	 175.6627 	  1.0904 	 3.803138e+21 	 2.502112e+19 	 1.556699e-04 	 1.350775e-05 	  4.9937 	  0.7209 	  1.2165 	  0.1973 
	 41.3930 	 9.077043e-02 	 175.4800 	  1.0874 	 3.749908e+21 	 2.464050e+19 	 1.527677e-04 	 1.317335e-05 	  5.0021 	  0.7157 	  1.2189 	  0.1952 
	 41.4260 	 9.044407e-02 	 175.4361 	  1.0865 	 3.737361e+21 	 2.454607e+19 	 1.520767e-04 	 1.309263e-05 	  5.0042 	  0.7147 	  1.2193 	  0.1946 
	 41.5650 	 8.907902e-02 	 175.2499 	  1.0815 	 3.684852e+21 	 2.413182e+19 	 1.491733e-04 	 1.274704e-05 	  5.0126 	  0.7114 	  1.2197 	  0.1925 
	 42.0160 	 8.477173e-02 	 174.7181 	  1.0621 	 3.517321e+21 	 2.274422e+19 	 1.404339e-04 	 1.165422e-05 	  5.0291 	  0.7061 	  1.2120 	  0.1854 
	 42.1550 	 8.348985e-02 	 174.6153 	  1.0588 	 3.466234e+21 	 2.236825e+19 	 1.381908e-04 	 1.136885e-05 	  5.0330 	  0.7046 	  1.2086 	  0.1834 
	 42.2950 	 8.222295e-02 	 174.5522 	  1.0580 	 3.414954e+21 	 2.203610e+19 	 1.362226e-04 	 1.112035e-05 	  5.0396 	  0.7029 	  1.2058 	  0.1813 
	 42.4340 	 8.098803e-02 	 174.5241 	  1.0596 	 3.364289e+21 	 2.174901e+19 	 1.345473e-04 	 1.090997e-05 	  5.0496 	  0.7008 	  1.2039 	  0.1793 
	 42.5730 	 7.977475e-02 	 174.5241 	  1.0633 	 3.313950e+21 	 2.150013e+19 	 1.331335e-04 	 1.073414e-05 	  5.0631 	  0.6985 	  1.2029 	  0.1774 
	 43.0160 	 7.603833e-02 	 174.6382 	  1.0874 	 3.156610e+21 	 2.091233e+19 	 1.301435e-04 	 1.038966e-05 	  5.1193 	  0.6909 	  1.2041 	  0.1715 
	 43.1550 	 7.490247e-02 	 174.6870 	  1.0981 	 3.108498e+21 	 2.077678e+19 	 1.296198e-04 	 1.034504e-05 	  5.1357 	  0.6888 	  1.2051 	  0.1697 
	 43.1900 	 7.461893e-02 	 174.6988 	  1.1010 	 3.096497e+21 	 2.074533e+19 	 1.295159e-04 	 1.033831e-05 	  5.1394 	  0.6883 	  1.2053 	  0.1693 
	 43.3280 	 7.351009e-02 	 174.7404 	  1.1129 	 3.049657e+21 	 2.062983e+19 	 1.292070e-04 	 1.032949e-05 	  5.1518 	  0.6864 	  1.2058 	  0.1683 
	 43.4670 	 7.240747e-02 	 174.7723 	  1.1258 	 3.003277e+21 	 2.052483e+19 	 1.290485e-04 	 1.034991e-05 	  5.1600 	  0.6851 	  1.2058 	  0.1677 
	 44.0570 	 6.788560e-02 	 174.7887 	  1.1856 	 2.815226e+21 	 2.015288e+19 	 1.297844e-04 	 1.072947e-05 	  5.1547 	  0.6888 	  1.1979 	  0.1669 
	 44.1960 	 6.685751e-02 	 174.7640 	  1.1998 	 2.772960e+21 	 2.007041e+19 	 1.302190e-04 	 1.086386e-05 	  5.1511 	  0.6917 	  1.1948 	  0.1672 
	 44.3350 	 6.584358e-02 	 174.7280 	  1.2136 	 2.731456e+21 	 1.998526e+19 	 1.307416e-04 	 1.100422e-05 	  5.1487 	  0.6950 	  1.1916 	  0.1676 
	 44.3630 	 6.564105e-02 	 174.7194 	  1.2163 	 2.723187e+21 	 1.996759e+19 	 1.308581e-04 	 1.103277e-05 	  5.1484 	  0.6956 	  1.1909 	  0.1677 
	 44.5010 	 6.465124e-02 	 174.6703 	  1.2293 	 2.682879e+21 	 1.987693e+19 	 1.314856e-04 	 1.117303e-05 	  5.1475 	  0.6988 	  1.1874 	  0.1680 
	 46.6670 	 5.092759e-02 	 172.3758 	  1.2049 	 2.141752e+21 	 1.615229e+19 	 1.429945e-04 	 1.090225e-05 	  5.3221 	  0.6767 	  1.1376 	  0.1555 
	 46.8040 	 5.016856e-02 	 172.1546 	  1.1863 	 2.112534e+21 	 1.574337e+19 	 1.432896e-04 	 1.061306e-05 	  5.3487 	  0.6646 	  1.1371 	  0.1522 
	 46.9420 	 4.941460e-02 	 171.9348 	  1.1678 	 2.083448e+21 	 1.533662e+19 	 1.435379e-04 	 1.030050e-05 	  5.3755 	  0.6500 	  1.1367 	  0.1485 
	 47.0800 	 4.867063e-02 	 171.7214 	  1.1502 	 2.054642e+21 	 1.494353e+19 	 1.437254e-04 	 9.975038e-06 	  5.3999 	  0.6334 	  1.1359 	  0.1443 
	 47.2180 	 4.793596e-02 	 171.5176 	  1.1344 	 2.026050e+21 	 1.457260e+19 	 1.438001e-04 	 9.647421e-06 	  5.4203 	  0.6157 	  1.1343 	  0.1399 
	 47.2530 	 4.775103e-02 	 171.4679 	  1.1308 	 2.018825e+21 	 1.448307e+19 	 1.437925e-04 	 9.565409e-06 	  5.4247 	  0.6112 	  1.1338 	  0.1388 
	 47.3910 	 4.702707e-02 	 171.2812 	  1.1181 	 1.990407e+21 	 1.415189e+19 	 1.436134e-04 	 9.251318e-06 	  5.4392 	  0.5941 	  1.1312 	  0.1347 
	 47.5300 	 4.630607e-02 	 171.1088 	  1.1084 	 1.961885e+21 	 1.385458e+19 	 1.431045e-04 	 8.952422e-06 	  5.4519 	  0.5790 	  1.1284 	  0.1311 
	 48.1220 	 4.333339e-02 	 170.5116 	  1.0856 	 1.842381e+21 	 1.284219e+19 	 1.358347e-04 	 7.935273e-06 	  5.5140 	  0.5526 	  1.1201 	  0.1244 
	 48.2600 	 4.266477e-02 	 170.3943 	  1.0810 	 1.815190e+21 	 1.262715e+19 	 1.330178e-04 	 7.751217e-06 	  5.5329 	  0.5546 	  1.1198 	  0.1245 
	 48.3980 	 4.200593e-02 	 170.2815 	  1.0755 	 1.788330e+21 	 1.240563e+19 	 1.298482e-04 	 7.585455e-06 	  5.5539 	  0.5594 	  1.1203 	  0.1253 
	 48.4270 	 4.186875e-02 	 170.2582 	  1.0741 	 1.782731e+21 	 1.235761e+19 	 1.291391e-04 	 7.553471e-06 	  5.5585 	  0.5608 	  1.1205 	  0.1255 
	 48.5640 	 4.122675e-02 	 170.1491 	  1.0666 	 1.756512e+21 	 1.212098e+19 	 1.256369e-04 	 7.410076e-06 	  5.5812 	  0.5691 	  1.1220 	  0.1270 
	 49.0170 	 3.917569e-02 	 169.7830 	  1.0384 	 1.672727e+21 	 1.132055e+19 	 1.154073e-04 	 6.831649e-06 	  5.6396 	  0.5899 	  1.1265 	  0.1308 
	 49.1540 	 3.857692e-02 	 169.6642 	  1.0348 	 1.648320e+21 	 1.112804e+19 	 1.137610e-04 	 6.618648e-06 	  5.6411 	  0.5857 	  1.1248 	  0.1301 
	 49.2920 	 3.798369e-02 	 169.5380 	  1.0354 	 1.624187e+21 	 1.097566e+19 	 1.129189e-04 	 6.424216e-06 	  5.6319 	  0.5776 	  1.1209 	  0.1303 
	 49.4300 	 3.740009e-02 	 169.4046 	  1.0398 	 1.600497e+21 	 1.085907e+19 	 1.127497e-04 	 6.263470e-06 	  5.6132 	  0.5679 	  1.1147 	  0.1308 
	 49.5680 	 3.682581e-02 	 169.2635 	  1.0470 	 1.577240e+21 	 1.077119e+19 	 1.131673e-04 	 6.129019e-06 	  5.5871 	  0.5571 	  1.1067 	  0.1306 
	 50.0200 	 3.500593e-02 	 168.7399 	  1.0816 	 1.503945e+21 	 1.059745e+19 	 1.171976e-04 	 5.782570e-06 	  5.4814 	  0.5221 	  1.0713 	  0.1285 
	 50.1580 	 3.446772e-02 	 168.5591 	  1.0927 	 1.482405e+21 	 1.055269e+19 	 1.185959e-04 	 5.727072e-06 	  5.4522 	  0.5155 	  1.0597 	  0.1292 
	 50.1900 	 3.434402e-02 	 168.5156 	  1.0951 	 1.477463e+21 	 1.054134e+19 	 1.188920e-04 	 5.720824e-06 	  5.4461 	  0.5144 	  1.0570 	  0.1296 
	 50.3270 	 3.381891e-02 	 168.3227 	  1.1046 	 1.456531e+21 	 1.048553e+19 	 1.200025e-04 	 5.722197e-06 	  5.4230 	  0.5119 	  1.0460 	  0.1314 
	 50.4650 	 3.329721e-02 	 168.1178 	  1.1124 	 1.435798e+21 	 1.041497e+19 	 1.208709e-04 	 5.755987e-06 	  5.4052 	  0.5118 	  1.0354 	  0.1338 
	 51.0550 	 3.114773e-02 	 167.1719 	  1.1262 	 1.350699e+21 	 9.962767e+18 	 1.219347e-04 	 6.033485e-06 	  5.3893 	  0.5289 	 -1000.0000 	 -1000.0000 
	 51.1920 	 3.066718e-02 	 166.9479 	  1.1249 	 1.331652e+21 	 9.826755e+18 	 1.216723e-04 	 6.071343e-06 	  5.4001 	  0.5349 	 -1000.0000 	 -1000.0000 
	 51.3300 	 3.019010e-02 	 166.7251 	  1.1220 	 1.312697e+21 	 9.679417e+18 	 1.212768e-04 	 6.069707e-06 	  5.4165 	  0.5405 	 -1000.0000 	 -1000.0000 
	 51.9330 	 2.818552e-02 	 165.8283 	  1.1000 	 1.232173e+21 	 8.987887e+18 	 1.176449e-04 	 5.587386e-06 	  5.5509 	  0.5586 	 -1000.0000 	 -1000.0000 
	 52.0710 	 2.774402e-02 	 165.6458 	  1.0990 	 1.214209e+21 	 8.858639e+18 	 1.162049e-04 	 5.440443e-06 	  5.5957 	  0.5634 	 -1000.0000 	 -1000.0000 
	 52.2080 	 2.731171e-02 	 165.4740 	  1.1015 	 1.196533e+21 	 8.753631e+18 	 1.145099e-04 	 5.306737e-06 	  5.6435 	  0.5693 	 -1000.0000 	 -1000.0000 
	 52.3450 	 2.688536e-02 	 165.3110 	  1.1069 	 1.179019e+21 	 8.668234e+18 	 1.125341e-04 	 5.193054e-06 	  5.6922 	  0.5763 	 -1000.0000 	 -1000.0000 
	 52.4820 	 2.646498e-02 	 165.1559 	  1.1146 	 1.161675e+21 	 8.598132e+18 	 1.102838e-04 	 5.112691e-06 	  5.7393 	  0.5849 	 -1000.0000 	 -1000.0000 
	 52.5230 	 2.634034e-02 	 165.1110 	  1.1172 	 1.156519e+21 	 8.579483e+18 	 1.095659e-04 	 5.096354e-06 	  5.7526 	  0.5878 	 -1000.0000 	 -1000.0000 
	 53.0720 	 2.472288e-02 	 164.5621 	  1.1576 	 1.089111e+21 	 8.367356e+18 	 1.008912e-04 	 4.812332e-06 	  5.9002 	  0.6233 	 -1000.0000 	 -1000.0000 
	 53.1130 	 2.460594e-02 	 164.5244 	  1.1604 	 1.084206e+21 	 8.350052e+18 	 1.004685e-04 	 4.758890e-06 	  5.9103 	  0.6303 	 -1000.0000 	 -1000.0000 
	 53.2510 	 2.421629e-02 	 164.3999 	  1.1685 	 1.067838e+21 	 8.285326e+18 	 9.935255e-05 	 4.537431e-06 	  5.9449 	  0.6562 	 -1000.0000 	 -1000.0000 
	 53.3880 	 2.383544e-02 	 164.2803 	  1.1749 	 1.051803e+21 	 8.210184e+18 	 9.862287e-05 	 4.295770e-06 	  5.9802 	  0.6848 	 -1000.0000 	 -1000.0000 
	 53.5250 	 2.346046e-02 	 164.1656 	  1.1798 	 1.035974e+21 	 8.125797e+18 	 9.818252e-05 	 4.071454e-06 	  6.0166 	  0.7120 	 -1000.0000 	 -1000.0000 
	 54.1070 	 2.193067e-02 	 163.7596 	  1.1917 	 9.708273e+20 	 7.708501e+18 	 9.665803e-05 	 3.930759e-06 	  6.1719 	  0.7986 	 -1000.0000 	 -1000.0000 
	 54.2430 	 2.158743e-02 	 163.6897 	  1.1941 	 9.560477e+20 	 7.607581e+18 	 9.603857e-05 	 3.925482e-06 	  6.2068 	  0.8174 	 -1000.0000 	 -1000.0000 
	 54.2870 	 2.147749e-02 	 163.6695 	  1.1949 	 9.512987e+20 	 7.575400e+18 	 9.578536e-05 	 3.922407e-06 	  6.2178 	  0.8234 	 -1000.0000 	 -1000.0000 
	 54.4240 	 2.113866e-02 	 163.6149 	  1.1980 	 9.366102e+20 	 7.477611e+18 	 9.482119e-05 	 3.907295e-06 	  6.2507 	  0.8412 	 -1000.0000 	 -1000.0000 
	 54.5600 	 2.080742e-02 	 163.5733 	  1.2017 	 9.221749e+20 	 7.384182e+18 	 9.360999e-05 	 3.882317e-06 	  6.2810 	  0.8577 	 -1000.0000 	 -1000.0000 
	 55.0040 	 1.976138e-02 	 163.5162 	  1.2136 	 8.761282e+20 	 7.084137e+18 	 8.840243e-05 	 3.745670e-06 	  6.3667 	  0.9128 	 -1000.0000 	 -1000.0000 
	 55.1400 	 1.945176e-02 	 163.5204 	  1.2157 	 8.623769e+20 	 6.987194e+18 	 8.663605e-05 	 3.699838e-06 	 -1000.0000 	 -1000.0000 	 -1000.0000 	 -1000.0000 
	 55.2770 	 1.914496e-02 	 163.5336 	  1.2165 	 8.487025e+20 	 6.884036e+18 	 8.487121e-05 	 3.655883e-06 	 -1000.0000 	 -1000.0000 	 -1000.0000 	 -1000.0000 
	 55.4130 	 1.884544e-02 	 163.5552 	  1.2154 	 8.353106e+20 	 6.774405e+18 	 8.316680e-05 	 3.612983e-06 	 -1000.0000 	 -1000.0000 	 -1000.0000 	 -1000.0000 
	 55.4570 	 1.874960e-02 	 163.5638 	  1.2147 	 8.310179e+20 	 6.737103e+18 	 8.262953e-05 	 3.598914e-06 	 -1000.0000 	 -1000.0000 	 -1000.0000 	 -1000.0000 
	 56.0030 	 1.760309e-02 	 163.7260 	  1.1892 	 7.794243e+20 	 6.210888e+18 	 7.691921e-05 	 3.434376e-06 	 -1000.0000 	 -1000.0000 	 -1000.0000 	 -1000.0000 
	 56.0500 	 1.750793e-02 	 163.7435 	  1.1866 	 7.751275e+20 	 6.164985e+18 	 7.654753e-05 	 3.425590e-06 	 -1000.0000 	 -1000.0000 	 -1000.0000 	 -1000.0000 
	 56.1870 	 1.723355e-02 	 163.7965 	  1.1798 	 7.627322e+20 	 6.036545e+18 	 7.561085e-05 	 3.409869e-06 	 -1000.0000 	 -1000.0000 	 -1000.0000 	 -1000.0000 
	 56.3230 	 1.696552e-02 	 163.8517 	  1.1746 	 7.506152e+20 	 5.918504e+18 	 7.490639e-05 	 3.408637e-06 	 -1000.0000 	 -1000.0000 	 -1000.0000 	 -1000.0000 
	 56.4590 	 1.670175e-02 	 163.9101 	  1.1709 	 7.386807e+20 	 5.809063e+18 	 7.442324e-05 	 3.419981e-06 	 -1000.0000 	 -1000.0000 	 -1000.0000 	 -1000.0000 
	 57.0390 	 1.562294e-02 	 164.2081 	  1.1669 	 6.897161e+20 	 5.412831e+18 	 7.457554e-05 	 3.568841e-06 	 -1000.0000 	 -1000.0000 	 -1000.0000 	 -1000.0000 
	 57.1750 	 1.538041e-02 	 164.2928 	  1.1678 	 6.786610e+20 	 5.330344e+18 	 7.503808e-05 	 3.618188e-06 	 -1000.0000 	 -1000.0000 	 -1000.0000 	 -1000.0000 
	 57.8040 	 1.430732e-02 	 164.7782 	  1.1717 	 6.294517e+20 	 4.952268e+18 	 7.878151e-05 	 3.980622e-06 	 -1000.0000 	 -1000.0000 	 -1000.0000 	 -1000.0000 
	 57.9400 	 1.408543e-02 	 164.9046 	  1.1699 	 6.192136e+20 	 4.864089e+18 	 7.990866e-05 	 4.123618e-06 	 -1000.0000 	 -1000.0000 	 -1000.0000 	 -1000.0000 
	 58.0750 	 1.386860e-02 	 165.0377 	  1.1661 	 6.091884e+20 	 4.771755e+18 	 8.121890e-05 	 4.266543e-06 	 -1000.0000 	 -1000.0000 	 -1000.0000 	 -1000.0000 
	 58.2110 	 1.365355e-02 	 165.1797 	  1.1599 	 5.992261e+20 	 4.672740e+18 	 8.277107e-05 	 4.405017e-06 	 -1000.0000 	 -1000.0000 	 -1000.0000 	 -1000.0000 
	 58.3470 	 1.344186e-02 	 165.3297 	  1.1508 	 5.893999e+20 	 4.566544e+18 	 8.460176e-05 	 4.529032e-06 	 -1000.0000 	 -1000.0000 	 -1000.0000 	 -1000.0000 
	 58.3900 	 1.337561e-02 	 165.3787 	  1.1472 	 5.863212e+20 	 4.531287e+18 	 8.524570e-05 	 4.563712e-06 	 -1000.0000 	 -1000.0000 	 -1000.0000 	 -1000.0000 
	 58.5270 	 1.316672e-02 	 165.5405 	  1.1335 	 5.766013e+20 	 4.412991e+18 	 8.751073e-05 	 4.659454e-06 	 -1000.0000 	 -1000.0000 	 -1000.0000 	 -1000.0000 
	 58.9770 	 1.250392e-02 	 166.0920 	  1.0776 	 5.457591e+20 	 4.006270e+18 	 9.660416e-05 	 4.923924e-06 	 -1000.0000 	 -1000.0000 	 -1000.0000 	 -1000.0000 
	 59.1130 	 1.231081e-02 	 166.2463 	  1.0655 	 5.368318e+20 	 3.902298e+18 	 9.960758e-05 	 5.012436e-06 	 -1000.0000 	 -1000.0000 	 -1000.0000 	 -1000.0000 
	 59.2480 	 1.212244e-02 	 166.3860 	  1.0587 	 5.281758e+20 	 3.816399e+18 	 1.026175e-04 	 5.105372e-06 	 -1000.0000 	 -1000.0000 	 -1000.0000 	 -1000.0000 
	 59.3830 	 1.193730e-02 	 166.5100 	  1.0564 	 5.197241e+20 	 3.745856e+18 	 1.056190e-04 	 5.201930e-06 	 -1000.0000 	 -1000.0000 	 -1000.0000 	 -1000.0000 
	 59.5190 	 1.175393e-02 	 166.6169 	  1.0577 	 5.114141e+20 	 3.687749e+18 	 1.085927e-04 	 5.302171e-06 	 -1000.0000 	 -1000.0000 	 -1000.0000 	 -1000.0000 
	 59.9730 	 1.116317e-02 	 166.8162 	  1.0782 	 4.851293e+20 	 3.554594e+18 	 1.174982e-04 	 5.664090e-06 	 -1000.0000 	 -1000.0000 	 -1000.0000 	 -1000.0000 
	 60.1090 	 1.099217e-02 	 166.8205 	  1.0858 	 4.776831e+20 	 3.522921e+18 	 1.196248e-04 	 5.787487e-06 	 -1000.0000 	 -1000.0000 	 -1000.0000 	 -1000.0000 
	 60.1470 	 1.094485e-02 	 166.8166 	  1.0878 	 4.756371e+20 	 3.514035e+18 	 1.201573e-04 	 5.823813e-06 	 -1000.0000 	 -1000.0000 	 -1000.0000 	 -1000.0000 
	 60.2830 	 1.077709e-02 	 166.7830 	  1.0943 	 4.684376e+20 	 3.480851e+18 	 1.218341e-04 	 5.956789e-06 	 -1000.0000 	 -1000.0000 	 -1000.0000 	 -1000.0000 
	 60.4180 	 1.061296e-02 	 166.7188 	  1.0991 	 4.614782e+20 	 3.444688e+18 	 1.231597e-04 	 6.081828e-06 	 -1000.0000 	 -1000.0000 	 -1000.0000 	 -1000.0000 
	 61.0080 	 9.923134e-03 	 166.0903 	  1.1005 	 4.331143e+20 	 3.251655e+18 	 1.252008e-04 	 6.419308e-06 	 -1000.0000 	 -1000.0000 	 -1000.0000 	 -1000.0000 
	 61.1430 	 9.771442e-03 	 165.8701 	  1.0963 	 4.270617e+20 	 3.200635e+18 	 1.248394e-04 	 6.436674e-06 	 -1000.0000 	 -1000.0000 	 -1000.0000 	 -1000.0000 
	 61.2790 	 9.620893e-03 	 165.6207 	  1.0904 	 4.211169e+20 	 3.147091e+18 	 1.241821e-04 	 6.426407e-06 	 -1000.0000 	 -1000.0000 	 -1000.0000 	 -1000.0000 
	 61.3270 	 9.568296e-03 	 165.5263 	  1.0879 	 4.190542e+20 	 3.127718e+18 	 1.238821e-04 	 6.415663e-06 	 -1000.0000 	 -1000.0000 	 -1000.0000 	 -1000.0000 
	 61.4630 	 9.420785e-03 	 165.2405 	  1.0797 	 4.133076e+20 	 3.071600e+18 	 1.228450e-04 	 6.363473e-06 	 -1000.0000 	 -1000.0000 	 -1000.0000 	 -1000.0000 
	 62.0460 	 8.812737e-03 	 163.8357 	  1.0489 	 3.899468e+20 	 2.855210e+18 	 1.161486e-04 	 5.977448e-06 	 -1000.0000 	 -1000.0000 	 -1000.0000 	 -1000.0000 
	 62.1810 	 8.677234e-03 	 163.5071 	  1.0503 	 3.847248e+20 	 2.824356e+18 	 1.143832e-04 	 5.928461e-06 	 -1000.0000 	 -1000.0000 	 -1000.0000 	 -1000.0000 
	 62.3150 	 8.544574e-03 	 163.1858 	  1.0555 	 3.795909e+20 	 2.801742e+18 	 1.126284e-04 	 5.902946e-06 	 -1000.0000 	 -1000.0000 	 -1000.0000 	 -1000.0000 
	 62.4500 	 8.412710e-03 	 162.8660 	  1.0637 	 3.744683e+20 	 2.785404e+18 	 1.108777e-04 	 5.888866e-06 	 -1000.0000 	 -1000.0000 	 -1000.0000 	 -1000.0000 
	 62.5010 	 8.363347e-03 	 162.7460 	  1.0675 	 3.725460e+20 	 2.780579e+18 	 1.102243e-04 	 5.883993e-06 	 -1000.0000 	 -1000.0000 	 -1000.0000 	 -1000.0000 
	 63.0400 	 7.855758e-03 	 161.4880 	  1.1167 	 3.526579e+20 	 2.749180e+18 	 1.028650e-04 	 5.843110e-06 	 -1000.0000 	 -1000.0000 	 -1000.0000 	 -1000.0000 
	 63.0910 	 7.808976e-03 	 161.3686 	  1.1213 	 3.508163e+20 	 2.745924e+18 	 1.020482e-04 	 5.844351e-06 	 -1000.0000 	 -1000.0000 	 -1000.0000 	 -1000.0000 
	 63.2260 	 7.686100e-03 	 161.0511 	  1.1324 	 3.459746e+20 	 2.735056e+18 	 9.975398e-05 	 5.848826e-06 	 -1000.0000 	 -1000.0000 	 -1000.0000 	 -1000.0000 
	 63.3610 	 7.564611e-03 	 160.7309 	  1.1415 	 3.411821e+20 	 2.720126e+18 	 9.732460e-05 	 5.841198e-06 	 -1000.0000 	 -1000.0000 	 -1000.0000 	 -1000.0000 
	 63.4950 	 7.445474e-03 	 160.4110 	  1.1485 	 3.364769e+20 	 2.701091e+18 	 9.483977e-05 	 5.815338e-06 	 -1000.0000 	 -1000.0000 	 -1000.0000 	 -1000.0000 
	 64.0780 	 6.946158e-03 	 159.0069 	  1.1500 	 3.166846e+20 	 2.566922e+18 	 8.418013e-05 	 5.552857e-06 	 -1000.0000 	 -1000.0000 	 -1000.0000 	 -1000.0000 
	 64.2120 	 6.836268e-03 	 158.6842 	  1.1426 	 3.123099e+20 	 2.523718e+18 	 8.197206e-05 	 5.475149e-06 	 -1000.0000 	 -1000.0000 	 -1000.0000 	 -1000.0000 
	 64.2610 	 6.796581e-03 	 158.5664 	  1.1391 	 3.107280e+20 	 2.506718e+18 	 8.120150e-05 	 5.446140e-06 	 -1000.0000 	 -1000.0000 	 -1000.0000 	 -1000.0000 
	 64.3960 	 6.688665e-03 	 158.2429 	  1.1271 	 3.064208e+20 	 2.456510e+18 	 7.918729e-05 	 5.366536e-06 	 -1000.0000 	 -1000.0000 	 -1000.0000 	 -1000.0000 
	 64.5310 	 6.582795e-03 	 157.9215 	  1.1122 	 3.021853e+20 	 2.402383e+18 	 7.733279e-05 	 5.293416e-06 	 -1000.0000 	 -1000.0000 	 -1000.0000 	 -1000.0000 
	 64.9790 	 6.242925e-03 	 156.8895 	  1.0684 	 2.884671e+20 	 2.234745e+18 	 7.237948e-05 	 5.155542e-06 	 -1000.0000 	 -1000.0000 	 -1000.0000 	 -1000.0000 
	 65.1130 	 6.143784e-03 	 156.5971 	  1.0641 	 2.844139e+20 	 2.199214e+18 	 7.125254e-05 	 5.159519e-06 	 -1000.0000 	 -1000.0000 	 -1000.0000 	 -1000.0000 
	 65.2480 	 6.044967e-03 	 156.3134 	  1.0642 	 2.803450e+20 	 2.170881e+18 	 7.025546e-05 	 5.184185e-06 	 -1000.0000 	 -1000.0000 	 -1000.0000 	 -1000.0000 
	 65.3820 	 5.948010e-03 	 156.0446 	  1.0680 	 2.763218e+20 	 2.148676e+18 	 6.938335e-05 	 5.224563e-06 	 -1000.0000 	 -1000.0000 	 -1000.0000 	 -1000.0000 
	 65.4340 	 5.910703e-03 	 155.9442 	  1.0703 	 2.747650e+20 	 2.141330e+18 	 6.907231e-05 	 5.243462e-06 	 -1000.0000 	 -1000.0000 	 -1000.0000 	 -1000.0000 
	 65.9720 	 5.536253e-03 	 155.0648 	  1.1054 	 2.588214e+20 	 2.083474e+18 	 6.645159e-05 	 5.474838e-06 	 -1000.0000 	 -1000.0000 	 -1000.0000 	 -1000.0000 
	 66.0180 	 5.505297e-03 	 155.0056 	  1.1083 	 2.574734e+20 	 2.078313e+18 	 6.625980e-05 	 5.492073e-06 	 -1000.0000 	 -1000.0000 	 -1000.0000 	 -1000.0000 
	 66.1520 	 5.416156e-03 	 154.8496 	  1.1158 	 2.535617e+20 	 2.061317e+18 	 6.571565e-05 	 5.533605e-06 	 -1000.0000 	 -1000.0000 	 -1000.0000 	 -1000.0000 
	 66.2860 	 5.328577e-03 	 154.7194 	  1.1213 	 2.496731e+20 	 2.040811e+18 	 6.518924e-05 	 5.559456e-06 	 -1000.0000 	 -1000.0000 	 -1000.0000 	 -1000.0000 
	 66.4200 	 5.242520e-03 	 154.6144 	  1.1250 	 2.458085e+20 	 2.017151e+18 	 6.468263e-05 	 5.570782e-06 	 -1000.0000 	 -1000.0000 	 -1000.0000 	 -1000.0000 
	 67.0100 	 4.880424e-03 	 154.4336 	  1.1276 	 2.290961e+20 	 1.888752e+18 	 6.275425e-05 	 5.524458e-06 	 -1000.0000 	 -1000.0000 	 -1000.0000 	 -1000.0000 
	 67.1440 	 4.801711e-03 	 154.4523 	  1.1269 	 2.253736e+20 	 1.857110e+18 	 6.240256e-05 	 5.511025e-06 	 -1000.0000 	 -1000.0000 	 -1000.0000 	 -1000.0000 
	 67.1910 	 4.774388e-03 	 154.4638 	  1.1267 	 2.240747e+20 	 1.846032e+18 	 6.228840e-05 	 5.507566e-06 	 -1000.0000 	 -1000.0000 	 -1000.0000 	 -1000.0000 
	 67.3250 	 4.697279e-03 	 154.5102 	  1.1263 	 2.203910e+20 	 1.814782e+18 	 6.199207e-05 	 5.502858e-06 	 -1000.0000 	 -1000.0000 	 -1000.0000 	 -1000.0000 
	 67.4580 	 4.621878e-03 	 154.5747 	  1.1263 	 2.167655e+20 	 1.784432e+18 	 6.174478e-05 	 5.506400e-06 	 -1000.0000 	 -1000.0000 	 -1000.0000 	 -1000.0000 
	 68.0480 	 4.301286e-03 	 154.9865 	  1.1219 	 2.011986e+20 	 1.650412e+18 	 6.129295e-05 	 5.574484e-06 	 -1000.0000 	 -1000.0000 	 -1000.0000 	 -1000.0000 
	 68.1820 	 4.231713e-03 	 155.0859 	  1.1177 	 1.978151e+20 	 1.618230e+18 	 6.135820e-05 	 5.590972e-06 	 -1000.0000 	 -1000.0000 	 -1000.0000 	 -1000.0000 
	 68.3160 	 4.163369e-03 	 155.1790 	  1.1115 	 1.945008e+20 	 1.584704e+18 	 6.149479e-05 	 5.601596e-06 	 -1000.0000 	 -1000.0000 	 -1000.0000 	 -1000.0000 
	 68.3610 	 4.140696e-03 	 155.2081 	  1.1089 	 1.934043e+20 	 1.573086e+18 	 6.155728e-05 	 5.603106e-06 	 -1000.0000 	 -1000.0000 	 -1000.0000 	 -1000.0000 
	 68.4950 	 4.074016e-03 	 155.2866 	  1.0993 	 1.901918e+20 	 1.537257e+18 	 6.179367e-05 	 5.599650e-06 	 -1000.0000 	 -1000.0000 	 -1000.0000 	 -1000.0000 
	 68.9510 	 3.855799e-03 	 155.4081 	  1.0603 	 1.798641e+20 	 1.414999e+18 	 6.307766e-05 	 5.544578e-06 	 -1000.0000 	 -1000.0000 	 -1000.0000 	 -1000.0000 
	 69.0850 	 3.793863e-03 	 155.3827 	  1.0543 	 1.770031e+20 	 1.386440e+18 	 6.355005e-05 	 5.546216e-06 	 -1000.0000 	 -1000.0000 	 -1000.0000 	 -1000.0000 
	 69.2180 	 3.733232e-03 	 155.3235 	  1.0535 	 1.742392e+20 	 1.364071e+18 	 6.403778e-05 	 5.567752e-06 	 -1000.0000 	 -1000.0000 	 -1000.0000 	 -1000.0000 
	 69.3520 	 3.672998e-03 	 155.2316 	  1.0573 	 1.715277e+20 	 1.346900e+18 	 6.453081e-05 	 5.607290e-06 	 -1000.0000 	 -1000.0000 	 -1000.0000 	 -1000.0000 
	 69.4860 	 3.613629e-03 	 155.1097 	  1.0648 	 1.688866e+20 	 1.334202e+18 	 6.500780e-05 	 5.661307e-06 	 -1000.0000 	 -1000.0000 	 -1000.0000 	 -1000.0000 
	 69.9420 	 3.418240e-03 	 154.5025 	  1.1075 	 1.603844e+20 	 1.312115e+18 	 6.627819e-05 	 5.903371e-06 	 -1000.0000 	 -1000.0000 	 -1000.0000 	 -1000.0000 
	 70.0760 	 3.362821e-03 	 154.2771 	  1.1217 	 1.580160e+20 	 1.308194e+18 	 6.648178e-05 	 5.976023e-06 	 -1000.0000 	 -1000.0000 	 -1000.0000 	 -1000.0000 
	 70.1240 	 3.343194e-03 	 154.1922 	  1.1266 	 1.571809e+20 	 1.306720e+18 	 6.652978e-05 	 6.000663e-06 	 -1000.0000 	 -1000.0000 	 -1000.0000 	 -1000.0000 
	 70.2580 	 3.289038e-03 	 153.9444 	  1.1396 	 1.548844e+20 	 1.301919e+18 	 6.658619e-05 	 6.063292e-06 	 -1000.0000 	 -1000.0000 	 -1000.0000 	 -1000.0000 
	 70.3910 	 3.236201e-03 	 153.6856 	  1.1509 	 1.526529e+20 	 1.295675e+18 	 6.652364e-05 	 6.113653e-06 	 -1000.0000 	 -1000.0000 	 -1000.0000 	 -1000.0000 
	 70.9810 	 3.011433e-03 	 152.4892 	  1.1788 	 1.431643e+20 	 1.248322e+18 	 6.502834e-05 	 6.153876e-06 	 -1000.0000 	 -1000.0000 	 -1000.0000 	 -1000.0000 
	 71.1140 	 2.962608e-03 	 152.2335 	  1.1799 	 1.410804e+20 	 1.233015e+18 	 6.447287e-05 	 6.113901e-06 	 -1000.0000 	 -1000.0000 	 -1000.0000 	 -1000.0000 
	 71.2470 	 2.914342e-03 	 151.9922 	  1.1788 	 1.390027e+20 	 1.215928e+18 	 6.385749e-05 	 6.052177e-06 	 -1000.0000 	 -1000.0000 	 -1000.0000 	 -1000.0000 
	 71.2940 	 2.897408e-03 	 151.9112 	  1.1780 	 1.382689e+20 	 1.209458e+18 	 6.362742e-05 	 6.024745e-06 	 -1000.0000 	 -1000.0000 	 -1000.0000 	 -1000.0000 
	 71.4280 	 2.849453e-03 	 151.6944 	  1.1741 	 1.361740e+20 	 1.189755e+18 	 6.294029e-05 	 5.929153e-06 	 -1000.0000 	 -1000.0000 	 -1000.0000 	 -1000.0000 
	 72.0180 	 2.645675e-03 	 151.1824 	  1.1469 	 1.268641e+20 	 1.092315e+18 	 5.958140e-05 	 5.399225e-06 	 -1000.0000 	 -1000.0000 	 -1000.0000 	 -1000.0000 
	 72.1510 	 2.602074e-03 	 151.2179 	  1.1436 	 1.247484e+20 	 1.071796e+18 	 5.880512e-05 	 5.330189e-06 	 -1000.0000 	 -1000.0000 	 -1000.0000 	 -1000.0000 
	 72.2840 	 2.559416e-03 	 151.3111 	  1.1421 	 1.226320e+20 	 1.052372e+18 	 5.804617e-05 	 5.290811e-06 	 -1000.0000 	 -1000.0000 	 -1000.0000 	 -1000.0000 
	 72.4170 	 2.517657e-03 	 151.4552 	  1.1421 	 1.205198e+20 	 1.033877e+18 	 5.731830e-05 	 5.277161e-06 	 -1000.0000 	 -1000.0000 	 -1000.0000 	 -1000.0000 
	 72.4680 	 2.501872e-03 	 151.5224 	  1.1425 	 1.197119e+20 	 1.026995e+18 	 5.705038e-05 	 5.277883e-06 	 -1000.0000 	 -1000.0000 	 -1000.0000 	 -1000.0000 
	 72.9990 	 2.344373e-03 	 152.5053 	  1.1521 	 1.114452e+20 	 9.596835e+17 	 5.485216e-05 	 5.409540e-06 	 -1000.0000 	 -1000.0000 	 -1000.0000 	 -1000.0000 
	 73.0480 	 2.330412e-03 	 152.6131 	  1.1532 	 1.107017e+20 	 9.536583e+17 	 5.472190e-05 	 5.427124e-06 	 -1000.0000 	 -1000.0000 	 -1000.0000 	 -1000.0000 
	 73.1810 	 2.292950e-03 	 152.9115 	  1.1560 	 1.087062e+20 	 9.372587e+17 	 5.444774e-05 	 5.473865e-06 	 -1000.0000 	 -1000.0000 	 -1000.0000 	 -1000.0000 
	 73.3130 	 2.256373e-03 	 153.2117 	  1.1583 	 1.067608e+20 	 9.207995e+17 	 5.429784e-05 	 5.516540e-06 	 -1000.0000 	 -1000.0000 	 -1000.0000 	 -1000.0000 
	 73.4460 	 2.220121e-03 	 153.5153 	  1.1597 	 1.048375e+20 	 9.039116e+17 	 5.427044e-05 	 5.555069e-06 	 -1000.0000 	 -1000.0000 	 -1000.0000 	 -1000.0000 
	 74.0360 	 2.066594e-03 	 154.8055 	  1.1448 	 9.677682e+19 	 8.223349e+17 	 5.558476e-05 	 5.653014e-06 	 -1000.0000 	 -1000.0000 	 -1000.0000 	 -1000.0000 
	 74.1690 	 2.033627e-03 	 155.0681 	  1.1344 	 9.507190e+19 	 8.017715e+17 	 5.618990e-05 	 5.653870e-06 	 -1000.0000 	 -1000.0000 	 -1000.0000 	 -1000.0000 
	 74.2210 	 2.020902e-03 	 155.1666 	  1.1294 	 9.441707e+19 	 7.934532e+17 	 5.645605e-05 	 5.651629e-06 	 -1000.0000 	 -1000.0000 	 -1000.0000 	 -1000.0000 
	 74.3540 	 1.988775e-03 	 155.4061 	  1.1141 	 9.277283e+19 	 7.714021e+17 	 5.721095e-05 	 5.638864e-06 	 -1000.0000 	 -1000.0000 	 -1000.0000 	 -1000.0000 
	 74.4860 	 1.957476e-03 	 155.6249 	  1.0956 	 9.118433e+19 	 7.486065e+17 	 5.805559e-05 	 5.617762e-06 	 -1000.0000 	 -1000.0000 	 -1000.0000 	 -1000.0000 
	 74.9440 	 1.852865e-03 	 156.2413 	  1.0365 	 8.597074e+19 	 6.761074e+17 	 6.124666e-05 	 5.588433e-06 	 -1000.0000 	 -1000.0000 	 -1000.0000 	 -1000.0000 
	 75.0760 	 1.823709e-03 	 156.3791 	  1.0294 	 8.454304e+19 	 6.609321e+17 	 6.210317e-05 	 5.623947e-06 	 -1000.0000 	 -1000.0000 	 -1000.0000 	 -1000.0000 
	 75.2080 	 1.794972e-03 	 156.5002 	  1.0277 	 8.314613e+19 	 6.486413e+17 	 6.289593e-05 	 5.680341e-06 	 -1000.0000 	 -1000.0000 	 -1000.0000 	 -1000.0000 
	 75.3410 	 1.766447e-03 	 156.6059 	  1.0303 	 8.176925e+19 	 6.386955e+17 	 6.362337e-05 	 5.752627e-06 	 -1000.0000 	 -1000.0000 	 -1000.0000 	 -1000.0000 
	 75.4010 	 1.753721e-03 	 156.6484 	  1.0327 	 8.115804e+19 	 6.348808e+17 	 6.392626e-05 	 5.788776e-06 	 -1000.0000 	 -1000.0000 	 -1000.0000 	 -1000.0000 
	 75.9310 	 1.645255e-03 	 156.8956 	  1.0711 	 7.601913e+19 	 6.115863e+17 	 6.580540e-05 	 6.108381e-06 	 -1000.0000 	 -1000.0000 	 -1000.0000 	 -1000.0000 
	 75.9810 	 1.635396e-03 	 156.9080 	  1.0750 	 7.555780e+19 	 6.097176e+17 	 6.589932e-05 	 6.130654e-06 	 -1000.0000 	 -1000.0000 	 -1000.0000 	 -1000.0000 
	 76.1140 	 1.609492e-03 	 156.9326 	  1.0846 	 7.434974e+19 	 6.044285e+17 	 6.607020e-05 	 6.175871e-06 	 -1000.0000 	 -1000.0000 	 -1000.0000 	 -1000.0000 
	 76.2460 	 1.584243e-03 	 156.9453 	  1.0924 	 7.317771e+19 	 5.984916e+17 	 6.612373e-05 	 6.198389e-06 	 -1000.0000 	 -1000.0000 	 -1000.0000 	 -1000.0000 
	 76.3780 	 1.559441e-03 	 156.9465 	  1.0984 	 7.203171e+19 	 5.918878e+17 	 6.606513e-05 	 6.201217e-06 	 -1000.0000 	 -1000.0000 	 -1000.0000 	 -1000.0000 
	 76.9610 	 1.454905e-03 	 156.8138 	  1.1057 	 6.726005e+19 	 5.564888e+17 	 6.459039e-05 	 6.068011e-06 	 -1000.0000 	 -1000.0000 	 -1000.0000 	 -1000.0000 
	 77.0920 	 1.432462e-03 	 156.7529 	  1.1035 	 6.624807e+19 	 5.475274e+17 	 6.401502e-05 	 6.025718e-06 	 -1000.0000 	 -1000.0000 	 -1000.0000 	 -1000.0000 
	 77.1450 	 1.423484e-03 	 156.7250 	  1.1022 	 6.584447e+19 	 5.438338e+17 	 6.375957e-05 	 6.009249e-06 	 -1000.0000 	 -1000.0000 	 -1000.0000 	 -1000.0000 
	 77.2770 	 1.401372e-03 	 156.6474 	  1.0983 	 6.485337e+19 	 5.345022e+17 	 6.306949e-05 	 5.971818e-06 	 -1000.0000 	 -1000.0000 	 -1000.0000 	 -1000.0000 
	 77.4090 	 1.379602e-03 	 156.5586 	  1.0931 	 6.388154e+19 	 5.250193e+17 	 6.230954e-05 	 5.940630e-06 	 -1000.0000 	 -1000.0000 	 -1000.0000 	 -1000.0000 
	 77.9990 	 1.286061e-03 	 156.0787 	  1.0560 	 5.973251e+19 	 4.807785e+17 	 5.850380e-05 	 5.795636e-06 	 -1000.0000 	 -1000.0000 	 -1000.0000 	 -1000.0000 
	 78.1310 	 1.265883e-03 	 155.9652 	  1.0446 	 5.883843e+19 	 4.704425e+17 	 5.766506e-05 	 5.741826e-06 	 -1000.0000 	 -1000.0000 	 -1000.0000 	 -1000.0000 
	 78.2620 	 1.246094e-03 	 155.8548 	  1.0321 	 5.796010e+19 	 4.600182e+17 	 5.687416e-05 	 5.673292e-06 	 -1000.0000 	 -1000.0000 	 -1000.0000 	 -1000.0000 
	 78.3250 	 1.236657e-03 	 155.8031 	  1.0258 	 5.754041e+19 	 4.549448e+17 	 5.651337e-05 	 5.633926e-06 	 -1000.0000 	 -1000.0000 	 -1000.0000 	 -1000.0000 
	 78.4570 	 1.217042e-03 	 155.6991 	  1.0116 	 5.666584e+19 	 4.441858e+17 	 5.580881e-05 	 5.535769e-06 	 -1000.0000 	 -1000.0000 	 -1000.0000 	 -1000.0000 
	 79.0400 	 1.133487e-03 	 155.3226 	  0.9577 	 5.290360e+19 	 4.005964e+17 	 5.343648e-05 	 5.039953e-06 	 -1000.0000 	 -1000.0000 	 -1000.0000 	 -1000.0000 
	 79.1710 	 1.115610e-03 	 155.2551 	  0.9546 	 5.209238e+19 	 3.936517e+17 	 5.299872e-05 	 4.986649e-06 	 -1000.0000 	 -1000.0000 	 -1000.0000 	 -1000.0000 
	 79.3030 	 1.097952e-03 	 155.1899 	  0.9555 	 5.128996e+19 	 3.878905e+17 	 5.257976e-05 	 4.963460e-06 	 -1000.0000 	 -1000.0000 	 -1000.0000 	 -1000.0000 
	 79.4340 	 1.080760e-03 	 155.1249 	  0.9596 	 5.050853e+19 	 3.832019e+17 	 5.218683e-05 	 4.965581e-06 	 -1000.0000 	 -1000.0000 	 -1000.0000 	 -1000.0000 
	 79.4880 	 1.073765e-03 	 155.0972 	  0.9621 	 5.019074e+19 	 3.815212e+17 	 5.203169e-05 	 4.972533e-06 	 -1000.0000 	 -1000.0000 	 -1000.0000 	 -1000.0000 
	 80.0140 	 1.008146e-03 	 154.7519 	  0.9992 	 4.722778e+19 	 3.696805e+17 	 5.074357e-05 	 5.142513e-06 	 -1000.0000 	 -1000.0000 	 -1000.0000 	 -1000.0000 
	 80.0720 	 1.001160e-03 	 154.7004 	  1.0036 	 4.691582e+19 	 3.685622e+17 	 5.062783e-05 	 5.164326e-06 	 -1000.0000 	 -1000.0000 	 -1000.0000 	 -1000.0000 
	 80.2030 	 9.855367e-04 	 154.5702 	  1.0128 	 4.622202e+19 	 3.659148e+17 	 5.038694e-05 	 5.209107e-06 	 -1000.0000 	 -1000.0000 	 -1000.0000 	 -1000.0000 
	 80.3340 	 9.701208e-04 	 154.4188 	  1.0207 	 4.554316e+19 	 3.629910e+17 	 5.017539e-05 	 5.244724e-06 	 -1000.0000 	 -1000.0000 	 -1000.0000 	 -1000.0000 
	 80.4650 	 9.549094e-04 	 154.2460 	  1.0273 	 4.487902e+19 	 3.598026e+17 	 4.999413e-05 	 5.270790e-06 	 -1000.0000 	 -1000.0000 	 -1000.0000 	 -1000.0000 
	 80.9240 	 9.032245e-04 	 153.4723 	  1.0420 	 4.266419e+19 	 3.471336e+17 	 4.960991e-05 	 5.290069e-06 	 -1000.0000 	 -1000.0000 	 -1000.0000 	 -1000.0000 
	 81.0550 	 8.889335e-04 	 153.2036 	  1.0443 	 4.206300e+19 	 3.432591e+17 	 4.957495e-05 	 5.275852e-06 	 -1000.0000 	 -1000.0000 	 -1000.0000 	 -1000.0000 
	 81.1860 	 8.748465e-04 	 152.9139 	  1.0460 	 4.147506e+19 	 3.393444e+17 	 4.957434e-05 	 5.253191e-06 	 -1000.0000 	 -1000.0000 	 -1000.0000 	 -1000.0000 
	 81.2420 	 8.688868e-04 	 152.7836 	  1.0465 	 4.122770e+19 	 3.376688e+17 	 4.958471e-05 	 5.240962e-06 	 -1000.0000 	 -1000.0000 	 -1000.0000 	 -1000.0000 
	 81.3730 	 8.550910e-04 	 152.4638 	  1.0476 	 4.065820e+19 	 3.337675e+17 	 4.963414e-05 	 5.206494e-06 	 -1000.0000 	 -1000.0000 	 -1000.0000 	 -1000.0000 
	 81.9560 	 7.960423e-04 	 150.9303 	  1.0468 	 3.823523e+19 	 3.162371e+17 	 5.013560e-05 	 5.057554e-06 	 -1000.0000 	 -1000.0000 	 -1000.0000 	 -1000.0000 
	 82.0860 	 7.833556e-04 	 150.6125 	  1.0449 	 3.770560e+19 	 3.120317e+17 	 5.025997e-05 	 5.060064e-06 	 -1000.0000 	 -1000.0000 	 -1000.0000 	 -1000.0000 
	 82.2170 	 7.707399e-04 	 150.3095 	  1.0424 	 3.717344e+19 	 3.076658e+17 	 5.038305e-05 	 5.079889e-06 	 -1000.0000 	 -1000.0000 	 -1000.0000 	 -1000.0000 
	 82.3480 	 7.582935e-04 	 150.0221 	  1.0395 	 3.664343e+19 	 3.032092e+17 	 5.050758e-05 	 5.113788e-06 	 -1000.0000 	 -1000.0000 	 -1000.0000 	 -1000.0000 
	 82.4150 	 7.519933e-04 	 149.8805 	  1.0378 	 3.637338e+19 	 3.009070e+17 	 5.057305e-05 	 5.135496e-06 	 -1000.0000 	 -1000.0000 	 -1000.0000 	 -1000.0000 
	 82.9380 	 7.043406e-04 	 148.8700 	  1.0246 	 3.429910e+19 	 2.830279e+17 	 5.118702e-05 	 5.351598e-06 	 -1000.0000 	 -1000.0000 	 -1000.0000 	 -1000.0000 
	 82.9950 	 6.993109e-04 	 148.7671 	  1.0234 	 3.407758e+19 	 2.811492e+17 	 5.127086e-05 	 5.374855e-06 	 -1000.0000 	 -1000.0000 	 -1000.0000 	 -1000.0000 
	 83.1260 	 6.878738e-04 	 148.5337 	  1.0208 	 3.357265e+19 	 2.769324e+17 	 5.148095e-05 	 5.423767e-06 	 -1000.0000 	 -1000.0000 	 -1000.0000 	 -1000.0000 
	 83.2560 	 6.766923e-04 	 148.3050 	  1.0188 	 3.307768e+19 	 2.729094e+17 	 5.171362e-05 	 5.464535e-06 	 -1000.0000 	 -1000.0000 	 -1000.0000 	 -1000.0000 
	 83.3870 	 6.655937e-04 	 148.0769 	  1.0174 	 3.258518e+19 	 2.690250e+17 	 5.196549e-05 	 5.498807e-06 	 -1000.0000 	 -1000.0000 	 -1000.0000 	 -1000.0000 
	 83.9690 	 6.183128e-04 	 147.0825 	  1.0207 	 3.047523e+19 	 2.539036e+17 	 5.307379e-05 	 5.608483e-06 	 -1000.0000 	 -1000.0000 	 -1000.0000 	 -1000.0000 
	 84.0990 	 6.081989e-04 	 146.8622 	  1.0240 	 3.002179e+19 	 2.510194e+17 	 5.326928e-05 	 5.632434e-06 	 -1000.0000 	 -1000.0000 	 -1000.0000 	 -1000.0000 
	 84.1590 	 6.035855e-04 	 146.7605 	  1.0258 	 2.981476e+19 	 2.497510e+17 	 5.334751e-05 	 5.644435e-06 	 -1000.0000 	 -1000.0000 	 -1000.0000 	 -1000.0000 
	 84.2890 	 5.937074e-04 	 146.5397 	  1.0307 	 2.937110e+19 	 2.471404e+17 	 5.348604e-05 	 5.673399e-06 	 -1000.0000 	 -1000.0000 	 -1000.0000 	 -1000.0000 
	 84.4190 	 5.839885e-04 	 146.3181 	  1.0365 	 2.893417e+19 	 2.446981e+17 	 5.357730e-05 	 5.706644e-06 	 -1000.0000 	 -1000.0000 	 -1000.0000 	 -1000.0000 
	 85.0090 	 5.417292e-04 	 145.2936 	  1.0558 	 2.702992e+19 	 2.329966e+17 	 5.341310e-05 	 5.825125e-06 	 -1000.0000 	 -1000.0000 	 -1000.0000 	 -1000.0000 
	 85.1390 	 5.327900e-04 	 145.0618 	  1.0540 	 2.662634e+19 	 2.296392e+17 	 5.325643e-05 	 5.823284e-06 	 -1000.0000 	 -1000.0000 	 -1000.0000 	 -1000.0000 
	 85.2690 	 5.239726e-04 	 144.8270 	  1.0482 	 2.622803e+19 	 2.257681e+17 	 5.305881e-05 	 5.803853e-06 	 -1000.0000 	 -1000.0000 	 -1000.0000 	 -1000.0000 
	 85.3290 	 5.199425e-04 	 144.7176 	  1.0440 	 2.604592e+19 	 2.237787e+17 	 5.295414e-05 	 5.788001e-06 	 -1000.0000 	 -1000.0000 	 -1000.0000 	 -1000.0000 
	 85.4590 	 5.112924e-04 	 144.4780 	  1.0312 	 2.565492e+19 	 2.189653e+17 	 5.269890e-05 	 5.736667e-06 	 -1000.0000 	 -1000.0000 	 -1000.0000 	 -1000.0000 
	 85.9120 	 4.820428e-04 	 143.6338 	  0.9633 	 2.432925e+19 	 1.992190e+17 	 5.166328e-05 	 5.454206e-06 	 -1000.0000 	 -1000.0000 	 -1000.0000 	 -1000.0000 
	 86.0420 	 4.739282e-04 	 143.3986 	  0.9478 	 2.395912e+19 	 1.942092e+17 	 5.140299e-05 	 5.392736e-06 	 -1000.0000 	 -1000.0000 	 -1000.0000 	 -1000.0000 
	 86.1720 	 4.659473e-04 	 143.1699 	  0.9381 	 2.359357e+19 	 1.900817e+17 	 5.118949e-05 	 5.359327e-06 	 -1000.0000 	 -1000.0000 	 -1000.0000 	 -1000.0000 
	 86.3010 	 4.581579e-04 	 142.9474 	  0.9340 	 2.323558e+19 	 1.867974e+17 	 5.101932e-05 	 5.351784e-06 	 -1000.0000 	 -1000.0000 	 -1000.0000 	 -1000.0000 
	 86.4310 	 4.504364e-04 	 142.7249 	  0.9344 	 2.287985e+19 	 1.841814e+17 	 5.088153e-05 	 5.365699e-06 	 -1000.0000 	 -1000.0000 	 -1000.0000 	 -1000.0000 
	 86.8890 	 4.242144e-04 	 141.9147 	  0.9601 	 2.167084e+19 	 1.786835e+17 	 5.054157e-05 	 5.523244e-06 	 -1000.0000 	 -1000.0000 	 -1000.0000 	 -1000.0000 
	 87.0190 	 4.170376e-04 	 141.6658 	  0.9705 	 2.134133e+19 	 1.776584e+17 	 5.045089e-05 	 5.580685e-06 	 -1000.0000 	 -1000.0000 	 -1000.0000 	 -1000.0000 
	 87.0790 	 4.137632e-04 	 141.5466 	  0.9754 	 2.119144e+19 	 1.771952e+17 	 5.040512e-05 	 5.606662e-06 	 -1000.0000 	 -1000.0000 	 -1000.0000 	 -1000.0000 
	 87.2090 	 4.067491e-04 	 141.2772 	  0.9853 	 2.087158e+19 	 1.761379e+17 	 5.029236e-05 	 5.659189e-06 	 -1000.0000 	 -1000.0000 	 -1000.0000 	 -1000.0000 
	 87.3390 	 3.998429e-04 	 140.9913 	  0.9940 	 2.055851e+19 	 1.749347e+17 	 5.015679e-05 	 5.703851e-06 	 -1000.0000 	 -1000.0000 	 -1000.0000 	 -1000.0000 
	 87.9220 	 3.701436e-04 	 139.5306 	  1.0162 	 1.923047e+19 	 1.677312e+17 	 4.935322e-05 	 5.785410e-06 	 -1000.0000 	 -1000.0000 	 -1000.0000 	 -1000.0000 
	 88.0510 	 3.638414e-04 	 139.1747 	  1.0174 	 1.895154e+19 	 1.657774e+17 	 4.915514e-05 	 5.773621e-06 	 -1000.0000 	 -1000.0000 	 -1000.0000 	 -1000.0000 
	 88.1810 	 3.575847e-04 	 138.8065 	  1.0173 	 1.867525e+19 	 1.636911e+17 	 4.895641e-05 	 5.749453e-06 	 -1000.0000 	 -1000.0000 	 -1000.0000 	 -1000.0000 
	 88.2460 	 3.544912e-04 	 138.6192 	  1.0167 	 1.853880e+19 	 1.626059e+17 	 4.885857e-05 	 5.732542e-06 	 -1000.0000 	 -1000.0000 	 -1000.0000 	 -1000.0000 
	 88.3750 	 3.484196e-04 	 138.2418 	  1.0146 	 1.827119e+19 	 1.603732e+17 	 4.866973e-05 	 5.689047e-06 	 -1000.0000 	 -1000.0000 	 -1000.0000 	 -1000.0000 
	 88.9550 	 3.221747e-04 	 136.4477 	  1.0088 	 1.711699e+19 	 1.511813e+17 	 4.809519e-05 	 5.465557e-06 	 -1000.0000 	 -1000.0000 	 -1000.0000 	 -1000.0000 
	 89.0840 	 3.165571e-04 	 136.0229 	  1.0153 	 1.687091e+19 	 1.500313e+17 	 4.808202e-05 	 5.457649e-06 	 -1000.0000 	 -1000.0000 	 -1000.0000 	 -1000.0000 
	 89.2130 	 3.110158e-04 	 135.5891 	  1.0254 	 1.662849e+19 	 1.492752e+17 	 4.811580e-05 	 5.471620e-06 	 -1000.0000 	 -1000.0000 	 -1000.0000 	 -1000.0000 
	 89.3430 	 3.055084e-04 	 135.1444 	  1.0383 	 1.638768e+19 	 1.488237e+17 	 4.819064e-05 	 5.503961e-06 	 -1000.0000 	 -1000.0000 	 -1000.0000 	 -1000.0000 
	 89.4160 	 3.024495e-04 	 134.8919 	  1.0465 	 1.625392e+19 	 1.486736e+17 	 4.824809e-05 	 5.528695e-06 	 -1000.0000 	 -1000.0000 	 -1000.0000 	 -1000.0000 
	 89.9330 	 2.814709e-04 	 133.0720 	  1.1098 	 1.533361e+19 	 1.482627e+17 	 4.885811e-05 	 5.773818e-06 	 -1000.0000 	 -1000.0000 	 -1000.0000 	 -1000.0000 
	 89.9890 	 2.792700e-04 	 132.8740 	  1.1159 	 1.523645e+19 	 1.481472e+17 	 4.893475e-05 	 5.801561e-06 	 -1000.0000 	 -1000.0000 	 -1000.0000 	 -1000.0000 
	 90.1180 	 2.742524e-04 	 132.4188 	  1.1284 	 1.501429e+19 	 1.477154e+17 	 4.911040e-05 	 5.861381e-06 	 -1000.0000 	 -1000.0000 	 -1000.0000 	 -1000.0000 
	 90.2470 	 2.693079e-04 	 131.9661 	  1.1383 	 1.479431e+19 	 1.470073e+17 	 4.927996e-05 	 5.913365e-06 	 -1000.0000 	 -1000.0000 	 -1000.0000 	 -1000.0000 
	 90.3760 	 2.644364e-04 	 131.5151 	  1.1457 	 1.457662e+19 	 1.460452e+17 	 4.943946e-05 	 5.957863e-06 	 -1000.0000 	 -1000.0000 	 -1000.0000 	 -1000.0000 
	 90.9630 	 2.431932e-04 	 129.4594 	  1.1578 	 1.361851e+19 	 1.395482e+17 	 4.994082e-05 	 6.093804e-06 	 -1000.0000 	 -1000.0000 	 -1000.0000 	 -1000.0000 
	 91.0930 	 2.386940e-04 	 128.9975 	  1.1578 	 1.341434e+19 	 1.378812e+17 	 4.998051e-05 	 6.115356e-06 	 -1000.0000 	 -1000.0000 	 -1000.0000 	 -1000.0000 
	 91.1590 	 2.364384e-04 	 128.7613 	  1.1576 	 1.331190e+19 	 1.370343e+17 	 4.998799e-05 	 6.125907e-06 	 -1000.0000 	 -1000.0000 	 -1000.0000 	 -1000.0000 
	 91.2880 	 2.320852e-04 	 128.2958 	  1.1573 	 1.311412e+19 	 1.354029e+17 	 4.997579e-05 	 6.146409e-06 	 -1000.0000 	 -1000.0000 	 -1000.0000 	 -1000.0000 
	 91.4170 	 2.278049e-04 	 127.8251 	  1.1572 	 1.291958e+19 	 1.338250e+17 	 4.992634e-05 	 6.166910e-06 	 -1000.0000 	 -1000.0000 	 -1000.0000 	 -1000.0000 
	 91.9970 	 2.093617e-04 	 125.6802 	  1.1583 	 1.207622e+19 	 1.271780e+17 	 4.928330e-05 	 6.208547e-06 	 -1000.0000 	 -1000.0000 	 -1000.0000 	 -1000.0000 
	 92.1260 	 2.054150e-04 	 125.2060 	  1.1587 	 1.189348e+19 	 1.257347e+17 	 4.905731e-05 	 6.194390e-06 	 -1000.0000 	 -1000.0000 	 -1000.0000 	 -1000.0000 
	 92.2540 	 2.015466e-04 	 124.7398 	  1.1590 	 1.171314e+19 	 1.242920e+17 	 4.880700e-05 	 6.167544e-06 	 -1000.0000 	 -1000.0000 	 -1000.0000 	 -1000.0000 
	 92.3220 	 1.995095e-04 	 124.4943 	  1.1592 	 1.161761e+19 	 1.235176e+17 	 4.866405e-05 	 6.147406e-06 	 -1000.0000 	 -1000.0000 	 -1000.0000 	 -1000.0000 
	 92.4510 	 1.956768e-04 	 124.0340 	  1.1594 	 1.143668e+19 	 1.220265e+17 	 4.837493e-05 	 6.096677e-06 	 -1000.0000 	 -1000.0000 	 -1000.0000 	 -1000.0000 
	 92.9020 	 1.826535e-04 	 122.5229 	  1.1643 	 1.080708e+19 	 1.169226e+17 	 4.719746e-05 	 5.845130e-06 	 -1000.0000 	 -1000.0000 	 -1000.0000 	 -1000.0000 
	 93.0310 	 1.790718e-04 	 122.1372 	  1.1695 	 1.062874e+19 	 1.156987e+17 	 4.681778e-05 	 5.786180e-06 	 -1000.0000 	 -1000.0000 	 -1000.0000 	 -1000.0000 
	 93.1590 	 1.755948e-04 	 121.7819 	  1.1772 	 1.045292e+19 	 1.146627e+17 	 4.642443e-05 	 5.746631e-06 	 -1000.0000 	 -1000.0000 	 -1000.0000 	 -1000.0000 
	 93.2880 	 1.721659e-04 	 121.4505 	  1.1874 	 1.027695e+19 	 1.137719e+17 	 4.601287e-05 	 5.724399e-06 	 -1000.0000 	 -1000.0000 	 -1000.0000 	 -1000.0000 
	 93.4160 	 1.688348e-04 	 121.1462 	  1.1992 	 1.010357e+19 	 1.130025e+17 	 4.559106e-05 	 5.716894e-06 	 -1000.0000 	 -1000.0000 	 -1000.0000 	 -1000.0000 
	 93.8680 	 1.575860e-04 	 120.2402 	  1.2484 	 9.501444e+18 	 1.106443e+17 	 4.401701e-05 	 5.763181e-06 	 -1000.0000 	 -1000.0000 	 -1000.0000 	 -1000.0000 
	 93.9960 	 1.545310e-04 	 120.0238 	  1.2624 	 9.333907e+18 	 1.099219e+17 	 4.355337e-05 	 5.784689e-06 	 -1000.0000 	 -1000.0000 	 -1000.0000 	 -1000.0000 
