	 height_(km) 	 press_(mbar) 	 temp_(K) 	 temperr_(K) 	 numdens_(m-3) 	 numdenserr_(m-3) 	 H2Ovmr_() 	 H2Ovmrerr_() 	 D/H_(VSMOW) 	 D/Herr_(VSMOW) 	 18O/16O_(VSMOW) 	 18O/16Oerr_(VSMOW) 
	  0.3600 	 3.986748e+00 	 145.2995 	  4.2837 	 1.989517e+23 	 5.931038e+21 	 8.152671e-09 	 4.080501e-09 	 -1000.0000 	 -1000.0000 	 -1000.0000 	 -1000.0000 
	  0.5690 	 3.875661e+00 	 145.0704 	  4.0680 	 1.936820e+23 	 5.518238e+21 	 7.503422e-09 	 3.795026e-09 	 -1000.0000 	 -1000.0000 	 -1000.0000 	 -1000.0000 
	  0.7770 	 3.768143e+00 	 144.9135 	  3.8646 	 1.884989e+23 	 5.124190e+21 	 7.340967e-09 	 3.673376e-09 	 -1000.0000 	 -1000.0000 	 -1000.0000 	 -1000.0000 
	  0.8080 	 3.752374e+00 	 144.8956 	  3.8350 	 1.877323e+23 	 5.066793e+21 	 7.353446e-09 	 3.667435e-09 	 -1000.0000 	 -1000.0000 	 -1000.0000 	 -1000.0000 
	  1.0160 	 3.648251e+00 	 144.8079 	  3.6400 	 1.826315e+23 	 4.689928e+21 	 7.652402e-09 	 3.698059e-09 	 -1000.0000 	 -1000.0000 	 -1000.0000 	 -1000.0000 
	  1.2240 	 3.547010e+00 	 144.7699 	  3.4482 	 1.776128e+23 	 4.326235e+21 	 8.272077e-09 	 3.831704e-09 	 -1000.0000 	 -1000.0000 	 -1000.0000 	 -1000.0000 
	  1.4320 	 3.448581e+00 	 144.7717 	  3.2559 	 1.726858e+23 	 3.974058e+21 	 9.137232e-09 	 4.040912e-09 	 -1000.0000 	 -1000.0000 	 -1000.0000 	 -1000.0000 
	  1.8860 	 3.243177e+00 	 144.8660 	  2.8163 	 1.622974e+23 	 3.237338e+21 	 1.151390e-08 	 4.627043e-09 	 -1000.0000 	 -1000.0000 	 -1000.0000 	 -1000.0000 
	  2.0940 	 3.153242e+00 	 144.9287 	  2.5975 	 1.577270e+23 	 2.910781e+21 	 1.265956e-08 	 4.893989e-09 	 -1000.0000 	 -1000.0000 	 -1000.0000 	 -1000.0000 
	  2.3020 	 3.065832e+00 	 144.9900 	  2.3626 	 1.532890e+23 	 2.588809e+21 	 1.373600e-08 	 5.121653e-09 	 -1000.0000 	 -1000.0000 	 -1000.0000 	 -1000.0000 
	  2.5090 	 2.981281e+00 	 145.0397 	  2.1095 	 1.490131e+23 	 2.271577e+21 	 1.466669e-08 	 5.283030e-09 	 -1000.0000 	 -1000.0000 	 -1000.0000 	 -1000.0000 
	  2.5480 	 2.965617e+00 	 145.0469 	  2.0600 	 1.482239e+23 	 2.212430e+21 	 1.482409e-08 	 5.305374e-09 	 -1000.0000 	 -1000.0000 	 -1000.0000 	 -1000.0000 
	  2.7560 	 2.883468e+00 	 145.0668 	  1.7942 	 1.441036e+23 	 1.906048e+21 	 1.559668e-08 	 5.392704e-09 	 -1000.0000 	 -1000.0000 	 -1000.0000 	 -1000.0000 
	  2.9640 	 2.803600e+00 	 145.0448 	  1.5408 	 1.401355e+23 	 1.625232e+21 	 1.631193e-08 	 5.447762e-09 	 -1000.0000 	 -1000.0000 	 -1000.0000 	 -1000.0000 
	  3.1720 	 2.725926e+00 	 144.9656 	  1.3201 	 1.363227e+23 	 1.384108e+21 	 1.704571e-08 	 5.499839e-09 	 -1000.0000 	 -1000.0000 	 -1000.0000 	 -1000.0000 
	  3.3790 	 2.650723e+00 	 144.8157 	  1.1527 	 1.326849e+23 	 1.196976e+21 	 1.786692e-08 	 5.576852e-09 	 -1000.0000 	 -1000.0000 	 -1000.0000 	 -1000.0000 
	  3.4080 	 2.640350e+00 	 144.7890 	  1.1339 	 1.321874e+23 	 1.175298e+21 	 1.799137e-08 	 5.590578e-09 	 -1000.0000 	 -1000.0000 	 -1000.0000 	 -1000.0000 
	  3.8240 	 2.495823e+00 	 144.3091 	  0.9702 	 1.253299e+23 	 9.666077e+20 	 1.996488e-08 	 5.852127e-09 	 -1000.0000 	 -1000.0000 	 -1000.0000 	 -1000.0000 
	  4.0320 	 2.426464e+00 	 144.0434 	  0.9453 	 1.220607e+23 	 9.184827e+20 	 2.103206e-08 	 6.016137e-09 	 -1000.0000 	 -1000.0000 	 -1000.0000 	 -1000.0000 
	  4.2390 	 2.359283e+00 	 143.7976 	  0.9442 	 1.188826e+23 	 8.947518e+20 	 2.210395e-08 	 6.191171e-09 	 -1000.0000 	 -1000.0000 	 -1000.0000 	 -1000.0000 
	  5.1130 	 2.094623e+00 	 143.5665 	  0.9583 	 1.057781e+23 	 8.385796e+20 	 2.599788e-08 	 6.886574e-09 	 -1000.0000 	 -1000.0000 	 -1000.0000 	 -1000.0000 
	  5.3200 	 2.036193e+00 	 143.7988 	  0.9236 	 1.026684e+23 	 7.952698e+20 	 2.660112e-08 	 7.003366e-09 	 -1000.0000 	 -1000.0000 	 -1000.0000 	 -1000.0000 
	  5.5270 	 1.979404e+00 	 144.1011 	  0.8813 	 9.959314e+22 	 7.447276e+20 	 2.702680e-08 	 7.093143e-09 	 -1000.0000 	 -1000.0000 	 -1000.0000 	 -1000.0000 
	  5.7340 	 1.924291e+00 	 144.4317 	  0.8419 	 9.658986e+22 	 6.947466e+20 	 2.725094e-08 	 7.153391e-09 	 -1000.0000 	 -1000.0000 	 -1000.0000 	 -1000.0000 
	  5.9420 	 1.870633e+00 	 144.7513 	  0.8151 	 9.368121e+22 	 6.526871e+20 	 2.725081e-08 	 7.181920e-09 	 -1000.0000 	 -1000.0000 	 -1000.0000 	 -1000.0000 
	  5.9680 	 1.864047e+00 	 144.7890 	  0.8129 	 9.332646e+22 	 6.482189e+20 	 2.723494e-08 	 7.183286e-09 	 -1000.0000 	 -1000.0000 	 -1000.0000 	 -1000.0000 
	  6.1740 	 1.812782e+00 	 145.0658 	  0.8033 	 9.058372e+22 	 6.182906e+20 	 2.700123e-08 	 7.179726e-09 	 -1000.0000 	 -1000.0000 	 -1000.0000 	 -1000.0000 
	  6.3810 	 1.762853e+00 	 145.3018 	  0.8046 	 8.794588e+22 	 5.964201e+20 	 2.660514e-08 	 7.155884e-09 	 -1000.0000 	 -1000.0000 	 -1000.0000 	 -1000.0000 
	  6.7940 	 1.667647e+00 	 145.6235 	  0.8231 	 8.301723e+22 	 5.684032e+20 	 2.551093e-08 	 7.078432e-09 	 -1000.0000 	 -1000.0000 	 -1000.0000 	 -1000.0000 
	  6.8380 	 1.657829e+00 	 145.6446 	  0.8253 	 8.251714e+22 	 5.660798e+20 	 2.538179e-08 	 7.069779e-09 	 -1000.0000 	 -1000.0000 	 -1000.0000 	 -1000.0000 
	  7.0440 	 1.612643e+00 	 145.7059 	  0.8335 	 8.023669e+22 	 5.554511e+20 	 2.477394e-08 	 7.033213e-09 	 -1000.0000 	 -1000.0000 	 -1000.0000 	 -1000.0000 
	  7.2510 	 1.568467e+00 	 145.7011 	  0.8352 	 7.804253e+22 	 5.435308e+20 	 2.419079e-08 	 7.008710e-09 	 -1000.0000 	 -1000.0000 	 -1000.0000 	 -1000.0000 
	  7.4570 	 1.525646e+00 	 145.6245 	  0.8262 	 7.595094e+22 	 5.282053e+20 	 2.368257e-08 	 7.004181e-09 	 -1000.0000 	 -1000.0000 	 -1000.0000 	 -1000.0000 
	  7.9140 	 1.434387e+00 	 145.2159 	  0.7572 	 7.160032e+22 	 4.750068e+20 	 2.296740e-08 	 7.090675e-09 	 -1000.0000 	 -1000.0000 	 -1000.0000 	 -1000.0000 
	  8.1210 	 1.394755e+00 	 145.0105 	  0.7152 	 6.972024e+22 	 4.465859e+20 	 2.278251e-08 	 7.163381e-09 	 -1000.0000 	 -1000.0000 	 -1000.0000 	 -1000.0000 
	  8.3270 	 1.356414e+00 	 144.8683 	  0.6783 	 6.787410e+22 	 4.202474e+20 	 2.262478e-08 	 7.244542e-09 	 -1000.0000 	 -1000.0000 	 -1000.0000 	 -1000.0000 
	  8.5340 	 1.319024e+00 	 144.8393 	  0.6538 	 6.602262e+22 	 3.989504e+20 	 2.245054e-08 	 7.326518e-09 	 -1000.0000 	 -1000.0000 	 -1000.0000 	 -1000.0000 
	  8.5620 	 1.314054e+00 	 144.8451 	  0.6516 	 6.577207e+22 	 3.965532e+20 	 2.242430e-08 	 7.337333e-09 	 -1000.0000 	 -1000.0000 	 -1000.0000 	 -1000.0000 
	  8.7680 	 1.278109e+00 	 144.9378 	  0.6429 	 6.393610e+22 	 3.818270e+20 	 2.221297e-08 	 7.414802e-09 	 -1000.0000 	 -1000.0000 	 -1000.0000 	 -1000.0000 
	  8.9740 	 1.243212e+00 	 145.0810 	  0.6433 	 6.212869e+22 	 3.709554e+20 	 2.197308e-08 	 7.488710e-09 	 -1000.0000 	 -1000.0000 	 -1000.0000 	 -1000.0000 
	  9.1800 	 1.209306e+00 	 145.2202 	  0.6479 	 6.037184e+22 	 3.621552e+20 	 2.170977e-08 	 7.559231e-09 	 -1000.0000 	 -1000.0000 	 -1000.0000 	 -1000.0000 
	  9.3860 	 1.176332e+00 	 145.3022 	  0.6524 	 5.868699e+22 	 3.536737e+20 	 2.142750e-08 	 7.626255e-09 	 -1000.0000 	 -1000.0000 	 -1000.0000 	 -1000.0000 
	  9.4320 	 1.169092e+00 	 145.3096 	  0.6531 	 5.832178e+22 	 3.517056e+20 	 2.136099e-08 	 7.640177e-09 	 -1000.0000 	 -1000.0000 	 -1000.0000 	 -1000.0000 
	  9.8440 	 1.106183e+00 	 145.2555 	  0.6557 	 5.520204e+22 	 3.334674e+20 	 2.061179e-08 	 7.703057e-09 	 -1000.0000 	 -1000.0000 	 -1000.0000 	 -1000.0000 
	 10.0500 	 1.076004e+00 	 145.1915 	  0.6566 	 5.372273e+22 	 3.244910e+20 	 2.006482e-08 	 7.661147e-09 	 -1000.0000 	 -1000.0000 	 -1000.0000 	 -1000.0000 
	 10.2560 	 1.046646e+00 	 145.1384 	  0.6585 	 5.227978e+22 	 3.160594e+20 	 1.934934e-08 	 7.545528e-09 	 -1000.0000 	 -1000.0000 	 -1000.0000 	 -1000.0000 
	 10.2870 	 1.042298e+00 	 145.1321 	  0.6589 	 5.206534e+22 	 3.148506e+20 	 1.922746e-08 	 7.521795e-09 	 -1000.0000 	 -1000.0000 	 -1000.0000 	 -1000.0000 
	 10.4920 	 1.013993e+00 	 145.0943 	  0.6626 	 5.066677e+22 	 3.072336e+20 	 1.836690e-08 	 7.338632e-09 	 -1000.0000 	 -1000.0000 	 -1000.0000 	 -1000.0000 
	 10.9030 	 9.595120e-01 	 144.9791 	  0.6739 	 4.798054e+22 	 2.937387e+20 	 1.667479e-08 	 6.961609e-09 	 -1000.0000 	 -1000.0000 	 -1000.0000 	 -1000.0000 
	 11.1080 	 9.334178e-01 	 144.8646 	  0.6813 	 4.670907e+22 	 2.877653e+20 	 1.604723e-08 	 6.848506e-09 	 -1000.0000 	 -1000.0000 	 -1000.0000 	 -1000.0000 
	 11.1570 	 9.272836e-01 	 144.8308 	  0.6832 	 4.641207e+22 	 2.863936e+20 	 1.592963e-08 	 6.833351e-09 	 -1000.0000 	 -1000.0000 	 -1000.0000 	 -1000.0000 
	 11.3620 	 9.020470e-01 	 144.6824 	  0.6912 	 4.519258e+22 	 2.807443e+20 	 1.555194e-08 	 6.812118e-09 	 -1000.0000 	 -1000.0000 	 -1000.0000 	 -1000.0000 
	 11.5680 	 8.773762e-01 	 144.5594 	  0.6984 	 4.399397e+22 	 2.749625e+20 	 1.531573e-08 	 6.844012e-09 	 -1000.0000 	 -1000.0000 	 -1000.0000 	 -1000.0000 
	 11.7730 	 8.535034e-01 	 144.5118 	  0.7037 	 4.281375e+22 	 2.687711e+20 	 1.516654e-08 	 6.908292e-09 	 -1000.0000 	 -1000.0000 	 -1000.0000 	 -1000.0000 
	 11.9780 	 8.302999e-01 	 144.5861 	  0.7061 	 4.163247e+22 	 2.618258e+20 	 1.504689e-08 	 6.984666e-09 	 -1000.0000 	 -1000.0000 	 -1000.0000 	 -1000.0000 
	 12.0170 	 8.259604e-01 	 144.6156 	  0.7062 	 4.140718e+22 	 2.604136e+20 	 1.502346e-08 	 6.998906e-09 	 -1000.0000 	 -1000.0000 	 -1000.0000 	 -1000.0000 
	 12.2220 	 8.035331e-01 	 144.8317 	  0.7059 	 4.022526e+22 	 2.527145e+20 	 1.488250e-08 	 7.063773e-09 	 -1000.0000 	 -1000.0000 	 -1000.0000 	 -1000.0000 
	 12.4280 	 7.816279e-01 	 145.1165 	  0.7056 	 3.905156e+22 	 2.448866e+20 	 1.468762e-08 	 7.097728e-09 	 -1000.0000 	 -1000.0000 	 -1000.0000 	 -1000.0000 
	 12.8380 	 7.398203e-01 	 145.6890 	  0.7127 	 3.681164e+22 	 2.310676e+20 	 1.401636e-08 	 6.994938e-09 	 -1000.0000 	 -1000.0000 	 -1000.0000 	 -1000.0000 
	 12.8770 	 7.359627e-01 	 145.7343 	  0.7142 	 3.660782e+22 	 2.299667e+20 	 1.392794e-08 	 6.970213e-09 	 -1000.0000 	 -1000.0000 	 -1000.0000 	 -1000.0000 
	 13.0820 	 7.160155e-01 	 145.9377 	  0.7247 	 3.556415e+22 	 2.247545e+20 	 1.340713e-08 	 6.804787e-09 	 -1000.0000 	 -1000.0000 	 -1000.0000 	 -1000.0000 
	 13.2880 	 6.965189e-01 	 146.0821 	  0.7380 	 3.456084e+22 	 2.203064e+20 	 1.281872e-08 	 6.594623e-09 	 -1000.0000 	 -1000.0000 	 -1000.0000 	 -1000.0000 
	 13.4930 	 6.776480e-01 	 146.1645 	  0.7524 	 3.360574e+22 	 2.164164e+20 	 1.220905e-08 	 6.363692e-09 	 -1000.0000 	 -1000.0000 	 -1000.0000 	 -1000.0000 
	 13.7420 	 6.554183e-01 	 146.1800 	  0.7696 	 3.250102e+22 	 2.120536e+20 	 1.149452e-08 	 6.085484e-09 	 -1000.0000 	 -1000.0000 	 -1000.0000 	 -1000.0000 
	 13.9460 	 6.377546e-01 	 146.1217 	  0.7817 	 3.163898e+22 	 2.084834e+20 	 1.097796e-08 	 5.885118e-09 	 -1000.0000 	 -1000.0000 	 -1000.0000 	 -1000.0000 
	 14.1510 	 6.204867e-01 	 145.9969 	  0.7905 	 3.080973e+22 	 2.046350e+20 	 1.056450e-08 	 5.732088e-09 	 -1000.0000 	 -1000.0000 	 -1000.0000 	 -1000.0000 
	 14.3560 	 6.036881e-01 	 145.8042 	  0.7947 	 3.001568e+22 	 2.002775e+20 	 1.029731e-08 	 5.649299e-09 	 -1000.0000 	 -1000.0000 	 -1000.0000 	 -1000.0000 
	 14.5610 	 5.873445e-01 	 145.5430 	  0.7928 	 2.925479e+22 	 1.951763e+20 	 1.021464e-08 	 5.657428e-09 	 -1000.0000 	 -1000.0000 	 -1000.0000 	 -1000.0000 
	 14.8000 	 5.688462e-01 	 145.1844 	  0.7842 	 2.840204e+22 	 1.884214e+20 	 1.032951e-08 	 5.770472e-09 	 -1000.0000 	 -1000.0000 	 -1000.0000 	 -1000.0000 
	 15.0050 	 5.534412e-01 	 144.8844 	  0.7749 	 2.768983e+22 	 1.823991e+20 	 1.053296e-08 	 5.915914e-09 	 -1000.0000 	 -1000.0000 	 -1000.0000 	 -1000.0000 
	 15.2090 	 5.385205e-01 	 144.6433 	  0.7672 	 2.698921e+22 	 1.766354e+20 	 1.075961e-08 	 6.066991e-09 	 -1000.0000 	 -1000.0000 	 -1000.0000 	 -1000.0000 
	 15.4130 	 5.239949e-01 	 144.5060 	  0.7642 	 2.628793e+22 	 1.715053e+20 	 1.094400e-08 	 6.189255e-09 	 -1000.0000 	 -1000.0000 	 -1000.0000 	 -1000.0000 
	 15.4620 	 5.205633e-01 	 144.4909 	  0.7644 	 2.611892e+22 	 1.703924e+20 	 1.097815e-08 	 6.212267e-09 	 -1000.0000 	 -1000.0000 	 -1000.0000 	 -1000.0000 
	 15.8710 	 4.927521e-01 	 144.5391 	  0.7745 	 2.471623e+22 	 1.623846e+20 	 1.121419e-08 	 6.361417e-09 	 -1000.0000 	 -1000.0000 	 -1000.0000 	 -1000.0000 
	 16.0760 	 4.793487e-01 	 144.6098 	  0.7820 	 2.403098e+22 	 1.588317e+20 	 1.137836e-08 	 6.447579e-09 	 -1000.0000 	 -1000.0000 	 -1000.0000 	 -1000.0000 
	 16.2810 	 4.662844e-01 	 144.6539 	  0.7884 	 2.336771e+22 	 1.552613e+20 	 1.163554e-08 	 6.573207e-09 	 -1000.0000 	 -1000.0000 	 -1000.0000 	 -1000.0000 
	 16.3260 	 4.634612e-01 	 144.6574 	  0.7896 	 2.322551e+22 	 1.544610e+20 	 1.170408e-08 	 6.605848e-09 	 -1000.0000 	 -1000.0000 	 -1000.0000 	 -1000.0000 
	 16.5300 	 4.508646e-01 	 144.6501 	  0.7939 	 2.259520e+22 	 1.507947e+20 	 1.201623e-08 	 6.749011e-09 	 -1000.0000 	 -1000.0000 	 -1000.0000 	 -1000.0000 
	 16.7350 	 4.385428e-01 	 144.6157 	  0.7977 	 2.198330e+22 	 1.471260e+20 	 1.223605e-08 	 6.834902e-09 	 -1000.0000 	 -1000.0000 	 -1000.0000 	 -1000.0000 
	 16.9390 	 4.266198e-01 	 144.5691 	  0.8019 	 2.139288e+22 	 1.435954e+20 	 1.223214e-08 	 6.795455e-09 	 -1000.0000 	 -1000.0000 	 -1000.0000 	 -1000.0000 
	 17.1430 	 4.150383e-01 	 144.5253 	  0.8074 	 2.081799e+22 	 1.402832e+20 	 1.188971e-08 	 6.570818e-09 	 -1000.0000 	 -1000.0000 	 -1000.0000 	 -1000.0000 
	 17.1760 	 4.131970e-01 	 144.5200 	  0.8085 	 2.072624e+22 	 1.397687e+20 	 1.180688e-08 	 6.519334e-09 	 -1000.0000 	 -1000.0000 	 -1000.0000 	 -1000.0000 
	 17.3800 	 4.020113e-01 	 144.5135 	  0.8153 	 2.016509e+22 	 1.366490e+20 	 1.130383e-08 	 6.199913e-09 	 -1000.0000 	 -1000.0000 	 -1000.0000 	 -1000.0000 
	 17.7890 	 3.805927e-01 	 144.7574 	  0.8266 	 1.905901e+22 	 1.301387e+20 	 1.178753e-08 	 6.302446e-09 	 -1000.0000 	 -1000.0000 	 -1000.0000 	 -1000.0000 
	 17.9930 	 3.704029e-01 	 145.0818 	  0.8283 	 1.850907e+22 	 1.264084e+20 	 1.367518e-08 	 7.190952e-09 	 -1000.0000 	 -1000.0000 	 -1000.0000 	 -1000.0000 
	 18.0410 	 3.680518e-01 	 145.1806 	  0.8283 	 1.837957e+22 	 1.254702e+20 	 1.432652e-08 	 7.504702e-09 	 -1000.0000 	 -1000.0000 	 -1000.0000 	 -1000.0000 
	 18.2440 	 3.582954e-01 	 145.6673 	  0.8270 	 1.783410e+22 	 1.213608e+20 	 1.784534e-08 	 9.201114e-09 	 -1000.0000 	 -1000.0000 	 -1000.0000 	 -1000.0000 
	 18.4480 	 3.487800e-01 	 146.2231 	  0.8258 	 1.729453e+22 	 1.172086e+20 	 2.241317e-08 	 1.137069e-08 	 -1000.0000 	 -1000.0000 	 -1000.0000 	 -1000.0000 
	 18.8550 	 3.305791e-01 	 147.2864 	  0.8326 	 1.627011e+22 	 1.099639e+20 	 3.347511e-08 	 1.635781e-08 	 -1000.0000 	 -1000.0000 	 -1000.0000 	 -1000.0000 
	 18.9010 	 3.285826e-01 	 147.3882 	  0.8346 	 1.616022e+22 	 1.092937e+20 	 3.481856e-08 	 1.693186e-08 	 -1000.0000 	 -1000.0000 	 -1000.0000 	 -1000.0000 
	 19.1040 	 3.199135e-01 	 147.7843 	  0.8463 	 1.569000e+22 	 1.066744e+20 	 6.640207e-08 	 1.340820e-08 	 -1000.0000 	 -1000.0000 	 -1000.0000 	 -1000.0000 
	 19.3080 	 3.114312e-01 	 148.0980 	  0.8611 	 1.524059e+22 	 1.044894e+20 	 7.661084e-08 	 1.516745e-08 	 -1000.0000 	 -1000.0000 	 -1000.0000 	 -1000.0000 
	 19.5120 	 3.031752e-01 	 148.3312 	  0.8772 	 1.481292e+22 	 1.026062e+20 	 8.617611e-08 	 1.671065e-08 	 -1000.0000 	 -1000.0000 	 -1000.0000 	 -1000.0000 
	 19.7150 	 2.951804e-01 	 148.4877 	  0.8929 	 1.440747e+22 	 1.008864e+20 	 9.468383e-08 	 1.796717e-08 	 -1000.0000 	 -1000.0000 	 -1000.0000 	 -1000.0000 
	 19.7610 	 2.933990e-01 	 148.5130 	  0.8962 	 1.431824e+22 	 1.005031e+20 	 9.646356e-08 	 1.821281e-08 	 -1000.0000 	 -1000.0000 	 -1000.0000 	 -1000.0000 
	 19.9640 	 2.856689e-01 	 148.5824 	  0.9090 	 1.393548e+22 	 9.877423e+19 	 1.037136e-07 	 1.913897e-08 	 -1000.0000 	 -1000.0000 	 -1000.0000 	 -1000.0000 
	 20.1680 	 2.781139e-01 	 148.5851 	  0.9177 	 1.356784e+22 	 9.686704e+19 	 1.101916e-07 	 1.985174e-08 	 -1000.0000 	 -1000.0000 	 -1000.0000 	 -1000.0000 
	 20.3720 	 2.707685e-01 	 148.5249 	  0.9204 	 1.321581e+22 	 9.464313e+19 	 1.162950e-07 	 2.043049e-08 	 -1000.0000 	 -1000.0000 	 -1000.0000 	 -1000.0000 
	 20.8240 	 2.552175e-01 	 148.2194 	  0.9006 	 1.248243e+22 	 8.816215e+19 	 1.320352e-07 	 2.182850e-08 	 -1000.0000 	 -1000.0000 	 -1000.0000 	 -1000.0000 
	 21.0280 	 2.485085e-01 	 148.0825 	  0.8859 	 1.216539e+22 	 8.488708e+19 	 1.426372e-07 	 2.288468e-08 	 -1000.0000 	 -1000.0000 	 -1000.0000 	 -1000.0000 
	 21.2320 	 2.419800e-01 	 148.0094 	  0.8732 	 1.185184e+22 	 8.175319e+19 	 1.573375e-07 	 2.446623e-08 	 -1000.0000 	 -1000.0000 	 -1000.0000 	 -1000.0000 
	 21.4350 	 2.356539e-01 	 148.0437 	  0.8665 	 1.153974e+22 	 7.902318e+19 	 1.764071e-07 	 2.783950e-08 	 -1000.0000 	 -1000.0000 	 -1000.0000 	 -1000.0000 
	 21.4750 	 2.344269e-01 	 148.0651 	  0.8661 	 1.147808e+22 	 7.854201e+19 	 1.808654e-07 	 2.871868e-08 	 -1000.0000 	 -1000.0000 	 -1000.0000 	 -1000.0000 
	 21.8820 	 2.223070e-01 	 148.5058 	  0.8722 	 1.085251e+22 	 7.437591e+19 	 2.479445e-07 	 3.986962e-08 	 -1000.0000 	 -1000.0000 	 -1000.0000 	 -1000.0000 
	 22.0850 	 2.165100e-01 	 148.8387 	  0.8786 	 1.054555e+22 	 7.254241e+19 	 3.013627e-07 	 4.684288e-08 	 -1000.0000 	 -1000.0000 	 -1000.0000 	 -1000.0000 
	 22.2880 	 2.108778e-01 	 149.2151 	  0.8840 	 1.024508e+22 	 7.066434e+19 	 3.719433e-07 	 5.480707e-08 	 -1000.0000 	 -1000.0000 	 -1000.0000 	 -1000.0000 
	 22.3350 	 2.095971e-01 	 149.3065 	  0.8849 	 1.017660e+22 	 7.021272e+19 	 3.908788e-07 	 5.680037e-08 	 -1000.0000 	 -1000.0000 	 -1000.0000 	 -1000.0000 
	 22.5380 	 2.041645e-01 	 149.7198 	  0.8877 	 9.885518e+21 	 6.820544e+19 	 4.835305e-07 	 6.609528e-08 	 -1000.0000 	 -1000.0000 	 -1000.0000 	 -1000.0000 
	 22.7420 	 1.988632e-01 	 150.1647 	  0.8891 	 9.600428e+21 	 6.613182e+19 	 5.929866e-07 	 7.696990e-08 	 -1000.0000 	 -1000.0000 	 -1000.0000 	 -1000.0000 
	 22.9450 	 1.937404e-01 	 150.6368 	  0.8898 	 9.323833e+21 	 6.406068e+19 	 7.150336e-07 	 9.004185e-08 	 -1000.0000 	 -1000.0000 	 -1000.0000 	 -1000.0000 
	 23.1480 	 1.887650e-01 	 151.1387 	  0.8904 	 9.054027e+21 	 6.202911e+19 	 8.469265e-07 	 1.049898e-07 	 -1000.0000 	 -1000.0000 	 -1000.0000 	 -1000.0000 
	 23.1900 	 1.877537e-01 	 151.2467 	  0.8906 	 8.999020e+21 	 6.161625e+19 	 8.751909e-07 	 1.082450e-07 	 -1000.0000 	 -1000.0000 	 -1000.0000 	 -1000.0000 
	 23.3920 	 1.829755e-01 	 151.7923 	  0.8913 	 8.738146e+21 	 5.965899e+19 	 1.015449e-06 	 1.243753e-07 	 -1000.0000 	 -1000.0000 	 -1000.0000 	 -1000.0000 
	 23.7980 	 1.737971e-01 	 153.0707 	  0.8913 	 8.230635e+21 	 5.580085e+19 	 1.322194e-06 	 1.582591e-07 	 -1000.0000 	 -1000.0000 	 -1000.0000 	 -1000.0000 
	 24.0000 	 1.694391e-01 	 153.8272 	  0.8897 	 7.985520e+21 	 5.387894e+19 	 1.491081e-06 	 1.760619e-07 	 -1000.0000 	 -1000.0000 	 -1000.0000 	 -1000.0000 
	 24.0500 	 1.683813e-01 	 154.0267 	  0.8892 	 7.925614e+21 	 5.340281e+19 	 1.534764e-06 	 1.805901e-07 	 -1000.0000 	 -1000.0000 	 -1000.0000 	 -1000.0000 
	 24.2520 	 1.641873e-01 	 154.8535 	  0.8871 	 7.687668e+21 	 5.151120e+19 	 1.716654e-06 	 1.993346e-07 	 -1000.0000 	 -1000.0000 	 -1000.0000 	 -1000.0000 
	 24.4550 	 1.600930e-01 	 155.6675 	  0.8863 	 7.456857e+21 	 4.972141e+19 	 1.902603e-06 	 2.185220e-07 	 -1000.0000 	 -1000.0000 	 -1000.0000 	 -1000.0000 
	 24.8600 	 1.522424e-01 	 156.9719 	  0.8950 	 7.030470e+21 	 4.679954e+19 	 2.245683e-06 	 2.546514e-07 	 -1000.0000 	 -1000.0000 	 -1000.0000 	 -1000.0000 
	 24.9100 	 1.512996e-01 	 157.0857 	  0.8974 	 6.981562e+21 	 4.651781e+19 	 2.282573e-06 	 2.587374e-07 	 -1000.0000 	 -1000.0000 	 -1000.0000 	 -1000.0000 
	 25.1120 	 1.475476e-01 	 157.4324 	  0.9096 	 6.792302e+21 	 4.554148e+19 	 2.416216e-06 	 2.740654e-07 	 -1000.0000 	 -1000.0000 	 -1000.0000 	 -1000.0000 
	 25.3150 	 1.438679e-01 	 157.6042 	  0.9247 	 6.614871e+21 	 4.477669e+19 	 2.524757e-06 	 2.874077e-07 	 -1000.0000 	 -1000.0000 	 -1000.0000 	 -1000.0000 
	 25.5180 	 1.402783e-01 	 157.6077 	  0.9411 	 6.449323e+21 	 4.416852e+19 	 2.607161e-06 	 2.988044e-07 	 -1000.0000 	 -1000.0000 	 -1000.0000 	 -1000.0000 
	 25.7200 	 1.367948e-01 	 157.4531 	  0.9572 	 6.295477e+21 	 4.365895e+19 	 2.663806e-06 	 3.080722e-07 	 -1000.0000 	 -1000.0000 	 -1000.0000 	 -1000.0000 
	 25.7600 	 1.361154e-01 	 157.4045 	  0.9602 	 6.266222e+21 	 4.356418e+19 	 2.672132e-06 	 3.096484e-07 	 -1000.0000 	 -1000.0000 	 -1000.0000 	 -1000.0000 
	 25.9620 	 1.327364e-01 	 157.0724 	  0.9739 	 6.124196e+21 	 4.309041e+19 	 2.700221e-06 	 3.162449e-07 	 -1000.0000 	 -1000.0000 	 -1000.0000 	 -1000.0000 
	 26.1650 	 1.294273e-01 	 156.5990 	  0.9839 	 5.990407e+21 	 4.257842e+19 	 2.706005e-06 	 3.204067e-07 	 -1000.0000 	 -1000.0000 	 -1000.0000 	 -1000.0000 
	 26.3680 	 1.262042e-01 	 155.9944 	  0.9886 	 5.864664e+21 	 4.197017e+19 	 2.690579e-06 	 3.217381e-07 	 -1000.0000 	 -1000.0000 	 -1000.0000 	 -1000.0000 
	 26.8170 	 1.193682e-01 	 154.2693 	  0.9767 	 5.609540e+21 	 4.010806e+19 	 2.587761e-06 	 3.145897e-07 	 -1000.0000 	 -1000.0000 	 -1000.0000 	 -1000.0000 
	 27.0180 	 1.164205e-01 	 153.4163 	  0.9672 	 5.501345e+21 	 3.918435e+19 	 2.515213e-06 	 3.077741e-07 	 -1000.0000 	 -1000.0000 	 -1000.0000 	 -1000.0000 
	 27.2200 	 1.135138e-01 	 152.5814 	  0.9609 	 5.393260e+21 	 3.834397e+19 	 2.429373e-06 	 2.996451e-07 	 -1000.0000 	 -1000.0000 	 -1000.0000 	 -1000.0000 
	 27.4220 	 1.106526e-01 	 151.8200 	  0.9615 	 5.283652e+21 	 3.769276e+19 	 2.333666e-06 	 2.905418e-07 	 -1000.0000 	 -1000.0000 	 -1000.0000 	 -1000.0000 
	 27.4690 	 1.099929e-01 	 151.6571 	  0.9629 	 5.257789e+21 	 3.757380e+19 	 2.310436e-06 	 2.883221e-07 	 -1000.0000 	 -1000.0000 	 -1000.0000 	 -1000.0000 
	 27.8720 	 1.044467e-01 	 150.4637 	  0.9879 	 5.032267e+21 	 3.688247e+19 	 2.112967e-06 	 2.692496e-07 	 -1000.0000 	 -1000.0000 	 -1000.0000 	 -1000.0000 
	 28.0730 	 1.017679e-01 	 149.9894 	  1.0047 	 4.918720e+21 	 3.662647e+19 	 2.026886e-06 	 2.609579e-07 	 -1000.0000 	 -1000.0000 	 -1000.0000 	 -1000.0000 
	 28.2750 	 9.914534e-02 	 149.5809 	  1.0208 	 4.805085e+21 	 3.632079e+19 	 1.957228e-06 	 2.545283e-07 	 -1000.0000 	 -1000.0000 	 -1000.0000 	 -1000.0000 
	 28.3290 	 9.845666e-02 	 149.4825 	  1.0248 	 4.774861e+21 	 3.622366e+19 	 1.942033e-06 	 2.532005e-07 	 -1000.0000 	 -1000.0000 	 -1000.0000 	 -1000.0000 
	 28.5310 	 9.592447e-02 	 149.1575 	  1.0384 	 4.662252e+21 	 3.580658e+19 	 1.898202e-06 	 2.497217e-07 	 -1000.0000 	 -1000.0000 	 -1000.0000 	 -1000.0000 
	 28.7320 	 9.346915e-02 	 148.9057 	  1.0506 	 4.550636e+21 	 3.531905e+19 	 1.874496e-06 	 2.484034e-07 	 -1000.0000 	 -1000.0000 	 -1000.0000 	 -1000.0000 
	 28.9330 	 9.107201e-02 	 148.7308 	  1.0623 	 4.439098e+21 	 3.477459e+19 	 1.869848e-06 	 2.489075e-07 	 -1000.0000 	 -1000.0000 	 -1000.0000 	 -1000.0000 
	 29.1350 	 8.871568e-02 	 148.6390 	  1.0742 	 4.326729e+21 	 3.418481e+19 	 1.929304e-06 	 3.467221e-07 	 -1000.0000 	 -1000.0000 	 -1000.0000 	 -1000.0000 
	 29.1790 	 8.820919e-02 	 148.6313 	  1.0767 	 4.302189e+21 	 3.405069e+19 	 1.934812e-06 	 3.478090e-07 	 -1000.0000 	 -1000.0000 	 -1000.0000 	 -1000.0000 
	 29.3810 	 8.591756e-02 	 148.6661 	  1.0878 	 4.189197e+21 	 3.339381e+19 	 1.970799e-06 	 3.542694e-07 	 -1000.0000 	 -1000.0000 	 -1000.0000 	 -1000.0000 
	 29.7830 	 8.154126e-02 	 149.1708 	  1.1000 	 3.962492e+21 	 3.176735e+19 	 2.093701e-06 	 3.749394e-07 	 -1000.0000 	 -1000.0000 	 -1000.0000 	 -1000.0000 
	 29.9850 	 7.944723e-02 	 149.7014 	  1.0973 	 3.847532e+21 	 3.071745e+19 	 2.180599e-06 	 3.896348e-07 	 -1000.0000 	 -1000.0000 	 -1000.0000 	 -1000.0000 
	 30.0340 	 7.895047e-02 	 149.8598 	  1.0957 	 3.819574e+21 	 3.043729e+19 	 2.204142e-06 	 3.936435e-07 	 -1000.0000 	 -1000.0000 	 -1000.0000 	 -1000.0000 
	 30.2350 	 7.695584e-02 	 150.6030 	  1.0862 	 3.705160e+21 	 2.922030e+19 	 2.310390e-06 	 4.116933e-07 	 -1000.0000 	 -1000.0000 	 -1000.0000 	 -1000.0000 
	 30.4350 	 7.503502e-02 	 151.4429 	  1.0755 	 3.592722e+21 	 2.796535e+19 	 2.430886e-06 	 4.318494e-07 	 -1000.0000 	 -1000.0000 	 -1000.0000 	 -1000.0000 
	 30.8370 	 7.134072e-02 	 153.1707 	  1.0647 	 3.376172e+21 	 2.565436e+19 	 2.714109e-06 	 4.770190e-07 	 -1000.0000 	 -1000.0000 	 -1000.0000 	 -1000.0000 
	 30.8940 	 7.083279e-02 	 153.3991 	  1.0654 	 3.346897e+21 	 2.537621e+19 	 2.758378e-06 	 4.837633e-07 	 -1000.0000 	 -1000.0000 	 -1000.0000 	 -1000.0000 
	 31.0950 	 6.907135e-02 	 154.1593 	  1.0729 	 3.246659e+21 	 2.450114e+19 	 2.921883e-06 	 5.080256e-07 	 -1000.0000 	 -1000.0000 	 -1000.0000 	 -1000.0000 
	 31.2950 	 6.736386e-02 	 154.8468 	  1.0869 	 3.151416e+21 	 2.377979e+19 	 3.095160e-06 	 5.327662e-07 	 -1000.0000 	 -1000.0000 	 -1000.0000 	 -1000.0000 
	 31.4960 	 6.569227e-02 	 155.4699 	  1.1062 	 3.060030e+21 	 2.318615e+19 	 3.278813e-06 	 5.580436e-07 	 -1000.0000 	 -1000.0000 	 -1000.0000 	 -1000.0000 
	 31.6970 	 6.406425e-02 	 156.0262 	  1.1299 	 2.972803e+21 	 2.270531e+19 	 3.470866e-06 	 5.835460e-07 	 -1000.0000 	 -1000.0000 	 -1000.0000 	 -1000.0000 
	 31.7440 	 6.368976e-02 	 156.1469 	  1.1359 	 2.952986e+21 	 2.260712e+19 	 3.516864e-06 	 5.895214e-07 	 -1000.0000 	 -1000.0000 	 -1000.0000 	 -1000.0000 
	 31.9450 	 6.211417e-02 	 156.6229 	  1.1631 	 2.870633e+21 	 2.223945e+19 	 3.717718e-06 	 6.150402e-07 	 -1000.0000 	 -1000.0000 	 -1000.0000 	 -1000.0000 
	 32.1450 	 6.058752e-02 	 157.0334 	  1.1919 	 2.792404e+21 	 2.194374e+19 	 3.923396e-06 	 6.402355e-07 	 -1000.0000 	 -1000.0000 	 -1000.0000 	 -1000.0000 
	 32.3460 	 5.909357e-02 	 157.3839 	  1.2213 	 2.717332e+21 	 2.169825e+19 	 4.134825e-06 	 6.651704e-07 	 -1000.0000 	 -1000.0000 	 -1000.0000 	 -1000.0000 
	 34.2680 	 4.666058e-02 	 157.8629 	  1.3054 	 2.142875e+21 	 1.829998e+19 	 6.174274e-06 	 8.471394e-07 	 -1000.0000 	 -1000.0000 	 -1000.0000 	 -1000.0000 
	 34.4690 	 4.553331e-02 	 157.6550 	  1.2746 	 2.093911e+21 	 1.751162e+19 	 6.357430e-06 	 8.559386e-07 	 -1000.0000 	 -1000.0000 	 -1000.0000 	 -1000.0000 
	 34.6690 	 4.443840e-02 	 157.4356 	  1.2415 	 2.046363e+21 	 1.670464e+19 	 6.510631e-06 	 8.610428e-07 	 -1000.0000 	 -1000.0000 	 -1000.0000 	 -1000.0000 
	 34.8690 	 4.336788e-02 	 157.2251 	  1.2111 	 1.999666e+21 	 1.594192e+19 	 6.621329e-06 	 8.616638e-07 	 -1000.0000 	 -1000.0000 	 -1000.0000 	 -1000.0000 
	 35.0690 	 4.231952e-02 	 157.0446 	  1.1883 	 1.953509e+21 	 1.528866e+19 	 6.676470e-06 	 8.569944e-07 	 -1000.0000 	 -1000.0000 	 -1000.0000 	 -1000.0000 
	 35.1130 	 4.209174e-02 	 157.0105 	  1.1846 	 1.943407e+21 	 1.516340e+19 	 6.680710e-06 	 8.552387e-07 	 -1000.0000 	 -1000.0000 	 -1000.0000 	 -1000.0000 
	 35.3130 	 4.106982e-02 	 156.8832 	  1.1729 	 1.897738e+21 	 1.466648e+19 	 6.671185e-06 	 8.445102e-07 	 -1000.0000 	 -1000.0000 	 -1000.0000 	 -1000.0000 
	 35.5120 	 4.007593e-02 	 156.8041 	  1.1683 	 1.852749e+21 	 1.426690e+19 	 6.627759e-06 	 8.303822e-07 	 -1000.0000 	 -1000.0000 	 -1000.0000 	 -1000.0000 
	 35.7120 	 3.910144e-02 	 156.7761 	  1.1688 	 1.808044e+21 	 1.392933e+19 	 6.567542e-06 	 8.140954e-07 	 -1000.0000 	 -1000.0000 	 -1000.0000 	 -1000.0000 
	 35.9120 	 3.815272e-02 	 156.8030 	  1.1723 	 1.763910e+21 	 1.362490e+19 	 6.508098e-06 	 7.971024e-07 	 -1000.0000 	 -1000.0000 	 -1000.0000 	 -1000.0000 
	 35.9680 	 3.789179e-02 	 156.8201 	  1.1736 	 1.751665e+21 	 1.354270e+19 	 6.493245e-06 	 7.924085e-07 	 -1000.0000 	 -1000.0000 	 -1000.0000 	 -1000.0000 
	 36.1690 	 3.697159e-02 	 156.9091 	  1.1800 	 1.708181e+21 	 1.326107e+19 	 6.445437e-06 	 7.764939e-07 	 -1000.0000 	 -1000.0000 	 -1000.0000 	 -1000.0000 
	 36.3690 	 3.608030e-02 	 157.0277 	  1.1891 	 1.665740e+21 	 1.300779e+19 	 6.403639e-06 	 7.632009e-07 	 -1000.0000 	 -1000.0000 	 -1000.0000 	 -1000.0000 
	 36.7690 	 3.436484e-02 	 157.2894 	  1.2184 	 1.583853e+21 	 1.261394e+19 	 6.322814e-06 	 7.499070e-07 	 -1000.0000 	 -1000.0000 	 -1000.0000 	 -1000.0000 
	 36.8130 	 3.418126e-02 	 157.3163 	  1.2226 	 1.575119e+21 	 1.258126e+19 	 6.313252e-06 	 7.497959e-07 	 -1000.0000 	 -1000.0000 	 -1000.0000 	 -1000.0000 
	 37.0130 	 3.335917e-02 	 157.4306 	  1.2436 	 1.536114e+21 	 1.245463e+19 	 6.266573e-06 	 7.519815e-07 	 -1000.0000 	 -1000.0000 	 -1000.0000 	 -1000.0000 
	 37.2120 	 3.256094e-02 	 157.5296 	  1.2666 	 1.498420e+21 	 1.235512e+19 	 6.213503e-06 	 7.571190e-07 	 -1000.0000 	 -1000.0000 	 -1000.0000 	 -1000.0000 
	 37.4120 	 3.177812e-02 	 157.6126 	  1.2904 	 1.461636e+21 	 1.226926e+19 	 6.151617e-06 	 7.633374e-07 	 -1000.0000 	 -1000.0000 	 -1000.0000 	 -1000.0000 
	 37.8670 	 3.006741e-02 	 157.7302 	  1.3400 	 1.381941e+21 	 1.206036e+19 	 5.968833e-06 	 7.711886e-07 	 -1000.0000 	 -1000.0000 	 -1000.0000 	 -1000.0000 
	 38.0660 	 2.934885e-02 	 157.7464 	  1.3564 	 1.348778e+21 	 1.193406e+19 	 5.866157e-06 	 7.674030e-07 	 -1000.0000 	 -1000.0000 	 -1000.0000 	 -1000.0000 
	 38.2650 	 2.864772e-02 	 157.7388 	  1.3677 	 1.316613e+21 	 1.176888e+19 	 5.746973e-06 	 7.565067e-07 	 -1000.0000 	 -1000.0000 	 -1000.0000 	 -1000.0000 
	 38.4640 	 2.796357e-02 	 157.7057 	  1.3725 	 1.285424e+21 	 1.155274e+19 	 5.609506e-06 	 7.366484e-07 	 -1000.0000 	 -1000.0000 	 -1000.0000 	 -1000.0000 
	 38.5230 	 2.776393e-02 	 157.6913 	  1.3726 	 1.276358e+21 	 1.147827e+19 	 5.565370e-06 	 7.289764e-07 	 -1000.0000 	 -1000.0000 	 -1000.0000 	 -1000.0000 
	 38.7230 	 2.709785e-02 	 157.6340 	  1.3697 	 1.246175e+21 	 1.119943e+19 	 5.408391e-06 	 6.986520e-07 	 -1000.0000 	 -1000.0000 	 -1000.0000 	 -1000.0000 
	 38.9220 	 2.645108e-02 	 157.5754 	  1.3634 	 1.216883e+21 	 1.089736e+19 	 5.247964e-06 	 6.649265e-07 	 -1000.0000 	 -1000.0000 	 -1000.0000 	 -1000.0000 
	 39.1220 	 2.581667e-02 	 157.5299 	  1.3563 	 1.188052e+21 	 1.058982e+19 	 5.091747e-06 	 6.314902e-07 	 -1000.0000 	 -1000.0000 	 -1000.0000 	 -1000.0000 
	 39.3220 	 2.519742e-02 	 157.5130 	  1.3507 	 1.159696e+21 	 1.029890e+19 	 4.949632e-06 	 6.024817e-07 	 -1000.0000 	 -1000.0000 	 -1000.0000 	 -1000.0000 
	 39.3680 	 2.505710e-02 	 157.5141 	  1.3499 	 1.153233e+21 	 1.023590e+19 	 4.919432e-06 	 5.967041e-07 	 -1000.0000 	 -1000.0000 	 -1000.0000 	 -1000.0000 
	 39.7660 	 2.387544e-02 	 157.5918 	  1.3497 	 1.098312e+21 	 9.753286e+18 	 4.682553e-06 	 5.584807e-07 	 -1000.0000 	 -1000.0000 	 -1000.0000 	 -1000.0000 
	 39.9650 	 2.330613e-02 	 157.6683 	  1.3549 	 1.071598e+21 	 9.553476e+18 	 4.569687e-06 	 5.454233e-07 	 -1000.0000 	 -1000.0000 	 -1000.0000 	 -1000.0000 
	 40.1640 	 2.275092e-02 	 157.7631 	  1.3639 	 1.045441e+21 	 9.380862e+18 	 4.451670e-06 	 5.348789e-07 	 -1000.0000 	 -1000.0000 	 -1000.0000 	 -1000.0000 
	 40.2220 	 2.259173e-02 	 157.7935 	  1.3673 	 1.037927e+21 	 9.335495e+18 	 4.415688e-06 	 5.321465e-07 	 -1000.0000 	 -1000.0000 	 -1000.0000 	 -1000.0000 
	 40.4210 	 2.205432e-02 	 157.9064 	  1.3811 	 1.012523e+21 	 9.195024e+18 	 4.287868e-06 	 5.237897e-07 	 -1000.0000 	 -1000.0000 	 -1000.0000 	 -1000.0000 
	 40.8180 	 2.102165e-02 	 158.1633 	  1.4177 	 9.635645e+20 	 8.972277e+18 	 4.022473e-06 	 5.110749e-07 	 -1000.0000 	 -1000.0000 	 -1000.0000 	 -1000.0000 
	 41.0160 	 2.052545e-02 	 158.3027 	  1.4395 	 9.399955e+20 	 8.882095e+18 	 3.890851e-06 	 5.062482e-07 	 -1000.0000 	 -1000.0000 	 -1000.0000 	 -1000.0000 
	 41.9020 	 1.844660e-02 	 158.9507 	  1.5520 	 8.413035e+20 	 8.531702e+18 	 3.397718e-06 	 4.900837e-07 	 -1000.0000 	 -1000.0000 	 -1000.0000 	 -1000.0000 
	 42.1010 	 1.800938e-02 	 159.0911 	  1.5770 	 8.206268e+20 	 8.441537e+18 	 3.323148e-06 	 4.864651e-07 	 -1000.0000 	 -1000.0000 	 -1000.0000 	 -1000.0000 
	 42.2990 	 1.758479e-02 	 159.2293 	  1.5992 	 8.005772e+20 	 8.338190e+18 	 3.262745e-06 	 4.826561e-07 	 -1000.0000 	 -1000.0000 	 -1000.0000 	 -1000.0000 
	 42.4980 	 1.716850e-02 	 159.3682 	  1.6172 	 7.809408e+20 	 8.215916e+18 	 3.214754e-06 	 4.785879e-07 	 -1000.0000 	 -1000.0000 	 -1000.0000 	 -1000.0000 
	 42.6960 	 1.676462e-02 	 159.5079 	  1.6293 	 7.619039e+20 	 8.071273e+18 	 3.178519e-06 	 4.742714e-07 	 -1000.0000 	 -1000.0000 	 -1000.0000 	 -1000.0000 
	 42.7520 	 1.665226e-02 	 159.5479 	  1.6315 	 7.566088e+20 	 8.025562e+18 	 3.170198e-06 	 4.729978e-07 	 -1000.0000 	 -1000.0000 	 -1000.0000 	 -1000.0000 
	 42.9510 	 1.625957e-02 	 159.6924 	  1.6337 	 7.381044e+20 	 7.843697e+18 	 3.146942e-06 	 4.682687e-07 	 -1000.0000 	 -1000.0000 	 -1000.0000 	 -1000.0000 
	 43.1490 	 1.587906e-02 	 159.8410 	  1.6265 	 7.201681e+20 	 7.629096e+18 	 3.132720e-06 	 4.632259e-07 	 -1000.0000 	 -1000.0000 	 -1000.0000 	 -1000.0000 
	 43.3480 	 1.550682e-02 	 159.9967 	  1.6082 	 7.026075e+20 	 7.374889e+18 	 3.126242e-06 	 4.577880e-07 	 -1000.0000 	 -1000.0000 	 -1000.0000 	 -1000.0000 
	 43.8010 	 1.469674e-02 	 160.3835 	  1.5228 	 6.642947e+20 	 6.650340e+18 	 3.131939e-06 	 4.443231e-07 	 -1000.0000 	 -1000.0000 	 -1000.0000 	 -1000.0000 
	 43.9990 	 1.435755e-02 	 160.5715 	  1.4769 	 6.482007e+20 	 6.310289e+18 	 3.134795e-06 	 4.389021e-07 	 -1000.0000 	 -1000.0000 	 -1000.0000 	 -1000.0000 
	 44.1980 	 1.402465e-02 	 160.7753 	  1.4353 	 6.323700e+20 	 5.990150e+18 	 3.131350e-06 	 4.345348e-07 	 -1000.0000 	 -1000.0000 	 -1000.0000 	 -1000.0000 
	 44.3960 	 1.370060e-02 	 160.9951 	  1.4048 	 6.169236e+20 	 5.717983e+18 	 3.117137e-06 	 4.318115e-07 	 -1000.0000 	 -1000.0000 	 -1000.0000 	 -1000.0000 
	 44.4470 	 1.361823e-02 	 161.0545 	  1.3993 	 6.129914e+20 	 5.657248e+18 	 3.111395e-06 	 4.314031e-07 	 -1000.0000 	 -1000.0000 	 -1000.0000 	 -1000.0000 
	 44.8430 	 1.299403e-02 	 161.5470 	  1.3817 	 5.831373e+20 	 5.294228e+18 	 3.041927e-06 	 4.310919e-07 	 -1000.0000 	 -1000.0000 	 -1000.0000 	 -1000.0000 
	 45.0410 	 1.269233e-02 	 161.8081 	  1.3851 	 5.686872e+20 	 5.167266e+18 	 2.993940e-06 	 4.319303e-07 	 -1000.0000 	 -1000.0000 	 -1000.0000 	 -1000.0000 
	 45.2380 	 1.239917e-02 	 162.0728 	  1.3926 	 5.546468e+20 	 5.062767e+18 	 2.940089e-06 	 4.326871e-07 	 -1000.0000 	 -1000.0000 	 -1000.0000 	 -1000.0000 
	 46.1220 	 1.117244e-02 	 163.2269 	  1.4000 	 4.961943e+20 	 4.579561e+18 	 2.676295e-06 	 4.206305e-07 	 -1000.0000 	 -1000.0000 	 -1000.0000 	 -1000.0000 
	 46.3190 	 1.091895e-02 	 163.4640 	  1.3826 	 4.842267e+20 	 4.420568e+18 	 2.624006e-06 	 4.125697e-07 	 -1000.0000 	 -1000.0000 	 -1000.0000 	 -1000.0000 
	 46.5160 	 1.067192e-02 	 163.7033 	  1.3604 	 4.725806e+20 	 4.249845e+18 	 2.577696e-06 	 4.040084e-07 	 -1000.0000 	 -1000.0000 	 -1000.0000 	 -1000.0000 
	 46.7130 	 1.043075e-02 	 163.9536 	  1.3364 	 4.612022e+20 	 4.078020e+18 	 2.538871e-06 	 3.962741e-07 	 -1000.0000 	 -1000.0000 	 -1000.0000 	 -1000.0000 
	 46.9110 	 1.019364e-02 	 164.2248 	  1.3137 	 4.499821e+20 	 3.914817e+18 	 2.508870e-06 	 3.906531e-07 	 -1000.0000 	 -1000.0000 	 -1000.0000 	 -1000.0000 
	 46.9620 	 1.013338e-02 	 164.2984 	  1.3083 	 4.471232e+20 	 3.875274e+18 	 2.502685e-06 	 3.896600e-07 	 -1000.0000 	 -1000.0000 	 -1000.0000 	 -1000.0000 
	 47.1590 	 9.903840e-03 	 164.5952 	  1.2901 	 4.362111e+20 	 3.732482e+18 	 2.484037e-06 	 3.874363e-07 	 -1000.0000 	 -1000.0000 	 -1000.0000 	 -1000.0000 
	 47.3560 	 9.679616e-03 	 164.9072 	  1.2764 	 4.255282e+20 	 3.605478e+18 	 2.472439e-06 	 3.874616e-07 	 -1000.0000 	 -1000.0000 	 -1000.0000 	 -1000.0000 
	 47.7510 	 9.247100e-03 	 165.5556 	  1.2655 	 4.049137e+20 	 3.398227e+18 	 2.463630e-06 	 3.926200e-07 	 -1000.0000 	 -1000.0000 	 -1000.0000 	 -1000.0000 
	 47.8060 	 9.188753e-03 	 165.6465 	  1.2659 	 4.021370e+20 	 3.374245e+18 	 2.463394e-06 	 3.937393e-07 	 -1000.0000 	 -1000.0000 	 -1000.0000 	 -1000.0000 
	 48.0030 	 8.983438e-03 	 165.9718 	  1.2705 	 3.923784e+20 	 3.296346e+18 	 2.464056e-06 	 3.983356e-07 	 -1000.0000 	 -1000.0000 	 -1000.0000 	 -1000.0000 
	 48.2000 	 8.783644e-03 	 166.2962 	  1.2787 	 3.829023e+20 	 3.228263e+18 	 2.466864e-06 	 4.036453e-07 	 -1000.0000 	 -1000.0000 	 -1000.0000 	 -1000.0000 
	 48.3960 	 8.590055e-03 	 166.6172 	  1.2885 	 3.737415e+20 	 3.166762e+18 	 2.471510e-06 	 4.093693e-07 	 -1000.0000 	 -1000.0000 	 -1000.0000 	 -1000.0000 
	 48.8530 	 8.157192e-03 	 167.3553 	  1.3080 	 3.533448e+20 	 3.027965e+18 	 2.487956e-06 	 4.229368e-07 	 -1000.0000 	 -1000.0000 	 -1000.0000 	 -1000.0000 
	 49.0500 	 7.977899e-03 	 167.6673 	  1.3106 	 3.449368e+20 	 2.961675e+18 	 2.496798e-06 	 4.282382e-07 	 -1000.0000 	 -1000.0000 	 -1000.0000 	 -1000.0000 
	 49.2460 	 7.803469e-03 	 167.9730 	  1.3071 	 3.367825e+20 	 2.886810e+18 	 2.506240e-06 	 4.328013e-07 	 -1000.0000 	 -1000.0000 	 -1000.0000 	 -1000.0000 
	 49.4430 	 7.631836e-03 	 168.2748 	  1.2957 	 3.287860e+20 	 2.799192e+18 	 2.516097e-06 	 4.364098e-07 	 -1000.0000 	 -1000.0000 	 -1000.0000 	 -1000.0000 
	 49.4960 	 7.586265e-03 	 168.3548 	  1.2913 	 3.266677e+20 	 2.773400e+18 	 2.518764e-06 	 4.371961e-07 	 -1000.0000 	 -1000.0000 	 -1000.0000 	 -1000.0000 
	 49.6930 	 7.419119e-03 	 168.6467 	  1.2711 	 3.189182e+20 	 2.672177e+18 	 2.528465e-06 	 4.395292e-07 	 -1000.0000 	 -1000.0000 	 -1000.0000 	 -1000.0000 
	 49.8900 	 7.255515e-03 	 168.9270 	  1.2479 	 3.113677e+20 	 2.567680e+18 	 2.537378e-06 	 4.411162e-07 	 -1000.0000 	 -1000.0000 	 -1000.0000 	 -1000.0000 
	 50.0860 	 7.096268e-03 	 169.1911 	  1.2254 	 3.040577e+20 	 2.467228e+18 	 2.544876e-06 	 4.421937e-07 	 -1000.0000 	 -1000.0000 	 -1000.0000 	 -1000.0000 
	 50.2830 	 6.939769e-03 	 169.4382 	  1.2068 	 2.969178e+20 	 2.376510e+18 	 2.550455e-06 	 4.430109e-07 	 -1000.0000 	 -1000.0000 	 -1000.0000 	 -1000.0000 
	 50.3410 	 6.894381e-03 	 169.5071 	  1.2025 	 2.948561e+20 	 2.352392e+18 	 2.551672e-06 	 4.432276e-07 	 -1000.0000 	 -1000.0000 	 -1000.0000 	 -1000.0000 
	 50.7330 	 6.596260e-03 	 169.9187 	  1.1832 	 2.814233e+20 	 2.214153e+18 	 2.555587e-06 	 4.444820e-07 	 -1000.0000 	 -1000.0000 	 -1000.0000 	 -1000.0000 
	 50.9290 	 6.453140e-03 	 170.0855 	  1.1778 	 2.750472e+20 	 2.156270e+18 	 2.555320e-06 	 4.449987e-07 	 -1000.0000 	 -1000.0000 	 -1000.0000 	 -1000.0000 
	 51.1250 	 6.314214e-03 	 170.2230 	  1.1731 	 2.689082e+20 	 2.101907e+18 	 2.554052e-06 	 4.454656e-07 	 -1000.0000 	 -1000.0000 	 -1000.0000 	 -1000.0000 
	 51.1810 	 6.275287e-03 	 170.2567 	  1.1718 	 2.671974e+20 	 2.086715e+18 	 2.553576e-06 	 4.455992e-07 	 -1000.0000 	 -1000.0000 	 -1000.0000 	 -1000.0000 
	 51.3770 	 6.141449e-03 	 170.3551 	  1.1671 	 2.613473e+20 	 2.034666e+18 	 2.551936e-06 	 4.461635e-07 	 -1000.0000 	 -1000.0000 	 -1000.0000 	 -1000.0000 
	 51.7690 	 5.882933e-03 	 170.4628 	  1.1580 	 2.501881e+20 	 1.936223e+18 	 2.551752e-06 	 4.484395e-07 	 -1000.0000 	 -1000.0000 	 -1000.0000 	 -1000.0000 
	 51.9650 	 5.757004e-03 	 170.4733 	  1.1539 	 2.448174e+20 	 1.890080e+18 	 2.555013e-06 	 4.505734e-07 	 -1000.0000 	 -1000.0000 	 -1000.0000 	 -1000.0000 
	 52.0310 	 5.714979e-03 	 170.4706 	  1.1526 	 2.430341e+20 	 1.875069e+18 	 2.556780e-06 	 4.514840e-07 	 -1000.0000 	 -1000.0000 	 -1000.0000 	 -1000.0000 
	 52.2270 	 5.591410e-03 	 170.4450 	  1.1498 	 2.378146e+20 	 1.832519e+18 	 2.563759e-06 	 4.547486e-07 	 -1000.0000 	 -1000.0000 	 -1000.0000 	 -1000.0000 
	 52.4230 	 5.469915e-03 	 170.3953 	  1.1492 	 2.327150e+20 	 1.793759e+18 	 2.572844e-06 	 4.588178e-07 	 -1000.0000 	 -1000.0000 	 -1000.0000 	 -1000.0000 
	 52.8150 	 5.234313e-03 	 170.2337 	  1.1590 	 2.229037e+20 	 1.731474e+18 	 2.594831e-06 	 4.691955e-07 	 -1000.0000 	 -1000.0000 	 -1000.0000 	 -1000.0000 
	 52.8750 	 5.199219e-03 	 170.2025 	  1.1622 	 2.214498e+20 	 1.724013e+18 	 2.598425e-06 	 4.710253e-07 	 -1000.0000 	 -1000.0000 	 -1000.0000 	 -1000.0000 
	 53.0710 	 5.086371e-03 	 170.0894 	  1.1748 	 2.167875e+20 	 1.702882e+18 	 2.610451e-06 	 4.773500e-07 	 -1000.0000 	 -1000.0000 	 -1000.0000 	 -1000.0000 
	 53.2670 	 4.976185e-03 	 169.9592 	  1.1902 	 2.122539e+20 	 1.685526e+18 	 2.622898e-06 	 4.840710e-07 	 -1000.0000 	 -1000.0000 	 -1000.0000 	 -1000.0000 
	 53.4620 	 4.869092e-03 	 169.8127 	  1.2068 	 2.078651e+20 	 1.670467e+18 	 2.635681e-06 	 4.909760e-07 	 -1000.0000 	 -1000.0000 	 -1000.0000 	 -1000.0000 
	 54.5400 	 4.317615e-03 	 168.7084 	  1.2575 	 1.855269e+20 	 1.557927e+18 	 2.712736e-06 	 5.252177e-07 	 -1000.0000 	 -1000.0000 	 -1000.0000 	 -1000.0000 
	 54.7350 	 4.224334e-03 	 168.4657 	  1.2505 	 1.817793e+20 	 1.522600e+18 	 2.727428e-06 	 5.295254e-07 	 -1000.0000 	 -1000.0000 	 -1000.0000 	 -1000.0000 
	 54.9300 	 4.132843e-03 	 168.2289 	  1.2408 	 1.780930e+20 	 1.484699e+18 	 2.741773e-06 	 5.333303e-07 	 -1000.0000 	 -1000.0000 	 -1000.0000 	 -1000.0000 
	 55.1250 	 4.043088e-03 	 168.0108 	  1.2309 	 1.744526e+20 	 1.446736e+18 	 2.755387e-06 	 5.368118e-07 	 -1000.0000 	 -1000.0000 	 -1000.0000 	 -1000.0000 
	 55.3200 	 3.955018e-03 	 167.8246 	  1.2233 	 1.708428e+20 	 1.411192e+18 	 2.767883e-06 	 5.401472e-07 	 -1000.0000 	 -1000.0000 	 -1000.0000 	 -1000.0000 
	 55.3800 	 3.928255e-03 	 167.7754 	  1.2217 	 1.697366e+20 	 1.400989e+18 	 2.771445e-06 	 5.411629e-07 	 -1000.0000 	 -1000.0000 	 -1000.0000 	 -1000.0000 
	 55.7700 	 3.758319e-03 	 167.5636 	  1.2172 	 1.625987e+20 	 1.340578e+18 	 2.790423e-06 	 5.475303e-07 	 -1000.0000 	 -1000.0000 	 -1000.0000 	 -1000.0000 
	 55.9650 	 3.676094e-03 	 167.5369 	  1.2170 	 1.590669e+20 	 1.312199e+18 	 2.796606e-06 	 5.504646e-07 	 -1000.0000 	 -1000.0000 	 -1000.0000 	 -1000.0000 
	 56.1600 	 3.595797e-03 	 167.5701 	  1.2165 	 1.555622e+20 	 1.283425e+18 	 2.800112e-06 	 5.531558e-07 	 -1000.0000 	 -1000.0000 	 -1000.0000 	 -1000.0000 
	 56.2200 	 3.571486e-03 	 167.5927 	  1.2162 	 1.544898e+20 	 1.274358e+18 	 2.800631e-06 	 5.539338e-07 	 -1000.0000 	 -1000.0000 	 -1000.0000 	 -1000.0000 
	 56.4150 	 3.493750e-03 	 167.7021 	  1.2145 	 1.510288e+20 	 1.244247e+18 	 2.800754e-06 	 5.563674e-07 	 -1000.0000 	 -1000.0000 	 -1000.0000 	 -1000.0000 
	 56.8050 	 3.344004e-03 	 168.0559 	  1.2071 	 1.442500e+20 	 1.181809e+18 	 2.795717e-06 	 5.613018e-07 	 -1000.0000 	 -1000.0000 	 -1000.0000 	 -1000.0000 
	 57.0000 	 3.271924e-03 	 168.2817 	  1.2013 	 1.409515e+20 	 1.149938e+18 	 2.791710e-06 	 5.641068e-07 	 -1000.0000 	 -1000.0000 	 -1000.0000 	 -1000.0000 
	 57.0550 	 3.251920e-03 	 168.3494 	  1.1994 	 1.400339e+20 	 1.140946e+18 	 2.790508e-06 	 5.649663e-07 	 -1000.0000 	 -1000.0000 	 -1000.0000 	 -1000.0000 
	 57.2490 	 3.182451e-03 	 168.5952 	  1.1928 	 1.368440e+20 	 1.109723e+18 	 2.786213e-06 	 5.682821e-07 	 -1000.0000 	 -1000.0000 	 -1000.0000 	 -1000.0000 
	 57.4430 	 3.114589e-03 	 168.8424 	  1.1874 	 1.337304e+20 	 1.080105e+18 	 2.782123e-06 	 5.721038e-07 	 -1000.0000 	 -1000.0000 	 -1000.0000 	 -1000.0000 
	 57.8320 	 2.982864e-03 	 169.2882 	  1.1878 	 1.277338e+20 	 1.029955e+18 	 2.776094e-06 	 5.816261e-07 	 -1000.0000 	 -1000.0000 	 -1000.0000 	 -1000.0000 
	 57.9050 	 2.958736e-03 	 169.3584 	  1.1903 	 1.266470e+20 	 1.022378e+18 	 2.775461e-06 	 5.837219e-07 	 -1000.0000 	 -1000.0000 	 -1000.0000 	 -1000.0000 
	 58.0990 	 2.895490e-03 	 169.5226 	  1.2000 	 1.238170e+20 	 1.004792e+18 	 2.774615e-06 	 5.897129e-07 	 -1000.0000 	 -1000.0000 	 -1000.0000 	 -1000.0000 
	 58.2930 	 2.833520e-03 	 169.6561 	  1.2132 	 1.210696e+20 	 9.901224e+17 	 2.774949e-06 	 5.962077e-07 	 -1000.0000 	 -1000.0000 	 -1000.0000 	 -1000.0000 
	 58.4880 	 2.772517e-03 	 169.7623 	  1.2284 	 1.183879e+20 	 9.773130e+17 	 2.776429e-06 	 6.031056e-07 	 -1000.0000 	 -1000.0000 	 -1000.0000 	 -1000.0000 
	 58.6820 	 2.713105e-03 	 169.8425 	  1.2438 	 1.157963e+20 	 9.654958e+17 	 2.778997e-06 	 6.101982e-07 	 -1000.0000 	 -1000.0000 	 -1000.0000 	 -1000.0000 
	 58.7450 	 2.694086e-03 	 169.8635 	  1.2486 	 1.149706e+20 	 9.616908e+17 	 2.780059e-06 	 6.125281e-07 	 -1000.0000 	 -1000.0000 	 -1000.0000 	 -1000.0000 
	 58.9390 	 2.636365e-03 	 169.9143 	  1.2619 	 1.124751e+20 	 9.495640e+17 	 2.784007e-06 	 6.197138e-07 	 -1000.0000 	 -1000.0000 	 -1000.0000 	 -1000.0000 
	 59.1330 	 2.579919e-03 	 169.9459 	  1.2718 	 1.100487e+20 	 9.360471e+17 	 2.788947e-06 	 6.268109e-07 	 -1000.0000 	 -1000.0000 	 -1000.0000 	 -1000.0000 
	 59.3280 	 2.524468e-03 	 169.9609 	  1.2768 	 1.076760e+20 	 9.200557e+17 	 2.794868e-06 	 6.337168e-07 	 -1000.0000 	 -1000.0000 	 -1000.0000 	 -1000.0000 
	 59.7730 	 2.402715e-03 	 169.9512 	  1.2636 	 1.024907e+20 	 8.709642e+17 	 2.812103e-06 	 6.482346e-07 	 -1000.0000 	 -1000.0000 	 -1000.0000 	 -1000.0000 
	 59.9670 	 2.351630e-03 	 169.9437 	  1.2502 	 1.003161e+20 	 8.457981e+17 	 2.821962e-06 	 6.544907e-07 	 -1000.0000 	 -1000.0000 	 -1000.0000 	 -1000.0000 
	 60.1610 	 2.301681e-03 	 169.9460 	  1.2354 	 9.818383e+19 	 8.202904e+17 	 2.833871e-06 	 6.611614e-07 	 -1000.0000 	 -1000.0000 	 -1000.0000 	 -1000.0000 
	 60.3550 	 2.252817e-03 	 169.9663 	  1.2215 	 9.608699e+19 	 7.958099e+17 	 2.848258e-06 	 6.685674e-07 	 -1000.0000 	 -1000.0000 	 -1000.0000 	 -1000.0000 
	 60.4190 	 2.236927e-03 	 169.9783 	  1.2174 	 9.540207e+19 	 7.881437e+17 	 2.853561e-06 	 6.712059e-07 	 -1000.0000 	 -1000.0000 	 -1000.0000 	 -1000.0000 
	 60.8070 	 2.142962e-03 	 170.1181 	  1.2003 	 9.131738e+19 	 7.465118e+17 	 2.888941e-06 	 6.888117e-07 	 -1000.0000 	 -1000.0000 	 -1000.0000 	 -1000.0000 
	 61.0010 	 2.097461e-03 	 170.2386 	  1.1977 	 8.931618e+19 	 7.289900e+17 	 2.906810e-06 	 6.982921e-07 	 -1000.0000 	 -1000.0000 	 -1000.0000 	 -1000.0000 
	 61.1950 	 2.052913e-03 	 170.3984 	  1.2001 	 8.734051e+19 	 7.138022e+17 	 2.923291e-06 	 7.079386e-07 	 -1000.0000 	 -1000.0000 	 -1000.0000 	 -1000.0000 
	 61.2540 	 2.039551e-03 	 170.4549 	  1.2018 	 8.674472e+19 	 7.096491e+17 	 2.927914e-06 	 7.108814e-07 	 -1000.0000 	 -1000.0000 	 -1000.0000 	 -1000.0000 
	 61.4470 	 1.996440e-03 	 170.6606 	  1.2107 	 8.481419e+19 	 6.974752e+17 	 2.941931e-06 	 7.205405e-07 	 -1000.0000 	 -1000.0000 	 -1000.0000 	 -1000.0000 
	 61.8340 	 1.912740e-03 	 171.1328 	  1.2415 	 8.104246e+19 	 6.787787e+17 	 2.966468e-06 	 7.401454e-07 	 -1000.0000 	 -1000.0000 	 -1000.0000 	 -1000.0000 
	 62.0270 	 1.872353e-03 	 171.3762 	  1.2623 	 7.921968e+19 	 6.718213e+17 	 2.977850e-06 	 7.500931e-07 	 -1000.0000 	 -1000.0000 	 -1000.0000 	 -1000.0000 
	 62.9140 	 1.698075e-03 	 172.2049 	  1.3899 	 7.148116e+19 	 6.522306e+17 	 3.037874e-06 	 7.981218e-07 	 -1000.0000 	 -1000.0000 	 -1000.0000 	 -1000.0000 
	 63.1070 	 1.662563e-03 	 172.2660 	  1.4204 	 6.995709e+19 	 6.489178e+17 	 3.055311e-06 	 8.092242e-07 	 -1000.0000 	 -1000.0000 	 -1000.0000 	 -1000.0000 
	 63.3000 	 1.627871e-03 	 172.2828 	  1.4482 	 6.848782e+19 	 6.448856e+17 	 3.075046e-06 	 8.205935e-07 	 -1000.0000 	 -1000.0000 	 -1000.0000 	 -1000.0000 
	 63.4940 	 1.593798e-03 	 172.2600 	  1.4712 	 6.706214e+19 	 6.394866e+17 	 3.097464e-06 	 8.323002e-07 	 -1000.0000 	 -1000.0000 	 -1000.0000 	 -1000.0000 
	 63.6870 	 1.560673e-03 	 172.2028 	  1.4869 	 6.569070e+19 	 6.321584e+17 	 3.122598e-06 	 8.442331e-07 	 -1000.0000 	 -1000.0000 	 -1000.0000 	 -1000.0000 
	 63.7580 	 1.548675e-03 	 172.1741 	  1.4904 	 6.519715e+19 	 6.288490e+17 	 3.132606e-06 	 8.486967e-07 	 -1000.0000 	 -1000.0000 	 -1000.0000 	 -1000.0000 
	 63.9510 	 1.516560e-03 	 172.0779 	  1.4927 	 6.388318e+19 	 6.178530e+17 	 3.162029e-06 	 8.610359e-07 	 -1000.0000 	 -1000.0000 	 -1000.0000 	 -1000.0000 
	 64.1440 	 1.485154e-03 	 171.9589 	  1.4823 	 6.260648e+19 	 6.034471e+17 	 3.194897e-06 	 8.736832e-07 	 -1000.0000 	 -1000.0000 	 -1000.0000 	 -1000.0000 
	 64.3370 	 1.454432e-03 	 171.8222 	  1.4572 	 6.136304e+19 	 5.850163e+17 	 3.231474e-06 	 8.866482e-07 	 -1000.0000 	 -1000.0000 	 -1000.0000 	 -1000.0000 
	 64.7810 	 1.386184e-03 	 171.4684 	  1.3395 	 5.860648e+19 	 5.265186e+17 	 3.330209e-06 	 9.176408e-07 	 -1000.0000 	 -1000.0000 	 -1000.0000 	 -1000.0000 
	 64.9740 	 1.357441e-03 	 171.3128 	  1.2766 	 5.744303e+19 	 4.983003e+17 	 3.378034e-06 	 9.314392e-07 	 -1000.0000 	 -1000.0000 	 -1000.0000 	 -1000.0000 
	 65.1670 	 1.329162e-03 	 171.1662 	  1.2196 	 5.629414e+19 	 4.722052e+17 	 3.427503e-06 	 9.452804e-07 	 -1000.0000 	 -1000.0000 	 -1000.0000 	 -1000.0000 
	 65.3590 	 1.301425e-03 	 171.0361 	  1.1779 	 5.516116e+19 	 4.509927e+17 	 3.477422e-06 	 9.589853e-07 	 -1000.0000 	 -1000.0000 	 -1000.0000 	 -1000.0000 
	 65.4280 	 1.291547e-03 	 170.9939 	  1.1677 	 5.475599e+19 	 4.448562e+17 	 3.495391e-06 	 9.638800e-07 	 -1000.0000 	 -1000.0000 	 -1000.0000 	 -1000.0000 
	 65.8140 	 1.237348e-03 	 170.7872 	  1.1454 	 5.252186e+19 	 4.214251e+17 	 3.595803e-06 	 9.910376e-07 	 -1000.0000 	 -1000.0000 	 -1000.0000 	 -1000.0000 
	 66.0070 	 1.211063e-03 	 170.6909 	  1.1472 	 5.143508e+19 	 4.138159e+17 	 3.645789e-06 	 1.004537e-06 	 -1000.0000 	 -1000.0000 	 -1000.0000 	 -1000.0000 
	 66.1990 	 1.185562e-03 	 170.5907 	  1.1503 	 5.038147e+19 	 4.067489e+17 	 3.695255e-06 	 1.017964e-06 	 -1000.0000 	 -1000.0000 	 -1000.0000 	 -1000.0000 
	 66.2630 	 1.177213e-03 	 170.5554 	  1.1509 	 5.003702e+19 	 4.042933e+17 	 3.711678e-06 	 1.022450e-06 	 -1000.0000 	 -1000.0000 	 -1000.0000 	 -1000.0000 
	 66.4550 	 1.152595e-03 	 170.4430 	  1.1516 	 4.902293e+19 	 3.966604e+17 	 3.760797e-06 	 1.035998e-06 	 -1000.0000 	 -1000.0000 	 -1000.0000 	 -1000.0000 
	 66.8390 	 1.105071e-03 	 170.1864 	  1.1501 	 4.707259e+19 	 3.810226e+17 	 3.858718e-06 	 1.063940e-06 	 -1000.0000 	 -1000.0000 	 -1000.0000 	 -1000.0000 
	 67.0320 	 1.081917e-03 	 170.0396 	  1.1494 	 4.612614e+19 	 3.734734e+17 	 3.907993e-06 	 1.078672e-06 	 -1000.0000 	 -1000.0000 	 -1000.0000 	 -1000.0000 
	 67.0930 	 1.074689e-03 	 169.9906 	  1.1494 	 4.583120e+19 	 3.711831e+17 	 3.923616e-06 	 1.083453e-06 	 -1000.0000 	 -1000.0000 	 -1000.0000 	 -1000.0000 
	 67.2850 	 1.052217e-03 	 169.8279 	  1.1503 	 4.491592e+19 	 3.643409e+17 	 3.973182e-06 	 1.098940e-06 	 -1000.0000 	 -1000.0000 	 -1000.0000 	 -1000.0000 
	 67.4770 	 1.030175e-03 	 169.6523 	  1.1533 	 4.402058e+19 	 3.581469e+17 	 4.023735e-06 	 1.115167e-06 	 -1000.0000 	 -1000.0000 	 -1000.0000 	 -1000.0000 
	 67.6690 	 1.008570e-03 	 169.4636 	  1.1594 	 4.314529e+19 	 3.527196e+17 	 4.075783e-06 	 1.132225e-06 	 -1000.0000 	 -1000.0000 	 -1000.0000 	 -1000.0000 
	 67.8620 	 9.872978e-04 	 169.2607 	  1.1693 	 4.228578e+19 	 3.481548e+17 	 4.130115e-06 	 1.150305e-06 	 -1000.0000 	 -1000.0000 	 -1000.0000 	 -1000.0000 
	 67.9330 	 9.795850e-04 	 169.1827 	  1.1741 	 4.197469e+19 	 3.467073e+17 	 4.150690e-06 	 1.157201e-06 	 -1000.0000 	 -1000.0000 	 -1000.0000 	 -1000.0000 
	 68.1250 	 9.590243e-04 	 168.9638 	  1.1891 	 4.114663e+19 	 3.432884e+17 	 4.207913e-06 	 1.176454e-06 	 -1000.0000 	 -1000.0000 	 -1000.0000 	 -1000.0000 
	 68.3170 	 9.388841e-04 	 168.7349 	  1.2061 	 4.033693e+19 	 3.403720e+17 	 4.267416e-06 	 1.196496e-06 	 -1000.0000 	 -1000.0000 	 -1000.0000 	 -1000.0000 
	 68.7020 	 8.997019e-04 	 168.2533 	  1.2409 	 3.876403e+19 	 3.349107e+17 	 4.393401e-06 	 1.238568e-06 	 -1000.0000 	 -1000.0000 	 -1000.0000 	 -1000.0000 
	 68.7580 	 8.941306e-04 	 168.1814 	  1.2454 	 3.854047e+19 	 3.340563e+17 	 4.412450e-06 	 1.244853e-06 	 -1000.0000 	 -1000.0000 	 -1000.0000 	 -1000.0000 
	 68.9490 	 8.753620e-04 	 167.9344 	  1.2591 	 3.778711e+19 	 3.308302e+17 	 4.478770e-06 	 1.266515e-06 	 -1000.0000 	 -1000.0000 	 -1000.0000 	 -1000.0000 
	 69.1410 	 8.568469e-04 	 167.6845 	  1.2688 	 3.704322e+19 	 3.268887e+17 	 4.547504e-06 	 1.288554e-06 	 -1000.0000 	 -1000.0000 	 -1000.0000 	 -1000.0000 
	 69.3320 	 8.387627e-04 	 167.4361 	  1.2730 	 3.631541e+19 	 3.219956e+17 	 4.617888e-06 	 1.310621e-06 	 -1000.0000 	 -1000.0000 	 -1000.0000 	 -1000.0000 
	 69.7890 	 7.967874e-04 	 166.8549 	  1.2559 	 3.461833e+19 	 3.053954e+17 	 4.794080e-06 	 1.363376e-06 	 -1000.0000 	 -1000.0000 	 -1000.0000 	 -1000.0000 
	 69.9810 	 7.797327e-04 	 166.6213 	  1.2418 	 3.392479e+19 	 2.972228e+17 	 4.871128e-06 	 1.385445e-06 	 -1000.0000 	 -1000.0000 	 -1000.0000 	 -1000.0000 
	 70.1720 	 7.631464e-04 	 166.3985 	  1.2283 	 3.324762e+19 	 2.892637e+17 	 4.949369e-06 	 1.407350e-06 	 -1000.0000 	 -1000.0000 	 -1000.0000 	 -1000.0000 
	 70.3640 	 7.468815e-04 	 166.1862 	  1.2184 	 3.258064e+19 	 2.820390e+17 	 5.029504e-06 	 1.429330e-06 	 -1000.0000 	 -1000.0000 	 -1000.0000 	 -1000.0000 
	 70.4220 	 7.420502e-04 	 166.1245 	  1.2164 	 3.238194e+19 	 2.800689e+17 	 5.054008e-06 	 1.435970e-06 	 -1000.0000 	 -1000.0000 	 -1000.0000 	 -1000.0000 
	 70.8040 	 7.110881e-04 	 165.7413 	  1.2124 	 3.110261e+19 	 2.689687e+17 	 5.219989e-06 	 1.480216e-06 	 -1000.0000 	 -1000.0000 	 -1000.0000 	 -1000.0000 
	 70.9950 	 6.960976e-04 	 165.5607 	  1.2138 	 3.048010e+19 	 2.641685e+17 	 5.306783e-06 	 1.503020e-06 	 -1000.0000 	 -1000.0000 	 -1000.0000 	 -1000.0000 
	 71.1860 	 6.813795e-04 	 165.3841 	  1.2157 	 2.986740e+19 	 2.594888e+17 	 5.396765e-06 	 1.526560e-06 	 -1000.0000 	 -1000.0000 	 -1000.0000 	 -1000.0000 
	 71.2620 	 6.755922e-04 	 165.3147 	  1.2163 	 2.962613e+19 	 2.576119e+17 	 5.433529e-06 	 1.536171e-06 	 -1000.0000 	 -1000.0000 	 -1000.0000 	 -1000.0000 
	 71.4530 	 6.612257e-04 	 165.1425 	  1.2174 	 2.902632e+19 	 2.528677e+17 	 5.528195e-06 	 1.560986e-06 	 -1000.0000 	 -1000.0000 	 -1000.0000 	 -1000.0000 
	 71.8350 	 6.333044e-04 	 164.8131 	  1.2195 	 2.785627e+19 	 2.434604e+17 	 5.726090e-06 	 1.613650e-06 	 -1000.0000 	 -1000.0000 	 -1000.0000 	 -1000.0000 
	 72.0260 	 6.197780e-04 	 164.6585 	  1.2209 	 2.728696e+19 	 2.389140e+17 	 5.828627e-06 	 1.641622e-06 	 -1000.0000 	 -1000.0000 	 -1000.0000 	 -1000.0000 
	 72.0920 	 6.151736e-04 	 164.6069 	  1.2215 	 2.709275e+19 	 2.373821e+17 	 5.864570e-06 	 1.651566e-06 	 -1000.0000 	 -1000.0000 	 -1000.0000 	 -1000.0000 
	 72.2830 	 6.020432e-04 	 164.4619 	  1.2239 	 2.653787e+19 	 2.330869e+17 	 5.970402e-06 	 1.681269e-06 	 -1000.0000 	 -1000.0000 	 -1000.0000 	 -1000.0000 
	 72.4740 	 5.891881e-04 	 164.3221 	  1.2277 	 2.599329e+19 	 2.290338e+17 	 6.079523e-06 	 1.712548e-06 	 -1000.0000 	 -1000.0000 	 -1000.0000 	 -1000.0000 
	 72.6650 	 5.765911e-04 	 164.1858 	  1.2332 	 2.545863e+19 	 2.252697e+17 	 6.192684e-06 	 1.745654e-06 	 -1000.0000 	 -1000.0000 	 -1000.0000 	 -1000.0000 
	 72.8560 	 5.642352e-04 	 164.0511 	  1.2410 	 2.493350e+19 	 2.218409e+17 	 6.310633e-06 	 1.780839e-06 	 -1000.0000 	 -1000.0000 	 -1000.0000 	 -1000.0000 
	 72.9220 	 5.600193e-04 	 164.0046 	  1.2443 	 2.475421e+19 	 2.207382e+17 	 6.352599e-06 	 1.793510e-06 	 -1000.0000 	 -1000.0000 	 -1000.0000 	 -1000.0000 
	 73.1130 	 5.479743e-04 	 163.8701 	  1.2552 	 2.424170e+19 	 2.177588e+17 	 6.477463e-06 	 1.831600e-06 	 -1000.0000 	 -1000.0000 	 -1000.0000 	 -1000.0000 
	 73.3040 	 5.361623e-04 	 163.7350 	  1.2679 	 2.373878e+19 	 2.150470e+17 	 6.607205e-06 	 1.871683e-06 	 -1000.0000 	 -1000.0000 	 -1000.0000 	 -1000.0000 
	 73.6860 	 5.132461e-04 	 163.4599 	  1.2967 	 2.276247e+19 	 2.101851e+17 	 6.880290e-06 	 1.957200e-06 	 -1000.0000 	 -1000.0000 	 -1000.0000 	 -1000.0000 
	 73.7570 	 5.090919e-04 	 163.4077 	  1.3023 	 2.258544e+19 	 2.093342e+17 	 6.932919e-06 	 1.973804e-06 	 -1000.0000 	 -1000.0000 	 -1000.0000 	 -1000.0000 
	 73.9470 	 4.981390e-04 	 163.2661 	  1.3174 	 2.211870e+19 	 2.070925e+17 	 7.076443e-06 	 2.019210e-06 	 -1000.0000 	 -1000.0000 	 -1000.0000 	 -1000.0000 
	 74.1380 	 4.873706e-04 	 163.1201 	  1.3323 	 2.165990e+19 	 2.048435e+17 	 7.224467e-06 	 2.066162e-06 	 -1000.0000 	 -1000.0000 	 -1000.0000 	 -1000.0000 
	 74.3280 	 4.769017e-04 	 162.9706 	  1.3463 	 2.121405e+19 	 2.025513e+17 	 7.375186e-06 	 2.114012e-06 	 -1000.0000 	 -1000.0000 	 -1000.0000 	 -1000.0000 
	 74.7670 	 4.536431e-04 	 162.6060 	  1.3733 	 2.022463e+19 	 1.967558e+17 	 7.734841e-06 	 2.227989e-06 	 -1000.0000 	 -1000.0000 	 -1000.0000 	 -1000.0000 
	 74.9580 	 4.439127e-04 	 162.4392 	  1.3820 	 1.981114e+19 	 1.939565e+17 	 7.894729e-06 	 2.278464e-06 	 -1000.0000 	 -1000.0000 	 -1000.0000 	 -1000.0000 
	 75.1480 	 4.344528e-04 	 162.2688 	  1.3884 	 1.940934e+19 	 1.909869e+17 	 8.054677e-06 	 2.328791e-06 	 -1000.0000 	 -1000.0000 	 -1000.0000 	 -1000.0000 
	 75.3380 	 4.252016e-04 	 162.0943 	  1.3924 	 1.901651e+19 	 1.878206e+17 	 8.214714e-06 	 2.378946e-06 	 -1000.0000 	 -1000.0000 	 -1000.0000 	 -1000.0000 
	 76.2320 	 3.841676e-04 	 161.2284 	  1.3719 	 1.727355e+19 	 1.699280e+17 	 8.944710e-06 	 2.603963e-06 	 -1000.0000 	 -1000.0000 	 -1000.0000 	 -1000.0000 
	 76.4210 	 3.759583e-04 	 161.0410 	  1.3591 	 1.692403e+19 	 1.655494e+17 	 9.088059e-06 	 2.647587e-06 	 -1000.0000 	 -1000.0000 	 -1000.0000 	 -1000.0000 
	 76.6110 	 3.678530e-04 	 160.8579 	  1.3453 	 1.657799e+19 	 1.611401e+17 	 9.224433e-06 	 2.689820e-06 	 -1000.0000 	 -1000.0000 	 -1000.0000 	 -1000.0000 
	 76.8010 	 3.598897e-04 	 160.6847 	  1.3325 	 1.623661e+19 	 1.568732e+17 	 9.350783e-06 	 2.730426e-06 	 -1000.0000 	 -1000.0000 	 -1000.0000 	 -1000.0000 
	 76.9910 	 3.520630e-04 	 160.5260 	  1.3222 	 1.589925e+19 	 1.528982e+17 	 9.464848e-06 	 2.769411e-06 	 -1000.0000 	 -1000.0000 	 -1000.0000 	 -1000.0000 
	 77.0620 	 3.491728e-04 	 160.4713 	  1.3193 	 1.577412e+19 	 1.515115e+17 	 9.504021e-06 	 2.783587e-06 	 -1000.0000 	 -1000.0000 	 -1000.0000 	 -1000.0000 
	 77.2510 	 3.415762e-04 	 160.3385 	  1.3144 	 1.544375e+19 	 1.480863e+17 	 9.599759e-06 	 2.820560e-06 	 -1000.0000 	 -1000.0000 	 -1000.0000 	 -1000.0000 
	 77.4410 	 3.340901e-04 	 160.2252 	  1.3136 	 1.511600e+19 	 1.450266e+17 	 9.684710e-06 	 2.857059e-06 	 -1000.0000 	 -1000.0000 	 -1000.0000 	 -1000.0000 
	 77.8210 	 3.196169e-04 	 160.0649 	  1.3261 	 1.447566e+19 	 1.400272e+17 	 9.826833e-06 	 2.930322e-06 	 -1000.0000 	 -1000.0000 	 -1000.0000 	 -1000.0000 
	 77.8820 	 3.173595e-04 	 160.0480 	  1.3299 	 1.437493e+19 	 1.393563e+17 	 9.846779e-06 	 2.942318e-06 	 -1000.0000 	 -1000.0000 	 -1000.0000 	 -1000.0000 
	 78.0710 	 3.104810e-04 	 160.0120 	  1.3441 	 1.406650e+19 	 1.374516e+17 	 9.903935e-06 	 2.979891e-06 	 -1000.0000 	 -1000.0000 	 -1000.0000 	 -1000.0000 
	 78.2610 	 3.037384e-04 	 160.0018 	  1.3607 	 1.376186e+19 	 1.357187e+17 	 9.954413e-06 	 3.018083e-06 	 -1000.0000 	 -1000.0000 	 -1000.0000 	 -1000.0000 
	 78.4510 	 2.971634e-04 	 160.0189 	  1.3781 	 1.346249e+19 	 1.340602e+17 	 9.998020e-06 	 3.056440e-06 	 -1000.0000 	 -1000.0000 	 -1000.0000 	 -1000.0000 
	 78.6410 	 2.907510e-04 	 160.0644 	  1.3947 	 1.316821e+19 	 1.323679e+17 	 1.003488e-05 	 3.094710e-06 	 -1000.0000 	 -1000.0000 	 -1000.0000 	 -1000.0000 
	 78.7160 	 2.882634e-04 	 160.0904 	  1.4007 	 1.305342e+19 	 1.316668e+17 	 1.004760e-05 	 3.109736e-06 	 -1000.0000 	 -1000.0000 	 -1000.0000 	 -1000.0000 
	 78.9050 	 2.821013e-04 	 160.1771 	  1.4134 	 1.276747e+19 	 1.297574e+17 	 1.007514e-05 	 3.147258e-06 	 -1000.0000 	 -1000.0000 	 -1000.0000 	 -1000.0000 
	 79.0950 	 2.760565e-04 	 160.2954 	  1.4216 	 1.248468e+19 	 1.275461e+17 	 1.009640e-05 	 3.184283e-06 	 -1000.0000 	 -1000.0000 	 -1000.0000 	 -1000.0000 
	 79.2840 	 2.701876e-04 	 160.4455 	  1.4235 	 1.220785e+19 	 1.249491e+17 	 1.011129e-05 	 3.220168e-06 	 -1000.0000 	 -1000.0000 	 -1000.0000 	 -1000.0000 
	 79.7250 	 2.570205e-04 	 160.9243 	  1.3985 	 1.157841e+19 	 1.170017e+17 	 1.012093e-05 	 3.298771e-06 	 -1000.0000 	 -1000.0000 	 -1000.0000 	 -1000.0000 
	 79.9150 	 2.515551e-04 	 161.1818 	  1.3794 	 1.131409e+19 	 1.130734e+17 	 1.011118e-05 	 3.329702e-06 	 -1000.0000 	 -1000.0000 	 -1000.0000 	 -1000.0000 
	 80.1040 	 2.462288e-04 	 161.4642 	  1.3598 	 1.105513e+19 	 1.091797e+17 	 1.009058e-05 	 3.358261e-06 	 -1000.0000 	 -1000.0000 	 -1000.0000 	 -1000.0000 
	 80.2930 	 2.410031e-04 	 161.7699 	  1.3427 	 1.080006e+19 	 1.055191e+17 	 1.005729e-05 	 3.384302e-06 	 -1000.0000 	 -1000.0000 	 -1000.0000 	 -1000.0000 
	 80.3660 	 2.390105e-04 	 161.8935 	  1.3372 	 1.070261e+19 	 1.042018e+17 	 1.004077e-05 	 3.393639e-06 	 -1000.0000 	 -1000.0000 	 -1000.0000 	 -1000.0000 
	 80.7450 	 2.289227e-04 	 162.5731 	  1.3173 	 1.020810e+19 	 9.809374e+16 	 9.924194e-06 	 3.435943e-06 	 -1000.0000 	 -1000.0000 	 -1000.0000 	 -1000.0000 
	 80.9340 	 2.240726e-04 	 162.9284 	  1.3109 	 9.970012e+18 	 9.538232e+16 	 9.848376e-06 	 3.453418e-06 	 -1000.0000 	 -1000.0000 	 -1000.0000 	 -1000.0000 
	 81.1230 	 2.193575e-04 	 163.2889 	  1.3053 	 9.738631e+18 	 9.279676e+16 	 9.762064e-06 	 3.468675e-06 	 -1000.0000 	 -1000.0000 	 -1000.0000 	 -1000.0000 
	 81.1910 	 2.176952e-04 	 163.4190 	  1.3034 	 9.657122e+18 	 9.188613e+16 	 9.728632e-06 	 3.473653e-06 	 -1000.0000 	 -1000.0000 	 -1000.0000 	 -1000.0000 
	 81.3790 	 2.131875e-04 	 163.7782 	  1.2979 	 9.436381e+18 	 8.941622e+16 	 9.630214e-06 	 3.486126e-06 	 -1000.0000 	 -1000.0000 	 -1000.0000 	 -1000.0000 
	 81.7570 	 2.044676e-04 	 164.4863 	  1.2863 	 9.011442e+18 	 8.464600e+16 	 9.409320e-06 	 3.506242e-06 	 -1000.0000 	 -1000.0000 	 -1000.0000 	 -1000.0000 
	 81.9450 	 2.002737e-04 	 164.8247 	  1.2796 	 8.808554e+18 	 8.236154e+16 	 9.290145e-06 	 3.514236e-06 	 -1000.0000 	 -1000.0000 	 -1000.0000 	 -1000.0000 
	 82.0150 	 1.987329e-04 	 164.9471 	  1.2770 	 8.734349e+18 	 8.152713e+16 	 9.244506e-06 	 3.516942e-06 	 -1000.0000 	 -1000.0000 	 -1000.0000 	 -1000.0000 
	 82.2030 	 1.946507e-04 	 165.2606 	  1.2705 	 8.538812e+18 	 7.935678e+16 	 9.119226e-06 	 3.523659e-06 	 -1000.0000 	 -1000.0000 	 -1000.0000 	 -1000.0000 
	 82.3920 	 1.906293e-04 	 165.5450 	  1.2657 	 8.348075e+18 	 7.732404e+16 	 8.990341e-06 	 3.529880e-06 	 -1000.0000 	 -1000.0000 	 -1000.0000 	 -1000.0000 
	 82.7680 	 1.828792e-04 	 165.9758 	  1.2678 	 7.987636e+18 	 7.395232e+16 	 8.730384e-06 	 3.542039e-06 	 -1000.0000 	 -1000.0000 	 -1000.0000 	 -1000.0000 
	 82.8450 	 1.813335e-04 	 166.0366 	  1.2708 	 7.917131e+18 	 7.339878e+16 	 8.677247e-06 	 3.544667e-06 	 -1000.0000 	 -1000.0000 	 -1000.0000 	 -1000.0000 
	 83.0330 	 1.776174e-04 	 166.1449 	  1.2816 	 7.749587e+18 	 7.222426e+16 	 8.548130e-06 	 3.551325e-06 	 -1000.0000 	 -1000.0000 	 -1000.0000 	 -1000.0000 
	 83.2220 	 1.739617e-04 	 166.2002 	  1.2960 	 7.587371e+18 	 7.124682e+16 	 8.419419e-06 	 3.558303e-06 	 -1000.0000 	 -1000.0000 	 -1000.0000 	 -1000.0000 
	 83.4100 	 1.704023e-04 	 166.2058 	  1.3124 	 7.431765e+18 	 7.041513e+16 	 8.292735e-06 	 3.565449e-06 	 -1000.0000 	 -1000.0000 	 -1000.0000 	 -1000.0000 
	 83.6650 	 1.656914e-04 	 166.1423 	  1.3350 	 7.229096e+18 	 6.940113e+16 	 8.123508e-06 	 3.575331e-06 	 -1000.0000 	 -1000.0000 	 -1000.0000 	 -1000.0000 
	 83.8530 	 1.623006e-04 	 166.0484 	  1.3501 	 7.085292e+18 	 6.865672e+16 	 8.001006e-06 	 3.582653e-06 	 -1000.0000 	 -1000.0000 	 -1000.0000 	 -1000.0000 
	 84.0420 	 1.589590e-04 	 165.9183 	  1.3622 	 6.945038e+18 	 6.784172e+16 	 7.880076e-06 	 3.589957e-06 	 -1000.0000 	 -1000.0000 	 -1000.0000 	 -1000.0000 
	 84.2300 	 1.556988e-04 	 165.7575 	  1.3697 	 6.809383e+18 	 6.690305e+16 	 7.762258e-06 	 3.597088e-06 	 -1000.0000 	 -1000.0000 	 -1000.0000 	 -1000.0000 
	 84.4180 	 1.524993e-04 	 165.5695 	  1.3710 	 6.677140e+18 	 6.577584e+16 	 7.647161e-06 	 3.604008e-06 	 -1000.0000 	 -1000.0000 	 -1000.0000 	 -1000.0000 
	 84.6780 	 1.481742e-04 	 165.2774 	  1.3633 	 6.499245e+18 	 6.391080e+16 	 7.492369e-06 	 3.613133e-06 	 -1000.0000 	 -1000.0000 	 -1000.0000 	 -1000.0000 
	 84.8650 	 1.451400e-04 	 165.0581 	  1.3543 	 6.374604e+18 	 6.246784e+16 	 7.383559e-06 	 3.619349e-06 	 -1000.0000 	 -1000.0000 	 -1000.0000 	 -1000.0000 
	 85.0520 	 1.421744e-04 	 164.8428 	  1.3455 	 6.252507e+18 	 6.104663e+16 	 7.276298e-06 	 3.625258e-06 	 -1000.0000 	 -1000.0000 	 -1000.0000 	 -1000.0000 
	 85.2400 	 1.392662e-04 	 164.6411 	  1.3396 	 6.132125e+18 	 5.973451e+16 	 7.169526e-06 	 3.630873e-06 	 -1000.0000 	 -1000.0000 	 -1000.0000 	 -1000.0000 
	 85.3100 	 1.382024e-04 	 164.5715 	  1.3385 	 6.087861e+18 	 5.928901e+16 	 7.129973e-06 	 3.632882e-06 	 -1000.0000 	 -1000.0000 	 -1000.0000 	 -1000.0000 
	 85.6850 	 1.326563e-04 	 164.2509 	  1.3407 	 5.854960e+18 	 5.719675e+16 	 6.920514e-06 	 3.643159e-06 	 -1000.0000 	 -1000.0000 	 -1000.0000 	 -1000.0000 
	 85.8720 	 1.299710e-04 	 164.1240 	  1.3447 	 5.740869e+18 	 5.625495e+16 	 6.818042e-06 	 3.648162e-06 	 -1000.0000 	 -1000.0000 	 -1000.0000 	 -1000.0000 
	 86.0600 	 1.273126e-04 	 164.0184 	  1.3488 	 5.627057e+18 	 5.530976e+16 	 6.716702e-06 	 3.653256e-06 	 -1000.0000 	 -1000.0000 	 -1000.0000 	 -1000.0000 
	 86.1300 	 1.263322e-04 	 163.9846 	  1.3502 	 5.584866e+18 	 5.495075e+16 	 6.679443e-06 	 3.655189e-06 	 -1000.0000 	 -1000.0000 	 -1000.0000 	 -1000.0000 
	 86.3180 	 1.237274e-04 	 163.9088 	  1.3535 	 5.472235e+18 	 5.397055e+16 	 6.580652e-06 	 3.660501e-06 	 -1000.0000 	 -1000.0000 	 -1000.0000 	 -1000.0000 
	 86.6920 	 1.186950e-04 	 163.8203 	  1.3587 	 5.252494e+18 	 5.199233e+16 	 6.389608e-06 	 3.671732e-06 	 -1000.0000 	 -1000.0000 	 -1000.0000 	 -1000.0000 
	 86.8800 	 1.162560e-04 	 163.8061 	  1.3609 	 5.145030e+18 	 5.100827e+16 	 6.296303e-06 	 3.677794e-06 	 -1000.0000 	 -1000.0000 	 -1000.0000 	 -1000.0000 
	 86.9550 	 1.153017e-04 	 163.8057 	  1.3618 	 5.102824e+18 	 5.062193e+16 	 6.259620e-06 	 3.680326e-06 	 -1000.0000 	 -1000.0000 	 -1000.0000 	 -1000.0000 
	 87.1420 	 1.129657e-04 	 163.8143 	  1.3646 	 4.999205e+18 	 4.968561e+16 	 6.169870e-06 	 3.687203e-06 	 -1000.0000 	 -1000.0000 	 -1000.0000 	 -1000.0000 
	 87.3280 	 1.106975e-04 	 163.8314 	  1.3691 	 4.898325e+18 	 4.880948e+16 	 6.083629e-06 	 3.695288e-06 	 -1000.0000 	 -1000.0000 	 -1000.0000 	 -1000.0000 
	 87.7020 	 1.062743e-04 	 163.8653 	  1.3873 	 4.701561e+18 	 4.729988e+16 	 5.922385e-06 	 3.717548e-06 	 -1000.0000 	 -1000.0000 	 -1000.0000 	 -1000.0000 
	 87.7750 	 1.054288e-04 	 163.8687 	  1.3928 	 4.664041e+18 	 4.705350e+16 	 5.893162e-06 	 3.723093e-06 	 -1000.0000 	 -1000.0000 	 -1000.0000 	 -1000.0000 
	 87.9620 	 1.032884e-04 	 163.8720 	  1.4092 	 4.569226e+18 	 4.648361e+16 	 5.821696e-06 	 3.739151e-06 	 -1000.0000 	 -1000.0000 	 -1000.0000 	 -1000.0000 
	 88.1480 	 1.011970e-04 	 163.8681 	  1.4278 	 4.476784e+18 	 4.598063e+16 	 5.755246e-06 	 3.757659e-06 	 -1000.0000 	 -1000.0000 	 -1000.0000 	 -1000.0000 
	 88.3350 	 9.913335e-05 	 163.8584 	  1.4473 	 4.385739e+18 	 4.550950e+16 	 5.692832e-06 	 3.778681e-06 	 -1000.0000 	 -1000.0000 	 -1000.0000 	 -1000.0000 
	 88.7860 	 9.432543e-05 	 163.8186 	  1.4901 	 4.174080e+18 	 4.433573e+16 	 5.558808e-06 	 3.838509e-06 	 -1000.0000 	 -1000.0000 	 -1000.0000 	 -1000.0000 
	 88.9720 	 9.241557e-05 	 163.7986 	  1.5025 	 4.090095e+18 	 4.376206e+16 	 5.509666e-06 	 3.866600e-06 	 -1000.0000 	 -1000.0000 	 -1000.0000 	 -1000.0000 
	 89.1580 	 9.055032e-05 	 163.7783 	  1.5097 	 4.008067e+18 	 4.309284e+16 	 5.463716e-06 	 3.896487e-06 	 -1000.0000 	 -1000.0000 	 -1000.0000 	 -1000.0000 
	 89.3450 	 8.872132e-05 	 163.7590 	  1.5106 	 3.927587e+18 	 4.229433e+16 	 5.420473e-06 	 3.928209e-06 	 -1000.0000 	 -1000.0000 	 -1000.0000 	 -1000.0000 
	 89.4190 	 8.801037e-05 	 163.7521 	  1.5090 	 3.896280e+18 	 4.194044e+16 	 5.404133e-06 	 3.941210e-06 	 -1000.0000 	 -1000.0000 	 -1000.0000 	 -1000.0000 
	 89.7920 	 8.452395e-05 	 163.7342 	  1.4898 	 3.742335e+18 	 3.994604e+16 	 5.328445e-06 	 4.011031e-06 	 -1000.0000 	 -1000.0000 	 -1000.0000 	 -1000.0000 
	 89.9780 	 8.283670e-05 	 163.7432 	  1.4772 	 3.667432e+18 	 3.890393e+16 	 5.294913e-06 	 4.048832e-06 	 -1000.0000 	 -1000.0000 	 -1000.0000 	 -1000.0000 
	 90.1650 	 8.116744e-05 	 163.7702 	  1.4655 	 3.592948e+18 	 3.789032e+16 	 5.264065e-06 	 4.089084e-06 	 -1000.0000 	 -1000.0000 	 -1000.0000 	 -1000.0000 
	 90.2390 	 8.051360e-05 	 163.7865 	  1.4616 	 3.563654e+18 	 3.750698e+16 	 5.252661e-06 	 4.105677e-06 	 -1000.0000 	 -1000.0000 	 -1000.0000 	 -1000.0000 
	 90.4260 	 7.888030e-05 	 163.8416 	  1.4533 	 3.490194e+18 	 3.658086e+16 	 5.225930e-06 	 4.149424e-06 	 -1000.0000 	 -1000.0000 	 -1000.0000 	 -1000.0000 
	 90.7980 	 7.572814e-05 	 164.0054 	  1.4413 	 3.347365e+18 	 3.488168e+16 	 5.182038e-06 	 4.245008e-06 	 -1000.0000 	 -1000.0000 	 -1000.0000 	 -1000.0000 
	 90.9850 	 7.420187e-05 	 164.1120 	  1.4363 	 3.277753e+18 	 3.407688e+16 	 5.164871e-06 	 4.297848e-06 	 -1000.0000 	 -1000.0000 	 -1000.0000 	 -1000.0000 
	 91.0590 	 7.360973e-05 	 164.1584 	  1.4345 	 3.250669e+18 	 3.376490e+16 	 5.159015e-06 	 4.319716e-06 	 -1000.0000 	 -1000.0000 	 -1000.0000 	 -1000.0000 
	 91.2460 	 7.214109e-05 	 164.2882 	  1.4304 	 3.183284e+18 	 3.299707e+16 	 5.146620e-06 	 4.377493e-06 	 -1000.0000 	 -1000.0000 	 -1000.0000 	 -1000.0000 
	 91.4320 	 7.071572e-05 	 164.4378 	  1.4281 	 3.117550e+18 	 3.227038e+16 	 5.137743e-06 	 4.438667e-06 	 -1000.0000 	 -1000.0000 	 -1000.0000 	 -1000.0000 
	 91.8050 	 6.794365e-05 	 164.8135 	  1.4331 	 2.988545e+18 	 3.096357e+16 	 5.130513e-06 	 4.573120e-06 	 -1000.0000 	 -1000.0000 	 -1000.0000 	 -1000.0000 
	 91.8740 	 6.744129e-05 	 164.8957 	  1.4358 	 2.964977e+18 	 3.074750e+16 	 5.130764e-06 	 4.599819e-06 	 -1000.0000 	 -1000.0000 	 -1000.0000 	 -1000.0000 
	 92.0600 	 6.610292e-05 	 165.1380 	  1.4454 	 2.901892e+18 	 3.019825e+16 	 5.134176e-06 	 4.675075e-06 	 -1000.0000 	 -1000.0000 	 -1000.0000 	 -1000.0000 
	 92.2450 	 6.479577e-05 	 165.4094 	  1.4572 	 2.839856e+18 	 2.968661e+16 	 5.141898e-06 	 4.755269e-06 	 -1000.0000 	 -1000.0000 	 -1000.0000 	 -1000.0000 
	 92.4310 	 6.350718e-05 	 165.7130 	  1.4698 	 2.778287e+18 	 2.919003e+16 	 5.154485e-06 	 4.842024e-06 	 -1000.0000 	 -1000.0000 	 -1000.0000 	 -1000.0000 
	 92.6940 	 6.173183e-05 	 166.1960 	  1.4865 	 2.692770e+18 	 2.848525e+16 	 5.181458e-06 	 4.976647e-06 	 -1000.0000 	 -1000.0000 	 -1000.0000 	 -1000.0000 
	 92.8800 	 6.051130e-05 	 166.5759 	  1.4956 	 2.633499e+18 	 2.796150e+16 	 5.207673e-06 	 5.081350e-06 	 -1000.0000 	 -1000.0000 	 -1000.0000 	 -1000.0000 
	 93.0650 	 5.932778e-05 	 166.9857 	  1.5007 	 2.575639e+18 	 2.740049e+16 	 5.240151e-06 	 5.194147e-06 	 -1000.0000 	 -1000.0000 	 -1000.0000 	 -1000.0000 
	 93.2510 	 5.816994e-05 	 167.4303 	  1.5006 	 2.518651e+18 	 2.677916e+16 	 5.279713e-06 	 5.317012e-06 	 -1000.0000 	 -1000.0000 	 -1000.0000 	 -1000.0000 
	 93.4370 	 5.704569e-05 	 167.9079 	  1.4938 	 2.462936e+18 	 2.608356e+16 	 5.326672e-06 	 5.450113e-06 	 -1000.0000 	 -1000.0000 	 -1000.0000 	 -1000.0000 
	 93.6900 	 5.556856e-05 	 168.6121 	  1.4745 	 2.389137e+18 	 2.502585e+16 	 5.402514e-06 	 5.648383e-06 	 -1000.0000 	 -1000.0000 	 -1000.0000 	 -1000.0000 
	 93.8750 	 5.452086e-05 	 169.1691 	  1.4562 	 2.336379e+18 	 2.421262e+16 	 5.466058e-06 	 5.805972e-06 	 -1000.0000 	 -1000.0000 	 -1000.0000 	 -1000.0000 
