	 height_(km) 	 press_(mbar) 	 temp_(K) 	 temperr_(K) 	 numdens_(m-3) 	 numdenserr_(m-3) 	 H2Ovmr_() 	 H2Ovmrerr_() 	 D/H_(VSMOW) 	 D/Herr_(VSMOW) 	 18O/16O_(VSMOW) 	 18O/16Oerr_(VSMOW) 
	  5.1910 	 2.538187e+00 	 175.1338 	  4.4219 	 1.052643e+23 	 2.802762e+21 	 9.617409e-06 	 1.428532e-06 	  1.9371 	  0.8038 	 -1000.0000 	 -1000.0000 
	  5.3120 	 2.503711e+00 	 174.8138 	  4.2689 	 1.039801e+23 	 2.678635e+21 	 9.373011e-06 	 1.351965e-06 	  1.9091 	  0.7778 	 -1000.0000 	 -1000.0000 
	  5.4340 	 2.469415e+00 	 174.5194 	  4.1183 	 1.026905e+23 	 2.558372e+21 	 9.132494e-06 	 1.278515e-06 	  1.8835 	  0.7534 	 -1000.0000 	 -1000.0000 
	  5.5550 	 2.435857e+00 	 174.2545 	  3.9725 	 1.014171e+23 	 2.443842e+21 	 8.899916e-06 	 1.209316e-06 	  1.8606 	  0.7309 	 -1000.0000 	 -1000.0000 
	  5.6760 	 2.402751e+00 	 174.0158 	  3.8304 	 1.001494e+23 	 2.333939e+21 	 8.673448e-06 	 1.143683e-06 	  1.8401 	  0.7099 	 -1000.0000 	 -1000.0000 
	  6.7440 	 2.129371e+00 	 172.8919 	  2.7365 	 8.926128e+22 	 1.548717e+21 	 6.808891e-06 	 7.239785e-07 	  1.7482 	  0.5913 	 -1000.0000 	 -1000.0000 
	  6.8650 	 2.100450e+00 	 172.8594 	  2.6311 	 8.806737e+22 	 1.478905e+21 	 6.634811e-06 	 6.905304e-07 	  1.7466 	  0.5830 	 -1000.0000 	 -1000.0000 
	  6.9860 	 2.071929e+00 	 172.8429 	  2.5294 	 8.688267e+22 	 1.412627e+21 	 6.472316e-06 	 6.594547e-07 	  1.7466 	  0.5754 	 -1000.0000 	 -1000.0000 
	  7.1060 	 2.044036e+00 	 172.8413 	  2.4324 	 8.571716e+22 	 1.350286e+21 	 6.322474e-06 	 6.309575e-07 	  1.7481 	  0.5684 	 -1000.0000 	 -1000.0000 
	  7.2270 	 2.016300e+00 	 172.8537 	  2.3384 	 8.455173e+22 	 1.290744e+21 	 6.182588e-06 	 6.045233e-07 	  1.7511 	  0.5619 	 -1000.0000 	 -1000.0000 
	  8.2870 	 1.789352e+00 	 173.4203 	  1.6824 	 7.481074e+22 	 8.961104e+20 	 5.382166e-06 	 4.585701e-07 	  1.8347 	  0.5266 	 -1000.0000 	 -1000.0000 
	  8.4080 	 1.765194e+00 	 173.5208 	  1.6269 	 7.375777e+22 	 8.637892e+20 	 5.330855e-06 	 4.496548e-07 	  1.8502 	  0.5247 	 -1000.0000 	 -1000.0000 
	  8.5280 	 1.741574e+00 	 173.6245 	  1.5759 	 7.272656e+22 	 8.339534e+20 	 5.286088e-06 	 4.419173e-07 	  1.8666 	  0.5233 	 -1000.0000 	 -1000.0000 
	  8.6480 	 1.718285e+00 	 173.7312 	  1.5289 	 7.170865e+22 	 8.062277e+20 	 5.246820e-06 	 4.351520e-07 	  1.8840 	  0.5222 	 -1000.0000 	 -1000.0000 
	  8.7690 	 1.695133e+00 	 173.8409 	  1.4855 	 7.069603e+22 	 7.803076e+20 	 5.212224e-06 	 4.291906e-07 	  1.9026 	  0.5215 	 -1000.0000 	 -1000.0000 
	  9.8370 	 1.504484e+00 	 174.8224 	  1.2683 	 6.237863e+22 	 6.233314e+20 	 5.068280e-06 	 4.015523e-07 	  2.0915 	  0.5274 	 -1000.0000 	 -1000.0000 
	  9.9580 	 1.484355e+00 	 174.9429 	  1.2579 	 6.150168e+22 	 6.114934e+20 	 5.068621e-06 	 4.010351e-07 	  2.1133 	  0.5289 	 -1000.0000 	 -1000.0000 
	 10.0780 	 1.464673e+00 	 175.0676 	  1.2491 	 6.064342e+22 	 6.004820e+20 	 5.072455e-06 	 4.011259e-07 	  2.1343 	  0.5305 	 -1000.0000 	 -1000.0000 
	 10.1980 	 1.445264e+00 	 175.1984 	  1.2416 	 5.979607e+22 	 5.900674e+20 	 5.079855e-06 	 4.018507e-07 	  2.1547 	  0.5322 	 -1000.0000 	 -1000.0000 
	 10.3190 	 1.425967e+00 	 175.3372 	  1.2348 	 5.895221e+22 	 5.800400e+20 	 5.091029e-06 	 4.032547e-07 	  2.1745 	  0.5339 	 -1000.0000 	 -1000.0000 
	 11.3800 	 1.267879e+00 	 176.9283 	  1.1754 	 5.195730e+22 	 4.978671e+20 	 5.360693e-06 	 4.419797e-07 	  2.3098 	  0.5481 	 -1000.0000 	 -1000.0000 
	 11.5000 	 1.251205e+00 	 177.1391 	  1.1687 	 5.121301e+22 	 4.889691e+20 	 5.411463e-06 	 4.486523e-07 	  2.3209 	  0.5493 	 -1000.0000 	 -1000.0000 
	 11.6200 	 1.234767e+00 	 177.3520 	  1.1623 	 5.047913e+22 	 4.802372e+20 	 5.466387e-06 	 4.556672e-07 	  2.3311 	  0.5504 	 -1000.0000 	 -1000.0000 
	 11.7400 	 1.218564e+00 	 177.5658 	  1.1566 	 4.975591e+22 	 4.716991e+20 	 5.525400e-06 	 4.630270e-07 	  2.3406 	  0.5513 	 -1000.0000 	 -1000.0000 
	 11.8600 	 1.202593e+00 	 177.7792 	  1.1515 	 4.904363e+22 	 4.633822e+20 	 5.588446e-06 	 4.707351e-07 	  2.3492 	  0.5523 	 -1000.0000 	 -1000.0000 
	 12.9230 	 1.070837e+00 	 179.5154 	  1.1494 	 4.323476e+22 	 4.021336e+20 	 6.308861e-06 	 5.521383e-07 	  2.3969 	  0.5581 	 -1000.0000 	 -1000.0000 
	 13.0420 	 1.057121e+00 	 179.6896 	  1.1534 	 4.263855e+22 	 3.965809e+20 	 6.405194e-06 	 5.625858e-07 	  2.3995 	  0.5586 	 -1000.0000 	 -1000.0000 
	 13.1620 	 1.043487e+00 	 179.8620 	  1.1579 	 4.204751e+22 	 3.911904e+20 	 6.505026e-06 	 5.733131e-07 	  2.4016 	  0.5589 	 -1000.0000 	 -1000.0000 
	 13.2820 	 1.030049e+00 	 180.0312 	  1.1629 	 4.146644e+22 	 3.859928e+20 	 6.607473e-06 	 5.841526e-07 	  2.4034 	  0.5591 	 -1000.0000 	 -1000.0000 
	 13.4010 	 1.016913e+00 	 180.1961 	  1.1682 	 4.089982e+22 	 3.810122e+20 	 6.711558e-06 	 5.949379e-07 	  2.4047 	  0.5591 	 -1000.0000 	 -1000.0000 
	 16.0360 	 7.677550e-01 	 183.6311 	  1.1948 	 3.030614e+22 	 2.824218e+20 	 9.881072e-06 	 8.935509e-07 	  2.3707 	  0.5191 	 -1000.0000 	 -1000.0000 
	 16.1550 	 7.581321e-01 	 183.8229 	  1.1887 	 2.989472e+22 	 2.776707e+20 	 1.010458e-05 	 9.146790e-07 	  2.3679 	  0.5167 	 -1000.0000 	 -1000.0000 
	 16.2740 	 7.486397e-01 	 184.0272 	  1.1828 	 2.948753e+22 	 2.729713e+20 	 1.034399e-05 	 9.372824e-07 	  2.3652 	  0.5145 	 -1000.0000 	 -1000.0000 
	 16.3940 	 7.391995e-01 	 184.2475 	  1.1773 	 2.908106e+22 	 2.683080e+20 	 1.060305e-05 	 9.617835e-07 	  2.3624 	  0.5124 	 -1000.0000 	 -1000.0000 
	 16.5130 	 7.299685e-01 	 184.4817 	  1.1725 	 2.868190e+22 	 2.637818e+20 	 1.087895e-05 	 9.879799e-07 	  2.3598 	  0.5106 	 -1000.0000 	 -1000.0000 
	 17.5690 	 6.536486e-01 	 187.3065 	  1.1766 	 2.530523e+22 	 2.302719e+20 	 1.428590e-05 	 1.294279e-06 	  2.3463 	  0.4974 	 -1000.0000 	 -1000.0000 
	 17.6880 	 6.456500e-01 	 187.6652 	  1.1812 	 2.494782e+22 	 2.271901e+20 	 1.477346e-05 	 1.333632e-06 	  2.3470 	  0.4952 	 -1000.0000 	 -1000.0000 
	 17.8060 	 6.378317e-01 	 188.0154 	  1.1860 	 2.459943e+22 	 2.242304e+20 	 1.527437e-05 	 1.372693e-06 	  2.3483 	  0.4926 	 -1000.0000 	 -1000.0000 
	 17.9250 	 6.300590e-01 	 188.3590 	  1.1910 	 2.425455e+22 	 2.213301e+20 	 1.579581e-05 	 1.411828e-06 	  2.3504 	  0.4897 	 -1000.0000 	 -1000.0000 
	 18.0440 	 6.223965e-01 	 188.6892 	  1.1959 	 2.391656e+22 	 2.185017e+20 	 1.633230e-05 	 1.450373e-06 	  2.3533 	  0.4863 	 -1000.0000 	 -1000.0000 
	 19.1110 	 5.582424e-01 	 190.5568 	  1.2200 	 2.123422e+22 	 1.949072e+20 	 2.167883e-05 	 1.754076e-06 	  2.4122 	  0.4455 	 -1000.0000 	 -1000.0000 
	 19.2300 	 5.515448e-01 	 190.6287 	  1.2208 	 2.097180e+22 	 1.924749e+20 	 2.232989e-05 	 1.784604e-06 	  2.4218 	  0.4412 	 -1000.0000 	 -1000.0000 
	 19.3490 	 5.449281e-01 	 190.6743 	  1.2216 	 2.071565e+22 	 1.900998e+20 	 2.299166e-05 	 1.815106e-06 	  2.4319 	  0.4371 	 -1000.0000 	 -1000.0000 
	 19.4670 	 5.384439e-01 	 190.6940 	  1.2224 	 2.046754e+22 	 1.878063e+20 	 2.365853e-05 	 1.845484e-06 	  2.4423 	  0.4333 	 -1000.0000 	 -1000.0000 
	 19.5860 	 5.319794e-01 	 190.6886 	  1.2233 	 2.022293e+22 	 1.855607e+20 	 2.434187e-05 	 1.876444e-06 	  2.4532 	  0.4297 	 -1000.0000 	 -1000.0000 
	 20.6510 	 4.770873e-01 	 189.6343 	  1.2467 	 1.823779e+22 	 1.688532e+20 	 3.090990e-05 	 2.180781e-06 	  2.5547 	  0.4076 	 -1000.0000 	 -1000.0000 
	 20.7700 	 4.712727e-01 	 189.4311 	  1.2505 	 1.803472e+22 	 1.672888e+20 	 3.168183e-05 	 2.217733e-06 	  2.5649 	  0.4058 	 -1000.0000 	 -1000.0000 
	 20.8890 	 4.655229e-01 	 189.2175 	  1.2545 	 1.783473e+22 	 1.657579e+20 	 3.245764e-05 	 2.255348e-06 	  2.5747 	  0.4042 	 -1000.0000 	 -1000.0000 
	 21.0070 	 4.598854e-01 	 188.9974 	  1.2583 	 1.763928e+22 	 1.642650e+20 	 3.322933e-05 	 2.293523e-06 	  2.5837 	  0.4026 	 -1000.0000 	 -1000.0000 
	 21.1260 	 4.542651e-01 	 188.7689 	  1.2621 	 1.744488e+22 	 1.627770e+20 	 3.400840e-05 	 2.333155e-06 	  2.5922 	  0.4011 	 -1000.0000 	 -1000.0000 
	 22.1910 	 4.068569e-01 	 186.6511 	  1.2834 	 1.580272e+22 	 1.493614e+20 	 4.058632e-05 	 2.731789e-06 	  2.6387 	  0.3949 	 -1000.0000 	 -1000.0000 
	 22.3100 	 4.018688e-01 	 186.4079 	  1.2845 	 1.562933e+22 	 1.478527e+20 	 4.121446e-05 	 2.777529e-06 	  2.6409 	  0.3949 	 -1000.0000 	 -1000.0000 
	 22.4290 	 3.969388e-01 	 186.1614 	  1.2855 	 1.545799e+22 	 1.463525e+20 	 4.180737e-05 	 2.822338e-06 	  2.6425 	  0.3951 	 -1000.0000 	 -1000.0000 
	 22.5470 	 3.921063e-01 	 185.9131 	  1.2864 	 1.529011e+22 	 1.448766e+20 	 4.235710e-05 	 2.865255e-06 	  2.6436 	  0.3954 	 -1000.0000 	 -1000.0000 
	 22.6660 	 3.872884e-01 	 185.6581 	  1.2872 	 1.512287e+22 	 1.434029e+20 	 4.286955e-05 	 2.906378e-06 	  2.6443 	  0.3957 	 -1000.0000 	 -1000.0000 
	 23.7240 	 3.467378e-01 	 183.1237 	  1.2978 	 1.372611e+22 	 1.313838e+20 	 4.522841e-05 	 3.146148e-06 	  2.6450 	  0.4025 	 -1000.0000 	 -1000.0000 
	 23.8420 	 3.424558e-01 	 182.8122 	  1.3000 	 1.357973e+22 	 1.301917e+20 	 4.523521e-05 	 3.158960e-06 	  2.6464 	  0.4041 	 -1000.0000 	 -1000.0000 
	 23.9610 	 3.381841e-01 	 182.4931 	  1.3026 	 1.343383e+22 	 1.290232e+20 	 4.519191e-05 	 3.168344e-06 	  2.6483 	  0.4059 	 -1000.0000 	 -1000.0000 
	 24.0790 	 3.339938e-01 	 182.1722 	  1.3056 	 1.329080e+22 	 1.278990e+20 	 4.510083e-05 	 3.173267e-06 	  2.6509 	  0.4077 	 -1000.0000 	 -1000.0000 
	 24.1970 	 3.298483e-01 	 181.8472 	  1.3090 	 1.314936e+22 	 1.268100e+20 	 4.496346e-05 	 3.172946e-06 	  2.6540 	  0.4095 	 -1000.0000 	 -1000.0000 
	 25.2670 	 2.941981e-01 	 178.7542 	  1.3612 	 1.193143e+22 	 1.184840e+20 	 4.214000e-05 	 2.936955e-06 	  2.6960 	  0.4214 	 -1000.0000 	 -1000.0000 
	 25.3850 	 2.904697e-01 	 178.4010 	  1.3683 	 1.180353e+22 	 1.176761e+20 	 4.172743e-05 	 2.891874e-06 	  2.6997 	  0.4221 	 -1000.0000 	 -1000.0000 
	 25.5030 	 2.867795e-01 	 178.0462 	  1.3754 	 1.167679e+22 	 1.168725e+20 	 4.130978e-05 	 2.845399e-06 	  2.7029 	  0.4227 	 -1000.0000 	 -1000.0000 
	 25.6210 	 2.831269e-01 	 177.6899 	  1.3824 	 1.155117e+22 	 1.160682e+20 	 4.089089e-05 	 2.799037e-06 	  2.7055 	  0.4234 	 -1000.0000 	 -1000.0000 
	 25.7390 	 2.795114e-01 	 177.3322 	  1.3891 	 1.142665e+22 	 1.152583e+20 	 4.047445e-05 	 2.754272e-06 	  2.7074 	  0.4242 	 -1000.0000 	 -1000.0000 
	 26.7970 	 2.486887e-01 	 174.0992 	  1.4303 	 1.035511e+22 	 1.072615e+20 	 3.717924e-05 	 2.522857e-06 	  2.7112 	  0.4435 	 -1000.0000 	 -1000.0000 
	 26.9150 	 2.454300e-01 	 173.7407 	  1.4334 	 1.024051e+22 	 1.063171e+20 	 3.688449e-05 	 2.519367e-06 	  2.7119 	  0.4474 	 -1000.0000 	 -1000.0000 
	 27.0330 	 2.422084e-01 	 173.3839 	  1.4364 	 1.012689e+22 	 1.053766e+20 	 3.660824e-05 	 2.519845e-06 	  2.7129 	  0.4517 	 -1000.0000 	 -1000.0000 
	 27.1510 	 2.390241e-01 	 173.0289 	  1.4396 	 1.001428e+22 	 1.044440e+20 	 3.635153e-05 	 2.523746e-06 	  2.7142 	  0.4564 	 -1000.0000 	 -1000.0000 
	 27.2690 	 2.358775e-01 	 172.6760 	  1.4428 	 9.902670e+21 	 1.035237e+20 	 3.611533e-05 	 2.530427e-06 	  2.7158 	  0.4614 	 -1000.0000 	 -1000.0000 
	 28.3300 	 2.092880e-01 	 169.6414 	  1.4892 	 8.943860e+21 	 9.627040e+19 	 3.477334e-05 	 2.517570e-06 	  2.7324 	  0.5068 	 -1000.0000 	 -1000.0000 
	 28.4480 	 2.065114e-01 	 169.3206 	  1.4965 	 8.841928e+21 	 9.557595e+19 	 3.465532e-05 	 2.491157e-06 	  2.7331 	  0.5101 	 -1000.0000 	 -1000.0000 
	 28.5650 	 2.037912e-01 	 169.0058 	  1.5042 	 8.741711e+21 	 9.490374e+19 	 3.452762e-05 	 2.458291e-06 	  2.7334 	  0.5129 	 -1000.0000 	 -1000.0000 
	 28.6820 	 2.011031e-01 	 168.6941 	  1.5123 	 8.642319e+21 	 9.424611e+19 	 3.438429e-05 	 2.418875e-06 	  2.7332 	  0.5152 	 -1000.0000 	 -1000.0000 
	 28.8000 	 1.984235e-01 	 168.3831 	  1.5209 	 8.542891e+21 	 9.359586e+19 	 3.421893e-05 	 2.372546e-06 	  2.7323 	  0.5169 	 -1000.0000 	 -1000.0000 
	 29.8630 	 1.756068e-01 	 165.7310 	  1.6135 	 7.681108e+21 	 8.805599e+19 	 3.150757e-05 	 1.793976e-06 	  2.6999 	  0.5276 	 -1000.0000 	 -1000.0000 
	 29.9800 	 1.732354e-01 	 165.4577 	  1.6247 	 7.589860e+21 	 8.745716e+19 	 3.114280e-05 	 1.769390e-06 	  2.6945 	  0.5317 	 -1000.0000 	 -1000.0000 
	 30.0970 	 1.708913e-01 	 165.1887 	  1.6359 	 7.499323e+21 	 8.685633e+19 	 3.076142e-05 	 1.747465e-06 	  2.6890 	  0.5361 	 -1000.0000 	 -1000.0000 
	 30.2140 	 1.685745e-01 	 164.9241 	  1.6471 	 7.409495e+21 	 8.625239e+19 	 3.036414e-05 	 1.728364e-06 	  2.6835 	  0.5408 	 -1000.0000 	 -1000.0000 
	 30.3310 	 1.662848e-01 	 164.6642 	  1.6583 	 7.320378e+21 	 8.564421e+19 	 2.995172e-05 	 1.712212e-06 	  2.6780 	  0.5459 	 -1000.0000 	 -1000.0000 
	 32.8990 	 1.226709e-01 	 160.4765 	  1.7949 	 5.541362e+21 	 6.914414e+19 	 1.979422e-05 	 1.488831e-06 	  2.6671 	  0.7219 	 -1000.0000 	 -1000.0000 
	 33.0150 	 1.209866e-01 	 160.3789 	  1.7946 	 5.468583e+21 	 6.822847e+19 	 1.938939e-05 	 1.462730e-06 	  2.6756 	  0.7322 	 -1000.0000 	 -1000.0000 
	 33.1310 	 1.193245e-01 	 160.2930 	  1.7942 	 5.396346e+21 	 6.731086e+19 	 1.899494e-05 	 1.435081e-06 	  2.6852 	  0.7427 	 -1000.0000 	 -1000.0000 
	 33.2480 	 1.176702e-01 	 160.2187 	  1.7938 	 5.324016e+21 	 6.638637e+19 	 1.860832e-05 	 1.405964e-06 	  2.6961 	  0.7535 	 -1000.0000 	 -1000.0000 
	 33.3640 	 1.160517e-01 	 160.1578 	  1.7936 	 5.252808e+21 	 6.547377e+19 	 1.823678e-05 	 1.376238e-06 	  2.7080 	  0.7644 	 -1000.0000 	 -1000.0000 
	 34.4310 	 1.021135e-01 	 160.2517 	  1.8092 	 4.619755e+21 	 5.765149e+19 	 1.545730e-05 	 1.139267e-06 	  2.8542 	  0.8750 	 -1000.0000 	 -1000.0000 
	 34.5480 	 1.006872e-01 	 160.3260 	  1.8130 	 4.553117e+21 	 5.686401e+19 	 1.523031e-05 	 1.122285e-06 	  2.8722 	  0.8883 	 -1000.0000 	 -1000.0000 
	 34.6640 	 9.929299e-02 	 160.4092 	  1.8169 	 4.487720e+21 	 5.609475e+19 	 1.502156e-05 	 1.107614e-06 	  2.8901 	  0.9016 	 -1000.0000 	 -1000.0000 
	 34.7800 	 9.791865e-02 	 160.5010 	  1.8210 	 4.423029e+21 	 5.533622e+19 	 1.482895e-05 	 1.095092e-06 	  2.9080 	  0.9152 	 -1000.0000 	 -1000.0000 
	 34.8960 	 9.656416e-02 	 160.6007 	  1.8253 	 4.359079e+21 	 5.458771e+19 	 1.465242e-05 	 1.084703e-06 	  2.9259 	  0.9290 	 -1000.0000 	 -1000.0000 
	 35.9590 	 8.506418e-02 	 161.7609 	  1.8651 	 3.812050e+21 	 4.810350e+19 	 1.370192e-05 	 1.058411e-06 	 -1000.0000 	 -1000.0000 	 -1000.0000 	 -1000.0000 
	 36.0750 	 8.390362e-02 	 161.9085 	  1.8694 	 3.756619e+21 	 4.743458e+19 	 1.365994e-05 	 1.059771e-06 	 -1000.0000 	 -1000.0000 	 -1000.0000 	 -1000.0000 
	 36.1910 	 8.276023e-02 	 162.0597 	  1.8737 	 3.701978e+21 	 4.677365e+19 	 1.362794e-05 	 1.061432e-06 	 -1000.0000 	 -1000.0000 	 -1000.0000 	 -1000.0000 
	 36.3080 	 8.162396e-02 	 162.2158 	  1.8781 	 3.647653e+21 	 4.611523e+19 	 1.360521e-05 	 1.063309e-06 	 -1000.0000 	 -1000.0000 	 -1000.0000 	 -1000.0000 
	 36.4240 	 8.051384e-02 	 162.3741 	  1.8825 	 3.594557e+21 	 4.547071e+19 	 1.359160e-05 	 1.065271e-06 	 -1000.0000 	 -1000.0000 	 -1000.0000 	 -1000.0000 
	 37.4840 	 7.107012e-02 	 163.9511 	  1.9264 	 3.142685e+21 	 3.999452e+19 	 1.382129e-05 	 1.111092e-06 	 -1000.0000 	 -1000.0000 	 -1000.0000 	 -1000.0000 
	 37.6000 	 7.010945e-02 	 164.1317 	  1.9319 	 3.096801e+21 	 3.944679e+19 	 1.390097e-05 	 1.132780e-06 	 -1000.0000 	 -1000.0000 	 -1000.0000 	 -1000.0000 
	 37.7160 	 6.916264e-02 	 164.3123 	  1.9375 	 3.051618e+21 	 3.891077e+19 	 1.398213e-05 	 1.154552e-06 	 -1000.0000 	 -1000.0000 	 -1000.0000 	 -1000.0000 
	 37.8310 	 6.823756e-02 	 164.4909 	  1.9433 	 3.007518e+21 	 3.839134e+19 	 1.406252e-05 	 1.176053e-06 	 -1000.0000 	 -1000.0000 	 -1000.0000 	 -1000.0000 
	 37.9470 	 6.731798e-02 	 164.6702 	  1.9494 	 2.963732e+21 	 3.787989e+19 	 1.414200e-05 	 1.197536e-06 	 -1000.0000 	 -1000.0000 	 -1000.0000 	 -1000.0000 
	 39.0040 	 5.954154e-02 	 166.2096 	  2.0146 	 2.596646e+21 	 3.382198e+19 	 1.465623e-05 	 1.396578e-06 	 -1000.0000 	 -1000.0000 	 -1000.0000 	 -1000.0000 
	 39.1200 	 5.875090e-02 	 166.3671 	  2.0222 	 2.559693e+21 	 3.343284e+19 	 1.468571e-05 	 1.419729e-06 	 -1000.0000 	 -1000.0000 	 -1000.0000 	 -1000.0000 
	 39.2360 	 5.797193e-02 	 166.5226 	  2.0296 	 2.523354e+21 	 3.305152e+19 	 1.471007e-05 	 1.443077e-06 	 -1000.0000 	 -1000.0000 	 -1000.0000 	 -1000.0000 
	 39.3510 	 5.721100e-02 	 166.6749 	  2.0368 	 2.487922e+21 	 3.268031e+19 	 1.472915e-05 	 1.466326e-06 	 -1000.0000 	 -1000.0000 	 -1000.0000 	 -1000.0000 
	 39.4670 	 5.645468e-02 	 166.8268 	  2.0438 	 2.452769e+21 	 3.231183e+19 	 1.474329e-05 	 1.489788e-06 	 -1000.0000 	 -1000.0000 	 -1000.0000 	 -1000.0000 
	 42.0570 	 4.208003e-02 	 169.9494 	  2.0250 	 1.795069e+21 	 2.379163e+19 	 1.372559e-05 	 1.687553e-06 	 -1000.0000 	 -1000.0000 	 -1000.0000 	 -1000.0000 
	 42.1720 	 4.153703e-02 	 170.0798 	  2.0149 	 1.770545e+21 	 2.336622e+19 	 1.361172e-05 	 1.667550e-06 	 -1000.0000 	 -1000.0000 	 -1000.0000 	 -1000.0000 
	 42.2880 	 4.099671e-02 	 170.2097 	  2.0048 	 1.746172e+21 	 2.294141e+19 	 1.348949e-05 	 1.645270e-06 	 -1000.0000 	 -1000.0000 	 -1000.0000 	 -1000.0000 
	 42.4030 	 4.046833e-02 	 170.3367 	  1.9948 	 1.722371e+21 	 2.252654e+19 	 1.336106e-05 	 1.621469e-06 	 -1000.0000 	 -1000.0000 	 -1000.0000 	 -1000.0000 
	 42.5190 	 3.994266e-02 	 170.4628 	  1.9850 	 1.698727e+21 	 2.211646e+19 	 1.322436e-05 	 1.596175e-06 	 -1000.0000 	 -1000.0000 	 -1000.0000 	 -1000.0000 
	 43.5700 	 3.550417e-02 	 171.4826 	  1.9277 	 1.500893e+21 	 1.901587e+19 	 1.173866e-05 	 1.382875e-06 	 -1000.0000 	 -1000.0000 	 -1000.0000 	 -1000.0000 
	 43.6850 	 3.505226e-02 	 171.5788 	  1.9243 	 1.480957e+21 	 1.873849e+19 	 1.156056e-05 	 1.364155e-06 	 -1000.0000 	 -1000.0000 	 -1000.0000 	 -1000.0000 
	 43.8000 	 3.460660e-02 	 171.6716 	  1.9212 	 1.461338e+21 	 1.846907e+19 	 1.138156e-05 	 1.346142e-06 	 -1000.0000 	 -1000.0000 	 -1000.0000 	 -1000.0000 
	 43.9150 	 3.416708e-02 	 171.7611 	  1.9181 	 1.442030e+21 	 1.820635e+19 	 1.120211e-05 	 1.328713e-06 	 -1000.0000 	 -1000.0000 	 -1000.0000 	 -1000.0000 
	 44.0300 	 3.373360e-02 	 171.8471 	  1.9150 	 1.423027e+21 	 1.794911e+19 	 1.102268e-05 	 1.311731e-06 	 -1000.0000 	 -1000.0000 	 -1000.0000 	 -1000.0000 
	 45.0930 	 2.999283e-02 	 172.4423 	  1.8709 	 1.260935e+21 	 1.566267e+19 	 9.433013e-06 	 1.155537e-06 	 -1000.0000 	 -1000.0000 	 -1000.0000 	 -1000.0000 
	 45.2080 	 2.961473e-02 	 172.4741 	  1.8638 	 1.244810e+21 	 1.542119e+19 	 9.275031e-06 	 1.138631e-06 	 -1000.0000 	 -1000.0000 	 -1000.0000 	 -1000.0000 
	 45.3220 	 2.924462e-02 	 172.4965 	  1.8564 	 1.229090e+21 	 1.518369e+19 	 9.122329e-06 	 1.122093e-06 	 -1000.0000 	 -1000.0000 	 -1000.0000 	 -1000.0000 
	 45.4370 	 2.887589e-02 	 172.5091 	  1.8484 	 1.213499e+21 	 1.494622e+19 	 8.972555e-06 	 1.105700e-06 	 -1000.0000 	 -1000.0000 	 -1000.0000 	 -1000.0000 
	 45.5510 	 2.851483e-02 	 172.5110 	  1.8401 	 1.198305e+21 	 1.471317e+19 	 8.828637e-06 	 1.089805e-06 	 -1000.0000 	 -1000.0000 	 -1000.0000 	 -1000.0000 
	 46.6130 	 2.534730e-02 	 171.9043 	  1.7457 	 1.068902e+21 	 1.269693e+19 	 7.747001e-06 	 9.678827e-07 	 -1000.0000 	 -1000.0000 	 -1000.0000 	 -1000.0000 
	 46.7270 	 2.502708e-02 	 171.7669 	  1.7347 	 1.056246e+21 	 1.250137e+19 	 7.658831e-06 	 9.577850e-07 	 -1000.0000 	 -1000.0000 	 -1000.0000 	 -1000.0000 
	 46.8420 	 2.470778e-02 	 171.6136 	  1.7237 	 1.043704e+21 	 1.230899e+19 	 7.574906e-06 	 9.481324e-07 	 -1000.0000 	 -1000.0000 	 -1000.0000 	 -1000.0000 
	 46.9570 	 2.439216e-02 	 171.4458 	  1.7128 	 1.031385e+21 	 1.212175e+19 	 7.495864e-06 	 9.389981e-07 	 -1000.0000 	 -1000.0000 	 -1000.0000 	 -1000.0000 
	 47.0710 	 2.408289e-02 	 171.2648 	  1.7023 	 1.019388e+21 	 1.194141e+19 	 7.422172e-06 	 9.304362e-07 	 -1000.0000 	 -1000.0000 	 -1000.0000 	 -1000.0000 
	 48.1290 	 2.137653e-02 	 168.9177 	  1.6255 	 9.173894e+20 	 1.053894e+19 	 6.926305e-06 	 8.703917e-07 	 -1000.0000 	 -1000.0000 	 -1000.0000 	 -1000.0000 
	 48.2420 	 2.110431e-02 	 168.6065 	  1.6198 	 9.073778e+20 	 1.041575e+19 	 6.889203e-06 	 8.656632e-07 	 -1000.0000 	 -1000.0000 	 -1000.0000 	 -1000.0000 
	 48.3560 	 2.083285e-02 	 168.2839 	  1.6145 	 8.974254e+20 	 1.029573e+19 	 6.853985e-06 	 8.611527e-07 	 -1000.0000 	 -1000.0000 	 -1000.0000 	 -1000.0000 
	 48.4700 	 2.056455e-02 	 167.9532 	  1.6096 	 8.876148e+20 	 1.017972e+19 	 6.820747e-06 	 8.568845e-07 	 -1000.0000 	 -1000.0000 	 -1000.0000 	 -1000.0000 
	 48.5840 	 2.029938e-02 	 167.6154 	  1.6051 	 8.779392e+20 	 1.006745e+19 	 6.789248e-06 	 8.528403e-07 	 -1000.0000 	 -1000.0000 	 -1000.0000 	 -1000.0000 
	 49.6390 	 1.798751e-02 	 164.2953 	  1.5787 	 7.936843e+20 	 9.153631e+18 	 6.541968e-06 	 8.231035e-07 	 -1000.0000 	 -1000.0000 	 -1000.0000 	 -1000.0000 
	 49.7520 	 1.775426e-02 	 163.9328 	  1.5762 	 7.851238e+20 	 9.062376e+18 	 6.517459e-06 	 8.205322e-07 	 -1000.0000 	 -1000.0000 	 -1000.0000 	 -1000.0000 
	 49.8660 	 1.752157e-02 	 163.5683 	  1.5735 	 7.765606e+20 	 8.970156e+18 	 6.492730e-06 	 8.180284e-07 	 -1000.0000 	 -1000.0000 	 -1000.0000 	 -1000.0000 
	 49.9800 	 1.729148e-02 	 163.2057 	  1.5704 	 7.680659e+20 	 8.877383e+18 	 6.467906e-06 	 8.156073e-07 	 -1000.0000 	 -1000.0000 	 -1000.0000 	 -1000.0000 
	 50.0940 	 1.706393e-02 	 162.8457 	  1.5669 	 7.596351e+20 	 8.783664e+18 	 6.442893e-06 	 8.132610e-07 	 -1000.0000 	 -1000.0000 	 -1000.0000 	 -1000.0000 
	 51.1610 	 1.505010e-02 	 159.7071 	  1.5034 	 6.831448e+20 	 7.816374e+18 	 6.187503e-06 	 7.922899e-07 	 -1000.0000 	 -1000.0000 	 -1000.0000 	 -1000.0000 
	 51.2750 	 1.484701e-02 	 159.4025 	  1.4940 	 6.752127e+20 	 7.706289e+18 	 6.157762e-06 	 7.894580e-07 	 -1000.0000 	 -1000.0000 	 -1000.0000 	 -1000.0000 
	 51.3890 	 1.464624e-02 	 159.1044 	  1.4846 	 6.673292e+20 	 7.596307e+18 	 6.127624e-06 	 7.863287e-07 	 -1000.0000 	 -1000.0000 	 -1000.0000 	 -1000.0000 
	 51.5020 	 1.444953e-02 	 158.8155 	  1.4752 	 6.595639e+20 	 7.487781e+18 	 6.097378e-06 	 7.828830e-07 	 -1000.0000 	 -1000.0000 	 -1000.0000 	 -1000.0000 
	 51.6160 	 1.425339e-02 	 158.5308 	  1.4658 	 6.517801e+20 	 7.379187e+18 	 6.066508e-06 	 7.790089e-07 	 -1000.0000 	 -1000.0000 	 -1000.0000 	 -1000.0000 
	 52.6710 	 1.254757e-02 	 156.2090 	  1.3974 	 5.823399e+20 	 6.476395e+18 	 5.765484e-06 	 7.208904e-07 	 -1000.0000 	 -1000.0000 	 -1000.0000 	 -1000.0000 
	 52.7850 	 1.237471e-02 	 155.9822 	  1.3933 	 5.751529e+20 	 6.393353e+18 	 5.731254e-06 	 7.134912e-07 	 -1000.0000 	 -1000.0000 	 -1000.0000 	 -1000.0000 
	 52.8990 	 1.220399e-02 	 155.7573 	  1.3900 	 5.680361e+20 	 6.313493e+18 	 5.696668e-06 	 7.063091e-07 	 -1000.0000 	 -1000.0000 	 -1000.0000 	 -1000.0000 
	 53.0120 	 1.203687e-02 	 155.5355 	  1.3877 	 5.610535e+20 	 6.237557e+18 	 5.662027e-06 	 6.995260e-07 	 -1000.0000 	 -1000.0000 	 -1000.0000 	 -1000.0000 
	 53.1260 	 1.187034e-02 	 155.3120 	  1.3863 	 5.540837e+20 	 6.164283e+18 	 5.626712e-06 	 6.931449e-07 	 -1000.0000 	 -1000.0000 	 -1000.0000 	 -1000.0000 
	 54.1840 	 1.042017e-02 	 153.1369 	  1.4223 	 4.932753e+20 	 5.646278e+18 	 5.281434e-06 	 6.711495e-07 	 -1000.0000 	 -1000.0000 	 -1000.0000 	 -1000.0000 
	 54.2980 	 1.027373e-02 	 152.8864 	  1.4303 	 4.871407e+20 	 5.604733e+18 	 5.242479e-06 	 6.724548e-07 	 -1000.0000 	 -1000.0000 	 -1000.0000 	 -1000.0000 
	 54.4110 	 1.013037e-02 	 152.6347 	  1.4386 	 4.811367e+20 	 5.565307e+18 	 5.203564e-06 	 6.741737e-07 	 -1000.0000 	 -1000.0000 	 -1000.0000 	 -1000.0000 
	 54.5240 	 9.988780e-03 	 152.3796 	  1.4472 	 4.752079e+20 	 5.527357e+18 	 5.164357e-06 	 6.762336e-07 	 -1000.0000 	 -1000.0000 	 -1000.0000 	 -1000.0000 
	 54.6370 	 9.848937e-03 	 152.1212 	  1.4560 	 4.693533e+20 	 5.490613e+18 	 5.124869e-06 	 6.785530e-07 	 -1000.0000 	 -1000.0000 	 -1000.0000 	 -1000.0000 
	 57.1600 	 7.136288e-03 	 145.4245 	  1.4767 	 3.557200e+20 	 4.438052e+18 	 4.193252e-06 	 6.363175e-07 	 -1000.0000 	 -1000.0000 	 -1000.0000 	 -1000.0000 
	 57.2720 	 7.032386e-03 	 145.1071 	  1.4651 	 3.513075e+20 	 4.368206e+18 	 4.153488e-06 	 6.270943e-07 	 -1000.0000 	 -1000.0000 	 -1000.0000 	 -1000.0000 
	 57.3850 	 6.928919e-03 	 144.7923 	  1.4531 	 3.468931e+20 	 4.297314e+18 	 4.114533e-06 	 6.178080e-07 	 -1000.0000 	 -1000.0000 	 -1000.0000 	 -1000.0000 
	 57.4980 	 6.826821e-03 	 144.4841 	  1.4409 	 3.425135e+20 	 4.226437e+18 	 4.076934e-06 	 6.087060e-07 	 -1000.0000 	 -1000.0000 	 -1000.0000 	 -1000.0000 
	 57.6100 	 6.726979e-03 	 144.1867 	  1.4289 	 3.382044e+20 	 4.156635e+18 	 4.041188e-06 	 6.000291e-07 	 -1000.0000 	 -1000.0000 	 -1000.0000 	 -1000.0000 
	 58.6600 	 5.855711e-03 	 142.0011 	  1.3481 	 2.989429e+20 	 3.582258e+18 	 3.797156e-06 	 5.558603e-07 	 -1000.0000 	 -1000.0000 	 -1000.0000 	 -1000.0000 
	 58.7720 	 5.769411e-03 	 141.8476 	  1.3437 	 2.948545e+20 	 3.530244e+18 	 3.778959e-06 	 5.549265e-07 	 -1000.0000 	 -1000.0000 	 -1000.0000 	 -1000.0000 
	 58.8850 	 5.683562e-03 	 141.7105 	  1.3399 	 2.907471e+20 	 3.479108e+18 	 3.761347e-06 	 5.544243e-07 	 -1000.0000 	 -1000.0000 	 -1000.0000 	 -1000.0000 
	 58.9980 	 5.598919e-03 	 141.5917 	  1.3368 	 2.866568e+20 	 3.429177e+18 	 3.744255e-06 	 5.542761e-07 	 -1000.0000 	 -1000.0000 	 -1000.0000 	 -1000.0000 
	 59.1100 	 5.516194e-03 	 141.4926 	  1.3345 	 2.826192e+20 	 3.380735e+18 	 3.727598e-06 	 5.543916e-07 	 -1000.0000 	 -1000.0000 	 -1000.0000 	 -1000.0000 
	 60.1730 	 4.785980e-03 	 141.5408 	  1.3373 	 2.451374e+20 	 2.949456e+18 	 3.546553e-06 	 5.551198e-07 	 -1000.0000 	 -1000.0000 	 -1000.0000 	 -1000.0000 
	 60.2850 	 4.714724e-03 	 141.6468 	  1.3390 	 2.413066e+20 	 2.905449e+18 	 3.522842e-06 	 5.545973e-07 	 -1000.0000 	 -1000.0000 	 -1000.0000 	 -1000.0000 
	 60.3970 	 4.644555e-03 	 141.7702 	  1.3406 	 2.375071e+20 	 2.861518e+18 	 3.498025e-06 	 5.539482e-07 	 -1000.0000 	 -1000.0000 	 -1000.0000 	 -1000.0000 
	 60.5090 	 4.575474e-03 	 141.9106 	  1.3420 	 2.337413e+20 	 2.817614e+18 	 3.472061e-06 	 5.531723e-07 	 -1000.0000 	 -1000.0000 	 -1000.0000 	 -1000.0000 
	 60.6210 	 4.507483e-03 	 142.0675 	  1.3433 	 2.300117e+20 	 2.773689e+18 	 3.444913e-06 	 5.522697e-07 	 -1000.0000 	 -1000.0000 	 -1000.0000 	 -1000.0000 
	 61.6730 	 3.921619e-03 	 144.2269 	  1.3330 	 1.971298e+20 	 2.355650e+18 	 3.132993e-06 	 5.383006e-07 	 -1000.0000 	 -1000.0000 	 -1000.0000 	 -1000.0000 
	 61.7850 	 3.864602e-03 	 144.5103 	  1.3293 	 1.938832e+20 	 2.311304e+18 	 3.095576e-06 	 5.363425e-07 	 -1000.0000 	 -1000.0000 	 -1000.0000 	 -1000.0000 
	 61.8970 	 3.808541e-03 	 144.7993 	  1.3252 	 1.906885e+20 	 2.267264e+18 	 3.057895e-06 	 5.343182e-07 	 -1000.0000 	 -1000.0000 	 -1000.0000 	 -1000.0000 
	 62.0090 	 3.753418e-03 	 145.0929 	  1.3207 	 1.875466e+20 	 2.223608e+18 	 3.020107e-06 	 5.322341e-07 	 -1000.0000 	 -1000.0000 	 -1000.0000 	 -1000.0000 
	 62.1210 	 3.699211e-03 	 145.3898 	  1.3159 	 1.844582e+20 	 2.180413e+18 	 2.982367e-06 	 5.300963e-07 	 -1000.0000 	 -1000.0000 	 -1000.0000 	 -1000.0000 
	 63.1760 	 3.229932e-03 	 148.1122 	  1.2571 	 1.580977e+20 	 1.808568e+18 	 2.636446e-06 	 5.104817e-07 	 -1000.0000 	 -1000.0000 	 -1000.0000 	 -1000.0000 
	 63.2880 	 3.184139e-03 	 148.3660 	  1.2503 	 1.555904e+20 	 1.773606e+18 	 2.603641e-06 	 5.086629e-07 	 -1000.0000 	 -1000.0000 	 -1000.0000 	 -1000.0000 
	 63.3990 	 3.139452e-03 	 148.6055 	  1.2436 	 1.531599e+20 	 1.739902e+18 	 2.572261e-06 	 5.069441e-07 	 -1000.0000 	 -1000.0000 	 -1000.0000 	 -1000.0000 
	 63.5110 	 3.095048e-03 	 148.8335 	  1.2369 	 1.507619e+20 	 1.706874e+18 	 2.541777e-06 	 5.053058e-07 	 -1000.0000 	 -1000.0000 	 -1000.0000 	 -1000.0000 
	 63.6230 	 3.051317e-03 	 149.0463 	  1.2303 	 1.484185e+20 	 1.674850e+18 	 2.512513e-06 	 5.037753e-07 	 -1000.0000 	 -1000.0000 	 -1000.0000 	 -1000.0000 
	 64.6790 	 2.669116e-03 	 150.0864 	  1.1833 	 1.289186e+20 	 1.424462e+18 	 2.300324e-06 	 4.962603e-07 	 -1000.0000 	 -1000.0000 	 -1000.0000 	 -1000.0000 
	 64.7900 	 2.631886e-03 	 150.0841 	  1.1801 	 1.271232e+20 	 1.403213e+18 	 2.284673e-06 	 4.962960e-07 	 -1000.0000 	 -1000.0000 	 -1000.0000 	 -1000.0000 
	 64.9010 	 2.595185e-03 	 150.0601 	  1.1773 	 1.253715e+20 	 1.382799e+18 	 2.270235e-06 	 4.965003e-07 	 -1000.0000 	 -1000.0000 	 -1000.0000 	 -1000.0000 
	 65.0130 	 2.558680e-03 	 150.0139 	  1.1747 	 1.236472e+20 	 1.363013e+18 	 2.256878e-06 	 4.968797e-07 	 -1000.0000 	 -1000.0000 	 -1000.0000 	 -1000.0000 
	 65.1240 	 2.523016e-03 	 149.9462 	  1.1725 	 1.219800e+20 	 1.344171e+18 	 2.244826e-06 	 4.974302e-07 	 -1000.0000 	 -1000.0000 	 -1000.0000 	 -1000.0000 
	 66.1710 	 2.210211e-03 	 148.3079 	  1.1644 	 1.080227e+20 	 1.196503e+18 	 2.184776e-06 	 5.112597e-07 	 -1000.0000 	 -1000.0000 	 -1000.0000 	 -1000.0000 
	 66.2830 	 2.179064e-03 	 148.0567 	  1.1641 	 1.066803e+20 	 1.182882e+18 	 2.183433e-06 	 5.136144e-07 	 -1000.0000 	 -1000.0000 	 -1000.0000 	 -1000.0000 
	 66.3940 	 2.148593e-03 	 147.8017 	  1.1638 	 1.053701e+20 	 1.169573e+18 	 2.182926e-06 	 5.160994e-07 	 -1000.0000 	 -1000.0000 	 -1000.0000 	 -1000.0000 
	 66.5050 	 2.118507e-03 	 147.5431 	  1.1633 	 1.040777e+20 	 1.156394e+18 	 2.183201e-06 	 5.187306e-07 	 -1000.0000 	 -1000.0000 	 -1000.0000 	 -1000.0000 
	 66.6160 	 2.088792e-03 	 147.2832 	  1.1625 	 1.028009e+20 	 1.143284e+18 	 2.184219e-06 	 5.215036e-07 	 -1000.0000 	 -1000.0000 	 -1000.0000 	 -1000.0000 
	 67.6740 	 1.822513e-03 	 145.0824 	  1.1381 	 9.107839e+19 	 1.013466e+18 	 2.223142e-06 	 5.539275e-07 	 -1000.0000 	 -1000.0000 	 -1000.0000 	 -1000.0000 
	 67.7850 	 1.796313e-03 	 144.8893 	  1.1337 	 8.988891e+19 	 9.993057e+17 	 2.229337e-06 	 5.577836e-07 	 -1000.0000 	 -1000.0000 	 -1000.0000 	 -1000.0000 
	 67.8960 	 1.770451e-03 	 144.7020 	  1.1290 	 8.870909e+19 	 9.851347e+17 	 2.235741e-06 	 5.616866e-07 	 -1000.0000 	 -1000.0000 	 -1000.0000 	 -1000.0000 
	 68.0060 	 1.745158e-03 	 144.5215 	  1.1241 	 8.755005e+19 	 9.711069e+17 	 2.242245e-06 	 5.655905e-07 	 -1000.0000 	 -1000.0000 	 -1000.0000 	 -1000.0000 
	 68.1170 	 1.719977e-03 	 144.3442 	  1.1191 	 8.639134e+19 	 9.569944e+17 	 2.248920e-06 	 5.695560e-07 	 -1000.0000 	 -1000.0000 	 -1000.0000 	 -1000.0000 
	 69.1640 	 1.499513e-03 	 142.8778 	  1.0665 	 7.606865e+19 	 8.300312e+17 	 2.310873e-06 	 6.068936e-07 	 -1000.0000 	 -1000.0000 	 -1000.0000 	 -1000.0000 
	 69.2750 	 1.477870e-03 	 142.7584 	  1.0610 	 7.503275e+19 	 8.173690e+17 	 2.317183e-06 	 6.108201e-07 	 -1000.0000 	 -1000.0000 	 -1000.0000 	 -1000.0000 
	 69.3860 	 1.456535e-03 	 142.6506 	  1.0557 	 7.400546e+19 	 8.048561e+17 	 2.323474e-06 	 6.147490e-07 	 -1000.0000 	 -1000.0000 	 -1000.0000 	 -1000.0000 
	 69.4960 	 1.435687e-03 	 142.5565 	  1.0506 	 7.299520e+19 	 7.926011e+17 	 2.329699e-06 	 6.186476e-07 	 -1000.0000 	 -1000.0000 	 -1000.0000 	 -1000.0000 
	 69.6070 	 1.414941e-03 	 142.4755 	  1.0457 	 7.198287e+19 	 7.803793e+17 	 2.335983e-06 	 6.225899e-07 	 -1000.0000 	 -1000.0000 	 -1000.0000 	 -1000.0000 
	 70.6670 	 1.230432e-03 	 142.5234 	  1.0129 	 6.260252e+19 	 6.710555e+17 	 2.398906e-06 	 6.614088e-07 	 -1000.0000 	 -1000.0000 	 -1000.0000 	 -1000.0000 
	 70.7770 	 1.212640e-03 	 142.5866 	  1.0110 	 6.167006e+19 	 6.606146e+17 	 2.406171e-06 	 6.656638e-07 	 -1000.0000 	 -1000.0000 	 -1000.0000 	 -1000.0000 
	 70.8880 	 1.194942e-03 	 142.6519 	  1.0095 	 6.074125e+19 	 6.502925e+17 	 2.413741e-06 	 6.700236e-07 	 -1000.0000 	 -1000.0000 	 -1000.0000 	 -1000.0000 
	 70.9980 	 1.177655e-03 	 142.7156 	  1.0081 	 5.983401e+19 	 6.402863e+17 	 2.421505e-06 	 6.744156e-07 	 -1000.0000 	 -1000.0000 	 -1000.0000 	 -1000.0000 
	 71.1090 	 1.160465e-03 	 142.7761 	  1.0070 	 5.893305e+19 	 6.304252e+17 	 2.429629e-06 	 6.789254e-07 	 -1000.0000 	 -1000.0000 	 -1000.0000 	 -1000.0000 
	 72.1500 	 1.011346e-03 	 142.7400 	  1.0070 	 5.135926e+19 	 5.510266e+17 	 2.523400e-06 	 7.257592e-07 	 -1000.0000 	 -1000.0000 	 -1000.0000 	 -1000.0000 
	 72.2600 	 9.967817e-04 	 142.6460 	  1.0081 	 5.065360e+19 	 5.440309e+17 	 2.535215e-06 	 7.311778e-07 	 -1000.0000 	 -1000.0000 	 -1000.0000 	 -1000.0000 
	 72.3700 	 9.824239e-04 	 142.5318 	  1.0094 	 4.996474e+19 	 5.372873e+17 	 2.547370e-06 	 7.366749e-07 	 -1000.0000 	 -1000.0000 	 -1000.0000 	 -1000.0000 
	 72.4800 	 9.682665e-04 	 142.3967 	  1.0109 	 4.929227e+19 	 5.307917e+17 	 2.559857e-06 	 7.422469e-07 	 -1000.0000 	 -1000.0000 	 -1000.0000 	 -1000.0000 
	 72.5900 	 9.543034e-04 	 142.2398 	  1.0126 	 4.863581e+19 	 5.245398e+17 	 2.572667e-06 	 7.478906e-07 	 -1000.0000 	 -1000.0000 	 -1000.0000 	 -1000.0000 
	 73.6430 	 8.294360e-04 	 139.5984 	  1.0415 	 4.306933e+19 	 4.758391e+17 	 2.710687e-06 	 8.051067e-07 	 -1000.0000 	 -1000.0000 	 -1000.0000 	 -1000.0000 
	 73.7520 	 8.173443e-04 	 139.2291 	  1.0456 	 4.255384e+19 	 4.717343e+17 	 2.726648e-06 	 8.113882e-07 	 -1000.0000 	 -1000.0000 	 -1000.0000 	 -1000.0000 
	 73.8620 	 8.052895e-04 	 138.8455 	  1.0500 	 4.204213e+19 	 4.677179e+17 	 2.743112e-06 	 8.178098e-07 	 -1000.0000 	 -1000.0000 	 -1000.0000 	 -1000.0000 
	 73.9720 	 7.933804e-04 	 138.4528 	  1.0546 	 4.153818e+19 	 4.638141e+17 	 2.759945e-06 	 8.243182e-07 	 -1000.0000 	 -1000.0000 	 -1000.0000 	 -1000.0000 
	 74.0810 	 7.817207e-04 	 138.0568 	  1.0593 	 4.104566e+19 	 4.600432e+17 	 2.776999e-06 	 8.308571e-07 	 -1000.0000 	 -1000.0000 	 -1000.0000 	 -1000.0000 
	 75.1330 	 6.759857e-04 	 134.2030 	  1.1115 	 3.651651e+19 	 4.262319e+17 	 2.962434e-06 	 8.992433e-07 	 -1000.0000 	 -1000.0000 	 -1000.0000 	 -1000.0000 
	 75.2420 	 6.657184e-04 	 133.8162 	  1.1172 	 3.606570e+19 	 4.228331e+17 	 2.983887e-06 	 9.069220e-07 	 -1000.0000 	 -1000.0000 	 -1000.0000 	 -1000.0000 
	 75.3520 	 6.554881e-04 	 133.4292 	  1.1228 	 3.561431e+19 	 4.194017e+17 	 3.005968e-06 	 9.147897e-07 	 -1000.0000 	 -1000.0000 	 -1000.0000 	 -1000.0000 
	 75.4620 	 6.453896e-04 	 133.0457 	  1.1284 	 3.516655e+19 	 4.159638e+17 	 3.028482e-06 	 9.227781e-07 	 -1000.0000 	 -1000.0000 	 -1000.0000 	 -1000.0000 
	 75.5710 	 6.355131e-04 	 132.6693 	  1.1338 	 3.472648e+19 	 4.125455e+17 	 3.051218e-06 	 9.308140e-07 	 -1000.0000 	 -1000.0000 	 -1000.0000 	 -1000.0000 
	 76.6160 	 5.473471e-04 	 129.2682 	  1.1759 	 3.069580e+19 	 3.786654e+17 	 3.291054e-06 	 1.014263e-06 	 -1000.0000 	 -1000.0000 	 -1000.0000 	 -1000.0000 
	 76.7250 	 5.388020e-04 	 128.9351 	  1.1797 	 3.029471e+19 	 3.750886e+17 	 3.318440e-06 	 1.023699e-06 	 -1000.0000 	 -1000.0000 	 -1000.0000 	 -1000.0000 
	 76.8340 	 5.303719e-04 	 128.6058 	  1.1837 	 2.989711e+19 	 3.715320e+17 	 3.346298e-06 	 1.033290e-06 	 -1000.0000 	 -1000.0000 	 -1000.0000 	 -1000.0000 
	 76.9440 	 5.219788e-04 	 128.2772 	  1.1878 	 2.949935e+19 	 3.679711e+17 	 3.374898e-06 	 1.043129e-06 	 -1000.0000 	 -1000.0000 	 -1000.0000 	 -1000.0000 
	 77.0530 	 5.137730e-04 	 127.9553 	  1.1920 	 2.910863e+19 	 3.644785e+17 	 3.403725e-06 	 1.053041e-06 	 -1000.0000 	 -1000.0000 	 -1000.0000 	 -1000.0000 
	 78.0990 	 4.402882e-04 	 125.0447 	  1.2480 	 2.552485e+19 	 3.338366e+17 	 3.705132e-06 	 1.156981e-06 	 -1000.0000 	 -1000.0000 	 -1000.0000 	 -1000.0000 
	 78.2080 	 4.331602e-04 	 124.7628 	  1.2553 	 2.516832e+19 	 3.309211e+17 	 3.738797e-06 	 1.168713e-06 	 -1000.0000 	 -1000.0000 	 -1000.0000 	 -1000.0000 
	 78.3160 	 4.261947e-04 	 124.4883 	  1.2629 	 2.481821e+19 	 3.280652e+17 	 3.772474e-06 	 1.180492e-06 	 -1000.0000 	 -1000.0000 	 -1000.0000 	 -1000.0000 
	 78.4250 	 4.192626e-04 	 124.2164 	  1.2706 	 2.446802e+19 	 3.252105e+17 	 3.806762e-06 	 1.192535e-06 	 -1000.0000 	 -1000.0000 	 -1000.0000 	 -1000.0000 
	 78.5340 	 4.124285e-04 	 123.9499 	  1.2785 	 2.412101e+19 	 3.223780e+17 	 3.841321e-06 	 1.204728e-06 	 -1000.0000 	 -1000.0000 	 -1000.0000 	 -1000.0000 
	 79.5890 	 3.512539e-04 	 121.6849 	  1.3583 	 2.092643e+19 	 2.952272e+17 	 4.184983e-06 	 1.330180e-06 	 -1000.0000 	 -1000.0000 	 -1000.0000 	 -1000.0000 
	 79.6980 	 3.454266e-04 	 121.4832 	  1.3667 	 2.061341e+19 	 2.924182e+17 	 4.221101e-06 	 1.343967e-06 	 -1000.0000 	 -1000.0000 	 -1000.0000 	 -1000.0000 
	 79.8060 	 3.397388e-04 	 121.2889 	  1.3750 	 2.030643e+19 	 2.896354e+17 	 4.256958e-06 	 1.357802e-06 	 -1000.0000 	 -1000.0000 	 -1000.0000 	 -1000.0000 
	 79.9150 	 3.340839e-04 	 121.0981 	  1.3835 	 1.999981e+19 	 2.868279e+17 	 4.293208e-06 	 1.371947e-06 	 -1000.0000 	 -1000.0000 	 -1000.0000 	 -1000.0000 
	 80.0240 	 3.285135e-04 	 120.9128 	  1.3920 	 1.969642e+19 	 2.840219e+17 	 4.329508e-06 	 1.386281e-06 	 -1000.0000 	 -1000.0000 	 -1000.0000 	 -1000.0000 
	 81.0610 	 2.795196e-04 	 119.3807 	  1.4729 	 1.697437e+19 	 2.574407e+17 	 4.674973e-06 	 1.533116e-06 	 -1000.0000 	 -1000.0000 	 -1000.0000 	 -1000.0000 
	 81.1700 	 2.747752e-04 	 119.2382 	  1.4808 	 1.670625e+19 	 2.546430e+17 	 4.710904e-06 	 1.549721e-06 	 -1000.0000 	 -1000.0000 	 -1000.0000 	 -1000.0000 
	 81.2790 	 2.701061e-04 	 119.0977 	  1.4886 	 1.644174e+19 	 2.518395e+17 	 4.746672e-06 	 1.566559e-06 	 -1000.0000 	 -1000.0000 	 -1000.0000 	 -1000.0000 
	 81.3870 	 2.655537e-04 	 118.9602 	  1.4959 	 1.618327e+19 	 2.490544e+17 	 4.781928e-06 	 1.583474e-06 	 -1000.0000 	 -1000.0000 	 -1000.0000 	 -1000.0000 
	 81.4960 	 2.610331e-04 	 118.8229 	  1.5030 	 1.592610e+19 	 2.462348e+17 	 4.817300e-06 	 1.600781e-06 	 -1000.0000 	 -1000.0000 	 -1000.0000 	 -1000.0000 
	 82.5440 	 2.212393e-04 	 117.5124 	  1.5501 	 1.364831e+19 	 2.187162e+17 	 5.142884e-06 	 1.780118e-06 	 -1000.0000 	 -1000.0000 	 -1000.0000 	 -1000.0000 
	 82.6520 	 2.174939e-04 	 117.3756 	  1.5538 	 1.343291e+19 	 2.159308e+17 	 5.174815e-06 	 1.800132e-06 	 -1000.0000 	 -1000.0000 	 -1000.0000 	 -1000.0000 
	 82.7610 	 2.137757e-04 	 117.2371 	  1.5576 	 1.321888e+19 	 2.131574e+17 	 5.206742e-06 	 1.820672e-06 	 -1000.0000 	 -1000.0000 	 -1000.0000 	 -1000.0000 
	 82.8690 	 2.101517e-04 	 117.0994 	  1.5616 	 1.301009e+19 	 2.104541e+17 	 5.238080e-06 	 1.841374e-06 	 -1000.0000 	 -1000.0000 	 -1000.0000 	 -1000.0000 
	 82.9770 	 2.065859e-04 	 116.9613 	  1.5659 	 1.280446e+19 	 2.078029e+17 	 5.269128e-06 	 1.862440e-06 	 -1000.0000 	 -1000.0000 	 -1000.0000 	 -1000.0000 
	 84.0240 	 1.747866e-04 	 115.6001 	  1.6347 	 1.096119e+19 	 1.858383e+17 	 5.555414e-06 	 2.087277e-06 	 -1000.0000 	 -1000.0000 	 -1000.0000 	 -1000.0000 
	 84.1330 	 1.717466e-04 	 115.4576 	  1.6445 	 1.078387e+19 	 1.839184e+17 	 5.583628e-06 	 2.112767e-06 	 -1000.0000 	 -1000.0000 	 -1000.0000 	 -1000.0000 
	 84.2410 	 1.687825e-04 	 115.3166 	  1.6545 	 1.061075e+19 	 1.820651e+17 	 5.611266e-06 	 2.138370e-06 	 -1000.0000 	 -1000.0000 	 -1000.0000 	 -1000.0000 
	 84.3490 	 1.658655e-04 	 115.1761 	  1.6647 	 1.044015e+19 	 1.802550e+17 	 5.638581e-06 	 2.164306e-06 	 -1000.0000 	 -1000.0000 	 -1000.0000 	 -1000.0000 
	 84.4570 	 1.629950e-04 	 115.0361 	  1.6751 	 1.027203e+19 	 1.784827e+17 	 5.665567e-06 	 2.190563e-06 	 -1000.0000 	 -1000.0000 	 -1000.0000 	 -1000.0000 
	 86.9700 	 1.080085e-04 	 112.2471 	  1.8137 	 6.973949e+18 	 1.353974e+17 	 6.182624e-06 	 2.864049e-06 	 -1000.0000 	 -1000.0000 	 -1000.0000 	 -1000.0000 
	 87.0780 	 1.060984e-04 	 112.1862 	  1.8122 	 6.854250e+18 	 1.331374e+17 	 6.198714e-06 	 2.894545e-06 	 -1000.0000 	 -1000.0000 	 -1000.0000 	 -1000.0000 
	 87.1850 	 1.042392e-04 	 112.1395 	  1.8106 	 6.736955e+18 	 1.308873e+17 	 6.213910e-06 	 2.924812e-06 	 -1000.0000 	 -1000.0000 	 -1000.0000 	 -1000.0000 
	 87.2920 	 1.024128e-04 	 112.1081 	  1.8090 	 6.620878e+18 	 1.286332e+17 	 6.228322e-06 	 2.955124e-06 	 -1000.0000 	 -1000.0000 	 -1000.0000 	 -1000.0000 
	 87.4000 	 1.006023e-04 	 112.0935 	  1.8074 	 6.504879e+18 	 1.263613e+17 	 6.242029e-06 	 2.985757e-06 	 -1000.0000 	 -1000.0000 	 -1000.0000 	 -1000.0000 
	 88.4400 	 8.478623e-05 	 113.0558 	  1.8151 	 5.438194e+18 	 1.057791e+17 	 6.323568e-06 	 3.280761e-06 	 -1000.0000 	 -1000.0000 	 -1000.0000 	 -1000.0000 
	 88.5480 	 8.330329e-05 	 113.2670 	  1.8183 	 5.333105e+18 	 1.038066e+17 	 6.326409e-06 	 3.311124e-06 	 -1000.0000 	 -1000.0000 	 -1000.0000 	 -1000.0000 
	 88.6550 	 8.186196e-05 	 113.4932 	  1.8217 	 5.230293e+18 	 1.018785e+17 	 6.328153e-06 	 3.341096e-06 	 -1000.0000 	 -1000.0000 	 -1000.0000 	 -1000.0000 
	 88.7620 	 8.044792e-05 	 113.7352 	  1.8252 	 5.128846e+18 	 9.997509e+16 	 6.328825e-06 	 3.370944e-06 	 -1000.0000 	 -1000.0000 	 -1000.0000 	 -1000.0000 
	 88.8700 	 7.904790e-05 	 113.9945 	  1.8289 	 5.027907e+18 	 9.807732e+16 	 6.328414e-06 	 3.400931e-06 	 -1000.0000 	 -1000.0000 	 -1000.0000 	 -1000.0000 
	 89.9130 	 6.684742e-05 	 117.0625 	  1.8569 	 4.139849e+18 	 8.072945e+16 	 6.268635e-06 	 3.680816e-06 	 -1000.0000 	 -1000.0000 	 -1000.0000 	 -1000.0000 
	 90.0200 	 6.572304e-05 	 117.4149 	  1.8577 	 4.058065e+18 	 7.904539e+16 	 6.257147e-06 	 3.708402e-06 	 -1000.0000 	 -1000.0000 	 -1000.0000 	 -1000.0000 
	 90.1270 	 6.462095e-05 	 117.7707 	  1.8579 	 3.978008e+18 	 7.738048e+16 	 6.244765e-06 	 3.735768e-06 	 -1000.0000 	 -1000.0000 	 -1000.0000 	 -1000.0000 
	 90.2340 	 6.354079e-05 	 118.1290 	  1.8574 	 3.899671e+18 	 7.573514e+16 	 6.231517e-06 	 3.762911e-06 	 -1000.0000 	 -1000.0000 	 -1000.0000 	 -1000.0000 
	 90.3410 	 6.248223e-05 	 118.4889 	  1.8561 	 3.823050e+18 	 7.410980e+16 	 6.217430e-06 	 3.789828e-06 	 -1000.0000 	 -1000.0000 	 -1000.0000 	 -1000.0000 
	 91.3760 	 5.328214e-05 	 121.9233 	  1.7988 	 3.167670e+18 	 5.953391e+16 	 6.043063e-06 	 4.037889e-06 	 -1000.0000 	 -1000.0000 	 -1000.0000 	 -1000.0000 
	 91.4820 	 5.243735e-05 	 122.2718 	  1.7899 	 3.108554e+18 	 5.817762e+16 	 6.021744e-06 	 4.061950e-06 	 -1000.0000 	 -1000.0000 	 -1000.0000 	 -1000.0000 
	 91.5890 	 5.160113e-05 	 122.6252 	  1.7807 	 3.050187e+18 	 5.683879e+16 	 5.999646e-06 	 4.085966e-06 	 -1000.0000 	 -1000.0000 	 -1000.0000 	 -1000.0000 
	 91.6960 	 5.078106e-05 	 122.9805 	  1.7717 	 2.993078e+18 	 5.553156e+16 	 5.976985e-06 	 4.109707e-06 	 -1000.0000 	 -1000.0000 	 -1000.0000 	 -1000.0000 
	 91.8030 	 4.997665e-05 	 123.3385 	  1.7629 	 2.937174e+18 	 5.425712e+16 	 5.953783e-06 	 4.133170e-06 	 -1000.0000 	 -1000.0000 	 -1000.0000 	 -1000.0000 
	 92.8490 	 4.284998e-05 	 127.0793 	  1.7085 	 2.444461e+18 	 4.366228e+16 	 5.703769e-06 	 4.348798e-06 	 -1000.0000 	 -1000.0000 	 -1000.0000 	 -1000.0000 
	 92.9550 	 4.219638e-05 	 127.4871 	  1.7057 	 2.399448e+18 	 4.275950e+16 	 5.676922e-06 	 4.369750e-06 	 -1000.0000 	 -1000.0000 	 -1000.0000 	 -1000.0000 
	 93.0610 	 4.155464e-05 	 127.9003 	  1.7032 	 2.355294e+18 	 4.188115e+16 	 5.649985e-06 	 4.390671e-06 	 -1000.0000 	 -1000.0000 	 -1000.0000 	 -1000.0000 
	 93.1680 	 4.091869e-05 	 128.3229 	  1.7006 	 2.311587e+18 	 4.101736e+16 	 5.622751e-06 	 4.411792e-06 	 -1000.0000 	 -1000.0000 	 -1000.0000 	 -1000.0000 
	 93.2740 	 4.030024e-05 	 128.7470 	  1.6980 	 2.269134e+18 	 4.018233e+16 	 5.595777e-06 	 4.432753e-06 	 -1000.0000 	 -1000.0000 	 -1000.0000 	 -1000.0000 
