	 height_(km) 	 press_(mbar) 	 temp_(K) 	 temperr_(K) 	 numdens_(m-3) 	 numdenserr_(m-3) 	 H2Ovmr_() 	 H2Ovmrerr_() 	 D/H_(VSMOW) 	 D/Herr_(VSMOW) 	 18O/16O_(VSMOW) 	 18O/16Oerr_(VSMOW) 
	  4.6910 	 2.745133e+00 	 171.0561 	  3.6179 	 1.163290e+23 	 2.481246e+21 	 1.440632e-05 	 2.256143e-06 	 -1000.0000 	 -1000.0000 	 -1000.0000 	 -1000.0000 
	  4.8370 	 2.701115e+00 	 172.3971 	  3.5218 	 1.135934e+23 	 2.336396e+21 	 1.614675e-05 	 2.207642e-06 	 -1000.0000 	 -1000.0000 	 -1000.0000 	 -1000.0000 
	  4.9840 	 2.657578e+00 	 173.6996 	  3.4124 	 1.109344e+23 	 2.192602e+21 	 1.806865e-05 	 2.410819e-06 	 -1000.0000 	 -1000.0000 	 -1000.0000 	 -1000.0000 
	  5.3780 	 2.544761e+00 	 176.9859 	  3.0696 	 1.042496e+23 	 1.820960e+21 	 2.408489e-05 	 2.921265e-06 	 -1000.0000 	 -1000.0000 	 -1000.0000 	 -1000.0000 
	  5.5240 	 2.504388e+00 	 178.1396 	  2.9290 	 1.019254e+23 	 1.689676e+21 	 2.662379e-05 	 3.085167e-06 	 -1000.0000 	 -1000.0000 	 -1000.0000 	 -1000.0000 
	  5.6710 	 2.464520e+00 	 179.2725 	  2.7826 	 9.966293e+22 	 1.561740e+21 	 2.932920e-05 	 3.228934e-06 	 -1000.0000 	 -1000.0000 	 -1000.0000 	 -1000.0000 
	  5.8170 	 2.425699e+00 	 180.3735 	  2.6339 	 9.748922e+22 	 1.439357e+21 	 3.214040e-05 	 3.345976e-06 	 -1000.0000 	 -1000.0000 	 -1000.0000 	 -1000.0000 
	  5.9640 	 2.387394e+00 	 181.4615 	  2.4827 	 9.537077e+22 	 1.321319e+21 	 3.506235e-05 	 3.433730e-06 	 -1000.0000 	 -1000.0000 	 -1000.0000 	 -1000.0000 
	  6.3710 	 2.285426e+00 	 184.4008 	  2.0695 	 8.984134e+22 	 1.025554e+21 	 4.322858e-05 	 3.496608e-06 	 -1000.0000 	 -1000.0000 	 -1000.0000 	 -1000.0000 
	  6.5170 	 2.250311e+00 	 185.4413 	  1.9281 	 8.796689e+22 	 9.319724e+20 	 4.599677e-05 	 3.453068e-06 	 -1000.0000 	 -1000.0000 	 -1000.0000 	 -1000.0000 
	  6.6630 	 2.215968e+00 	 186.4808 	  1.7930 	 8.614415e+22 	 8.457379e+20 	 4.855988e-05 	 3.378044e-06 	 -1000.0000 	 -1000.0000 	 -1000.0000 	 -1000.0000 
	  6.8090 	 2.182396e+00 	 187.5233 	  1.6658 	 8.436943e+22 	 7.672990e+20 	 5.083820e-05 	 3.276744e-06 	 -1000.0000 	 -1000.0000 	 -1000.0000 	 -1000.0000 
	  6.9560 	 2.149355e+00 	 188.5780 	  1.5468 	 8.262837e+22 	 6.962934e+20 	 5.278387e-05 	 3.155906e-06 	 -1000.0000 	 -1000.0000 	 -1000.0000 	 -1000.0000 
	  7.3610 	 2.061978e+00 	 191.5084 	  1.2718 	 7.805579e+22 	 5.395798e+20 	 5.614637e-05 	 2.796135e-06 	 -1000.0000 	 -1000.0000 	 -1000.0000 	 -1000.0000 
	  7.5070 	 2.031683e+00 	 192.5730 	  1.1939 	 7.648331e+22 	 4.961694e+20 	 5.665263e-05 	 2.680432e-06 	 -1000.0000 	 -1000.0000 	 -1000.0000 	 -1000.0000 
	  7.6530 	 2.001970e+00 	 193.6414 	  1.1281 	 7.494853e+22 	 4.592062e+20 	 5.683863e-05 	 2.848038e-06 	 -1000.0000 	 -1000.0000 	 -1000.0000 	 -1000.0000 
	  7.7990 	 1.972802e+00 	 194.7134 	  1.0753 	 7.344994e+22 	 4.283709e+20 	 5.677611e-05 	 3.066216e-06 	 -1000.0000 	 -1000.0000 	 -1000.0000 	 -1000.0000 
	  7.9460 	 1.943968e+00 	 195.7930 	  1.0344 	 7.197757e+22 	 4.029252e+20 	 5.655566e-05 	 3.284589e-06 	 -1000.0000 	 -1000.0000 	 -1000.0000 	 -1000.0000 
	  8.3410 	 1.869145e+00 	 198.6485 	  0.9711 	 6.821219e+22 	 3.559089e+20 	 5.597434e-05 	 3.756972e-06 	 -1000.0000 	 -1000.0000 	 -1000.0000 	 -1000.0000 
	  8.4870 	 1.842472e+00 	 199.6697 	  0.9593 	 6.689454e+22 	 3.440041e+20 	 5.604135e-05 	 3.836219e-06 	 -1000.0000 	 -1000.0000 	 -1000.0000 	 -1000.0000 
	  8.6330 	 1.816329e+00 	 200.6632 	  0.9509 	 6.561886e+22 	 3.337565e+20 	 5.638051e-05 	 3.863511e-06 	 -1000.0000 	 -1000.0000 	 -1000.0000 	 -1000.0000 
	  8.7790 	 1.790719e+00 	 201.6227 	  0.9441 	 6.438639e+22 	 3.243575e+20 	 5.703052e-05 	 3.869036e-06 	 -1000.0000 	 -1000.0000 	 -1000.0000 	 -1000.0000 
	  8.9260 	 1.765456e+00 	 202.5464 	  0.9377 	 6.318983e+22 	 3.153480e+20 	 5.800809e-05 	 3.890623e-06 	 -1000.0000 	 -1000.0000 	 -1000.0000 	 -1000.0000 
	  9.3240 	 1.699479e+00 	 204.7530 	  0.9232 	 6.017498e+22 	 2.933113e+20 	 6.208237e-05 	 4.078316e-06 	  4.1805 	  0.3466 	  1.0262 	  0.0928 
	  9.4700 	 1.676083e+00 	 205.4249 	  0.9188 	 5.915184e+22 	 2.861476e+20 	 6.397701e-05 	 4.166510e-06 	  4.2317 	  0.3473 	  1.0332 	  0.0935 
	  9.6160 	 1.653079e+00 	 206.0070 	  0.9150 	 5.817341e+22 	 2.795085e+20 	 6.600355e-05 	 4.257843e-06 	  4.2775 	  0.3475 	  1.0398 	  0.0938 
	  9.7610 	 1.630593e+00 	 206.4872 	  0.9116 	 5.724590e+22 	 2.734510e+20 	 6.808583e-05 	 4.349115e-06 	  4.3189 	  0.3472 	  1.0461 	  0.0936 
	  9.9070 	 1.608300e+00 	 206.8810 	  0.9087 	 5.635274e+22 	 2.678598e+20 	 7.019200e-05 	 4.432581e-06 	  4.3578 	  0.3464 	  1.0522 	  0.0929 
	 10.3040 	 1.549419e+00 	 207.7073 	  0.9033 	 5.407151e+22 	 2.546097e+20 	 7.552962e-05 	 4.624146e-06 	  4.4570 	  0.3442 	  1.0692 	  0.0902 
	 10.4500 	 1.528393e+00 	 208.0000 	  0.9021 	 5.326474e+22 	 2.502218e+20 	 7.719845e-05 	 4.714828e-06 	  4.4939 	  0.3455 	  1.0759 	  0.0902 
	 10.5960 	 1.507700e+00 	 208.3289 	  0.9014 	 5.246339e+22 	 2.459692e+20 	 7.864970e-05 	 4.825509e-06 	  4.5314 	  0.3486 	  1.0830 	  0.0912 
	 10.7410 	 1.487472e+00 	 208.7173 	  0.9011 	 5.166566e+22 	 2.418038e+20 	 7.986464e-05 	 4.947411e-06 	  4.5688 	  0.3529 	  1.0902 	  0.0930 
	 10.8870 	 1.467428e+00 	 209.1809 	  0.9014 	 5.085791e+22 	 2.376644e+20 	 8.085903e-05 	 5.066757e-06 	  4.6056 	  0.3578 	  1.0977 	  0.0954 
	 11.2880 	 1.413996e+00 	 210.7748 	  0.9083 	 4.863469e+22 	 2.271644e+20 	 8.242741e-05 	 5.233380e-06 	  4.6965 	  0.3672 	  1.1174 	  0.1022 
	 11.4330 	 1.395242e+00 	 211.4464 	  0.9139 	 4.783622e+22 	 2.238996e+20 	 8.258985e-05 	 5.186547e-06 	  4.7234 	  0.3666 	  1.1236 	  0.1037 
	 11.5780 	 1.376782e+00 	 212.1577 	  0.9217 	 4.704442e+22 	 2.210331e+20 	 8.253542e-05 	 5.066431e-06 	  4.7470 	  0.3631 	  1.1291 	  0.1043 
	 11.7230 	 1.358609e+00 	 212.9018 	  0.9321 	 4.626168e+22 	 2.186347e+20 	 8.225097e-05 	 4.880985e-06 	  4.7679 	  0.3573 	  1.1341 	  0.1038 
	 11.8690 	 1.340595e+00 	 213.6711 	  0.9448 	 4.548540e+22 	 2.166610e+20 	 8.172104e-05 	 4.649099e-06 	  4.7872 	  0.3500 	  1.1386 	  0.1023 
	 12.2780 	 1.291606e+00 	 215.7651 	  0.9842 	 4.340029e+22 	 2.121616e+20 	 7.906873e-05 	 4.145398e-06 	  4.8444 	  0.3400 	  1.1516 	  0.0982 
	 12.4230 	 1.274744e+00 	 216.4252 	  0.9963 	 4.270208e+22 	 2.104475e+20 	 7.780077e-05 	 4.162881e-06 	  4.8697 	  0.3467 	  1.1574 	  0.0989 
	 12.5680 	 1.258137e+00 	 217.0104 	  1.0060 	 4.203020e+22 	 2.084185e+20 	 7.643971e-05 	 4.302319e-06 	  4.8994 	  0.3602 	  1.1641 	  0.1013 
	 12.7130 	 1.241781e+00 	 217.5026 	  1.0120 	 4.138745e+22 	 2.059241e+20 	 7.506867e-05 	 4.524808e-06 	  4.9343 	  0.3790 	  1.1720 	  0.1054 
	 12.8590 	 1.225562e+00 	 217.9083 	  1.0144 	 4.076848e+22 	 2.029031e+20 	 7.377360e-05 	 4.804805e-06 	  4.9751 	  0.4022 	  1.1812 	  0.1106 
	 13.2480 	 1.183583e+00 	 218.7296 	  1.0047 	 3.922270e+22 	 1.927812e+20 	 7.128446e-05 	 5.590841e-06 	  5.1150 	  0.4712 	  1.2117 	  0.1263 
	 13.3930 	 1.168395e+00 	 219.0071 	  0.9963 	 3.867184e+22 	 1.883992e+20 	 7.088247e-05 	 5.791682e-06 	  5.1800 	  0.4916 	  1.2254 	  0.1300 
	 13.5380 	 1.153457e+00 	 219.3057 	  0.9858 	 3.812759e+22 	 1.837743e+20 	 7.082171e-05 	 5.932818e-06 	  5.2520 	  0.5075 	  1.2405 	  0.1315 
	 13.8290 	 1.124228e+00 	 220.0435 	  0.9603 	 3.704056e+22 	 1.740255e+20 	 7.162548e-05 	 6.220610e-06 	  5.4157 	  0.5364 	  1.2745 	  0.1322 
	 14.2310 	 1.085374e+00 	 221.2706 	  0.9250 	 3.556244e+22 	 1.609900e+20 	 7.383826e-05 	 6.970746e-06 	  5.6760 	  0.5972 	  1.3285 	  0.1441 
	 14.3760 	 1.071751e+00 	 221.7186 	  0.9152 	 3.504410e+22 	 1.568751e+20 	 7.456844e-05 	 7.290834e-06 	  5.7772 	  0.6243 	  1.3496 	  0.1501 
	 14.5210 	 1.058316e+00 	 222.1458 	  0.9084 	 3.453718e+22 	 1.532748e+20 	 7.507985e-05 	 7.567885e-06 	  5.8814 	  0.6507 	  1.3713 	  0.1560 
	 14.6660 	 1.045057e+00 	 222.5373 	  0.9054 	 3.404390e+22 	 1.503117e+20 	 7.528614e-05 	 7.739255e-06 	  5.9878 	  0.6725 	  1.3935 	  0.1609 
	 14.8100 	 1.032055e+00 	 222.8771 	  0.9060 	 3.356914e+22 	 1.479931e+20 	 7.514636e-05 	 7.756524e-06 	  6.0936 	  0.6860 	  1.4157 	  0.1638 
	 15.2110 	 9.966704e-01 	 223.4597 	  0.9175 	 3.233450e+22 	 1.436450e+20 	 7.304709e-05 	 7.081388e-06 	  6.3604 	  0.6785 	  1.4722 	  0.1619 
	 15.3560 	 9.841551e-01 	 223.5004 	  0.9220 	 3.192263e+22 	 1.424016e+20 	 7.184384e-05 	 6.788962e-06 	  6.4334 	  0.6720 	  1.4881 	  0.1604 
	 15.5010 	 9.717790e-01 	 223.4305 	  0.9249 	 3.153066e+22 	 1.411014e+20 	 7.053614e-05 	 6.536724e-06 	  6.4867 	  0.6671 	  1.5004 	  0.1594 
	 15.6460 	 9.595363e-01 	 223.2379 	  0.9251 	 3.115945e+22 	 1.396030e+20 	 6.923938e-05 	 6.312421e-06 	  6.5166 	  0.6617 	  1.5085 	  0.1583 
	 15.7900 	 9.475088e-01 	 222.9347 	  0.9225 	 3.080972e+22 	 1.378796e+20 	 6.808548e-05 	 6.095645e-06 	  6.5206 	  0.6530 	  1.5120 	  0.1565 
	 16.1910 	 9.147254e-01 	 221.7637 	  0.9070 	 2.989994e+22 	 1.323974e+20 	 6.660166e-05 	 5.294912e-06 	  6.4001 	  0.5855 	  1.4988 	  0.1423 
	 16.3360 	 9.031375e-01 	 221.3188 	  0.9007 	 2.958119e+22 	 1.303770e+20 	 6.703901e-05 	 4.823029e-06 	  6.3150 	  0.5367 	  1.4865 	  0.1318 
	 16.4810 	 8.916959e-01 	 220.9141 	  0.8954 	 2.926095e+22 	 1.284477e+20 	 6.814272e-05 	 4.251708e-06 	  6.2120 	  0.4782 	  1.4708 	  0.1190 
	 16.6260 	 8.804035e-01 	 220.5812 	  0.8917 	 2.893497e+22 	 1.266780e+20 	 6.993207e-05 	 3.680180e-06 	  6.0951 	  0.4213 	  1.4523 	  0.1065 
	 16.7700 	 8.693354e-01 	 220.3335 	  0.8901 	 2.860398e+22 	 1.250968e+20 	 7.233245e-05 	 3.249066e-06 	  5.9704 	  0.3772 	  1.4321 	  0.0969 
	 17.1740 	 8.390105e-01 	 219.9909 	  0.8925 	 2.764920e+22 	 1.212759e+20 	 8.100878e-05 	 3.306119e-06 	  5.6214 	  0.3441 	  1.3744 	  0.0876 
	 17.3190 	 8.283691e-01 	 219.9602 	  0.8947 	 2.730187e+22 	 1.200040e+20 	 8.409591e-05 	 3.645666e-06 	  5.5118 	  0.3379 	  1.3563 	  0.0882 
	 17.4630 	 8.179179e-01 	 219.9599 	  0.8969 	 2.695700e+22 	 1.187292e+20 	 8.672763e-05 	 4.083619e-06 	  5.4182 	  0.3429 	  1.3410 	  0.0901 
	 17.6080 	 8.075059e-01 	 219.9790 	  0.8987 	 2.661137e+22 	 1.173950e+20 	 8.873752e-05 	 4.426072e-06 	  5.3416 	  0.3484 	  1.3287 	  0.0916 
	 17.7520 	 7.972772e-01 	 220.0069 	  0.9000 	 2.627105e+22 	 1.160068e+20 	 9.000394e-05 	 4.587151e-06 	  5.2835 	  0.3485 	  1.3196 	  0.0918 
	 18.1440 	 7.700466e-01 	 220.0580 	  0.9006 	 2.536831e+22 	 1.119905e+20 	 9.021615e-05 	 4.396282e-06 	  5.2013 	  0.3340 	  1.3076 	  0.0885 
	 18.2890 	 7.602211e-01 	 220.0415 	  0.8997 	 2.504642e+22 	 1.104489e+20 	 8.949421e-05 	 4.241404e-06 	  5.1924 	  0.3283 	  1.3066 	  0.0871 
	 18.4330 	 7.506059e-01 	 219.9920 	  0.8982 	 2.473493e+22 	 1.089051e+20 	 8.860100e-05 	 4.094606e-06 	  5.1910 	  0.3238 	  1.3067 	  0.0860 
	 18.5780 	 7.410736e-01 	 219.9004 	  0.8960 	 2.443059e+22 	 1.073484e+20 	 8.768026e-05 	 3.993342e-06 	  5.1936 	  0.3215 	  1.3069 	  0.0853 
	 18.7220 	 7.317539e-01 	 219.7688 	  0.8933 	 2.413737e+22 	 1.058111e+20 	 8.685909e-05 	 3.969005e-06 	  5.1972 	  0.3223 	  1.3066 	  0.0854 
	 19.1240 	 7.064172e-01 	 219.2840 	  0.8847 	 2.335282e+22 	 1.016502e+20 	 8.544134e-05 	 4.254268e-06 	  5.1957 	  0.3377 	  1.2993 	  0.0886 
	 19.2690 	 6.974899e-01 	 219.1026 	  0.8819 	 2.307709e+22 	 1.002278e+20 	 8.527088e-05 	 4.400466e-06 	  5.1869 	  0.3442 	  1.2934 	  0.0899 
	 19.4130 	 6.887170e-01 	 218.9379 	  0.8797 	 2.280442e+22 	 9.887258e+19 	 8.525276e-05 	 4.507066e-06 	  5.1733 	  0.3482 	  1.2858 	  0.0906 
	 19.5580 	 6.799656e-01 	 218.7991 	  0.8782 	 2.252940e+22 	 9.757604e+19 	 8.533690e-05 	 4.563853e-06 	  5.1557 	  0.3495 	  1.2770 	  0.0906 
	 19.7020 	 6.713531e-01 	 218.6895 	  0.8777 	 2.225555e+22 	 9.636601e+19 	 8.546841e-05 	 4.566652e-06 	  5.1364 	  0.3481 	  1.2677 	  0.0899 
	 20.0970 	 6.481653e-01 	 218.4652 	  0.8816 	 2.150903e+22 	 9.352214e+19 	 8.581642e-05 	 4.386213e-06 	  5.0855 	  0.3364 	  1.2430 	  0.0863 
	 20.2410 	 6.398848e-01 	 218.3854 	  0.8852 	 2.124175e+22 	 9.268720e+19 	 8.588893e-05 	 4.305493e-06 	  5.0709 	  0.3321 	  1.2355 	  0.0851 
	 20.3860 	 6.316473e-01 	 218.2923 	  0.8901 	 2.097695e+22 	 9.197085e+19 	 8.591882e-05 	 4.234902e-06 	  5.0599 	  0.3286 	  1.2293 	  0.0840 
	 20.5300 	 6.235710e-01 	 218.1784 	  0.8963 	 2.071934e+22 	 9.139144e+19 	 8.591077e-05 	 4.168532e-06 	  5.0530 	  0.3257 	  1.2248 	  0.0832 
	 21.0770 	 5.938280e-01 	 217.4751 	  0.9212 	 1.979503e+22 	 8.954477e+19 	 8.570907e-05 	 3.869325e-06 	  5.0598 	  0.3149 	  1.2230 	  0.0804 
	 21.2210 	 5.862318e-01 	 217.2065 	  0.9239 	 1.956602e+22 	 8.882485e+19 	 8.564004e-05 	 3.783312e-06 	  5.0699 	  0.3121 	  1.2271 	  0.0798 
	 21.3660 	 5.786759e-01 	 216.8959 	  0.9232 	 1.934146e+22 	 8.786264e+19 	 8.556908e-05 	 3.698974e-06 	  5.0831 	  0.3095 	  1.2332 	  0.0794 
	 21.5100 	 5.712618e-01 	 216.5452 	  0.9183 	 1.912444e+22 	 8.660309e+19 	 8.549042e-05 	 3.625134e-06 	  5.0983 	  0.3074 	  1.2409 	  0.0791 
	 21.6540 	 5.639356e-01 	 216.1565 	  0.9092 	 1.891293e+22 	 8.504843e+19 	 8.538608e-05 	 3.565794e-06 	  5.1149 	  0.3060 	  1.2501 	  0.0790 
	 22.0510 	 5.441933e-01 	 214.9774 	  0.8726 	 1.835070e+22 	 7.995662e+19 	 8.478104e-05 	 3.480361e-06 	  5.1597 	  0.3056 	  1.2791 	  0.0797 
	 22.1940 	 5.372460e-01 	 214.5466 	  0.8587 	 1.815294e+22 	 7.809909e+19 	 8.438337e-05 	 3.470303e-06 	  5.1723 	  0.3065 	  1.2893 	  0.0803 
	 22.3380 	 5.303380e-01 	 214.1270 	  0.8462 	 1.795484e+22 	 7.635848e+19 	 8.386431e-05 	 3.466138e-06 	  5.1819 	  0.3079 	  1.2986 	  0.0809 
	 22.4820 	 5.235180e-01 	 213.7323 	  0.8364 	 1.775690e+22 	 7.483565e+19 	 8.322951e-05 	 3.451052e-06 	  5.1883 	  0.3090 	  1.3064 	  0.0815 
	 22.6250 	 5.168302e-01 	 213.3683 	  0.8297 	 1.756013e+22 	 7.356483e+19 	 8.250444e-05 	 3.417332e-06 	  5.1911 	  0.3094 	  1.3125 	  0.0818 
	 23.0210 	 4.987109e-01 	 212.4695 	  0.8231 	 1.701625e+22 	 7.100504e+19 	 8.028778e-05 	 3.207970e-06 	  5.1789 	  0.3056 	  1.3197 	  0.0812 
	 23.1640 	 4.922981e-01 	 212.1710 	  0.8238 	 1.682098e+22 	 7.031532e+19 	 7.952373e-05 	 3.091839e-06 	  5.1673 	  0.3023 	  1.3190 	  0.0805 
	 23.3080 	 4.859025e-01 	 211.8771 	  0.8253 	 1.662535e+22 	 6.968658e+19 	 7.882784e-05 	 3.028164e-06 	  5.1516 	  0.3010 	  1.3168 	  0.0802 
	 23.4520 	 4.795645e-01 	 211.5854 	  0.8272 	 1.643099e+22 	 6.908636e+19 	 7.822815e-05 	 3.026159e-06 	  5.1319 	  0.3021 	  1.3134 	  0.0805 
	 23.5950 	 4.733264e-01 	 211.2957 	  0.8292 	 1.623943e+22 	 6.849807e+19 	 7.774064e-05 	 3.028676e-06 	  5.1088 	  0.3031 	  1.3090 	  0.0807 
	 24.0010 	 4.559550e-01 	 210.4757 	  0.8357 	 1.570440e+22 	 6.687047e+19 	 7.690118e-05 	 3.056618e-06 	  5.0328 	  0.3054 	  1.2948 	  0.0814 
	 24.1440 	 4.499688e-01 	 210.1892 	  0.8383 	 1.551938e+22 	 6.631463e+19 	 7.675914e-05 	 3.071825e-06 	  5.0055 	  0.3060 	  1.2902 	  0.0816 
	 24.2880 	 4.440171e-01 	 209.9026 	  0.8409 	 1.533506e+22 	 6.576536e+19 	 7.667844e-05 	 3.118258e-06 	  4.9793 	  0.3080 	  1.2862 	  0.0822 
	 24.4320 	 4.381462e-01 	 209.6184 	  0.8437 	 1.515281e+22 	 6.522723e+19 	 7.665577e-05 	 3.314464e-06 	  4.9551 	  0.3162 	  1.2828 	  0.0844 
	 24.5750 	 4.323965e-01 	 209.3399 	  0.8465 	 1.497385e+22 	 6.470157e+19 	 7.668867e-05 	 3.489402e-06 	  4.9336 	  0.3236 	  1.2803 	  0.0864 
	 24.9640 	 4.171417e-01 	 208.6156 	  0.8542 	 1.449569e+22 	 6.327626e+19 	 7.712803e-05 	 3.767878e-06 	  4.8869 	  0.3342 	  1.2762 	  0.0894 
	 25.1070 	 4.116683e-01 	 208.3672 	  0.8568 	 1.432254e+22 	 6.273934e+19 	 7.746180e-05 	 3.798181e-06 	  4.8729 	  0.3344 	  1.2753 	  0.0896 
	 25.2500 	 4.062630e-01 	 208.1314 	  0.8592 	 1.415051e+22 	 6.218757e+19 	 7.790606e-05 	 3.797476e-06 	  4.8601 	  0.3329 	  1.2744 	  0.0893 
	 25.3940 	 4.008862e-01 	 207.9086 	  0.8614 	 1.397821e+22 	 6.161197e+19 	 7.846722e-05 	 3.781963e-06 	  4.8483 	  0.3305 	  1.2735 	  0.0887 
	 25.5370 	 3.956107e-01 	 207.7026 	  0.8633 	 1.380795e+22 	 6.101967e+19 	 7.913323e-05 	 3.769478e-06 	  4.8373 	  0.3280 	  1.2726 	  0.0882 
	 25.9440 	 3.809333e-01 	 207.1911 	  0.8678 	 1.332848e+22 	 5.926013e+19 	 8.149270e-05 	 3.809225e-06 	  4.8111 	  0.3232 	  1.2694 	  0.0870 
	 26.0870 	 3.758913e-01 	 207.0347 	  0.8692 	 1.316199e+22 	 5.863034e+19 	 8.242265e-05 	 3.850241e-06 	  4.8046 	  0.3227 	  1.2681 	  0.0869 
	 26.2300 	 3.709073e-01 	 206.8888 	  0.8708 	 1.299662e+22 	 5.800197e+19 	 8.337681e-05 	 3.905835e-06 	  4.7997 	  0.3227 	  1.2667 	  0.0868 
	 26.3740 	 3.659458e-01 	 206.7517 	  0.8724 	 1.283129e+22 	 5.737519e+19 	 8.435095e-05 	 3.975931e-06 	  4.7963 	  0.3233 	  1.2652 	  0.0869 
	 26.5170 	 3.610758e-01 	 206.6246 	  0.8741 	 1.266837e+22 	 5.675994e+19 	 8.533142e-05 	 4.058611e-06 	  4.7944 	  0.3273 	  1.2637 	  0.0871 
	 26.9070 	 3.480951e-01 	 206.3225 	  0.8790 	 1.223092e+22 	 5.510321e+19 	 8.815474e-05 	 4.378066e-06 	  4.7967 	  0.3504 	  1.2596 	  0.0885 
	 27.0500 	 3.434501e-01 	 206.2276 	  0.8807 	 1.207325e+22 	 5.449772e+19 	 8.929006e-05 	 4.545131e-06 	  4.8005 	  0.3582 	  1.2582 	  0.0895 
	 27.1930 	 3.388689e-01 	 206.1410 	  0.8824 	 1.191717e+22 	 5.389018e+19 	 9.050501e-05 	 4.742547e-06 	  4.8063 	  0.3649 	  1.2571 	  0.0907 
	 27.3360 	 3.343529e-01 	 206.0626 	  0.8839 	 1.176272e+22 	 5.327863e+19 	 9.181813e-05 	 4.968091e-06 	  4.8140 	  0.3699 	  1.2560 	  0.0921 
	 27.4790 	 3.299024e-01 	 205.9945 	  0.8853 	 1.160984e+22 	 5.266213e+19 	 9.324115e-05 	 5.225556e-06 	  4.8238 	  0.3731 	  1.2550 	  0.0937 
	 27.8800 	 3.177596e-01 	 205.9026 	  0.8888 	 1.118730e+22 	 5.090945e+19 	 9.779410e-05 	 6.048469e-06 	  4.8602 	  0.3776 	  1.2522 	  0.0987 
	 28.0230 	 3.135454e-01 	 205.9208 	  0.8901 	 1.103802e+22 	 5.027693e+19 	 9.956923e-05 	 6.298035e-06 	  4.8758 	  0.3835 	  1.2513 	  0.0998 
	 28.1650 	 3.094189e-01 	 205.9737 	  0.8914 	 1.089010e+22 	 4.964546e+19 	 1.013697e-04 	 6.474236e-06 	  4.8927 	  0.3865 	  1.2507 	  0.1003 
	 28.3080 	 3.053204e-01 	 206.0669 	  0.8929 	 1.074121e+22 	 4.900651e+19 	 1.031799e-04 	 6.558368e-06 	  4.9115 	  0.3860 	  1.2506 	  0.0998 
	 28.4500 	 3.013060e-01 	 206.1971 	  0.8945 	 1.059350e+22 	 4.837039e+19 	 1.049289e-04 	 6.531536e-06 	  4.9322 	  0.3817 	  1.2514 	  0.0984 
	 28.8570 	 2.900931e-01 	 206.6787 	  0.8995 	 1.017565e+22 	 4.656219e+19 	 1.093855e-04 	 5.891922e-06 	  5.0032 	  0.3524 	  1.2595 	  0.0904 
	 29.0000 	 2.862520e-01 	 206.8499 	  0.9013 	 1.003247e+22 	 4.594082e+19 	 1.107026e-04 	 5.569753e-06 	  5.0302 	  0.3403 	  1.2642 	  0.0873 
	 29.1430 	 2.824600e-01 	 207.0032 	  0.9029 	 9.892049e+21 	 4.533121e+19 	 1.118763e-04 	 5.254431e-06 	  5.0566 	  0.3292 	  1.2695 	  0.0845 
	 29.2860 	 2.787155e-01 	 207.1272 	  0.9045 	 9.754935e+21 	 4.473610e+19 	 1.129105e-04 	 4.969927e-06 	  5.0808 	  0.3198 	  1.2751 	  0.0822 
	 29.4290 	 2.750179e-01 	 207.2149 	  0.9059 	 9.621403e+21 	 4.415720e+19 	 1.138170e-04 	 4.734947e-06 	  5.1012 	  0.3123 	  1.2806 	  0.0803 
	 29.8200 	 2.651497e-01 	 207.2500 	  0.9090 	 9.274695e+21 	 4.266239e+19 	 1.157386e-04 	 4.408414e-06 	  5.1280 	  0.3142 	  1.2913 	  0.0779 
	 29.9630 	 2.616299e-01 	 207.1812 	  0.9100 	 9.154647e+21 	 4.214975e+19 	 1.162550e-04 	 4.411205e-06 	  5.1253 	  0.3241 	  1.2928 	  0.0778 
	 30.1050 	 2.581824e-01 	 207.0662 	  0.9108 	 9.039029e+21 	 4.165970e+19 	 1.166706e-04 	 4.431345e-06 	  5.1160 	  0.3337 	  1.2927 	  0.0779 
	 30.2480 	 2.547590e-01 	 206.9012 	  0.9114 	 8.926211e+21 	 4.118592e+19 	 1.169905e-04 	 4.509358e-06 	  5.1005 	  0.3437 	  1.2910 	  0.0783 
	 30.3900 	 2.514069e-01 	 206.6928 	  0.9120 	 8.817516e+21 	 4.073381e+19 	 1.172080e-04 	 4.620089e-06 	  5.0796 	  0.3535 	  1.2878 	  0.0789 
	 30.7900 	 2.422041e-01 	 205.9710 	  0.9134 	 8.524380e+21 	 3.952979e+19 	 1.172351e-04 	 5.039168e-06 	  5.0004 	  0.3766 	  1.2743 	  0.0815 
	 30.9330 	 2.389947e-01 	 205.7023 	  0.9139 	 8.422499e+21 	 3.911371e+19 	 1.170154e-04 	 5.197651e-06 	  4.9684 	  0.3818 	  1.2693 	  0.0827 
	 31.0750 	 2.358472e-01 	 205.4496 	  0.9145 	 8.321935e+21 	 3.870253e+19 	 1.166792e-04 	 5.344950e-06 	  4.9364 	  0.3849 	  1.2648 	  0.0838 
	 31.2180 	 2.327156e-01 	 205.2214 	  0.9152 	 8.220711e+21 	 3.828714e+19 	 1.162324e-04 	 5.471307e-06 	  4.9050 	  0.3859 	  1.2611 	  0.0850 
	 31.3600 	 2.296426e-01 	 205.0242 	  0.9160 	 8.120079e+21 	 3.787335e+19 	 1.156985e-04 	 5.563231e-06 	  4.8754 	  0.3847 	  1.2585 	  0.0860 
	 31.7540 	 2.213082e-01 	 204.5792 	  0.9194 	 7.842443e+21 	 3.674833e+19 	 1.139770e-04 	 5.630175e-06 	  4.8078 	  0.3719 	  1.2579 	  0.0878 
	 31.8960 	 2.183735e-01 	 204.4364 	  0.9211 	 7.743776e+21 	 3.636228e+19 	 1.133767e-04 	 5.624207e-06 	  4.7891 	  0.3658 	  1.2599 	  0.0884 
	 32.0380 	 2.154754e-01 	 204.2928 	  0.9232 	 7.646285e+21 	 3.599239e+19 	 1.128392e-04 	 5.622685e-06 	  4.7735 	  0.3598 	  1.2631 	  0.0890 
	 32.1800 	 2.126138e-01 	 204.1420 	  0.9258 	 7.550241e+21 	 3.564224e+19 	 1.123970e-04 	 5.630708e-06 	  4.7608 	  0.3538 	  1.2673 	  0.0897 
	 32.3220 	 2.097885e-01 	 203.9799 	  0.9286 	 7.455800e+21 	 3.531155e+19 	 1.120807e-04 	 5.649929e-06 	  4.7507 	  0.3479 	  1.2722 	  0.0905 
	 32.7240 	 2.019820e-01 	 203.4455 	  0.9373 	 7.197232e+21 	 3.443646e+19 	 1.121132e-04 	 5.727228e-06 	  4.7316 	  0.3416 	  1.2865 	  0.0923 
	 32.8660 	 1.992904e-01 	 203.2256 	  0.9401 	 7.109022e+21 	 3.413265e+19 	 1.125292e-04 	 5.732166e-06 	  4.7267 	  0.3411 	  1.2903 	  0.0924 
	 33.0080 	 1.966323e-01 	 202.9870 	  0.9424 	 7.022454e+21 	 3.382313e+19 	 1.131932e-04 	 5.716401e-06 	  4.7218 	  0.3396 	  1.2928 	  0.0921 
	 33.1500 	 1.940072e-01 	 202.7284 	  0.9441 	 6.937533e+21 	 3.350268e+19 	 1.141128e-04 	 5.705109e-06 	  4.7166 	  0.3376 	  1.2938 	  0.0917 
	 33.2920 	 1.914143e-01 	 202.4506 	  0.9452 	 6.854188e+21 	 3.316892e+19 	 1.152832e-04 	 5.727097e-06 	  4.7110 	  0.3361 	  1.2932 	  0.0913 
	 33.6970 	 1.841887e-01 	 201.5885 	  0.9453 	 6.623651e+21 	 3.215690e+19 	 1.198106e-04 	 6.114803e-06 	  4.6931 	  0.3386 	  1.2838 	  0.0915 
	 33.8390 	 1.817121e-01 	 201.2747 	  0.9445 	 6.544796e+21 	 3.178610e+19 	 1.217137e-04 	 6.392341e-06 	  4.6875 	  0.3427 	  1.2787 	  0.0924 
	 33.9800 	 1.792807e-01 	 200.9637 	  0.9434 	 6.467234e+21 	 3.141233e+19 	 1.237010e-04 	 6.750864e-06 	  4.6830 	  0.3489 	  1.2732 	  0.0938 
	 34.1220 	 1.768593e-01 	 200.6553 	  0.9422 	 6.389698e+21 	 3.103192e+19 	 1.257642e-04 	 7.179178e-06 	  4.6795 	  0.3570 	  1.2673 	  0.0957 
	 34.2630 	 1.744816e-01 	 200.3569 	  0.9408 	 6.313172e+21 	 3.065204e+19 	 1.278448e-04 	 7.650649e-06 	  4.6767 	  0.3661 	  1.2611 	  0.0978 
	 34.7990 	 1.656863e-01 	 199.3270 	  0.9359 	 6.025884e+21 	 2.922433e+19 	 1.355497e-04 	 9.414824e-06 	  4.6655 	  0.3997 	  1.2363 	  0.1052 
	 34.9400 	 1.634372e-01 	 199.0925 	  0.9352 	 5.951107e+21 	 2.886250e+19 	 1.373910e-04 	 9.743456e-06 	  4.6592 	  0.4046 	  1.2295 	  0.1061 
	 35.0820 	 1.611995e-01 	 198.8752 	  0.9348 	 5.876072e+21 	 2.850783e+19 	 1.390813e-04 	 1.000416e-05 	  4.6502 	  0.4078 	  1.2226 	  0.1066 
	 35.2230 	 1.590053e-01 	 198.6778 	  0.9349 	 5.801877e+21 	 2.816658e+19 	 1.405096e-04 	 1.020507e-05 	  4.6383 	  0.4096 	  1.2159 	  0.1067 
	 35.6270 	 1.528775e-01 	 198.1825 	  0.9372 	 5.592251e+21 	 2.725090e+19 	 1.422125e-04 	 1.043973e-05 	  4.5860 	  0.4096 	  1.1975 	  0.1062 
	 35.7690 	 1.507824e-01 	 198.0218 	  0.9386 	 5.520061e+21 	 2.695143e+19 	 1.415975e-04 	 1.037511e-05 	  4.5604 	  0.4078 	  1.1916 	  0.1057 
	 35.9100 	 1.487335e-01 	 197.8634 	  0.9404 	 5.449378e+21 	 2.666586e+19 	 1.401999e-04 	 1.021764e-05 	  4.5308 	  0.4050 	  1.1861 	  0.1050 
	 36.0520 	 1.467025e-01 	 197.7014 	  0.9423 	 5.379336e+21 	 2.639035e+19 	 1.379551e-04 	 9.927449e-06 	  4.4969 	  0.4003 	  1.1811 	  0.1040 
	 36.1930 	 1.447174e-01 	 197.5371 	  0.9446 	 5.310932e+21 	 2.613000e+19 	 1.349180e-04 	 9.499441e-06 	  4.4592 	  0.3935 	  1.1766 	  0.1025 
	 36.5800 	 1.394123e-01 	 197.0809 	  0.9538 	 5.128077e+21 	 2.550120e+19 	 1.233039e-04 	 7.907006e-06 	  4.3378 	  0.3792 	  1.1670 	  0.0973 
	 36.7210 	 1.375252e-01 	 196.9175 	  0.9587 	 5.062877e+21 	 2.531001e+19 	 1.182845e-04 	 7.309623e-06 	  4.2897 	  0.3801 	  1.1646 	  0.0957 
	 36.8630 	 1.356458e-01 	 196.7568 	  0.9647 	 4.997788e+21 	 2.514152e+19 	 1.130406e-04 	 6.758219e-06 	  4.2406 	  0.3824 	  1.1626 	  0.0945 
	 37.0040 	 1.337984e-01 	 196.6027 	  0.9719 	 4.933605e+21 	 2.500026e+19 	 1.078004e-04 	 6.265722e-06 	  4.1922 	  0.3852 	  1.1611 	  0.0938 
	 37.1450 	 1.319689e-01 	 196.4544 	  0.9803 	 4.869834e+21 	 2.488269e+19 	 1.026633e-04 	 5.825786e-06 	  4.1451 	  0.3878 	  1.1600 	  0.0934 
	 37.5500 	 1.268246e-01 	 196.0480 	  1.0068 	 4.689706e+21 	 2.460043e+19 	 8.940901e-05 	 4.842179e-06 	  4.0235 	  0.3920 	  1.1589 	  0.0936 
	 37.6910 	 1.250762e-01 	 195.9086 	  1.0156 	 4.628334e+21 	 2.449410e+19 	 8.555128e-05 	 4.594288e-06 	  3.9870 	  0.3935 	  1.1591 	  0.0940 
	 37.8330 	 1.233397e-01 	 195.7670 	  1.0235 	 4.567372e+21 	 2.436848e+19 	 8.212843e-05 	 4.379821e-06 	  3.9538 	  0.3946 	  1.1595 	  0.0945 
	 37.9740 	 1.216409e-01 	 195.6235 	  1.0300 	 4.507767e+21 	 2.421673e+19 	 7.919635e-05 	 4.205756e-06 	  3.9246 	  0.3952 	  1.1603 	  0.0952 
	 38.1150 	 1.199677e-01 	 195.4750 	  1.0350 	 4.449147e+21 	 2.403443e+19 	 7.672007e-05 	 4.074801e-06 	  3.8991 	  0.3946 	  1.1613 	  0.0959 
	 38.5130 	 1.153744e-01 	 195.0004 	  1.0412 	 4.289221e+21 	 2.337782e+19 	 7.193733e-05 	 3.902140e-06 	  3.8452 	  0.3887 	  1.1652 	  0.0987 
	 38.6540 	 1.137898e-01 	 194.8025 	  1.0408 	 4.234602e+21 	 2.310372e+19 	 7.091708e-05 	 3.890093e-06 	  3.8323 	  0.3882 	  1.1669 	  0.0998 
	 38.7950 	 1.122259e-01 	 194.5837 	  1.0393 	 4.181090e+21 	 2.281252e+19 	 7.020222e-05 	 3.893573e-06 	  3.8219 	  0.3891 	  1.1687 	  0.1008 
	 38.9360 	 1.106816e-01 	 194.3407 	  1.0366 	 4.128709e+21 	 2.250715e+19 	 6.976407e-05 	 3.912235e-06 	  3.8135 	  0.3917 	  1.1705 	  0.1017 
	 39.0770 	 1.091561e-01 	 194.0707 	  1.0329 	 4.077474e+21 	 2.219189e+19 	 6.814594e-05 	 3.405982e-06 	  3.8063 	  0.3957 	  1.1721 	  0.1026 
	 39.4730 	 1.049669e-01 	 193.1466 	  1.0201 	 3.939763e+21 	 2.130463e+19 	 6.848791e-05 	 3.499432e-06 	  3.7871 	  0.4123 	  1.1752 	  0.1047 
	 39.7550 	 1.020633e-01 	 192.3167 	  1.0112 	 3.847306e+21 	 2.072710e+19 	 6.955376e-05 	 3.604935e-06 	  3.7690 	  0.4239 	  1.1754 	  0.1057 
	 39.8960 	 1.006346e-01 	 191.8411 	  1.0077 	 3.802841e+21 	 2.047265e+19 	 7.029663e-05 	 3.667142e-06 	  3.7574 	  0.4290 	  1.1747 	  0.1061 
	 40.0370 	 9.922079e-02 	 191.3245 	  1.0050 	 3.759523e+21 	 2.024480e+19 	 7.115942e-05 	 3.734781e-06 	  3.7440 	  0.4336 	  1.1736 	  0.1064 
	 40.4370 	 9.529190e-02 	 189.6688 	  1.0006 	 3.642168e+21 	 1.971016e+19 	 7.412360e-05 	 3.967363e-06 	  3.6950 	  0.4439 	  1.1682 	  0.1071 
	 40.5770 	 9.394583e-02 	 189.0348 	  0.9997 	 3.602775e+21 	 1.954981e+19 	 7.529043e-05 	 4.070968e-06 	  3.6738 	  0.4465 	  1.1654 	  0.1075 
	 40.7180 	 9.260559e-02 	 188.3740 	  0.9989 	 3.563849e+21 	 1.939593e+19 	 7.650089e-05 	 4.189755e-06 	  3.6505 	  0.4490 	  1.1622 	  0.1081 
	 40.8580 	 9.129032e-02 	 187.6994 	  0.9980 	 3.525863e+21 	 1.924688e+19 	 7.771645e-05 	 4.322029e-06 	  3.6262 	  0.4514 	  1.1586 	  0.1089 
	 40.9980 	 8.999052e-02 	 187.0102 	  0.9971 	 3.488468e+21 	 1.910086e+19 	 7.892568e-05 	 4.466828e-06 	  3.6015 	  0.4541 	  1.1546 	  0.1099 
	 41.3930 	 8.640673e-02 	 185.0145 	  0.9962 	 3.385657e+21 	 1.873114e+19 	 8.216455e-05 	 4.895758e-06 	  3.5405 	  0.4628 	  1.1442 	  0.1138 
	 41.5340 	 8.515733e-02 	 184.2941 	  0.9972 	 3.349747e+21 	 1.862393e+19 	 8.321987e-05 	 5.037341e-06 	  3.5261 	  0.4663 	  1.1416 	  0.1154 
	 41.6750 	 8.392364e-02 	 183.5747 	  0.9992 	 3.314160e+21 	 1.853483e+19 	 8.421651e-05 	 5.162906e-06 	  3.5174 	  0.4700 	  1.1399 	  0.1168 
	 41.8160 	 8.270567e-02 	 182.8598 	  1.0025 	 3.278841e+21 	 1.846691e+19 	 8.516152e-05 	 5.265068e-06 	  3.5153 	  0.4735 	  1.1395 	  0.1180 
	 41.9570 	 8.150287e-02 	 182.1510 	  1.0070 	 3.243737e+21 	 1.841892e+19 	 8.605655e-05 	 5.340766e-06 	  3.5200 	  0.4769 	  1.1403 	  0.1188 
	 42.3570 	 7.816213e-02 	 180.1709 	  1.0228 	 3.144971e+21 	 1.832944e+19 	 8.823641e-05 	 5.458109e-06 	  3.5657 	  0.4886 	  1.1483 	  0.1201 
	 42.4970 	 7.701388e-02 	 179.4873 	  1.0281 	 3.110565e+21 	 1.829215e+19 	 8.884696e-05 	 5.485724e-06 	  3.5905 	  0.4948 	  1.1528 	  0.1206 
	 42.7780 	 7.473461e-02 	 178.1277 	  1.0362 	 3.041532e+21 	 1.816602e+19 	 8.985373e-05 	 5.545219e-06 	  3.6478 	  0.5118 	  1.1635 	  0.1222 
	 42.9180 	 7.361039e-02 	 177.4552 	  1.0383 	 3.007128e+21 	 1.806811e+19 	 9.030140e-05 	 5.572620e-06 	  3.6771 	  0.5223 	  1.1694 	  0.1230 
	 43.3200 	 7.043881e-02 	 175.5266 	  1.0388 	 2.909182e+21 	 1.768920e+19 	 9.178497e-05 	 5.595890e-06 	  3.7477 	  0.5573 	  1.1858 	  0.1236 
	 43.4600 	 6.935927e-02 	 174.8507 	  1.0376 	 2.875673e+21 	 1.753676e+19 	 9.248670e-05 	 5.564745e-06 	  3.7636 	  0.5702 	  1.1909 	  0.1225 
	 43.6000 	 6.829540e-02 	 174.1701 	  1.0361 	 2.842633e+21 	 1.738074e+19 	 9.334015e-05 	 5.501767e-06 	  3.7728 	  0.5827 	  1.1953 	  0.1204 
	 43.7400 	 6.724881e-02 	 173.4833 	  1.0344 	 2.810156e+21 	 1.722545e+19 	 9.435796e-05 	 5.406904e-06 	  3.7748 	  0.5949 	  1.1989 	  0.1174 
	 43.8800 	 6.621966e-02 	 172.7911 	  1.0327 	 2.778235e+21 	 1.707427e+19 	 9.553306e-05 	 5.278956e-06 	  3.7694 	  0.6071 	  1.2016 	  0.1137 
	 44.2700 	 6.343162e-02 	 170.8670 	  1.0303 	 2.691235e+21 	 1.669512e+19 	 9.944326e-05 	 4.681907e-06 	  3.7162 	  0.6443 	  1.2040 	  0.1005 
	 44.4100 	 6.245427e-02 	 170.1893 	  1.0309 	 2.660321e+21 	 1.658127e+19 	 1.010076e-04 	 4.349176e-06 	  3.6843 	  0.6609 	  1.2027 	  0.0951 
	 44.5500 	 6.148677e-02 	 169.5246 	  1.0327 	 2.629376e+21 	 1.648297e+19 	 1.025698e-04 	 3.958321e-06 	  3.6467 	  0.6798 	  1.2004 	  0.0901 
	 44.6900 	 6.052754e-02 	 168.8768 	  1.0358 	 2.598279e+21 	 1.640263e+19 	 1.039796e-04 	 3.558877e-06 	  3.6048 	  0.7014 	  1.1971 	  0.0860 
	 44.8300 	 5.957602e-02 	 168.2487 	  1.0406 	 2.566969e+21 	 1.634367e+19 	 1.048951e-04 	 3.341956e-06 	  3.5606 	  0.7260 	  1.1934 	  0.0841 
	 45.2330 	 5.688849e-02 	 166.5640 	  1.0683 	 2.475947e+21 	 1.633862e+19 	 1.039773e-04 	 3.209445e-06 	  3.4408 	  0.8032 	  1.1856 	  0.0844 
	 45.3730 	 5.597592e-02 	 166.0260 	  1.0841 	 2.444131e+21 	 1.641001e+19 	 1.021148e-04 	 3.194105e-06 	  3.4089 	  0.8314 	  1.1858 	  0.0857 
	 45.5120 	 5.508224e-02 	 165.5180 	  1.1037 	 2.412503e+21 	 1.652634e+19 	 9.901147e-05 	 3.390411e-06 	  3.3851 	  0.8631 	  1.1884 	  0.0892 
	 45.6520 	 5.419557e-02 	 165.0343 	  1.1279 	 2.380642e+21 	 1.669395e+19 	 9.494601e-05 	 3.553499e-06 	  3.3707 	  0.8991 	  1.1939 	  0.0937 
	 45.7920 	 5.332274e-02 	 164.5785 	  1.1561 	 2.348804e+21 	 1.690665e+19 	 9.013909e-05 	 3.621136e-06 	  3.3667 	  0.9403 	  1.2026 	  0.0986 
	 46.1830 	 5.095506e-02 	 163.4423 	  1.2450 	 2.260132e+21 	 1.758936e+19 	 7.460630e-05 	 3.378338e-06 	 -1000.0000 	 -1000.0000 	 -1000.0000 	 -1000.0000 
	 46.3230 	 5.013110e-02 	 163.0800 	  1.2763 	 2.228516e+21 	 1.781057e+19 	 6.889548e-05 	 3.191485e-06 	 -1000.0000 	 -1000.0000 	 -1000.0000 	 -1000.0000 
	 46.4620 	 4.932478e-02 	 162.7413 	  1.3050 	 2.197219e+21 	 1.798944e+19 	 6.340897e-05 	 2.982217e-06 	 -1000.0000 	 -1000.0000 	 -1000.0000 	 -1000.0000 
	 46.7420 	 4.773465e-02 	 162.1178 	  1.3507 	 2.134511e+21 	 1.816362e+19 	 5.336166e-05 	 2.547681e-06 	 -1000.0000 	 -1000.0000 	 -1000.0000 	 -1000.0000 
	 47.1430 	 4.553585e-02 	 161.3696 	  1.3860 	 2.045559e+21 	 1.796773e+19 	 4.166714e-05 	 2.018423e-06 	 -1000.0000 	 -1000.0000 	 -1000.0000 	 -1000.0000 
	 47.2830 	 4.479008e-02 	 161.1528 	  1.3905 	 2.014750e+21 	 1.779040e+19 	 3.832506e-05 	 1.884589e-06 	 -1000.0000 	 -1000.0000 	 -1000.0000 	 -1000.0000 
	 47.4220 	 4.406090e-02 	 160.9621 	  1.3913 	 1.984292e+21 	 1.756489e+19 	 3.537998e-05 	 1.781704e-06 	 -1000.0000 	 -1000.0000 	 -1000.0000 	 -1000.0000 
	 47.5620 	 4.333785e-02 	 160.7959 	  1.3884 	 1.953748e+21 	 1.729189e+19 	 3.277787e-05 	 1.707363e-06 	 -1000.0000 	 -1000.0000 	 -1000.0000 	 -1000.0000 
	 47.7020 	 4.262625e-02 	 160.6568 	  1.3822 	 1.923342e+21 	 1.697681e+19 	 3.052711e-05 	 1.654579e-06 	 -1000.0000 	 -1000.0000 	 -1000.0000 	 -1000.0000 
	 49.0370 	 3.641660e-02 	 160.9112 	  1.1916 	 1.640643e+21 	 1.267191e+19 	 2.233944e-05 	 1.511962e-06 	 -1000.0000 	 -1000.0000 	 -1000.0000 	 -1000.0000 
	 49.1760 	 3.582682e-02 	 161.1257 	  1.1671 	 1.611922e+21 	 1.220134e+19 	 2.263408e-05 	 1.544032e-06 	 -1000.0000 	 -1000.0000 	 -1000.0000 	 -1000.0000 
	 49.3150 	 3.524639e-02 	 161.3803 	  1.1444 	 1.583311e+21 	 1.175451e+19 	 2.316366e-05 	 1.592399e-06 	 -1000.0000 	 -1000.0000 	 -1000.0000 	 -1000.0000 
	 49.4540 	 3.467489e-02 	 161.6760 	  1.1245 	 1.554801e+21 	 1.133907e+19 	 2.393591e-05 	 1.664695e-06 	 -1000.0000 	 -1000.0000 	 -1000.0000 	 -1000.0000 
	 49.5930 	 3.411221e-02 	 162.0116 	  1.1075 	 1.526417e+21 	 1.095789e+19 	 2.494760e-05 	 1.759167e-06 	 -1000.0000 	 -1000.0000 	 -1000.0000 	 -1000.0000 
	 49.9970 	 3.252944e-02 	 163.1644 	  1.0702 	 1.445308e+21 	 1.000425e+19 	 2.887178e-05 	 2.093506e-06 	 -1000.0000 	 -1000.0000 	 -1000.0000 	 -1000.0000 
	 50.1360 	 3.200395e-02 	 163.6050 	  1.0598 	 1.418118e+21 	 9.714237e+18 	 3.035711e-05 	 2.210106e-06 	 -1000.0000 	 -1000.0000 	 -1000.0000 	 -1000.0000 
	 50.2750 	 3.148873e-02 	 164.0592 	  1.0498 	 1.391417e+21 	 9.436069e+18 	 3.179133e-05 	 2.312835e-06 	 -1000.0000 	 -1000.0000 	 -1000.0000 	 -1000.0000 
	 50.4140 	 3.098406e-02 	 164.5215 	  1.0396 	 1.365280e+21 	 9.165188e+18 	 3.310118e-05 	 2.389740e-06 	 -1000.0000 	 -1000.0000 	 -1000.0000 	 -1000.0000 
	 50.5530 	 3.048987e-02 	 164.9851 	  1.0292 	 1.339758e+21 	 8.900631e+18 	 3.422580e-05 	 2.437622e-06 	 -1000.0000 	 -1000.0000 	 -1000.0000 	 -1000.0000 
	 50.9400 	 2.916500e-02 	 166.2075 	  1.0030 	 1.272166e+21 	 8.223385e+18 	 3.614092e-05 	 2.456522e-06 	 -1000.0000 	 -1000.0000 	 -1000.0000 	 -1000.0000 
	 51.0790 	 2.870595e-02 	 166.5953 	  0.9962 	 1.249213e+21 	 8.011180e+18 	 3.637482e-05 	 2.434756e-06 	 -1000.0000 	 -1000.0000 	 -1000.0000 	 -1000.0000 
	 51.2170 	 2.825820e-02 	 166.9394 	  0.9916 	 1.227158e+21 	 7.821816e+18 	 3.637743e-05 	 2.404556e-06 	 -1000.0000 	 -1000.0000 	 -1000.0000 	 -1000.0000 
	 51.3560 	 2.781476e-02 	 167.2361 	  0.9895 	 1.205708e+21 	 7.655713e+18 	 3.616084e-05 	 2.368056e-06 	 -1000.0000 	 -1000.0000 	 -1000.0000 	 -1000.0000 
	 51.4950 	 2.737851e-02 	 167.4775 	  0.9903 	 1.185030e+21 	 7.515055e+18 	 3.573940e-05 	 2.326217e-06 	 -1000.0000 	 -1000.0000 	 -1000.0000 	 -1000.0000 
	 51.9000 	 2.614673e-02 	 167.8689 	  1.0036 	 1.128936e+21 	 7.220094e+18 	 3.356678e-05 	 2.168619e-06 	 -1000.0000 	 -1000.0000 	 -1000.0000 	 -1000.0000 
	 52.0390 	 2.573690e-02 	 167.8985 	  1.0104 	 1.111020e+21 	 7.147266e+18 	 3.258287e-05 	 2.101187e-06 	 -1000.0000 	 -1000.0000 	 -1000.0000 	 -1000.0000 
	 52.1770 	 2.533626e-02 	 167.8760 	  1.0174 	 1.093863e+21 	 7.083762e+18 	 3.153542e-05 	 2.027663e-06 	 -1000.0000 	 -1000.0000 	 -1000.0000 	 -1000.0000 
	 52.3160 	 2.493884e-02 	 167.8019 	  1.0242 	 1.077186e+21 	 7.025243e+18 	 3.044180e-05 	 1.948311e-06 	 -1000.0000 	 -1000.0000 	 -1000.0000 	 -1000.0000 
	 52.4550 	 2.454738e-02 	 167.6769 	  1.0303 	 1.061090e+21 	 6.968760e+18 	 2.934140e-05 	 1.865691e-06 	 -1000.0000 	 -1000.0000 	 -1000.0000 	 -1000.0000 
	 53.7630 	 2.112405e-02 	 164.2162 	  0.9741 	 9.325338e+20 	 6.015045e+18 	 2.197600e-05 	 1.324397e-06 	 -1000.0000 	 -1000.0000 	 -1000.0000 	 -1000.0000 
	 53.9010 	 2.078751e-02 	 163.6793 	  0.9601 	 9.206846e+20 	 5.881942e+18 	 2.164387e-05 	 1.296059e-06 	 -1000.0000 	 -1000.0000 	 -1000.0000 	 -1000.0000 
	 54.0400 	 2.045287e-02 	 163.1295 	  0.9480 	 9.089159e+20 	 5.759714e+18 	 2.138969e-05 	 1.267299e-06 	 -1000.0000 	 -1000.0000 	 -1000.0000 	 -1000.0000 
	 54.1780 	 2.012485e-02 	 162.5819 	  0.9391 	 8.973527e+20 	 5.655883e+18 	 2.120057e-05 	 1.242598e-06 	 -1000.0000 	 -1000.0000 	 -1000.0000 	 -1000.0000 
	 54.3170 	 1.979865e-02 	 162.0324 	  0.9336 	 8.858029e+20 	 5.570685e+18 	 2.104929e-05 	 1.225168e-06 	 -1000.0000 	 -1000.0000 	 -1000.0000 	 -1000.0000 
	 54.7130 	 1.889258e-02 	 160.4749 	  0.9302 	 8.534704e+20 	 5.399663e+18 	 2.054731e-05 	 1.208048e-06 	 -1000.0000 	 -1000.0000 	 -1000.0000 	 -1000.0000 
	 54.8510 	 1.858498e-02 	 159.9330 	  0.9310 	 8.424183e+20 	 5.352095e+18 	 2.024669e-05 	 1.205537e-06 	 -1000.0000 	 -1000.0000 	 -1000.0000 	 -1000.0000 
	 54.9900 	 1.827945e-02 	 159.3868 	  0.9314 	 8.314072e+20 	 5.303725e+18 	 1.983004e-05 	 1.200414e-06 	 -1000.0000 	 -1000.0000 	 -1000.0000 	 -1000.0000 
	 55.1280 	 1.798041e-02 	 158.8435 	  0.9309 	 8.206004e+20 	 5.251196e+18 	 1.928339e-05 	 1.188141e-06 	 -1000.0000 	 -1000.0000 	 -1000.0000 	 -1000.0000 
	 55.2670 	 1.768351e-02 	 158.2961 	  0.9290 	 8.098378e+20 	 5.192356e+18 	 1.860025e-05 	 1.165241e-06 	 -1000.0000 	 -1000.0000 	 -1000.0000 	 -1000.0000 
	 55.6560 	 1.687486e-02 	 156.7861 	  0.9211 	 7.802459e+20 	 5.013204e+18 	 1.619042e-05 	 1.055197e-06 	 -1000.0000 	 -1000.0000 	 -1000.0000 	 -1000.0000 
	 55.7940 	 1.659563e-02 	 156.2663 	  0.9188 	 7.698895e+20 	 4.950978e+18 	 1.522945e-05 	 1.008713e-06 	 -1000.0000 	 -1000.0000 	 -1000.0000 	 -1000.0000 
	 55.9320 	 1.632027e-02 	 155.7592 	  0.9174 	 7.595834e+20 	 4.892826e+18 	 1.424989e-05 	 9.621637e-07 	 -1000.0000 	 -1000.0000 	 -1000.0000 	 -1000.0000 
	 56.0700 	 1.604872e-02 	 155.2675 	  0.9175 	 7.493130e+20 	 4.840827e+18 	 1.328105e-05 	 9.166197e-07 	 -1000.0000 	 -1000.0000 	 -1000.0000 	 -1000.0000 
	 56.2080 	 1.578089e-02 	 154.7930 	  0.9193 	 7.390679e+20 	 4.795690e+18 	 1.234778e-05 	 8.726881e-07 	 -1000.0000 	 -1000.0000 	 -1000.0000 	 -1000.0000 
	 56.7470 	 1.476904e-02 	 153.1188 	  0.9359 	 6.992415e+20 	 4.655878e+18 	 9.255604e-06 	 7.207725e-07 	 -1000.0000 	 -1000.0000 	 -1000.0000 	 -1000.0000 
	 56.8850 	 1.451837e-02 	 152.7393 	  0.9410 	 6.890807e+20 	 4.621458e+18 	 8.638347e-06 	 6.879836e-07 	 -1000.0000 	 -1000.0000 	 -1000.0000 	 -1000.0000 
	 57.0220 	 1.427276e-02 	 152.3836 	  0.9457 	 6.790033e+20 	 4.584659e+18 	 8.099168e-06 	 6.587085e-07 	 -1000.0000 	 -1000.0000 	 -1000.0000 	 -1000.0000 
	 57.1600 	 1.402865e-02 	 152.0469 	  0.9500 	 6.688666e+20 	 4.544207e+18 	 7.624183e-06 	 6.329512e-07 	 -1000.0000 	 -1000.0000 	 -1000.0000 	 -1000.0000 
	 57.5500 	 1.335786e-02 	 151.2092 	  0.9598 	 6.404097e+20 	 4.414842e+18 	 6.581714e-06 	 5.789255e-07 	 -1000.0000 	 -1000.0000 	 -1000.0000 	 -1000.0000 
	 57.6870 	 1.312937e-02 	 150.9537 	  0.9626 	 6.305209e+20 	 4.365418e+18 	 6.302507e-06 	 5.650533e-07 	 -1000.0000 	 -1000.0000 	 -1000.0000 	 -1000.0000 
	 57.8250 	 1.290321e-02 	 150.7163 	  0.9652 	 6.206379e+20 	 4.314221e+18 	 6.057690e-06 	 5.530074e-07 	 -1000.0000 	 -1000.0000 	 -1000.0000 	 -1000.0000 
	 57.9620 	 1.268279e-02 	 150.4999 	  0.9675 	 6.109170e+20 	 4.262409e+18 	 5.844167e-06 	 5.426316e-07 	 -1000.0000 	 -1000.0000 	 -1000.0000 	 -1000.0000 
	 58.1000 	 1.246492e-02 	 150.3005 	  0.9697 	 6.012247e+20 	 4.209511e+18 	 5.653574e-06 	 5.335092e-07 	 -1000.0000 	 -1000.0000 	 -1000.0000 	 -1000.0000 
	 58.5000 	 1.185528e-02 	 149.8096 	  0.9752 	 5.737021e+20 	 4.052875e+18 	 5.215617e-06 	 5.131176e-07 	 -1000.0000 	 -1000.0000 	 -1000.0000 	 -1000.0000 
	 58.6370 	 1.165333e-02 	 149.6649 	  0.9768 	 5.644721e+20 	 3.998306e+18 	 5.097171e-06 	 5.078581e-07 	 -1000.0000 	 -1000.0000 	 -1000.0000 	 -1000.0000 
	 58.7750 	 1.145311e-02 	 149.5281 	  0.9783 	 5.552766e+20 	 3.942972e+18 	 4.990835e-06 	 5.032934e-07 	 -1000.0000 	 -1000.0000 	 -1000.0000 	 -1000.0000 
	 58.9120 	 1.125735e-02 	 149.3991 	  0.9797 	 5.462492e+20 	 3.887737e+18 	 4.896906e-06 	 4.993722e-07 	 -1000.0000 	 -1000.0000 	 -1000.0000 	 -1000.0000 
	 59.0500 	 1.106306e-02 	 149.2760 	  0.9810 	 5.372558e+20 	 3.831694e+18 	 4.814002e-06 	 4.960280e-07 	 -1000.0000 	 -1000.0000 	 -1000.0000 	 -1000.0000 
	 59.4530 	 1.051239e-02 	 148.9863 	  0.9823 	 5.114959e+20 	 3.662036e+18 	 4.652092e-06 	 4.919651e-07 	 -1000.0000 	 -1000.0000 	 -1000.0000 	 -1000.0000 
	 59.7270 	 1.015232e-02 	 148.8813 	  0.9798 	 4.943363e+20 	 3.537686e+18 	 4.624348e-06 	 4.965787e-07 	 -1000.0000 	 -1000.0000 	 -1000.0000 	 -1000.0000 
	 59.8640 	 9.976663e-03 	 148.8665 	  0.9771 	 4.858421e+20 	 3.471618e+18 	 4.639843e-06 	 5.018823e-07 	 -1000.0000 	 -1000.0000 	 -1000.0000 	 -1000.0000 
	 60.0010 	 9.803937e-03 	 148.8773 	  0.9735 	 4.774062e+20 	 3.403248e+18 	 4.676013e-06 	 5.093883e-07 	 -1000.0000 	 -1000.0000 	 -1000.0000 	 -1000.0000 
	 60.3930 	 9.325768e-03 	 148.9989 	  0.9628 	 4.537583e+20 	 3.208359e+18 	 4.894141e-06 	 5.418157e-07 	 -1000.0000 	 -1000.0000 	 -1000.0000 	 -1000.0000 
	 60.5300 	 9.164223e-03 	 149.0546 	  0.9606 	 4.457249e+20 	 3.145343e+18 	 5.011214e-06 	 5.564299e-07 	 -1000.0000 	 -1000.0000 	 -1000.0000 	 -1000.0000 
	 60.6670 	 9.005541e-03 	 149.1076 	  0.9601 	 4.378428e+20 	 3.087474e+18 	 5.149847e-06 	 5.724656e-07 	 -1000.0000 	 -1000.0000 	 -1000.0000 	 -1000.0000 
	 60.8040 	 8.849709e-03 	 149.1520 	  0.9618 	 4.301308e+20 	 3.036284e+18 	 5.309933e-06 	 5.897700e-07 	 -1000.0000 	 -1000.0000 	 -1000.0000 	 -1000.0000 
	 60.9410 	 8.696694e-03 	 149.1835 	  0.9658 	 4.226004e+20 	 2.992380e+18 	 5.491181e-06 	 6.082233e-07 	 -1000.0000 	 -1000.0000 	 -1000.0000 	 -1000.0000 
	 61.3430 	 8.263370e-03 	 149.1889 	  0.9879 	 4.015307e+20 	 2.896841e+18 	 6.140375e-06 	 6.684412e-07 	 -1000.0000 	 -1000.0000 	 -1000.0000 	 -1000.0000 
	 61.4800 	 8.120827e-03 	 149.1571 	  0.9976 	 3.946912e+20 	 2.872374e+18 	 6.399750e-06 	 6.908687e-07 	 -1000.0000 	 -1000.0000 	 -1000.0000 	 -1000.0000 
	 61.7540 	 7.843185e-03 	 149.0351 	  1.0176 	 3.815153e+20 	 2.829814e+18 	 6.973009e-06 	 7.382921e-07 	 -1000.0000 	 -1000.0000 	 -1000.0000 	 -1000.0000 
	 61.8910 	 7.707957e-03 	 148.9423 	  1.0271 	 3.751734e+20 	 2.809711e+18 	 7.285654e-06 	 7.631533e-07 	 -1000.0000 	 -1000.0000 	 -1000.0000 	 -1000.0000 
	 63.2160 	 6.509796e-03 	 146.7731 	  1.0266 	 3.215199e+20 	 2.466663e+18 	 1.094456e-05 	 1.016111e-06 	 -1000.0000 	 -1000.0000 	 -1000.0000 	 -1000.0000 
	 63.3530 	 6.395983e-03 	 146.4509 	  1.0174 	 3.165967e+20 	 2.415360e+18 	 1.130186e-05 	 1.037615e-06 	 -1000.0000 	 -1000.0000 	 -1000.0000 	 -1000.0000 
	 63.4900 	 6.283833e-03 	 146.1286 	  1.0085 	 3.117361e+20 	 2.365133e+18 	 1.162400e-05 	 1.056327e-06 	 -1000.0000 	 -1000.0000 	 -1000.0000 	 -1000.0000 
	 63.6260 	 6.174091e-03 	 145.8140 	  1.0005 	 3.069574e+20 	 2.317665e+18 	 1.189965e-05 	 1.071571e-06 	 -1000.0000 	 -1000.0000 	 -1000.0000 	 -1000.0000 
	 63.7630 	 6.065113e-03 	 145.5053 	  0.9937 	 3.021827e+20 	 2.272990e+18 	 1.212541e-05 	 1.083184e-06 	 -1000.0000 	 -1000.0000 	 -1000.0000 	 -1000.0000 
	 64.1660 	 5.753846e-03 	 144.6231 	  0.9791 	 2.884240e+20 	 2.156736e+18 	 1.245147e-05 	 1.095124e-06 	 -1000.0000 	 -1000.0000 	 -1000.0000 	 -1000.0000 
	 64.3030 	 5.651256e-03 	 144.3240 	  0.9755 	 2.838664e+20 	 2.121115e+18 	 1.243644e-05 	 1.091584e-06 	 -1000.0000 	 -1000.0000 	 -1000.0000 	 -1000.0000 
	 64.4400 	 5.550334e-03 	 144.0212 	  0.9721 	 2.793810e+20 	 2.086835e+18 	 1.235232e-05 	 1.084190e-06 	 -1000.0000 	 -1000.0000 	 -1000.0000 	 -1000.0000 
	 64.5760 	 5.451818e-03 	 143.7144 	  0.9690 	 2.750065e+20 	 2.053758e+18 	 1.219738e-05 	 1.073060e-06 	 -1000.0000 	 -1000.0000 	 -1000.0000 	 -1000.0000 
	 64.7130 	 5.354259e-03 	 143.3969 	  0.9660 	 2.706832e+20 	 2.021349e+18 	 1.196892e-05 	 1.058094e-06 	 -1000.0000 	 -1000.0000 	 -1000.0000 	 -1000.0000 
	 65.1090 	 5.081464e-03 	 142.4128 	  0.9611 	 2.586688e+20 	 1.937229e+18 	 1.093875e-05 	 9.948703e-07 	 -1000.0000 	 -1000.0000 	 -1000.0000 	 -1000.0000 
	 65.2460 	 4.990166e-03 	 142.0430 	  0.9617 	 2.546827e+20 	 1.913043e+18 	 1.046989e-05 	 9.666052e-07 	 -1000.0000 	 -1000.0000 	 -1000.0000 	 -1000.0000 
	 65.3820 	 4.901047e-03 	 141.6578 	  0.9640 	 2.508142e+20 	 1.892351e+18 	 9.955961e-06 	 9.356161e-07 	 -1000.0000 	 -1000.0000 	 -1000.0000 	 -1000.0000 
	 65.5180 	 4.813402e-03 	 141.2526 	  0.9683 	 2.470348e+20 	 1.875451e+18 	 9.400720e-06 	 9.019496e-07 	 -1000.0000 	 -1000.0000 	 -1000.0000 	 -1000.0000 
	 65.6550 	 4.726556e-03 	 140.8243 	  0.9746 	 2.433146e+20 	 1.862292e+18 	 8.810432e-06 	 8.657640e-07 	 -1000.0000 	 -1000.0000 	 -1000.0000 	 -1000.0000 
	 66.0430 	 4.487844e-03 	 139.5256 	  1.0011 	 2.331763e+20 	 1.840785e+18 	 7.092541e-06 	 7.569186e-07 	 -1000.0000 	 -1000.0000 	 -1000.0000 	 -1000.0000 
	 66.1790 	 4.406492e-03 	 139.0493 	  1.0124 	 2.297344e+20 	 1.836831e+18 	 6.515065e-06 	 7.186275e-07 	 -1000.0000 	 -1000.0000 	 -1000.0000 	 -1000.0000 
	 66.3140 	 4.326819e-03 	 138.5701 	  1.0243 	 2.263612e+20 	 1.833760e+18 	 5.974342e-06 	 6.815315e-07 	 -1000.0000 	 -1000.0000 	 -1000.0000 	 -1000.0000 
	 66.4500 	 4.247577e-03 	 138.0838 	  1.0365 	 2.229980e+20 	 1.830913e+18 	 5.474235e-06 	 6.456072e-07 	 -1000.0000 	 -1000.0000 	 -1000.0000 	 -1000.0000 
	 66.9890 	 3.943533e-03 	 136.2139 	  1.0851 	 2.098765e+20 	 1.815604e+18 	 3.984380e-06 	 5.245854e-07 	 -1000.0000 	 -1000.0000 	 -1000.0000 	 -1000.0000 
	 67.1260 	 3.868950e-03 	 135.7818 	  1.0973 	 2.065635e+20 	 1.809765e+18 	 3.721214e-06 	 5.007690e-07 	 -1000.0000 	 -1000.0000 	 -1000.0000 	 -1000.0000 
	 67.2620 	 3.796057e-03 	 135.3816 	  1.1093 	 2.032714e+20 	 1.802829e+18 	 3.501842e-06 	 4.804833e-07 	 -1000.0000 	 -1000.0000 	 -1000.0000 	 -1000.0000 
	 67.3980 	 3.724334e-03 	 135.0160 	  1.1211 	 1.999699e+20 	 1.794574e+18 	 3.321439e-06 	 4.638135e-07 	 -1000.0000 	 -1000.0000 	 -1000.0000 	 -1000.0000 
	 67.5350 	 3.653300e-03 	 134.6880 	  1.1327 	 1.966305e+20 	 1.784681e+18 	 3.176572e-06 	 4.508031e-07 	 -1000.0000 	 -1000.0000 	 -1000.0000 	 -1000.0000 
	 67.9230 	 3.459032e-03 	 134.0263 	  1.1617 	 1.870883e+20 	 1.745176e+18 	 2.952119e-06 	 4.338894e-07 	 -1000.0000 	 -1000.0000 	 -1000.0000 	 -1000.0000 
	 68.0590 	 3.393453e-03 	 133.9040 	  1.1697 	 1.837108e+20 	 1.726288e+18 	 2.934589e-06 	 4.347386e-07 	 -1000.0000 	 -1000.0000 	 -1000.0000 	 -1000.0000 
	 68.1940 	 3.329700e-03 	 133.8473 	  1.1761 	 1.803395e+20 	 1.704427e+18 	 2.947088e-06 	 4.390215e-07 	 -1000.0000 	 -1000.0000 	 -1000.0000 	 -1000.0000 
	 68.3300 	 3.266857e-03 	 133.8604 	  1.1808 	 1.769235e+20 	 1.678948e+18 	 2.988925e-06 	 4.468151e-07 	 -1000.0000 	 -1000.0000 	 -1000.0000 	 -1000.0000 
	 68.4660 	 3.205400e-03 	 133.9448 	  1.1836 	 1.734904e+20 	 1.649981e+18 	 3.060956e-06 	 4.582394e-07 	 -1000.0000 	 -1000.0000 	 -1000.0000 	 -1000.0000 
	 68.8630 	 3.033363e-03 	 134.5425 	  1.1825 	 1.634522e+20 	 1.549821e+18 	 3.481599e-06 	 5.155233e-07 	 -1000.0000 	 -1000.0000 	 -1000.0000 	 -1000.0000 
	 68.9990 	 2.976751e-03 	 134.8469 	  1.1794 	 1.600364e+20 	 1.511738e+18 	 3.713000e-06 	 5.446201e-07 	 -1000.0000 	 -1000.0000 	 -1000.0000 	 -1000.0000 
	 69.1340 	 2.921626e-03 	 135.1890 	  1.1752 	 1.566719e+20 	 1.472823e+18 	 3.526865e-06 	 5.659822e-07 	 -1000.0000 	 -1000.0000 	 -1000.0000 	 -1000.0000 
	 69.2700 	 2.867109e-03 	 135.5675 	  1.1700 	 1.533176e+20 	 1.432985e+18 	 3.840166e-06 	 6.055954e-07 	 -1000.0000 	 -1000.0000 	 -1000.0000 	 -1000.0000 
	 69.4060 	 2.813582e-03 	 135.9734 	  1.1639 	 1.500073e+20 	 1.392907e+18 	 4.210347e-06 	 6.511568e-07 	 -1000.0000 	 -1000.0000 	 -1000.0000 	 -1000.0000 
	 69.8060 	 2.662089e-03 	 137.2627 	  1.1416 	 1.406006e+20 	 1.275873e+18 	 5.634390e-06 	 8.122133e-07 	 -1000.0000 	 -1000.0000 	 -1000.0000 	 -1000.0000 
	 69.9410 	 2.613041e-03 	 137.7084 	  1.1326 	 1.375621e+20 	 1.237381e+18 	 6.229370e-06 	 8.730439e-07 	 -1000.0000 	 -1000.0000 	 -1000.0000 	 -1000.0000 
	 70.0770 	 2.564733e-03 	 138.1519 	  1.1230 	 1.345837e+20 	 1.199486e+18 	 6.887841e-06 	 9.362818e-07 	 -1000.0000 	 -1000.0000 	 -1000.0000 	 -1000.0000 
	 70.2120 	 2.517898e-03 	 138.5801 	  1.1128 	 1.317167e+20 	 1.162968e+18 	 7.600377e-06 	 1.000192e-06 	 -1000.0000 	 -1000.0000 	 -1000.0000 	 -1000.0000 
	 70.3480 	 2.471833e-03 	 138.9941 	  1.1022 	 1.289218e+20 	 1.127536e+18 	 8.370079e-06 	 1.065086e-06 	 -1000.0000 	 -1000.0000 	 -1000.0000 	 -1000.0000 
	 70.7360 	 2.346029e-03 	 140.0521 	  1.0753 	 1.214386e+20 	 1.036530e+18 	 1.069017e-05 	 1.249533e-06 	 -1000.0000 	 -1000.0000 	 -1000.0000 	 -1000.0000 
	 70.8710 	 2.304017e-03 	 140.3681 	  1.0690 	 1.189955e+20 	 1.009268e+18 	 1.148286e-05 	 1.312287e-06 	 -1000.0000 	 -1000.0000 	 -1000.0000 	 -1000.0000 
	 71.0070 	 2.262512e-03 	 140.6543 	  1.0651 	 1.166132e+20 	 9.845736e+17 	 1.224371e-05 	 1.374144e-06 	 -1000.0000 	 -1000.0000 	 -1000.0000 	 -1000.0000 
	 71.1420 	 2.222063e-03 	 140.9037 	  1.0644 	 1.143235e+20 	 9.630953e+17 	 1.294323e-05 	 1.433818e-06 	 -1000.0000 	 -1000.0000 	 -1000.0000 	 -1000.0000 
	 71.2780 	 2.182029e-03 	 141.1181 	  1.0670 	 1.120898e+20 	 9.445673e+17 	 1.358075e-05 	 1.491822e-06 	 -1000.0000 	 -1000.0000 	 -1000.0000 	 -1000.0000 
	 71.6760 	 2.068904e-03 	 141.5392 	  1.0892 	 1.059525e+20 	 9.049730e+17 	 1.507507e-05 	 1.646028e-06 	 -1000.0000 	 -1000.0000 	 -1000.0000 	 -1000.0000 
	 71.8110 	 2.031876e-03 	 141.6144 	  1.1000 	 1.039988e+20 	 8.953071e+17 	 1.546384e-05 	 1.691939e-06 	 -1000.0000 	 -1000.0000 	 -1000.0000 	 -1000.0000 
	 71.9470 	 1.995248e-03 	 141.6565 	  1.1118 	 1.020927e+20 	 8.868894e+17 	 1.579890e-05 	 1.734334e-06 	 -1000.0000 	 -1000.0000 	 -1000.0000 	 -1000.0000 
	 72.0820 	 1.959554e-03 	 141.6657 	  1.1239 	 1.002598e+20 	 8.794770e+17 	 1.607768e-05 	 1.772239e-06 	 -1000.0000 	 -1000.0000 	 -1000.0000 	 -1000.0000 
	 72.2180 	 1.924256e-03 	 141.6429 	  1.1359 	 9.847091e+19 	 8.725899e+17 	 1.630669e-05 	 1.805863e-06 	 -1000.0000 	 -1000.0000 	 -1000.0000 	 -1000.0000 
	 73.5320 	 1.615581e-03 	 139.9861 	  1.1605 	 8.366381e+19 	 7.722318e+17 	 1.643582e-05 	 1.851268e-06 	 -1000.0000 	 -1000.0000 	 -1000.0000 	 -1000.0000 
	 73.6670 	 1.586797e-03 	 139.7426 	  1.1553 	 8.231666e+19 	 7.581089e+17 	 1.636454e-05 	 1.838720e-06 	 -1000.0000 	 -1000.0000 	 -1000.0000 	 -1000.0000 
	 73.8020 	 1.558436e-03 	 139.5116 	  1.1516 	 8.098002e+19 	 7.447065e+17 	 1.631799e-05 	 1.828941e-06 	 -1000.0000 	 -1000.0000 	 -1000.0000 	 -1000.0000 
	 73.9370 	 1.530464e-03 	 139.3006 	  1.1501 	 7.964777e+19 	 7.325020e+17 	 1.630771e-05 	 1.823743e-06 	 -1000.0000 	 -1000.0000 	 -1000.0000 	 -1000.0000 
	 74.0710 	 1.503067e-03 	 139.1158 	  1.1514 	 7.832639e+19 	 7.217859e+17 	 1.633839e-05 	 1.824052e-06 	 -1000.0000 	 -1000.0000 	 -1000.0000 	 -1000.0000 
	 74.4720 	 1.423475e-03 	 138.7108 	  1.1664 	 7.439555e+19 	 6.952982e+17 	 1.660316e-05 	 1.850791e-06 	 -1000.0000 	 -1000.0000 	 -1000.0000 	 -1000.0000 
	 74.7420 	 1.372135e-03 	 138.5607 	  1.1805 	 7.178955e+19 	 6.790931e+17 	 1.684862e-05 	 1.882762e-06 	 -1000.0000 	 -1000.0000 	 -1000.0000 	 -1000.0000 
	 74.8770 	 1.347213e-03 	 138.5219 	  1.1871 	 7.050513e+19 	 6.705536e+17 	 1.696793e-05 	 1.900601e-06 	 -1000.0000 	 -1000.0000 	 -1000.0000 	 -1000.0000 
	 75.0110 	 1.322981e-03 	 138.5071 	  1.1928 	 6.924424e+19 	 6.615041e+17 	 1.707890e-05 	 1.918753e-06 	 -1000.0000 	 -1000.0000 	 -1000.0000 	 -1000.0000 
	 75.3960 	 1.255966e-03 	 138.5919 	  1.2027 	 6.569622e+19 	 6.322045e+17 	 1.739787e-05 	 1.971948e-06 	 -1000.0000 	 -1000.0000 	 -1000.0000 	 -1000.0000 
	 75.5300 	 1.233480e-03 	 138.6647 	  1.2034 	 6.448613e+19 	 6.208389e+17 	 1.752426e-05 	 1.990377e-06 	 -1000.0000 	 -1000.0000 	 -1000.0000 	 -1000.0000 
	 75.6640 	 1.211391e-03 	 138.7592 	  1.2023 	 6.328822e+19 	 6.088602e+17 	 1.766652e-05 	 2.008531e-06 	 -1000.0000 	 -1000.0000 	 -1000.0000 	 -1000.0000 
	 75.7990 	 1.189517e-03 	 138.8759 	  1.1993 	 6.209332e+19 	 5.961668e+17 	 1.783078e-05 	 2.026403e-06 	 -1000.0000 	 -1000.0000 	 -1000.0000 	 -1000.0000 
	 75.9330 	 1.168169e-03 	 139.0125 	  1.1946 	 6.091935e+19 	 5.830303e+17 	 1.801654e-05 	 2.043905e-06 	 -1000.0000 	 -1000.0000 	 -1000.0000 	 -1000.0000 
	 76.3320 	 1.106825e-03 	 139.5259 	  1.1765 	 5.750821e+19 	 5.431393e+17 	 1.866991e-05 	 2.102054e-06 	 -1000.0000 	 -1000.0000 	 -1000.0000 	 -1000.0000 
	 76.4670 	 1.086849e-03 	 139.7306 	  1.1714 	 5.638737e+19 	 5.302223e+17 	 1.891247e-05 	 2.126402e-06 	 -1000.0000 	 -1000.0000 	 -1000.0000 	 -1000.0000 
	 76.7370 	 1.048128e-03 	 140.1775 	  1.1670 	 5.420474e+19 	 5.068036e+17 	 1.940742e-05 	 2.186974e-06 	 -1000.0000 	 -1000.0000 	 -1000.0000 	 -1000.0000 
	 76.8710 	 1.029528e-03 	 140.4152 	  1.1687 	 5.315279e+19 	 4.967279e+17 	 1.965120e-05 	 2.223760e-06 	 -1000.0000 	 -1000.0000 	 -1000.0000 	 -1000.0000 
	 77.2560 	 9.782591e-04 	 141.1506 	  1.1853 	 5.024338e+19 	 4.726562e+17 	 2.032290e-05 	 2.346026e-06 	 -1000.0000 	 -1000.0000 	 -1000.0000 	 -1000.0000 
	 77.3900 	 9.611319e-04 	 141.4235 	  1.1940 	 4.926868e+19 	 4.655940e+17 	 2.054114e-05 	 2.391310e-06 	 -1000.0000 	 -1000.0000 	 -1000.0000 	 -1000.0000 
	 77.5240 	 9.443552e-04 	 141.7044 	  1.2036 	 4.831284e+19 	 4.590143e+17 	 2.074848e-05 	 2.436435e-06 	 -1000.0000 	 -1000.0000 	 -1000.0000 	 -1000.0000 
	 77.6590 	 9.277953e-04 	 141.9952 	  1.2139 	 4.736849e+19 	 4.527505e+17 	 2.094456e-05 	 2.480755e-06 	 -1000.0000 	 -1000.0000 	 -1000.0000 	 -1000.0000 
	 77.7930 	 9.116853e-04 	 142.2911 	  1.2244 	 4.644916e+19 	 4.467733e+17 	 2.112471e-05 	 2.522642e-06 	 -1000.0000 	 -1000.0000 	 -1000.0000 	 -1000.0000 
	 79.1190 	 7.674287e-04 	 145.5003 	  1.2766 	 3.823684e+19 	 3.786138e+17 	 2.189952e-05 	 2.659730e-06 	 -1000.0000 	 -1000.0000 	 -1000.0000 	 -1000.0000 
	 79.2530 	 7.542563e-04 	 145.8319 	  1.2783 	 3.749497e+19 	 3.709472e+17 	 2.193888e-05 	 2.653591e-06 	 -1000.0000 	 -1000.0000 	 -1000.0000 	 -1000.0000 
	 79.3870 	 7.413472e-04 	 146.1583 	  1.2816 	 3.677073e+19 	 3.637315e+17 	 2.200355e-05 	 2.651240e-06 	 -1000.0000 	 -1000.0000 	 -1000.0000 	 -1000.0000 
	 79.5210 	 7.287049e-04 	 146.4780 	  1.2871 	 3.606459e+19 	 3.571583e+17 	 2.210328e-05 	 2.655011e-06 	 -1000.0000 	 -1000.0000 	 -1000.0000 	 -1000.0000 
	 79.6540 	 7.164194e-04 	 146.7874 	  1.2948 	 3.538167e+19 	 3.512925e+17 	 2.224119e-05 	 2.665947e-06 	 -1000.0000 	 -1000.0000 	 -1000.0000 	 -1000.0000 
	 80.0490 	 6.813856e-04 	 147.6649 	  1.3170 	 3.345155e+19 	 3.351474e+17 	 2.283088e-05 	 2.732209e-06 	 -1000.0000 	 -1000.0000 	 -1000.0000 	 -1000.0000 
	 80.1830 	 6.699629e-04 	 147.9499 	  1.3194 	 3.282751e+19 	 3.291709e+17 	 2.307393e-05 	 2.762922e-06 	 -1000.0000 	 -1000.0000 	 -1000.0000 	 -1000.0000 
	 80.3170 	 6.587582e-04 	 148.2294 	  1.3169 	 3.221772e+19 	 3.224679e+17 	 2.332953e-05 	 2.796160e-06 	 -1000.0000 	 -1000.0000 	 -1000.0000 	 -1000.0000 
	 80.4510 	 6.477618e-04 	 148.5039 	  1.3078 	 3.162136e+19 	 3.147568e+17 	 2.359209e-05 	 2.830923e-06 	 -1000.0000 	 -1000.0000 	 -1000.0000 	 -1000.0000 
	 80.9690 	 6.070926e-04 	 149.5349 	  1.2237 	 2.943130e+19 	 2.777166e+17 	 2.456861e-05 	 2.961323e-06 	 -1000.0000 	 -1000.0000 	 -1000.0000 	 -1000.0000 
	 81.1030 	 5.970237e-04 	 149.7996 	  1.1968 	 2.889209e+19 	 2.677100e+17 	 2.478433e-05 	 2.989289e-06 	 -1000.0000 	 -1000.0000 	 -1000.0000 	 -1000.0000 
	 81.2370 	 5.871305e-04 	 150.0657 	  1.1709 	 2.836310e+19 	 2.581330e+17 	 2.497381e-05 	 3.012938e-06 	 -1000.0000 	 -1000.0000 	 -1000.0000 	 -1000.0000 
	 81.3710 	 5.774082e-04 	 150.3345 	  1.1477 	 2.784382e+19 	 2.492933e+17 	 2.513140e-05 	 3.031284e-06 	 -1000.0000 	 -1000.0000 	 -1000.0000 	 -1000.0000 
	 81.5040 	 5.679237e-04 	 150.6041 	  1.1284 	 2.733773e+19 	 2.414284e+17 	 2.525291e-05 	 3.044169e-06 	 -1000.0000 	 -1000.0000 	 -1000.0000 	 -1000.0000 
	 81.9020 	 5.405176e-04 	 151.4091 	  1.0919 	 2.588056e+19 	 2.227125e+17 	 2.541727e-05 	 3.067342e-06 	 -1000.0000 	 -1000.0000 	 -1000.0000 	 -1000.0000 
	 82.0360 	 5.316175e-04 	 151.6729 	  1.0866 	 2.540998e+19 	 2.177882e+17 	 2.540915e-05 	 3.075815e-06 	 -1000.0000 	 -1000.0000 	 -1000.0000 	 -1000.0000 
	 82.1690 	 5.229457e-04 	 151.9279 	  1.0846 	 2.495324e+19 	 2.134626e+17 	 2.537136e-05 	 3.087476e-06 	 -1000.0000 	 -1000.0000 	 -1000.0000 	 -1000.0000 
	 82.3030 	 5.143711e-04 	 152.1759 	  1.0859 	 2.450367e+19 	 2.095957e+17 	 2.530446e-05 	 3.104246e-06 	 -1000.0000 	 -1000.0000 	 -1000.0000 	 -1000.0000 
	 82.4360 	 5.060198e-04 	 152.4124 	  1.0900 	 2.406796e+19 	 2.061745e+17 	 2.521109e-05 	 3.126402e-06 	 -1000.0000 	 -1000.0000 	 -1000.0000 	 -1000.0000 
	 82.8160 	 4.830029e-04 	 153.0403 	  1.1129 	 2.287784e+19 	 1.981089e+17 	 2.481645e-05 	 3.210321e-06 	 -1000.0000 	 -1000.0000 	 -1000.0000 	 -1000.0000 
	 82.9490 	 4.752313e-04 	 153.2453 	  1.1229 	 2.247940e+19 	 1.956825e+17 	 2.464074e-05 	 3.243333e-06 	 -1000.0000 	 -1000.0000 	 -1000.0000 	 -1000.0000 
	 83.0820 	 4.676014e-04 	 153.4438 	  1.1330 	 2.208979e+19 	 1.933570e+17 	 2.444924e-05 	 3.276378e-06 	 -1000.0000 	 -1000.0000 	 -1000.0000 	 -1000.0000 
	 83.2150 	 4.601098e-04 	 153.6362 	  1.1426 	 2.170867e+19 	 1.910679e+17 	 2.424426e-05 	 3.308311e-06 	 -1000.0000 	 -1000.0000 	 -1000.0000 	 -1000.0000 
	 83.3480 	 4.527528e-04 	 153.8234 	  1.1512 	 2.133570e+19 	 1.887505e+17 	 2.402807e-05 	 3.337986e-06 	 -1000.0000 	 -1000.0000 	 -1000.0000 	 -1000.0000 
	 84.6660 	 3.863853e-04 	 155.5574 	  1.0797 	 1.800668e+19 	 1.530988e+17 	 2.180502e-05 	 3.316026e-06 	 -1000.0000 	 -1000.0000 	 -1000.0000 	 -1000.0000 
	 84.7990 	 3.802818e-04 	 155.7526 	  1.0620 	 1.770002e+19 	 1.486670e+17 	 2.164449e-05 	 3.292398e-06 	 -1000.0000 	 -1000.0000 	 -1000.0000 	 -1000.0000 
	 84.9320 	 3.742770e-04 	 155.9612 	  1.0471 	 1.739721e+19 	 1.445449e+17 	 2.151344e-05 	 3.274046e-06 	 -1000.0000 	 -1000.0000 	 -1000.0000 	 -1000.0000 
	 85.0650 	 3.683687e-04 	 156.1860 	  1.0364 	 1.709789e+19 	 1.408771e+17 	 2.141662e-05 	 3.263822e-06 	 -1000.0000 	 -1000.0000 	 -1000.0000 	 -1000.0000 
	 85.1980 	 3.625557e-04 	 156.4289 	  1.0305 	 1.680186e+19 	 1.377195e+17 	 2.135303e-05 	 3.262736e-06 	 -1000.0000 	 -1000.0000 	 -1000.0000 	 -1000.0000 
	 85.7190 	 3.407164e-04 	 157.5635 	  1.0379 	 1.567585e+19 	 1.286502e+17 	 2.123137e-05 	 3.309970e-06 	 -1000.0000 	 -1000.0000 	 -1000.0000 	 -1000.0000 
	 85.8520 	 3.353834e-04 	 157.9020 	  1.0435 	 1.539755e+19 	 1.267368e+17 	 2.118187e-05 	 3.325262e-06 	 -1000.0000 	 -1000.0000 	 -1000.0000 	 -1000.0000 
	 85.9850 	 3.301504e-04 	 158.2612 	  1.0489 	 1.512322e+19 	 1.248083e+17 	 2.110420e-05 	 3.337850e-06 	 -1000.0000 	 -1000.0000 	 -1000.0000 	 -1000.0000 
	 86.1180 	 3.250173e-04 	 158.6382 	  1.0534 	 1.485313e+19 	 1.228122e+17 	 2.099378e-05 	 3.346585e-06 	 -1000.0000 	 -1000.0000 	 -1000.0000 	 -1000.0000 
	 86.5090 	 3.104840e-04 	 159.7634 	  1.0622 	 1.408951e+19 	 1.166903e+17 	 2.053396e-05 	 3.353766e-06 	 -1000.0000 	 -1000.0000 	 -1000.0000 	 -1000.0000 
	 86.6410 	 3.057580e-04 	 160.1192 	  1.0636 	 1.384396e+19 	 1.145965e+17 	 2.035334e-05 	 3.351523e-06 	 -1000.0000 	 -1000.0000 	 -1000.0000 	 -1000.0000 
	 86.7740 	 3.010845e-04 	 160.4501 	  1.0642 	 1.360381e+19 	 1.125028e+17 	 2.016868e-05 	 3.347679e-06 	 -1000.0000 	 -1000.0000 	 -1000.0000 	 -1000.0000 
	 86.9070 	 2.964974e-04 	 160.7442 	  1.0640 	 1.337157e+19 	 1.104431e+17 	 1.998759e-05 	 3.342732e-06 	 -1000.0000 	 -1000.0000 	 -1000.0000 	 -1000.0000 
	 87.0390 	 2.920272e-04 	 160.9957 	  1.0630 	 1.314900e+19 	 1.084413e+17 	 1.981567e-05 	 3.337215e-06 	 -1000.0000 	 -1000.0000 	 -1000.0000 	 -1000.0000 
	 87.4220 	 2.794805e-04 	 161.5321 	  1.0558 	 1.254208e+19 	 1.028314e+17 	 1.937424e-05 	 3.322257e-06 	 -1000.0000 	 -1000.0000 	 -1000.0000 	 -1000.0000 
	 87.6870 	 2.711259e-04 	 161.7747 	  1.0471 	 1.214945e+19 	 9.907238e+16 	 1.913139e-05 	 3.317508e-06 	 -1000.0000 	 -1000.0000 	 -1000.0000 	 -1000.0000 
	 87.8190 	 2.670511e-04 	 161.8684 	  1.0417 	 1.196024e+19 	 9.722222e+16 	 1.903337e-05 	 3.318283e-06 	 -1000.0000 	 -1000.0000 	 -1000.0000 	 -1000.0000 
	 87.9510 	 2.630294e-04 	 161.9479 	  1.0356 	 1.177457e+19 	 9.538838e+16 	 1.895139e-05 	 3.321699e-06 	 -1000.0000 	 -1000.0000 	 -1000.0000 	 -1000.0000 
	 88.3520 	 2.511414e-04 	 162.0922 	  1.0188 	 1.123253e+19 	 9.014115e+16 	 1.878209e-05 	 3.350205e-06 	 -1000.0000 	 -1000.0000 	 -1000.0000 	 -1000.0000 
	 88.4840 	 2.473382e-04 	 162.1034 	  1.0155 	 1.106154e+19 	 8.859858e+16 	 1.874600e-05 	 3.366142e-06 	 -1000.0000 	 -1000.0000 	 -1000.0000 	 -1000.0000 
	 88.6170 	 2.435622e-04 	 162.0942 	  1.0142 	 1.089308e+19 	 8.717607e+16 	 1.871615e-05 	 3.385778e-06 	 -1000.0000 	 -1000.0000 	 -1000.0000 	 -1000.0000 
	 88.7490 	 2.398706e-04 	 162.0637 	  1.0154 	 1.072974e+19 	 8.591801e+16 	 1.869104e-05 	 3.408987e-06 	 -1000.0000 	 -1000.0000 	 -1000.0000 	 -1000.0000 
	 88.8810 	 2.362349e-04 	 162.0110 	  1.0193 	 1.057024e+19 	 8.482227e+16 	 1.866912e-05 	 3.435869e-06 	 -1000.0000 	 -1000.0000 	 -1000.0000 	 -1000.0000 
	 89.2720 	 2.257840e-04 	 161.7294 	  1.0437 	 1.011931e+19 	 8.237851e+16 	 1.862193e-05 	 3.533129e-06 	 -1000.0000 	 -1000.0000 	 -1000.0000 	 -1000.0000 
	 89.4040 	 2.223602e-04 	 161.5934 	  1.0551 	 9.973990e+18 	 8.176880e+16 	 1.861184e-05 	 3.570526e-06 	 -1000.0000 	 -1000.0000 	 -1000.0000 	 -1000.0000 
	 89.6690 	 2.156396e-04 	 161.2606 	  1.0807 	 9.692156e+18 	 8.077120e+16 	 1.860022e-05 	 3.650005e-06 	 -1000.0000 	 -1000.0000 	 -1000.0000 	 -1000.0000 
	 89.8010 	 2.123663e-04 	 161.0660 	  1.0940 	 9.556484e+18 	 8.035308e+16 	 1.859865e-05 	 3.690935e-06 	 -1000.0000 	 -1000.0000 	 -1000.0000 	 -1000.0000 
	 91.9850 	 1.644483e-04 	 155.6217 	  1.0615 	 7.660206e+18 	 6.596343e+16 	 1.892557e-05 	 4.112327e-06 	 -1000.0000 	 -1000.0000 	 -1000.0000 	 -1000.0000 
	 92.1170 	 1.618802e-04 	 155.2821 	  1.0430 	 7.557140e+18 	 6.443661e+16 	 1.895354e-05 	 4.111893e-06 	 -1000.0000 	 -1000.0000 	 -1000.0000 	 -1000.0000 
	 92.2490 	 1.593452e-04 	 154.9855 	  1.0280 	 7.453197e+18 	 6.302564e+16 	 1.897770e-05 	 4.111101e-06 	 -1000.0000 	 -1000.0000 	 -1000.0000 	 -1000.0000 
	 92.3810 	 1.568427e-04 	 154.7422 	  1.0179 	 7.347893e+18 	 6.178643e+16 	 1.899690e-05 	 4.110813e-06 	 -1000.0000 	 -1000.0000 	 -1000.0000 	 -1000.0000 
	 92.5130 	 1.543727e-04 	 154.5569 	  1.0134 	 7.241058e+18 	 6.074532e+16 	 1.900988e-05 	 4.111565e-06 	 -1000.0000 	 -1000.0000 	 -1000.0000 	 -1000.0000 
	 92.9090 	 1.471681e-04 	 154.2647 	  1.0228 	 6.916354e+18 	 5.844584e+16 	 1.899628e-05 	 4.118447e-06 	 -1000.0000 	 -1000.0000 	 -1000.0000 	 -1000.0000 
	 93.0400 	 1.448561e-04 	 154.2245 	  1.0296 	 6.809347e+18 	 5.782261e+16 	 1.896937e-05 	 4.121561e-06 	 -1000.0000 	 -1000.0000 	 -1000.0000 	 -1000.0000 
	 93.1710 	 1.425813e-04 	 154.1971 	  1.0363 	 6.703433e+18 	 5.720091e+16 	 1.892880e-05 	 4.124748e-06 	 -1000.0000 	 -1000.0000 	 -1000.0000 	 -1000.0000 
	 93.3030 	 1.403280e-04 	 154.1733 	  1.0418 	 6.598350e+18 	 5.653601e+16 	 1.887258e-05 	 4.127825e-06 	 -1000.0000 	 -1000.0000 	 -1000.0000 	 -1000.0000 
	 93.4340 	 1.381304e-04 	 154.1487 	  1.0454 	 6.495955e+18 	 5.581880e+16 	 1.879985e-05 	 4.130440e-06 	 -1000.0000 	 -1000.0000 	 -1000.0000 	 -1000.0000 
	 93.8120 	 1.319940e-04 	 154.0859 	  1.0487 	 6.209921e+18 	 5.353056e+16 	 1.847743e-05 	 4.131499e-06 	 -1000.0000 	 -1000.0000 	 -1000.0000 	 -1000.0000 
	 93.9430 	 1.299343e-04 	 154.0726 	  1.0485 	 6.113607e+18 	 5.270126e+16 	 1.832040e-05 	 4.128198e-06 	 -1000.0000 	 -1000.0000 	 -1000.0000 	 -1000.0000 
