	 height_(km) 	 press_(mbar) 	 temp_(K) 	 temperr_(K) 	 numdens_(m-3) 	 numdenserr_(m-3) 	 H2Ovmr_() 	 H2Ovmrerr_() 	 D/H_(VSMOW) 	 D/Herr_(VSMOW) 	 18O/16O_(VSMOW) 	 18O/16Oerr_(VSMOW) 
	 21.1860 	 8.427245e-01 	 206.9468 	  3.1574 	 2.952026e+22 	 4.598038e+20 	 1.871983e-04 	 1.800775e-05 	 -1000.0000 	 -1000.0000 	 -1000.0000 	 -1000.0000 
	 21.3100 	 8.330115e-01 	 206.8500 	  3.0945 	 2.919448e+22 	 4.458646e+20 	 1.871462e-04 	 1.730654e-05 	 -1000.0000 	 -1000.0000 	 -1000.0000 	 -1000.0000 
	 21.4340 	 8.233940e-01 	 206.7291 	  3.0216 	 2.887471e+22 	 4.310347e+20 	 1.869837e-04 	 1.667937e-05 	 -1000.0000 	 -1000.0000 	 -1000.0000 	 -1000.0000 
	 21.5590 	 8.137960e-01 	 206.5854 	  2.9392 	 2.855810e+22 	 4.153222e+20 	 1.867644e-04 	 1.611920e-05 	 -1000.0000 	 -1000.0000 	 -1000.0000 	 -1000.0000 
	 21.6830 	 8.043715e-01 	 206.4237 	  2.8498 	 2.824942e+22 	 3.991159e+20 	 1.865380e-04 	 1.563180e-05 	 -1000.0000 	 -1000.0000 	 -1000.0000 	 -1000.0000 
	 22.0160 	 7.795417e-01 	 205.9155 	  2.5802 	 2.744443e+22 	 3.535969e+20 	 1.861439e-04 	 1.462940e-05 	 -1000.0000 	 -1000.0000 	 -1000.0000 	 -1000.0000 
	 22.1400 	 7.704754e-01 	 205.7061 	  2.4721 	 2.715268e+22 	 3.362959e+20 	 1.861420e-04 	 1.435724e-05 	 -1000.0000 	 -1000.0000 	 -1000.0000 	 -1000.0000 
	 22.2640 	 7.615073e-01 	 205.4897 	  2.3615 	 2.686477e+22 	 3.190175e+20 	 1.862419e-04 	 1.413195e-05 	 -1000.0000 	 -1000.0000 	 -1000.0000 	 -1000.0000 
	 22.3890 	 7.525664e-01 	 205.2671 	  2.2486 	 2.657808e+22 	 3.017612e+20 	 1.864549e-04 	 1.394664e-05 	 -1000.0000 	 -1000.0000 	 -1000.0000 	 -1000.0000 
	 22.5130 	 7.437964e-01 	 205.0446 	  2.1365 	 2.629688e+22 	 2.849405e+20 	 1.867847e-04 	 1.379842e-05 	 -1000.0000 	 -1000.0000 	 -1000.0000 	 -1000.0000 
	 22.9620 	 7.128735e-01 	 204.2640 	  1.7459 	 2.530021e+22 	 2.286535e+20 	 1.890516e-04 	 1.346204e-05 	 -1000.0000 	 -1000.0000 	 -1000.0000 	 -1000.0000 
	 23.0860 	 7.045646e-01 	 204.0660 	  1.6470 	 2.502959e+22 	 2.149379e+20 	 1.899963e-04 	 1.339725e-05 	 -1000.0000 	 -1000.0000 	 -1000.0000 	 -1000.0000 
	 23.2100 	 6.963544e-01 	 203.8786 	  1.5535 	 2.476062e+22 	 2.021496e+20 	 1.910845e-04 	 1.333355e-05 	 -1000.0000 	 -1000.0000 	 -1000.0000 	 -1000.0000 
	 23.3340 	 6.882416e-01 	 203.7029 	  1.4660 	 2.449321e+22 	 1.903203e+20 	 1.923098e-04 	 1.326528e-05 	 -1000.0000 	 -1000.0000 	 -1000.0000 	 -1000.0000 
	 23.6690 	 6.667996e-01 	 203.2938 	  1.2652 	 2.377784e+22 	 1.634035e+20 	 1.960590e-04 	 1.301582e-05 	 -1000.0000 	 -1000.0000 	 -1000.0000 	 -1000.0000 
	 24.0400 	 6.438292e-01 	 202.9607 	  1.1118 	 2.299668e+22 	 1.424680e+20 	 2.001670e-04 	 1.255677e-05 	 -1000.0000 	 -1000.0000 	 -1000.0000 	 -1000.0000 
	 24.1640 	 6.363160e-01 	 202.8664 	  1.0751 	 2.273892e+22 	 1.372567e+20 	 2.012407e-04 	 1.237206e-05 	 -1000.0000 	 -1000.0000 	 -1000.0000 	 -1000.0000 
	 24.4990 	 6.163692e-01 	 202.6051 	  1.0013 	 2.205438e+22 	 1.262865e+20 	 2.028182e-04 	 1.184326e-05 	 -1000.0000 	 -1000.0000 	 -1000.0000 	 -1000.0000 
	 24.6220 	 6.091585e-01 	 202.4938 	  0.9809 	 2.180828e+22 	 1.230453e+20 	 2.028156e-04 	 1.163805e-05 	  5.0405 	  0.6723 	 -1000.0000 	 -1000.0000 
	 24.7460 	 6.019461e-01 	 202.3669 	  0.9626 	 2.156356e+22 	 1.200508e+20 	 2.024993e-04 	 1.141885e-05 	  5.1457 	  0.6530 	 -1000.0000 	 -1000.0000 
	 24.9940 	 5.877186e-01 	 202.0595 	  0.9326 	 2.108594e+22 	 1.148259e+20 	 2.013444e-04 	 1.092332e-05 	  5.3450 	  0.6129 	 -1000.0000 	 -1000.0000 
	 25.3310 	 5.688925e-01 	 201.4988 	  0.9052 	 2.046730e+22 	 1.092508e+20 	 1.996700e-04 	 1.030344e-05 	  5.5554 	  0.5739 	 -1000.0000 	 -1000.0000 
	 25.4550 	 5.621373e-01 	 201.2428 	  0.8987 	 2.024996e+22 	 1.076102e+20 	 1.995046e-04 	 1.018544e-05 	  5.6029 	  0.5669 	 -1000.0000 	 -1000.0000 
	 25.5790 	 5.554802e-01 	 200.9586 	  0.8940 	 2.003842e+22 	 1.061700e+20 	 1.998725e-04 	 1.014650e-05 	  5.6302 	  0.5630 	 -1000.0000 	 -1000.0000 
	 25.7020 	 5.489665e-01 	 200.6521 	  0.8909 	 1.983368e+22 	 1.049126e+20 	 2.007830e-04 	 1.018727e-05 	  5.6378 	  0.5616 	 -1000.0000 	 -1000.0000 
	 26.1610 	 5.253086e-01 	 199.3557 	  0.8884 	 1.910250e+22 	 1.012573e+20 	 2.080297e-04 	 1.067948e-05 	  5.5336 	  0.5584 	 -1000.0000 	 -1000.0000 
	 26.2850 	 5.190555e-01 	 198.9811 	  0.8891 	 1.891062e+22 	 1.004239e+20 	 2.104380e-04 	 1.084115e-05 	  5.4824 	  0.5556 	 -1000.0000 	 -1000.0000 
	 26.4090 	 5.128489e-01 	 198.6038 	  0.8901 	 1.871992e+22 	 9.961600e+19 	 2.127547e-04 	 1.099927e-05 	  5.4266 	  0.5519 	 -1000.0000 	 -1000.0000 
	 26.5320 	 5.067418e-01 	 198.2320 	  0.8917 	 1.853161e+22 	 9.885596e+19 	 2.148518e-04 	 1.114819e-05 	  5.3686 	  0.5476 	 -1000.0000 	 -1000.0000 
	 26.6560 	 5.006398e-01 	 197.8647 	  0.8941 	 1.834237e+22 	 9.815174e+19 	 2.166638e-04 	 1.130055e-05 	  5.3095 	  0.5439 	 -1000.0000 	 -1000.0000 
	 27.0010 	 4.839909e-01 	 196.9273 	  0.9083 	 1.781692e+22 	 9.669137e+19 	 2.195656e-04 	 1.177278e-05 	  5.1568 	  0.5434 	 -1000.0000 	 -1000.0000 
	 27.1250 	 4.781394e-01 	 196.6364 	  0.9171 	 1.762767e+22 	 9.640736e+19 	 2.196747e-04 	 1.195364e-05 	  5.1113 	  0.5478 	 -1000.0000 	 -1000.0000 
	 27.2490 	 4.723632e-01 	 196.3759 	  0.9279 	 1.743792e+22 	 9.626062e+19 	 2.192678e-04 	 1.212974e-05 	  5.0729 	  0.5545 	 -1000.0000 	 -1000.0000 
	 27.3720 	 4.667059e-01 	 196.1454 	  0.9402 	 1.724940e+22 	 9.620448e+19 	 2.184889e-04 	 1.228926e-05 	  5.0420 	  0.5625 	 -1000.0000 	 -1000.0000 
	 27.4960 	 4.610728e-01 	 195.9386 	  0.9534 	 1.705922e+22 	 9.618624e+19 	 2.174844e-04 	 1.243398e-05 	  5.0175 	  0.5715 	 -1000.0000 	 -1000.0000 
	 27.9580 	 4.406610e-01 	 195.3504 	  0.9977 	 1.635282e+22 	 9.558217e+19 	 2.146570e-04 	 1.286129e-05 	  4.9721 	  0.6033 	 -1000.0000 	 -1000.0000 
	 28.0810 	 4.353687e-01 	 195.2314 	  1.0052 	 1.616617e+22 	 9.506198e+19 	 2.148508e-04 	 1.295899e-05 	  4.9682 	  0.6091 	 -1000.0000 	 -1000.0000 
	 28.2040 	 4.301345e-01 	 195.1262 	  1.0104 	 1.598035e+22 	 9.435834e+19 	 2.155107e-04 	 1.305065e-05 	  4.9668 	  0.6132 	 -1000.0000 	 -1000.0000 
	 28.3270 	 4.249590e-01 	 195.0351 	  1.0134 	 1.579540e+22 	 9.348307e+19 	 2.165461e-04 	 1.312373e-05 	  4.9674 	  0.6151 	 -1000.0000 	 -1000.0000 
	 28.6770 	 4.105590e-01 	 194.8550 	  1.0096 	 1.527441e+22 	 9.015825e+19 	 2.205211e-04 	 1.316700e-05 	  4.9778 	  0.6081 	 -1000.0000 	 -1000.0000 
	 28.9230 	 4.007327e-01 	 194.7992 	  0.9969 	 1.491349e+22 	 8.720363e+19 	 2.231379e-04 	 1.297800e-05 	  4.9901 	  0.5924 	 -1000.0000 	 -1000.0000 
	 29.0460 	 3.959094e-01 	 194.7851 	  0.9884 	 1.473526e+22 	 8.561239e+19 	 2.241564e-04 	 1.280644e-05 	  4.9969 	  0.5812 	 -1000.0000 	 -1000.0000 
	 29.1690 	 3.911433e-01 	 194.7712 	  0.9794 	 1.455904e+22 	 8.400680e+19 	 2.249579e-04 	 1.260159e-05 	  5.0037 	  0.5688 	 -1000.0000 	 -1000.0000 
	 29.5170 	 3.779510e-01 	 194.6709 	  0.9576 	 1.407490e+22 	 7.979679e+19 	 2.260627e-04 	 1.195728e-05 	  5.0213 	  0.5318 	 -1000.0000 	 -1000.0000 
	 29.6400 	 3.733851e-01 	 194.5925 	  0.9534 	 1.391015e+22 	 7.857139e+19 	 2.260485e-04 	 1.174594e-05 	  5.0266 	  0.5196 	 -1000.0000 	 -1000.0000 
	 30.0090 	 3.599722e-01 	 194.1743 	  0.9564 	 1.343827e+22 	 7.600565e+19 	 2.249955e-04 	 1.128193e-05 	  5.0422 	  0.4908 	 -1000.0000 	 -1000.0000 
	 30.3670 	 3.473610e-01 	 193.5576 	  0.9741 	 1.300831e+22 	 7.463730e+19 	 2.234328e-04 	 1.104204e-05 	  5.0631 	  0.4739 	 -1000.0000 	 -1000.0000 
	 30.4900 	 3.431183e-01 	 193.3107 	  0.9818 	 1.286587e+22 	 7.430569e+19 	 2.229965e-04 	 1.098551e-05 	  5.0729 	  0.4699 	 -1000.0000 	 -1000.0000 
	 30.6130 	 3.389213e-01 	 193.0504 	  0.9897 	 1.272575e+22 	 7.400265e+19 	 2.226905e-04 	 1.092718e-05 	  5.0844 	  0.4662 	 -1000.0000 	 -1000.0000 
	 30.7360 	 3.347697e-01 	 192.7797 	  0.9973 	 1.258772e+22 	 7.370237e+19 	 2.225496e-04 	 1.086203e-05 	  5.0975 	  0.4629 	 -1000.0000 	 -1000.0000 
	 32.0500 	 2.932169e-01 	 190.0817 	  0.9940 	 1.118271e+22 	 6.596815e+19 	 2.375643e-04 	 1.124867e-05 	  5.3515 	  0.4683 	 -1000.0000 	 -1000.0000 
	 32.1720 	 2.896238e-01 	 189.9559 	  0.9906 	 1.105315e+22 	 6.504277e+19 	 2.408151e-04 	 1.128929e-05 	  5.3864 	  0.4673 	 -1000.0000 	 -1000.0000 
	 32.2950 	 2.860487e-01 	 189.8700 	  0.9889 	 1.092186e+22 	 6.419171e+19 	 2.444361e-04 	 1.132259e-05 	  5.4235 	  0.4655 	 -1000.0000 	 -1000.0000 
	 32.4180 	 2.825200e-01 	 189.8186 	  0.9889 	 1.079026e+22 	 6.342441e+19 	 2.483528e-04 	 1.135056e-05 	  5.4623 	  0.4628 	 -1000.0000 	 -1000.0000 
	 32.5400 	 2.790648e-01 	 189.7932 	  0.9905 	 1.065986e+22 	 6.274253e+19 	 2.524584e-04 	 1.137561e-05 	  5.5020 	  0.4595 	 -1000.0000 	 -1000.0000 
	 33.0220 	 2.658254e-01 	 189.7793 	  1.0126 	 1.015435e+22 	 6.075126e+19 	 2.692051e-04 	 1.150310e-05 	  5.6487 	  0.4419 	 -1000.0000 	 -1000.0000 
	 33.1450 	 2.625460e-01 	 189.7581 	  1.0219 	 1.002987e+22 	 6.040423e+19 	 2.731885e-04 	 1.155741e-05 	  5.6776 	  0.4371 	 -1000.0000 	 -1000.0000 
	 33.2670 	 2.593315e-01 	 189.7225 	  1.0324 	 9.908584e+21 	 6.011280e+19 	 2.769097e-04 	 1.162084e-05 	  5.7007 	  0.4324 	 -1000.0000 	 -1000.0000 
	 33.3900 	 2.561286e-01 	 189.6728 	  1.0440 	 9.788430e+21 	 5.986354e+19 	 2.804217e-04 	 1.169303e-05 	  5.7176 	  0.4277 	 -1000.0000 	 -1000.0000 
	 33.7500 	 2.469692e-01 	 189.4570 	  1.0818 	 9.448311e+21 	 5.930910e+19 	 2.894094e-04 	 1.195506e-05 	  5.7344 	  0.4160 	 -1000.0000 	 -1000.0000 
	 33.9950 	 2.409144e-01 	 189.2595 	  1.1086 	 9.225967e+21 	 5.899689e+19 	 2.945644e-04 	 1.219171e-05 	  5.7241 	  0.4112 	 -1000.0000 	 -1000.0000 
	 34.1180 	 2.379278e-01 	 189.1477 	  1.1216 	 9.116907e+21 	 5.883435e+19 	 2.969095e-04 	 1.233472e-05 	  5.7150 	  0.4103 	 -1000.0000 	 -1000.0000 
	 34.2400 	 2.350000e-01 	 189.0298 	  1.1341 	 9.010329e+21 	 5.865786e+19 	 2.990866e-04 	 1.249303e-05 	  5.7043 	  0.4105 	 -1000.0000 	 -1000.0000 
	 36.3060 	 1.902468e-01 	 187.0095 	  1.0917 	 7.374845e+21 	 4.674680e+19 	 2.952305e-04 	 1.313115e-05 	  5.4566 	  0.4454 	  1.1234 	  0.1298 
	 36.4280 	 1.878840e-01 	 187.0116 	  1.0811 	 7.283243e+21 	 4.575661e+19 	 2.911722e-04 	 1.285190e-05 	  5.4437 	  0.4415 	  1.1123 	  0.1263 
	 36.5490 	 1.855741e-01 	 187.0510 	  1.0736 	 7.192284e+21 	 4.488724e+19 	 2.864868e-04 	 1.254844e-05 	  5.4315 	  0.4364 	  1.1012 	  0.1224 
	 36.6710 	 1.832778e-01 	 187.1234 	  1.0689 	 7.100622e+21 	 4.411481e+19 	 2.810996e-04 	 1.221574e-05 	  5.4199 	  0.4302 	  1.0903 	  0.1181 
	 36.7930 	 1.810127e-01 	 187.2220 	  1.0664 	 7.009227e+21 	 4.342801e+19 	 2.750669e-04 	 1.185757e-05 	  5.4089 	  0.4232 	  1.0799 	  0.1137 
	 37.1630 	 1.743184e-01 	 187.6095 	  1.0672 	 6.735928e+21 	 4.167429e+19 	 2.530751e-04 	 1.066678e-05 	  5.3789 	  0.4030 	  1.0539 	  0.1001 
	 37.2850 	 1.721637e-01 	 187.7433 	  1.0683 	 6.647833e+21 	 4.114044e+19 	 2.446918e-04 	 1.026237e-05 	  5.3702 	  0.4077 	  1.0476 	  0.0962 
	 37.4070 	 1.700328e-01 	 187.8694 	  1.0690 	 6.561081e+21 	 4.059995e+19 	 2.358338e-04 	 9.865457e-06 	  5.3623 	  0.4189 	  1.0424 	  0.0927 
	 37.5290 	 1.679261e-01 	 187.9863 	  1.0693 	 6.475730e+21 	 4.005321e+19 	 2.265934e-04 	 9.481992e-06 	  5.3553 	  0.4312 	  1.0381 	  0.0897 
	 37.6510 	 1.658444e-01 	 188.0937 	  1.0693 	 6.391795e+21 	 3.950571e+19 	 2.170763e-04 	 9.113715e-06 	  5.3497 	  0.4447 	  1.0344 	  0.0883 
	 38.0260 	 1.596117e-01 	 188.3637 	  1.0690 	 6.142834e+21 	 3.787668e+19 	 1.873194e-04 	 8.061962e-06 	  5.3436 	  0.4891 	  1.0257 	  0.0902 
	 38.1480 	 1.576409e-01 	 188.4314 	  1.0692 	 6.064830e+21 	 3.738324e+19 	 1.778479e-04 	 7.740306e-06 	  5.3457 	  0.5032 	  1.0235 	  0.0912 
	 38.2690 	 1.557151e-01 	 188.4888 	  1.0697 	 5.988927e+21 	 3.691957e+19 	 1.687064e-04 	 7.427288e-06 	  5.3502 	  0.5165 	  1.0216 	  0.0924 
	 38.3910 	 1.538013e-01 	 188.5377 	  1.0706 	 5.913791e+21 	 3.647640e+19 	 1.598156e-04 	 7.117241e-06 	  5.3574 	  0.5288 	  1.0202 	  0.0937 
	 38.5130 	 1.519141e-01 	 188.5788 	  1.0718 	 5.839951e+21 	 3.605429e+19 	 1.513256e-04 	 6.814396e-06 	  5.3666 	  0.5397 	  1.0191 	  0.0950 
	 39.0080 	 1.444981e-01 	 188.6919 	  1.0786 	 5.551526e+21 	 3.448785e+19 	 1.222098e-04 	 5.720945e-06 	  5.4044 	  0.5676 	  1.0161 	  0.1002 
	 39.1290 	 1.427369e-01 	 188.7127 	  1.0806 	 5.483236e+21 	 3.412389e+19 	 1.165907e-04 	 5.500024e-06 	  5.4082 	  0.5703 	  1.0151 	  0.1015 
	 39.2510 	 1.409802e-01 	 188.7342 	  1.0826 	 5.415112e+21 	 3.375998e+19 	 1.115335e-04 	 5.296937e-06 	  5.4079 	  0.5719 	  1.0137 	  0.1026 
	 39.3730 	 1.392432e-01 	 188.7585 	  1.0847 	 5.347686e+21 	 3.339848e+19 	 1.070441e-04 	 5.111934e-06 	  5.4036 	  0.5728 	  1.0121 	  0.1037 
	 39.7490 	 1.340185e-01 	 188.8741 	  1.0912 	 5.143900e+21 	 3.229260e+19 	 9.620156e-05 	 4.634216e-06 	  5.3699 	  0.5756 	  1.0061 	  0.1064 
	 39.9910 	 1.307633e-01 	 189.0030 	  1.0953 	 5.015596e+21 	 3.158083e+19 	 9.112395e-05 	 4.384808e-06 	  5.3382 	  0.5809 	  1.0009 	  0.1077 
	 40.1130 	 1.291546e-01 	 189.0870 	  1.0972 	 4.951720e+21 	 3.122065e+19 	 8.899344e-05 	 4.273892e-06 	  5.3208 	  0.5848 	  0.9979 	  0.1082 
	 40.2340 	 1.275801e-01 	 189.1808 	  1.0990 	 4.888947e+21 	 3.086256e+19 	 8.711948e-05 	 4.172420e-06 	  5.3030 	  0.5897 	  0.9949 	  0.1086 
	 40.6160 	 1.227409e-01 	 189.5232 	  1.1040 	 4.694974e+21 	 2.972687e+19 	 8.246883e-05 	 3.904146e-06 	  5.2436 	  0.6103 	  0.9843 	  0.1094 
	 40.7380 	 1.212357e-01 	 189.6406 	  1.1052 	 4.634505e+21 	 2.936270e+19 	 8.129736e-05 	 3.835385e-06 	  5.2245 	  0.6189 	  0.9810 	  0.1096 
	 40.9810 	 1.182936e-01 	 189.8759 	  1.1070 	 4.516396e+21 	 2.863655e+19 	 7.930860e-05 	 3.720298e-06 	  5.1880 	  0.6399 	  0.9747 	  0.1100 
	 41.1030 	 1.168448e-01 	 189.9941 	  1.1076 	 4.458291e+21 	 2.827338e+19 	 7.847184e-05 	 3.672501e-06 	  5.1711 	  0.6523 	  0.9716 	  0.1102 
	 41.4810 	 1.124773e-01 	 190.3595 	  1.1090 	 4.283411e+21 	 2.716722e+19 	 7.650581e-05 	 3.551772e-06 	  5.1267 	  0.6958 	  0.9611 	  0.1109 
	 41.6020 	 1.111186e-01 	 190.4757 	  1.1093 	 4.229100e+21 	 2.682273e+19 	 7.606616e-05 	 3.518519e-06 	  5.1152 	  0.7100 	  0.9567 	  0.1110 
	 41.7240 	 1.097682e-01 	 190.5922 	  1.1097 	 4.175169e+21 	 2.648202e+19 	 7.570652e-05 	 3.486600e-06 	  5.1046 	  0.7239 	  0.9516 	  0.1111 
	 41.9660 	 1.071449e-01 	 190.8145 	  1.1110 	 4.070680e+21 	 2.583590e+19 	 7.514521e-05 	 3.422623e-06 	  5.0851 	  0.7506 	  0.9392 	  0.1112 
	 42.3490 	 1.031315e-01 	 191.1086 	  1.1178 	 3.912160e+21 	 2.494179e+19 	 7.415005e-05 	 3.361015e-06 	  5.0484 	  0.7935 	  0.9134 	  0.1113 
	 42.4700 	 1.018956e-01 	 191.1784 	  1.1219 	 3.863846e+21 	 2.470419e+19 	 7.366204e-05 	 3.433497e-06 	  5.0331 	  0.8103 	  0.9041 	  0.1120 
	 42.5910 	 1.006737e-01 	 191.2336 	  1.1272 	 3.816387e+21 	 2.449243e+19 	 7.303270e-05 	 3.517130e-06 	  5.0159 	  0.8277 	  0.8945 	  0.1128 
	 42.7130 	 9.945574e-02 	 191.2742 	  1.1337 	 3.769393e+21 	 2.430287e+19 	 7.223168e-05 	 3.605970e-06 	  4.9976 	  0.8454 	  0.8848 	  0.1137 
	 43.2210 	 9.453349e-02 	 191.2809 	  1.1664 	 3.582657e+21 	 2.367678e+19 	 6.701427e-05 	 3.838582e-06 	  4.9424 	  0.9178 	  0.8498 	  0.1182 
	 43.3430 	 9.338675e-02 	 191.2439 	  1.1744 	 3.539883e+21 	 2.354269e+19 	 6.535335e-05 	 3.816813e-06 	  4.9412 	  0.9342 	  0.8438 	  0.1190 
	 43.4640 	 9.226276e-02 	 191.1925 	  1.1818 	 3.498223e+21 	 2.340716e+19 	 6.358656e-05 	 3.762110e-06 	  4.9456 	  0.9502 	  0.8389 	  0.1197 
	 43.5850 	 9.115199e-02 	 191.1265 	  1.1884 	 3.457310e+21 	 2.326488e+19 	 6.172981e-05 	 3.677172e-06 	  4.9549 	  0.9656 	  0.8347 	  0.1202 
	 43.7060 	 9.005435e-02 	 191.0460 	  1.1940 	 3.417130e+21 	 2.311162e+19 	 5.981487e-05 	 3.565961e-06 	  4.9682 	  0.9806 	  0.8311 	  0.1205 
	 44.9440 	 7.955262e-02 	 189.4289 	  1.1625 	 3.044462e+21 	 2.038015e+19 	 4.230589e-05 	 2.351372e-06 	 -1000.0000 	 -1000.0000 	  0.8050 	  0.1461 
	 45.0650 	 7.859326e-02 	 189.2046 	  1.1560 	 3.011316e+21 	 2.008230e+19 	 4.119238e-05 	 2.309894e-06 	 -1000.0000 	 -1000.0000 	  0.8028 	  0.1491 
	 45.1860 	 7.764488e-02 	 188.9714 	  1.1509 	 2.978655e+21 	 1.981009e+19 	 4.023591e-05 	 2.270163e-06 	 -1000.0000 	 -1000.0000 	  0.8006 	  0.1519 
	 45.3060 	 7.671471e-02 	 188.7313 	  1.1471 	 2.946719e+21 	 1.956530e+19 	 3.944297e-05 	 2.233260e-06 	 -1000.0000 	 -1000.0000 	  0.7985 	  0.1546 
	 45.4270 	 7.578668e-02 	 188.4801 	  1.1443 	 2.914958e+21 	 1.933921e+19 	 3.879571e-05 	 2.199124e-06 	 -1000.0000 	 -1000.0000 	  0.7966 	  0.1575 
	 45.9450 	 7.191229e-02 	 187.2900 	  1.1373 	 2.783509e+21 	 1.849522e+19 	 3.764005e-05 	 2.105202e-06 	 -1000.0000 	 -1000.0000 	  0.7891 	  0.1703 
	 46.0660 	 7.102715e-02 	 186.9833 	  1.1352 	 2.753751e+21 	 1.830134e+19 	 3.773390e-05 	 2.099445e-06 	 -1000.0000 	 -1000.0000 	 -1000.0000 	 -1000.0000 
	 46.1860 	 7.015645e-02 	 186.6691 	  1.1327 	 2.724564e+21 	 1.810511e+19 	 3.796254e-05 	 2.101201e-06 	 -1000.0000 	 -1000.0000 	 -1000.0000 	 -1000.0000 
	 46.3070 	 6.928635e-02 	 186.3440 	  1.1299 	 2.695462e+21 	 1.790489e+19 	 3.833295e-05 	 2.110671e-06 	 -1000.0000 	 -1000.0000 	 -1000.0000 	 -1000.0000 
	 46.6970 	 6.654339e-02 	 185.2616 	  1.1198 	 2.603883e+21 	 1.726310e+19 	 4.054537e-05 	 2.190956e-06 	 -1000.0000 	 -1000.0000 	 -1000.0000 	 -1000.0000 
	 46.9380 	 6.490243e-02 	 184.5860 	  1.1143 	 2.548971e+21 	 1.688699e+19 	 4.276894e-05 	 2.275801e-06 	 -1000.0000 	 -1000.0000 	 -1000.0000 	 -1000.0000 
	 47.0580 	 6.410199e-02 	 184.2534 	  1.1120 	 2.522075e+21 	 1.670910e+19 	 4.414127e-05 	 2.327055e-06 	 -1000.0000 	 -1000.0000 	 -1000.0000 	 -1000.0000 
	 47.1790 	 6.330555e-02 	 183.9234 	  1.1101 	 2.495205e+21 	 1.653561e+19 	 4.570680e-05 	 2.384239e-06 	 -1000.0000 	 -1000.0000 	 -1000.0000 	 -1000.0000 
	 47.5770 	 6.075521e-02 	 182.9007 	  1.1063 	 2.408072e+21 	 1.599977e+19 	 5.208818e-05 	 2.605621e-06 	 -1000.0000 	 -1000.0000 	 -1000.0000 	 -1000.0000 
	 47.6980 	 5.999904e-02 	 182.6167 	  1.1059 	 2.381804e+21 	 1.584538e+19 	 5.437578e-05 	 2.681087e-06 	 -1000.0000 	 -1000.0000 	 -1000.0000 	 -1000.0000 
	 47.9380 	 5.852288e-02 	 182.1009 	  1.1063 	 2.329795e+21 	 1.554728e+19 	 5.931309e-05 	 2.837961e-06 	 -1000.0000 	 -1000.0000 	 -1000.0000 	 -1000.0000 
	 48.0590 	 5.779027e-02 	 181.8638 	  1.1069 	 2.303630e+21 	 1.539947e+19 	 6.195284e-05 	 2.919234e-06 	 -1000.0000 	 -1000.0000 	 -1000.0000 	 -1000.0000 
	 48.4570 	 5.543422e-02 	 181.1786 	  1.1092 	 2.218063e+21 	 1.491213e+19 	 7.090596e-05 	 3.186462e-06 	 -1000.0000 	 -1000.0000 	 -1000.0000 	 -1000.0000 
	 48.5780 	 5.473393e-02 	 180.9953 	  1.1097 	 2.192259e+21 	 1.476031e+19 	 7.357242e-05 	 3.264938e-06 	 -1000.0000 	 -1000.0000 	 -1000.0000 	 -1000.0000 
	 48.6980 	 5.404667e-02 	 180.8232 	  1.1099 	 2.166791e+21 	 1.460662e+19 	 7.612311e-05 	 3.340298e-06 	 -1000.0000 	 -1000.0000 	 -1000.0000 	 -1000.0000 
	 48.9390 	 5.268864e-02 	 180.5029 	  1.1096 	 2.116097e+21 	 1.428996e+19 	 8.085746e-05 	 3.481435e-06 	 -1000.0000 	 -1000.0000 	 -1000.0000 	 -1000.0000 
	 49.3400 	 5.049828e-02 	 180.0253 	  1.1078 	 2.033507e+21 	 1.375523e+19 	 8.715203e-05 	 3.668909e-06 	 -1000.0000 	 -1000.0000 	 -1000.0000 	 -1000.0000 
	 49.4600 	 4.986051e-02 	 179.8912 	  1.1073 	 2.009320e+21 	 1.359719e+19 	 8.855000e-05 	 3.708932e-06 	 -1000.0000 	 -1000.0000 	 -1000.0000 	 -1000.0000 
	 49.5800 	 4.923120e-02 	 179.7592 	  1.1068 	 1.985416e+21 	 1.344150e+19 	 8.969104e-05 	 3.739963e-06 	 -1000.0000 	 -1000.0000 	 -1000.0000 	 -1000.0000 
	 49.7000 	 4.861029e-02 	 179.6285 	  1.1064 	 1.961804e+21 	 1.328833e+19 	 9.056738e-05 	 3.761621e-06 	 -1000.0000 	 -1000.0000 	 -1000.0000 	 -1000.0000 
	 50.2200 	 4.601095e-02 	 179.0494 	  1.1045 	 1.862906e+21 	 1.264800e+19 	 9.172780e-05 	 3.764160e-06 	 -1000.0000 	 -1000.0000 	 -1000.0000 	 -1000.0000 
	 50.3400 	 4.543086e-02 	 178.9069 	  1.1039 	 1.840885e+21 	 1.250427e+19 	 9.153128e-05 	 3.749762e-06 	 -1000.0000 	 -1000.0000 	 -1000.0000 	 -1000.0000 
	 50.4600 	 4.485767e-02 	 178.7589 	  1.1031 	 1.819170e+21 	 1.236160e+19 	 9.121212e-05 	 3.731988e-06 	 -1000.0000 	 -1000.0000 	 -1000.0000 	 -1000.0000 
	 50.5800 	 4.429118e-02 	 178.6034 	  1.1022 	 1.797767e+21 	 1.222034e+19 	 9.077879e-05 	 3.711519e-06 	 -1000.0000 	 -1000.0000 	 -1000.0000 	 -1000.0000 
	 50.7000 	 4.373115e-02 	 178.4379 	  1.1013 	 1.776688e+21 	 1.208133e+19 	 9.022093e-05 	 3.688441e-06 	 -1000.0000 	 -1000.0000 	 -1000.0000 	 -1000.0000 
	 51.1100 	 4.186364e-02 	 177.7641 	  1.0990 	 1.707258e+21 	 1.163496e+19 	 8.711905e-05 	 3.583746e-06 	 -1000.0000 	 -1000.0000 	 -1000.0000 	 -1000.0000 
	 51.2300 	 4.132963e-02 	 177.5253 	  1.0989 	 1.687740e+21 	 1.151607e+19 	 8.579376e-05 	 3.543588e-06 	 -1000.0000 	 -1000.0000 	 -1000.0000 	 -1000.0000 
	 51.3500 	 4.080093e-02 	 177.2632 	  1.0991 	 1.668605e+21 	 1.140393e+19 	 8.427113e-05 	 3.498516e-06 	 -1000.0000 	 -1000.0000 	 -1000.0000 	 -1000.0000 
	 51.4700 	 4.027753e-02 	 176.9772 	  1.0997 	 1.649854e+21 	 1.129793e+19 	 8.257302e-05 	 3.476523e-06 	 -1000.0000 	 -1000.0000 	 -1000.0000 	 -1000.0000 
	 51.5900 	 3.975955e-02 	 176.6682 	  1.1004 	 1.631480e+21 	 1.119631e+19 	 8.075335e-05 	 3.487559e-06 	 -1000.0000 	 -1000.0000 	 -1000.0000 	 -1000.0000 
	 52.0000 	 3.803259e-02 	 175.4494 	  1.1006 	 1.571462e+21 	 1.085779e+19 	 7.456041e-05 	 3.465130e-06 	 -1000.0000 	 -1000.0000 	 -1000.0000 	 -1000.0000 
	 52.1200 	 3.754020e-02 	 175.0483 	  1.0992 	 1.554676e+21 	 1.075414e+19 	 7.297764e-05 	 3.458342e-06 	 -1000.0000 	 -1000.0000 	 -1000.0000 	 -1000.0000 
	 52.2400 	 3.705394e-02 	 174.6285 	  1.0967 	 1.538231e+21 	 1.064532e+19 	 7.157889e-05 	 3.455425e-06 	 -1000.0000 	 -1000.0000 	 -1000.0000 	 -1000.0000 
	 52.3600 	 3.657368e-02 	 174.1910 	  1.0933 	 1.522108e+21 	 1.053147e+19 	 7.037650e-05 	 3.454474e-06 	 -1000.0000 	 -1000.0000 	 -1000.0000 	 -1000.0000 
	 52.4800 	 3.609908e-02 	 173.7371 	  1.0891 	 1.506284e+21 	 1.041402e+19 	 6.935890e-05 	 3.446590e-06 	 -1000.0000 	 -1000.0000 	 -1000.0000 	 -1000.0000 
	 52.8830 	 3.454222e-02 	 172.1058 	  1.0716 	 1.454986e+21 	 1.001214e+19 	 6.697852e-05 	 3.397731e-06 	 -1000.0000 	 -1000.0000 	 -1000.0000 	 -1000.0000 
	 53.0020 	 3.409212e-02 	 171.5969 	  1.0663 	 1.440285e+21 	 9.896861e+18 	 6.649579e-05 	 3.392669e-06 	 -1000.0000 	 -1000.0000 	 -1000.0000 	 -1000.0000 
	 53.1220 	 3.364209e-02 	 171.0731 	  1.0612 	 1.425624e+21 	 9.784748e+18 	 6.607514e-05 	 3.399758e-06 	 -1000.0000 	 -1000.0000 	 -1000.0000 	 -1000.0000 
	 53.2420 	 3.319586e-02 	 170.5393 	  1.0566 	 1.411116e+21 	 9.677961e+18 	 6.570529e-05 	 3.426188e-06 	 -1000.0000 	 -1000.0000 	 -1000.0000 	 -1000.0000 
	 53.3610 	 3.275724e-02 	 170.0002 	  1.0526 	 1.396886e+21 	 9.578241e+18 	 6.537913e-05 	 3.477193e-06 	 -1000.0000 	 -1000.0000 	 -1000.0000 	 -1000.0000 
	 53.8950 	 3.084130e-02 	 167.4638 	  1.0458 	 1.335099e+21 	 9.230475e+18 	 6.421598e-05 	 3.959164e-06 	 -1000.0000 	 -1000.0000 	 -1000.0000 	 -1000.0000 
	 54.0140 	 3.042697e-02 	 166.8733 	  1.0476 	 1.321824e+21 	 9.180445e+18 	 6.398953e-05 	 4.087406e-06 	 -1000.0000 	 -1000.0000 	 -1000.0000 	 -1000.0000 
	 54.1340 	 3.001401e-02 	 166.2694 	  1.0508 	 1.308619e+21 	 9.140204e+18 	 6.375140e-05 	 4.206985e-06 	 -1000.0000 	 -1000.0000 	 -1000.0000 	 -1000.0000 
	 54.2530 	 2.960916e-02 	 165.6635 	  1.0548 	 1.295689e+21 	 9.107936e+18 	 6.345875e-05 	 4.304079e-06 	 -1000.0000 	 -1000.0000 	 -1000.0000 	 -1000.0000 
	 54.6660 	 2.823817e-02 	 163.5265 	  1.0715 	 1.251848e+21 	 9.019140e+18 	 6.121365e-05 	 4.385486e-06 	 -1000.0000 	 -1000.0000 	 -1000.0000 	 -1000.0000 
	 54.9040 	 2.747044e-02 	 162.2871 	  1.0790 	 1.227115e+21 	 8.954568e+18 	 5.835337e-05 	 4.203592e-06 	 -1000.0000 	 -1000.0000 	 -1000.0000 	 -1000.0000 
	 55.0240 	 2.708913e-02 	 161.6654 	  1.0813 	 1.214733e+21 	 8.911608e+18 	 5.633780e-05 	 4.047899e-06 	 -1000.0000 	 -1000.0000 	 -1000.0000 	 -1000.0000 
	 55.1430 	 2.671472e-02 	 161.0550 	  1.0828 	 1.202483e+21 	 8.862178e+18 	 5.401076e-05 	 3.865934e-06 	 -1000.0000 	 -1000.0000 	 -1000.0000 	 -1000.0000 
	 55.5630 	 2.542228e-02 	 158.9966 	  1.0822 	 1.159121e+21 	 8.640280e+18 	 4.381660e-05 	 3.086894e-06 	 -1000.0000 	 -1000.0000 	 -1000.0000 	 -1000.0000 
	 55.6820 	 2.506408e-02 	 158.4540 	  1.0809 	 1.146700e+21 	 8.565919e+18 	 4.044259e-05 	 2.829106e-06 	 -1000.0000 	 -1000.0000 	 -1000.0000 	 -1000.0000 
	 55.9220 	 2.435221e-02 	 157.4351 	  1.0774 	 1.121323e+21 	 8.403684e+18 	 3.313377e-05 	 2.265373e-06 	 -1000.0000 	 -1000.0000 	 -1000.0000 	 -1000.0000 
	 56.0410 	 2.400471e-02 	 156.9725 	  1.0754 	 1.108568e+21 	 8.318274e+18 	 2.946334e-05 	 1.983556e-06 	 -1000.0000 	 -1000.0000 	 -1000.0000 	 -1000.0000 
	 56.4560 	 2.282412e-02 	 155.6221 	  1.0690 	 1.063194e+21 	 8.004471e+18 	 1.940103e-05 	 1.351609e-06 	 -1000.0000 	 -1000.0000 	 -1000.0000 	 -1000.0000 
	 56.5750 	 2.249528e-02 	 155.3202 	  1.0677 	 1.049930e+21 	 7.912292e+18 	 1.729366e-05 	 1.240607e-06 	 -1000.0000 	 -1000.0000 	 -1000.0000 	 -1000.0000 
	 56.6940 	 2.217107e-02 	 155.0607 	  1.0669 	 1.036555e+21 	 7.820204e+18 	 1.546562e-05 	 1.139393e-06 	 -1000.0000 	 -1000.0000 	 -1000.0000 	 -1000.0000 
	 56.9330 	 2.153391e-02 	 154.6515 	  1.0669 	 1.009477e+21 	 7.638998e+18 	 1.263164e-05 	 9.696377e-07 	 -1000.0000 	 -1000.0000 	 -1000.0000 	 -1000.0000 
	 57.3490 	 2.046693e-02 	 154.1364 	  1.0746 	 9.626526e+20 	 7.357025e+18 	 9.687027e-06 	 7.687717e-07 	 -1000.0000 	 -1000.0000 	 -1000.0000 	 -1000.0000 
	 57.4680 	 2.017097e-02 	 153.9974 	  1.0790 	 9.495633e+20 	 7.289216e+18 	 9.132840e-06 	 7.285008e-07 	 -1000.0000 	 -1000.0000 	 -1000.0000 	 -1000.0000 
	 57.5860 	 1.988135e-02 	 153.8493 	  1.0845 	 9.368039e+20 	 7.229461e+18 	 8.637391e-06 	 6.936194e-07 	 -1000.0000 	 -1000.0000 	 -1000.0000 	 -1000.0000 
	 57.7050 	 1.959306e-02 	 153.6856 	  1.0912 	 9.241808e+20 	 7.176816e+18 	 8.166354e-06 	 6.624754e-07 	 -1000.0000 	 -1000.0000 	 -1000.0000 	 -1000.0000 
	 58.2490 	 1.832173e-02 	 152.7606 	  1.1307 	 8.694047e+20 	 7.003395e+18 	 6.274829e-06 	 5.595191e-07 	 -1000.0000 	 -1000.0000 	 -1000.0000 	 -1000.0000 
	 58.3670 	 1.805563e-02 	 152.5239 	  1.1399 	 8.581105e+20 	 6.973629e+18 	 5.914073e-06 	 5.431685e-07 	 -1000.0000 	 -1000.0000 	 -1000.0000 	 -1000.0000 
	 58.4860 	 1.779062e-02 	 152.2729 	  1.1491 	 8.469155e+20 	 6.944021e+18 	 5.568311e-06 	 5.279522e-07 	 -1000.0000 	 -1000.0000 	 -1000.0000 	 -1000.0000 
	 58.6050 	 1.752890e-02 	 152.0100 	  1.1578 	 8.359087e+20 	 6.913718e+18 	 5.241507e-06 	 5.136748e-07 	 -1000.0000 	 -1000.0000 	 -1000.0000 	 -1000.0000 
	 58.7240 	 1.727040e-02 	 151.7356 	  1.1659 	 8.250820e+20 	 6.881606e+18 	 4.934621e-06 	 5.000502e-07 	 -1000.0000 	 -1000.0000 	 -1000.0000 	 -1000.0000 
	 60.0390 	 1.461482e-02 	 148.2316 	  1.1796 	 7.147427e+20 	 6.188022e+18 	 2.936907e-06 	 3.558889e-07 	 -1000.0000 	 -1000.0000 	 -1000.0000 	 -1000.0000 
	 60.1580 	 1.439344e-02 	 147.9598 	  1.1778 	 7.052166e+20 	 6.107723e+18 	 2.845776e-06 	 3.445095e-07 	 -1000.0000 	 -1000.0000 	 -1000.0000 	 -1000.0000 
	 60.2760 	 1.417742e-02 	 147.7205 	  1.1771 	 6.957644e+20 	 6.031867e+18 	 2.759371e-06 	 3.343898e-07 	 -1000.0000 	 -1000.0000 	 -1000.0000 	 -1000.0000 
	 60.3950 	 1.396310e-02 	 147.5123 	  1.1777 	 6.862171e+20 	 5.959469e+18 	 2.675361e-06 	 3.255373e-07 	 -1000.0000 	 -1000.0000 	 -1000.0000 	 -1000.0000 
	 60.5140 	 1.375222e-02 	 147.3374 	  1.1792 	 6.766571e+20 	 5.889989e+18 	 2.595431e-06 	 3.180092e-07 	 -1000.0000 	 -1000.0000 	 -1000.0000 	 -1000.0000 
	 60.9310 	 1.303884e-02 	 146.9819 	  1.1874 	 6.431013e+20 	 5.651030e+18 	 2.362264e-06 	 3.008468e-07 	 -1000.0000 	 -1000.0000 	 -1000.0000 	 -1000.0000 
	 61.0500 	 1.284211e-02 	 146.9528 	  1.1895 	 6.335219e+20 	 5.578845e+18 	 2.313102e-06 	 2.981353e-07 	 -1000.0000 	 -1000.0000 	 -1000.0000 	 -1000.0000 
	 61.1690 	 1.264824e-02 	 146.9552 	  1.1908 	 6.239465e+20 	 5.502552e+18 	 2.273310e-06 	 2.961831e-07 	 -1000.0000 	 -1000.0000 	 -1000.0000 	 -1000.0000 
	 61.2870 	 1.245875e-02 	 146.9880 	  1.1913 	 6.144625e+20 	 5.422297e+18 	 2.243575e-06 	 2.949417e-07 	 -1000.0000 	 -1000.0000 	 -1000.0000 	 -1000.0000 
	 61.4060 	 1.227046e-02 	 147.0499 	  1.1909 	 6.049219e+20 	 5.337281e+18 	 2.223284e-06 	 2.944311e-07 	 -1000.0000 	 -1000.0000 	 -1000.0000 	 -1000.0000 
	 61.8410 	 1.160668e-02 	 147.4953 	  1.1841 	 5.704679e+20 	 5.002325e+18 	 2.229628e-06 	 2.996572e-07 	 -1000.0000 	 -1000.0000 	 -1000.0000 	 -1000.0000 
	 61.9600 	 1.143193e-02 	 147.6694 	  1.1810 	 5.612173e+20 	 4.907000e+18 	 2.252896e-06 	 3.032487e-07 	 -1000.0000 	 -1000.0000 	 -1000.0000 	 -1000.0000 
	 62.0790 	 1.126019e-02 	 147.8625 	  1.1775 	 5.520674e+20 	 4.811344e+18 	 2.285221e-06 	 3.078685e-07 	 -1000.0000 	 -1000.0000 	 -1000.0000 	 -1000.0000 
	 62.1970 	 1.109281e-02 	 148.0702 	  1.1737 	 5.431050e+20 	 4.716754e+18 	 2.326094e-06 	 3.134847e-07 	 -1000.0000 	 -1000.0000 	 -1000.0000 	 -1000.0000 
	 62.3160 	 1.092684e-02 	 148.2915 	  1.1696 	 5.341867e+20 	 4.622126e+18 	 2.376062e-06 	 3.201644e-07 	 -1000.0000 	 -1000.0000 	 -1000.0000 	 -1000.0000 
	 62.8620 	 1.019770e-02 	 149.3354 	  1.1518 	 4.950469e+20 	 4.211774e+18 	 2.712927e-06 	 3.627931e-07 	 -1000.0000 	 -1000.0000 	 -1000.0000 	 -1000.0000 
	 62.9810 	 1.004500e-02 	 149.5418 	  1.1488 	 4.869552e+20 	 4.130578e+18 	 2.808602e-06 	 3.744270e-07 	 -1000.0000 	 -1000.0000 	 -1000.0000 	 -1000.0000 
	 63.0990 	 9.895550e-03 	 149.7305 	  1.1463 	 4.791037e+20 	 4.053874e+18 	 2.910701e-06 	 3.866772e-07 	 -1000.0000 	 -1000.0000 	 -1000.0000 	 -1000.0000 
	 63.2170 	 9.748161e-03 	 149.9015 	  1.1443 	 4.714290e+20 	 3.980977e+18 	 3.019302e-06 	 3.995624e-07 	 -1000.0000 	 -1000.0000 	 -1000.0000 	 -1000.0000 
	 63.6540 	 9.221905e-03 	 150.3553 	  1.1419 	 4.446365e+20 	 3.743933e+18 	 3.465691e-06 	 4.514928e-07 	 -1000.0000 	 -1000.0000 	 -1000.0000 	 -1000.0000 
	 63.8910 	 8.950688e-03 	 150.4636 	  1.1439 	 4.312481e+20 	 3.636873e+18 	 3.726759e-06 	 4.813590e-07 	 -1000.0000 	 -1000.0000 	 -1000.0000 	 -1000.0000 
	 64.0090 	 8.819583e-03 	 150.4774 	  1.1458 	 4.248906e+20 	 3.589064e+18 	 3.858598e-06 	 4.963542e-07 	 -1000.0000 	 -1000.0000 	 -1000.0000 	 -1000.0000 
	 64.1270 	 8.690898e-03 	 150.4656 	  1.1483 	 4.187224e+20 	 3.544647e+18 	 3.989651e-06 	 5.112401e-07 	 -1000.0000 	 -1000.0000 	 -1000.0000 	 -1000.0000 
	 64.5540 	 8.242339e-03 	 150.2282 	  1.1621 	 3.977402e+20 	 3.408585e+18 	 4.431071e-06 	 5.617247e-07 	 -1000.0000 	 -1000.0000 	 -1000.0000 	 -1000.0000 
	 64.6720 	 8.122251e-03 	 150.1142 	  1.1672 	 3.922444e+20 	 3.376789e+18 	 4.536623e-06 	 5.740494e-07 	 -1000.0000 	 -1000.0000 	 -1000.0000 	 -1000.0000 
	 64.9090 	 7.884887e-03 	 149.8304 	  1.1791 	 3.815031e+20 	 3.318971e+18 	 4.716437e-06 	 5.956770e-07 	 -1000.0000 	 -1000.0000 	 -1000.0000 	 -1000.0000 
	 65.0270 	 7.768554e-03 	 149.6649 	  1.1857 	 3.762895e+20 	 3.292776e+18 	 4.788870e-06 	 6.047927e-07 	 -1000.0000 	 -1000.0000 	 -1000.0000 	 -1000.0000 
	 65.4670 	 7.346970e-03 	 148.9380 	  1.2134 	 3.576063e+20 	 3.206496e+18 	 4.961930e-06 	 6.294513e-07 	 -1000.0000 	 -1000.0000 	 -1000.0000 	 -1000.0000 
	 65.5850 	 7.237503e-03 	 148.7211 	  1.2214 	 3.527925e+20 	 3.185549e+18 	 4.983249e-06 	 6.336623e-07 	 -1000.0000 	 -1000.0000 	 -1000.0000 	 -1000.0000 
	 65.7030 	 7.129694e-03 	 148.4981 	  1.2296 	 3.480593e+20 	 3.165165e+18 	 4.994384e-06 	 6.369032e-07 	 -1000.0000 	 -1000.0000 	 -1000.0000 	 -1000.0000 
	 65.9390 	 6.919079e-03 	 148.0420 	  1.2460 	 3.388162e+20 	 3.125184e+18 	 4.989010e-06 	 6.407460e-07 	 -1000.0000 	 -1000.0000 	 -1000.0000 	 -1000.0000 
	 66.3770 	 6.544553e-03 	 147.2203 	  1.2747 	 3.222653e+20 	 3.047669e+18 	 4.910823e-06 	 6.412484e-07 	 -1000.0000 	 -1000.0000 	 -1000.0000 	 -1000.0000 
	 66.4950 	 6.446984e-03 	 147.0179 	  1.2815 	 3.178989e+20 	 3.024687e+18 	 4.881310e-06 	 6.405276e-07 	 -1000.0000 	 -1000.0000 	 -1000.0000 	 -1000.0000 
	 66.6130 	 6.350718e-03 	 146.8285 	  1.2878 	 3.135566e+20 	 3.000324e+18 	 4.850643e-06 	 6.396687e-07 	 -1000.0000 	 -1000.0000 	 -1000.0000 	 -1000.0000 
	 66.7310 	 6.255718e-03 	 146.6539 	  1.2936 	 3.092335e+20 	 2.974521e+18 	 4.819837e-06 	 6.387890e-07 	 -1000.0000 	 -1000.0000 	 -1000.0000 	 -1000.0000 
	 66.8490 	 6.161989e-03 	 146.4951 	  1.2990 	 3.049295e+20 	 2.947574e+18 	 4.789428e-06 	 6.380023e-07 	 -1000.0000 	 -1000.0000 	 -1000.0000 	 -1000.0000 
	 67.2870 	 5.825290e-03 	 146.0579 	  1.3194 	 2.891287e+20 	 2.843058e+18 	 4.688157e-06 	 6.377873e-07 	 -1000.0000 	 -1000.0000 	 -1000.0000 	 -1000.0000 
	 67.4050 	 5.737631e-03 	 145.9849 	  1.3259 	 2.849213e+20 	 2.815178e+18 	 4.666211e-06 	 6.389705e-07 	 -1000.0000 	 -1000.0000 	 -1000.0000 	 -1000.0000 
	 67.5230 	 5.651279e-03 	 145.9325 	  1.3332 	 2.807359e+20 	 2.788046e+18 	 4.647471e-06 	 6.408975e-07 	 -1000.0000 	 -1000.0000 	 -1000.0000 	 -1000.0000 
	 67.6410 	 5.566234e-03 	 145.9011 	  1.3415 	 2.765731e+20 	 2.761802e+18 	 4.632411e-06 	 6.436404e-07 	 -1000.0000 	 -1000.0000 	 -1000.0000 	 -1000.0000 
	 68.2000 	 5.180656e-03 	 146.0300 	  1.3859 	 2.571981e+20 	 2.641342e+18 	 4.624382e-06 	 6.672772e-07 	 -1000.0000 	 -1000.0000 	 -1000.0000 	 -1000.0000 
	 68.3180 	 5.102817e-03 	 146.1139 	  1.3949 	 2.531892e+20 	 2.614867e+18 	 4.638823e-06 	 6.743985e-07 	 -1000.0000 	 -1000.0000 	 -1000.0000 	 -1000.0000 
	 68.4350 	 5.026826e-03 	 146.2159 	  1.4033 	 2.492448e+20 	 2.587616e+18 	 4.659645e-06 	 6.821573e-07 	 -1000.0000 	 -1000.0000 	 -1000.0000 	 -1000.0000 
	 68.5520 	 4.952002e-03 	 146.3363 	  1.4109 	 2.453322e+20 	 2.559087e+18 	 4.687364e-06 	 6.905970e-07 	 -1000.0000 	 -1000.0000 	 -1000.0000 	 -1000.0000 
	 68.6700 	 4.877707e-03 	 146.4760 	  1.4174 	 2.414195e+20 	 2.528731e+18 	 4.722729e-06 	 6.997841e-07 	 -1000.0000 	 -1000.0000 	 -1000.0000 	 -1000.0000 
	 69.9930 	 4.120989e-03 	 149.1716 	  1.3710 	 2.002701e+20 	 2.028428e+18 	 5.780294e-06 	 8.509056e-07 	 -1000.0000 	 -1000.0000 	 -1000.0000 	 -1000.0000 
	 70.1100 	 4.060678e-03 	 149.4851 	  1.3594 	 1.969252e+20 	 1.977061e+18 	 5.952927e-06 	 8.707673e-07 	 -1000.0000 	 -1000.0000 	 -1000.0000 	 -1000.0000 
	 70.2270 	 4.001451e-03 	 149.8048 	  1.3481 	 1.936393e+20 	 1.927333e+18 	 6.142884e-06 	 8.923678e-07 	 -1000.0000 	 -1000.0000 	 -1000.0000 	 -1000.0000 
	 70.3440 	 3.943302e-03 	 150.1292 	  1.3373 	 1.904143e+20 	 1.879752e+18 	 6.350937e-06 	 9.158192e-07 	 -1000.0000 	 -1000.0000 	 -1000.0000 	 -1000.0000 
	 70.4610 	 3.886193e-03 	 150.4560 	  1.3272 	 1.872505e+20 	 1.834296e+18 	 6.577082e-06 	 9.410757e-07 	 -1000.0000 	 -1000.0000 	 -1000.0000 	 -1000.0000 
	 70.9130 	 3.674577e-03 	 151.6975 	  1.2937 	 1.756059e+20 	 1.676693e+18 	 7.617815e-06 	 1.054203e-06 	 -1000.0000 	 -1000.0000 	 -1000.0000 	 -1000.0000 
	 71.0300 	 3.621936e-03 	 152.0021 	  1.2864 	 1.727419e+20 	 1.640052e+18 	 7.929627e-06 	 1.087133e-06 	 -1000.0000 	 -1000.0000 	 -1000.0000 	 -1000.0000 
	 71.1470 	 3.570091e-03 	 152.2951 	  1.2796 	 1.699399e+20 	 1.604912e+18 	 8.258501e-06 	 1.121401e-06 	 -1000.0000 	 -1000.0000 	 -1000.0000 	 -1000.0000 
	 71.2640 	 3.519013e-03 	 152.5752 	  1.2734 	 1.671993e+20 	 1.571163e+18 	 8.603909e-06 	 1.156912e-06 	 -1000.0000 	 -1000.0000 	 -1000.0000 	 -1000.0000 
	 71.3810 	 3.468692e-03 	 152.8434 	  1.2675 	 1.645181e+20 	 1.538687e+18 	 8.964602e-06 	 1.193557e-06 	 -1000.0000 	 -1000.0000 	 -1000.0000 	 -1000.0000 
	 71.8260 	 3.284160e-03 	 153.7768 	  1.2472 	 1.548213e+20 	 1.424698e+18 	 1.045210e-05 	 1.341346e-06 	 -1000.0000 	 -1000.0000 	 -1000.0000 	 -1000.0000 
	 71.9420 	 3.237823e-03 	 154.0035 	  1.2421 	 1.524133e+20 	 1.396920e+18 	 1.086365e-05 	 1.381562e-06 	 -1000.0000 	 -1000.0000 	 -1000.0000 	 -1000.0000 
	 72.0590 	 3.191819e-03 	 154.2276 	  1.2368 	 1.500302e+20 	 1.369484e+18 	 1.128607e-05 	 1.422629e-06 	 -1000.0000 	 -1000.0000 	 -1000.0000 	 -1000.0000 
	 72.1760 	 3.146545e-03 	 154.4485 	  1.2313 	 1.476909e+20 	 1.342563e+18 	 1.171471e-05 	 1.464110e-06 	 -1000.0000 	 -1000.0000 	 -1000.0000 	 -1000.0000 
	 72.2930 	 3.101993e-03 	 154.6672 	  1.2258 	 1.453937e+20 	 1.316217e+18 	 1.214896e-05 	 1.505932e-06 	 -1000.0000 	 -1000.0000 	 -1000.0000 	 -1000.0000 
	 72.8620 	 2.895359e-03 	 155.7404 	  1.2043 	 1.347733e+20 	 1.199095e+18 	 1.432483e-05 	 1.712020e-06 	 -1000.0000 	 -1000.0000 	 -1000.0000 	 -1000.0000 
	 72.9790 	 2.854878e-03 	 155.9709 	  1.2020 	 1.326927e+20 	 1.177847e+18 	 1.478207e-05 	 1.754494e-06 	 -1000.0000 	 -1000.0000 	 -1000.0000 	 -1000.0000 
	 73.0960 	 2.815060e-03 	 156.2072 	  1.2008 	 1.306441e+20 	 1.157711e+18 	 1.524159e-05 	 1.796865e-06 	 -1000.0000 	 -1000.0000 	 -1000.0000 	 -1000.0000 
	 73.2130 	 2.775894e-03 	 156.4495 	  1.2006 	 1.286269e+20 	 1.138582e+18 	 1.570309e-05 	 1.839139e-06 	 -1000.0000 	 -1000.0000 	 -1000.0000 	 -1000.0000 
	 73.6660 	 2.630127e-03 	 157.4427 	  1.2057 	 1.211031e+20 	 1.071620e+18 	 1.750412e-05 	 2.002254e-06 	 -1000.0000 	 -1000.0000 	 -1000.0000 	 -1000.0000 
	 73.8990 	 2.558600e-03 	 157.9874 	  1.2104 	 1.174039e+20 	 1.039844e+18 	 1.843604e-05 	 2.086074e-06 	 -1000.0000 	 -1000.0000 	 -1000.0000 	 -1000.0000 
	 74.0160 	 2.523518e-03 	 158.2691 	  1.2127 	 1.155885e+20 	 1.024144e+18 	 1.890403e-05 	 2.128165e-06 	 -1000.0000 	 -1000.0000 	 -1000.0000 	 -1000.0000 
	 74.1330 	 2.488975e-03 	 158.5549 	  1.2149 	 1.138014e+20 	 1.008518e+18 	 1.936931e-05 	 2.170076e-06 	 -1000.0000 	 -1000.0000 	 -1000.0000 	 -1000.0000 
	 74.5860 	 2.360053e-03 	 159.6717 	  1.2185 	 1.071523e+20 	 9.477154e+17 	 2.109436e-05 	 2.326965e-06 	 -1000.0000 	 -1000.0000 	 -1000.0000 	 -1000.0000 
	 74.7020 	 2.328205e-03 	 159.9532 	  1.2176 	 1.055198e+20 	 9.318180e+17 	 2.150346e-05 	 2.364821e-06 	 -1000.0000 	 -1000.0000 	 -1000.0000 	 -1000.0000 
	 74.8190 	 2.296535e-03 	 160.2323 	  1.2155 	 1.039027e+20 	 9.155445e+17 	 2.189715e-05 	 2.401651e-06 	 -1000.0000 	 -1000.0000 	 -1000.0000 	 -1000.0000 
	 74.9360 	 2.265311e-03 	 160.5053 	  1.2123 	 1.023151e+20 	 8.990123e+17 	 2.226847e-05 	 2.436883e-06 	 -1000.0000 	 -1000.0000 	 -1000.0000 	 -1000.0000 
	 75.0530 	 2.234531e-03 	 160.7721 	  1.2081 	 1.007572e+20 	 8.823132e+17 	 2.261251e-05 	 2.470179e-06 	 -1000.0000 	 -1000.0000 	 -1000.0000 	 -1000.0000 
	 75.5090 	 2.118874e-03 	 161.7483 	  1.1861 	 9.496553e+19 	 8.177680e+17 	 2.359524e-05 	 2.574772e-06 	 -1000.0000 	 -1000.0000 	 -1000.0000 	 -1000.0000 
	 75.6250 	 2.090560e-03 	 161.9799 	  1.1802 	 9.356281e+19 	 8.020258e+17 	 2.372946e-05 	 2.593283e-06 	 -1000.0000 	 -1000.0000 	 -1000.0000 	 -1000.0000 
	 75.8580 	 2.035061e-03 	 162.4234 	  1.1691 	 9.083096e+19 	 7.719767e+17 	 2.382458e-05 	 2.618248e-06 	 -1000.0000 	 -1000.0000 	 -1000.0000 	 -1000.0000 
	 75.9740 	 2.008097e-03 	 162.6317 	  1.1641 	 8.951295e+19 	 7.578462e+17 	 2.378902e-05 	 2.624525e-06 	 -1000.0000 	 -1000.0000 	 -1000.0000 	 -1000.0000 
	 76.4310 	 1.905754e-03 	 163.3402 	  1.1454 	 8.458232e+19 	 7.063964e+17 	 2.329054e-05 	 2.614586e-06 	 -1000.0000 	 -1000.0000 	 -1000.0000 	 -1000.0000 
	 76.5480 	 1.880455e-03 	 163.4859 	  1.1402 	 8.338490e+19 	 6.940381e+17 	 2.311146e-05 	 2.604346e-06 	 -1000.0000 	 -1000.0000 	 -1000.0000 	 -1000.0000 
	 76.6640 	 1.855698e-03 	 163.6130 	  1.1348 	 8.222291e+19 	 6.820049e+17 	 2.292948e-05 	 2.591579e-06 	 -1000.0000 	 -1000.0000 	 -1000.0000 	 -1000.0000 
	 76.8960 	 1.807102e-03 	 163.8117 	  1.1229 	 7.997249e+19 	 6.585941e+17 	 2.257388e-05 	 2.560131e-06 	 -1000.0000 	 -1000.0000 	 -1000.0000 	 -1000.0000 
	 77.3610 	 1.713356e-03 	 163.9809 	  1.1051 	 7.574608e+19 	 6.171922e+17 	 2.190046e-05 	 2.499285e-06 	 -1000.0000 	 -1000.0000 	 -1000.0000 	 -1000.0000 
	 77.4780 	 1.690534e-03 	 163.9745 	  1.1040 	 7.474005e+19 	 6.085903e+17 	 2.173826e-05 	 2.490131e-06 	 -1000.0000 	 -1000.0000 	 -1000.0000 	 -1000.0000 
	 77.5940 	 1.668211e-03 	 163.9483 	  1.1050 	 7.376459e+19 	 6.010057e+17 	 2.158000e-05 	 2.485440e-06 	 -1000.0000 	 -1000.0000 	 -1000.0000 	 -1000.0000 
	 77.7100 	 1.646188e-03 	 163.9023 	  1.1084 	 7.281058e+19 	 5.944197e+17 	 2.142410e-05 	 2.485716e-06 	 -1000.0000 	 -1000.0000 	 -1000.0000 	 -1000.0000 
	 77.8260 	 1.624459e-03 	 163.8371 	  1.1137 	 7.187737e+19 	 5.887259e+17 	 2.127044e-05 	 2.490425e-06 	 -1000.0000 	 -1000.0000 	 -1000.0000 	 -1000.0000 
	 78.2810 	 1.541956e-03 	 163.4036 	  1.1460 	 6.840501e+19 	 5.723549e+17 	 2.068621e-05 	 2.537177e-06 	 -1000.0000 	 -1000.0000 	 -1000.0000 	 -1000.0000 
	 78.3980 	 1.521411e-03 	 163.2487 	  1.1554 	 6.755726e+19 	 5.689972e+17 	 2.053988e-05 	 2.552756e-06 	 -1000.0000 	 -1000.0000 	 -1000.0000 	 -1000.0000 
	 78.5140 	 1.501300e-03 	 163.0785 	  1.1642 	 6.673365e+19 	 5.657360e+17 	 2.039602e-05 	 2.568153e-06 	 -1000.0000 	 -1000.0000 	 -1000.0000 	 -1000.0000 
	 78.6300 	 1.481439e-03 	 162.8923 	  1.1722 	 6.592620e+19 	 5.624030e+17 	 2.025323e-05 	 2.582765e-06 	 -1000.0000 	 -1000.0000 	 -1000.0000 	 -1000.0000 
	 80.1140 	 1.246962e-03 	 159.3078 	  1.0760 	 5.674446e+19 	 4.680558e+17 	 1.850230e-05 	 2.463281e-06 	 -1000.0000 	 -1000.0000 	 -1000.0000 	 -1000.0000 
	 80.2300 	 1.230065e-03 	 158.9534 	  1.0593 	 5.610021e+19 	 4.584805e+17 	 1.838349e-05 	 2.437829e-06 	 -1000.0000 	 -1000.0000 	 -1000.0000 	 -1000.0000 
	 80.3460 	 1.213377e-03 	 158.5916 	  1.0449 	 5.546514e+19 	 4.497410e+17 	 1.827174e-05 	 2.415633e-06 	 -1000.0000 	 -1000.0000 	 -1000.0000 	 -1000.0000 
	 80.4610 	 1.197039e-03 	 158.2265 	  1.0337 	 5.484426e+19 	 4.421208e+17 	 1.816899e-05 	 2.397959e-06 	 -1000.0000 	 -1000.0000 	 -1000.0000 	 -1000.0000 
	 80.5770 	 1.180765e-03 	 157.8538 	  1.0252 	 5.422603e+19 	 4.354273e+17 	 1.807376e-05 	 2.384270e-06 	 -1000.0000 	 -1000.0000 	 -1000.0000 	 -1000.0000 
	 81.0440 	 1.117232e-03 	 156.3510 	  1.0127 	 5.180115e+19 	 4.157389e+17 	 1.777771e-05 	 2.358467e-06 	 -1000.0000 	 -1000.0000 	 -1000.0000 	 -1000.0000 
	 81.1600 	 1.101922e-03 	 155.9882 	  1.0131 	 5.121033e+19 	 4.119475e+17 	 1.772612e-05 	 2.356117e-06 	 -1000.0000 	 -1000.0000 	 -1000.0000 	 -1000.0000 
	 81.2760 	 1.086790e-03 	 155.6340 	  1.0142 	 5.062234e+19 	 4.083132e+17 	 1.768328e-05 	 2.354086e-06 	 -1000.0000 	 -1000.0000 	 -1000.0000 	 -1000.0000 
	 81.3910 	 1.071961e-03 	 155.2930 	  1.0156 	 5.004152e+19 	 4.047529e+17 	 1.764915e-05 	 2.351896e-06 	 -1000.0000 	 -1000.0000 	 -1000.0000 	 -1000.0000 
	 81.5070 	 1.057173e-03 	 154.9585 	  1.0173 	 4.945794e+19 	 4.012033e+17 	 1.762168e-05 	 2.349717e-06 	 -1000.0000 	 -1000.0000 	 -1000.0000 	 -1000.0000 
	 81.9740 	 9.993229e-04 	 153.6833 	  1.0297 	 4.713944e+19 	 3.879485e+17 	 1.754553e-05 	 2.349613e-06 	 -1000.0000 	 -1000.0000 	 -1000.0000 	 -1000.0000 
	 82.0900 	 9.853588e-04 	 153.3779 	  1.0346 	 4.657316e+19 	 3.850655e+17 	 1.752629e-05 	 2.353848e-06 	 -1000.0000 	 -1000.0000 	 -1000.0000 	 -1000.0000 
	 82.2060 	 9.715511e-04 	 153.0745 	  1.0404 	 4.601148e+19 	 3.824061e+17 	 1.750344e-05 	 2.360626e-06 	 -1000.0000 	 -1000.0000 	 -1000.0000 	 -1000.0000 
	 82.3210 	 9.580148e-04 	 152.7745 	  1.0472 	 4.545951e+19 	 3.800108e+17 	 1.747584e-05 	 2.370162e-06 	 -1000.0000 	 -1000.0000 	 -1000.0000 	 -1000.0000 
	 82.4370 	 9.445141e-04 	 152.4722 	  1.0549 	 4.490783e+19 	 3.778113e+17 	 1.744320e-05 	 2.382363e-06 	 -1000.0000 	 -1000.0000 	 -1000.0000 	 -1000.0000 
	 82.9070 	 8.913917e-04 	 151.2436 	  1.0908 	 4.272709e+19 	 3.702607e+17 	 1.727570e-05 	 2.449165e-06 	 -1000.0000 	 -1000.0000 	 -1000.0000 	 -1000.0000 
	 83.0220 	 8.787799e-04 	 150.9403 	  1.0998 	 4.220736e+19 	 3.685343e+17 	 1.722949e-05 	 2.467512e-06 	 -1000.0000 	 -1000.0000 	 -1000.0000 	 -1000.0000 
	 83.1380 	 8.662128e-04 	 150.6326 	  1.1085 	 4.168885e+19 	 3.667569e+17 	 1.718214e-05 	 2.485931e-06 	 -1000.0000 	 -1000.0000 	 -1000.0000 	 -1000.0000 
	 83.2530 	 8.539069e-04 	 150.3256 	  1.1167 	 4.118060e+19 	 3.649179e+17 	 1.713512e-05 	 2.503674e-06 	 -1000.0000 	 -1000.0000 	 -1000.0000 	 -1000.0000 
	 83.3690 	 8.416486e-04 	 150.0135 	  1.1243 	 4.067388e+19 	 3.629437e+17 	 1.708827e-05 	 2.520620e-06 	 -1000.0000 	 -1000.0000 	 -1000.0000 	 -1000.0000 
	 84.7500 	 7.074742e-04 	 146.0819 	  1.1134 	 3.510827e+19 	 3.193544e+17 	 1.679570e-05 	 2.539805e-06 	 -1000.0000 	 -1000.0000 	 -1000.0000 	 -1000.0000 
	 84.8650 	 6.971964e-04 	 145.7639 	  1.1064 	 3.467394e+19 	 3.145170e+17 	 1.680787e-05 	 2.532471e-06 	 -1000.0000 	 -1000.0000 	 -1000.0000 	 -1000.0000 
	 84.9800 	 6.870324e-04 	 145.4563 	  1.0998 	 3.424101e+19 	 3.097763e+17 	 1.682750e-05 	 2.527156e-06 	 -1000.0000 	 -1000.0000 	 -1000.0000 	 -1000.0000 
	 85.0950 	 6.769776e-04 	 145.1608 	  1.0940 	 3.380884e+19 	 3.051954e+17 	 1.685489e-05 	 2.524625e-06 	 -1000.0000 	 -1000.0000 	 -1000.0000 	 -1000.0000 
	 85.2100 	 6.670344e-04 	 144.8771 	  1.0888 	 3.337771e+19 	 3.007795e+17 	 1.688940e-05 	 2.524896e-06 	 -1000.0000 	 -1000.0000 	 -1000.0000 	 -1000.0000 
	 85.6900 	 6.268532e-04 	 143.7938 	  1.0727 	 3.160339e+19 	 2.837114e+17 	 1.708753e-05 	 2.549620e-06 	 -1000.0000 	 -1000.0000 	 -1000.0000 	 -1000.0000 
	 85.8050 	 6.175707e-04 	 143.5521 	  1.0695 	 3.118767e+19 	 2.798484e+17 	 1.714239e-05 	 2.559572e-06 	 -1000.0000 	 -1000.0000 	 -1000.0000 	 -1000.0000 
	 85.9200 	 6.084322e-04 	 143.3147 	  1.0663 	 3.077688e+19 	 2.760339e+17 	 1.719793e-05 	 2.570446e-06 	 -1000.0000 	 -1000.0000 	 -1000.0000 	 -1000.0000 
	 86.0350 	 5.994413e-04 	 143.0807 	  1.0631 	 3.037153e+19 	 2.722536e+17 	 1.725321e-05 	 2.581965e-06 	 -1000.0000 	 -1000.0000 	 -1000.0000 	 -1000.0000 
	 86.1500 	 5.905933e-04 	 142.8502 	  1.0599 	 2.997143e+19 	 2.685187e+17 	 1.730794e-05 	 2.594044e-06 	 -1000.0000 	 -1000.0000 	 -1000.0000 	 -1000.0000 
	 86.6230 	 5.555380e-04 	 141.9497 	  1.0506 	 2.837133e+19 	 2.540821e+17 	 1.752665e-05 	 2.649309e-06 	 -1000.0000 	 -1000.0000 	 -1000.0000 	 -1000.0000 
	 86.8520 	 5.392265e-04 	 141.5488 	  1.0508 	 2.761650e+19 	 2.479283e+17 	 1.762838e-05 	 2.679093e-06 	 -1000.0000 	 -1000.0000 	 -1000.0000 	 -1000.0000 
	 86.9670 	 5.311710e-04 	 141.3578 	  1.0525 	 2.724080e+19 	 2.451132e+17 	 1.767837e-05 	 2.694743e-06 	 -1000.0000 	 -1000.0000 	 -1000.0000 	 -1000.0000 
	 87.0810 	 5.232728e-04 	 141.1750 	  1.0554 	 2.687057e+19 	 2.424936e+17 	 1.772724e-05 	 2.710650e-06 	 -1000.0000 	 -1000.0000 	 -1000.0000 	 -1000.0000 
	 87.5630 	 4.909107e-04 	 140.4606 	  1.0743 	 2.533693e+19 	 2.326080e+17 	 1.792823e-05 	 2.780499e-06 	 -1000.0000 	 -1000.0000 	 -1000.0000 	 -1000.0000 
	 87.6780 	 4.834527e-04 	 140.3004 	  1.0794 	 2.498040e+19 	 2.303683e+17 	 1.797527e-05 	 2.797369e-06 	 -1000.0000 	 -1000.0000 	 -1000.0000 	 -1000.0000 
	 87.7920 	 4.761661e-04 	 140.1443 	  1.0842 	 2.463121e+19 	 2.281304e+17 	 1.802173e-05 	 2.814013e-06 	 -1000.0000 	 -1000.0000 	 -1000.0000 	 -1000.0000 
	 87.9070 	 4.689256e-04 	 139.9887 	  1.0887 	 2.428353e+19 	 2.258277e+17 	 1.806863e-05 	 2.830670e-06 	 -1000.0000 	 -1000.0000 	 -1000.0000 	 -1000.0000 
	 88.0210 	 4.618560e-04 	 139.8368 	  1.0927 	 2.394334e+19 	 2.234994e+17 	 1.811624e-05 	 2.847168e-06 	 -1000.0000 	 -1000.0000 	 -1000.0000 	 -1000.0000 
	 88.5030 	 4.330871e-04 	 139.2319 	  1.1072 	 2.254951e+19 	 2.133927e+17 	 1.836424e-05 	 2.921172e-06 	 -1000.0000 	 -1000.0000 	 -1000.0000 	 -1000.0000 
	 88.6180 	 4.264758e-04 	 139.0996 	  1.1105 	 2.222645e+19 	 2.109761e+17 	 1.844277e-05 	 2.940903e-06 	 -1000.0000 	 -1000.0000 	 -1000.0000 	 -1000.0000 
	 88.8470 	 4.135802e-04 	 138.8541 	  1.1173 	 2.159258e+19 	 2.062331e+17 	 1.863206e-05 	 2.983956e-06 	 -1000.0000 	 -1000.0000 	 -1000.0000 	 -1000.0000 
	 88.9610 	 4.072926e-04 	 138.7415 	  1.1210 	 2.128157e+19 	 2.039115e+17 	 1.874399e-05 	 3.007425e-06 	 -1000.0000 	 -1000.0000 	 -1000.0000 	 -1000.0000 
	 89.4360 	 3.820818e-04 	 138.3449 	  1.1359 	 2.002148e+19 	 1.943332e+17 	 1.932754e-05 	 3.118389e-06 	 -1000.0000 	 -1000.0000 	 -1000.0000 	 -1000.0000 
	 89.5500 	 3.762778e-04 	 138.2678 	  1.1390 	 1.972836e+19 	 1.920148e+17 	 1.949337e-05 	 3.147841e-06 	 -1000.0000 	 -1000.0000 	 -1000.0000 	 -1000.0000 
	 89.6640 	 3.705730e-04 	 138.1979 	  1.1418 	 1.943911e+19 	 1.896724e+17 	 1.966826e-05 	 3.178253e-06 	 -1000.0000 	 -1000.0000 	 -1000.0000 	 -1000.0000 
	 89.7790 	 3.649200e-04 	 138.1348 	  1.1442 	 1.915137e+19 	 1.872782e+17 	 1.985340e-05 	 3.209841e-06 	 -1000.0000 	 -1000.0000 	 -1000.0000 	 -1000.0000 
	 89.8930 	 3.594135e-04 	 138.0791 	  1.1462 	 1.887006e+19 	 1.848756e+17 	 2.004487e-05 	 3.242024e-06 	 -1000.0000 	 -1000.0000 	 -1000.0000 	 -1000.0000 
	 90.3760 	 3.370267e-04 	 137.8977 	  1.1511 	 1.771797e+19 	 1.745156e+17 	 2.092635e-05 	 3.387672e-06 	 -1000.0000 	 -1000.0000 	 -1000.0000 	 -1000.0000 
	 90.4900 	 3.319342e-04 	 137.8631 	  1.1515 	 1.745455e+19 	 1.720610e+17 	 2.114686e-05 	 3.424170e-06 	 -1000.0000 	 -1000.0000 	 -1000.0000 	 -1000.0000 
	 90.6040 	 3.269028e-04 	 137.8299 	  1.1518 	 1.719405e+19 	 1.696156e+17 	 2.137057e-05 	 3.461453e-06 	 -1000.0000 	 -1000.0000 	 -1000.0000 	 -1000.0000 
	 90.8330 	 3.169652e-04 	 137.7642 	  1.1520 	 1.667924e+19 	 1.647660e+17 	 2.182733e-05 	 3.538929e-06 	 -1000.0000 	 -1000.0000 	 -1000.0000 	 -1000.0000 
	 91.3190 	 2.966968e-04 	 137.6181 	  1.1573 	 1.562929e+19 	 1.552939e+17 	 2.282976e-05 	 3.722767e-06 	 -1000.0000 	 -1000.0000 	 -1000.0000 	 -1000.0000 
	 91.4330 	 2.921239e-04 	 137.5805 	  1.1609 	 1.539262e+19 	 1.533473e+17 	 2.307197e-05 	 3.771456e-06 	 -1000.0000 	 -1000.0000 	 -1000.0000 	 -1000.0000 
	 91.5460 	 2.876654e-04 	 137.5414 	  1.1658 	 1.516202e+19 	 1.515577e+17 	 2.331489e-05 	 3.822368e-06 	 -1000.0000 	 -1000.0000 	 -1000.0000 	 -1000.0000 
	 91.6600 	 2.832452e-04 	 137.4998 	  1.1722 	 1.493358e+19 	 1.499084e+17 	 2.356285e-05 	 3.876622e-06 	 -1000.0000 	 -1000.0000 	 -1000.0000 	 -1000.0000 
	 91.7740 	 2.789023e-04 	 137.4558 	  1.1800 	 1.470934e+19 	 1.484071e+17 	 2.381334e-05 	 3.933548e-06 	 -1000.0000 	 -1000.0000 	 -1000.0000 	 -1000.0000 
	 92.2590 	 2.612374e-04 	 137.2414 	  1.2230 	 1.379933e+19 	 1.431771e+17 	 2.489381e-05 	 4.194612e-06 	 -1000.0000 	 -1000.0000 	 -1000.0000 	 -1000.0000 
	 92.3720 	 2.572977e-04 	 137.1847 	  1.2339 	 1.359687e+19 	 1.421119e+17 	 2.514579e-05 	 4.257265e-06 	 -1000.0000 	 -1000.0000 	 -1000.0000 	 -1000.0000 
	 92.4860 	 2.533859e-04 	 137.1248 	  1.2447 	 1.339602e+19 	 1.410517e+17 	 2.539886e-05 	 4.320191e-06 	 -1000.0000 	 -1000.0000 	 -1000.0000 	 -1000.0000 
	 92.6000 	 2.495346e-04 	 137.0620 	  1.2551 	 1.319847e+19 	 1.399846e+17 	 2.565021e-05 	 4.382363e-06 	 -1000.0000 	 -1000.0000 	 -1000.0000 	 -1000.0000 
