	 height_(km) 	 press_(mbar) 	 temp_(K) 	 temperr_(K) 	 numdens_(m-3) 	 numdenserr_(m-3) 	 H2Ovmr_() 	 H2Ovmrerr_() 	 D/H_(VSMOW) 	 D/Herr_(VSMOW) 	 18O/16O_(VSMOW) 	 18O/16Oerr_(VSMOW) 
	  4.6420 	 2.551547e+00 	 133.2692 	  2.0988 	 1.388788e+23 	 2.270048e+21 	 2.483271e-08 	 9.212805e-09 	 -1000.0000 	 -1000.0000 	 -1000.0000 	 -1000.0000 
	  4.8620 	 2.471301e+00 	 133.5385 	  1.9081 	 1.340383e+23 	 2.001223e+21 	 2.415789e-08 	 8.452883e-09 	 -1000.0000 	 -1000.0000 	 -1000.0000 	 -1000.0000 
	  5.0810 	 2.394254e+00 	 134.0169 	  1.7351 	 1.293040e+23 	 1.763432e+21 	 2.337631e-08 	 7.739754e-09 	 -1000.0000 	 -1000.0000 	 -1000.0000 	 -1000.0000 
	  5.3010 	 2.319613e+00 	 134.6753 	  1.5775 	 1.246446e+23 	 1.552567e+21 	 2.249943e-08 	 7.066939e-09 	 -1000.0000 	 -1000.0000 	 -1000.0000 	 -1000.0000 
	  5.5210 	 2.247647e+00 	 135.4786 	  1.4355 	 1.200943e+23 	 1.367837e+21 	 2.154926e-08 	 6.437829e-09 	 -1000.0000 	 -1000.0000 	 -1000.0000 	 -1000.0000 
	  6.0370 	 2.088837e+00 	 137.7405 	  1.1598 	 1.099179e+23 	 1.026044e+21 	 1.913931e-08 	 5.133947e-09 	 -1000.0000 	 -1000.0000 	 -1000.0000 	 -1000.0000 
	  6.2560 	 2.025452e+00 	 138.7800 	  1.0655 	 1.058384e+23 	 9.150762e+20 	 1.808454e-08 	 4.653400e-09 	 -1000.0000 	 -1000.0000 	 -1000.0000 	 -1000.0000 
	  6.4750 	 1.964331e+00 	 139.8190 	  0.9838 	 1.019189e+23 	 8.216422e+20 	 1.703750e-08 	 4.216311e-09 	 -1000.0000 	 -1000.0000 	 -1000.0000 	 -1000.0000 
	  6.6940 	 1.905387e+00 	 140.8243 	  0.9141 	 9.817149e+22 	 7.438236e+20 	 1.601660e-08 	 3.822717e-09 	 -1000.0000 	 -1000.0000 	 -1000.0000 	 -1000.0000 
	  6.9130 	 1.848532e+00 	 141.7630 	  0.8557 	 9.460805e+22 	 6.797025e+20 	 1.504026e-08 	 3.472651e-09 	 -1000.0000 	 -1000.0000 	 -1000.0000 	 -1000.0000 
	  7.4370 	 1.720445e+00 	 143.5421 	  0.7578 	 8.689960e+22 	 5.704774e+20 	 1.299459e-08 	 2.811932e-09 	 -1000.0000 	 -1000.0000 	 -1000.0000 	 -1000.0000 
	  7.6560 	 1.670015e+00 	 144.0115 	  0.7328 	 8.404738e+22 	 5.385782e+20 	 1.230522e-08 	 2.609517e-09 	 -1000.0000 	 -1000.0000 	 -1000.0000 	 -1000.0000 
	  7.8750 	 1.621273e+00 	 144.3110 	  0.7157 	 8.140402e+22 	 5.125303e+20 	 1.172053e-08 	 2.446897e-09 	 -1000.0000 	 -1000.0000 	 -1000.0000 	 -1000.0000 
	  8.0940 	 1.574114e+00 	 144.4697 	  0.7049 	 7.894069e+22 	 4.912708e+20 	 1.122819e-08 	 2.318367e-09 	 -1000.0000 	 -1000.0000 	 -1000.0000 	 -1000.0000 
	  8.3130 	 1.528430e+00 	 144.5166 	  0.6989 	 7.662829e+22 	 4.737422e+20 	 1.081567e-08 	 2.218185e-09 	 -1000.0000 	 -1000.0000 	 -1000.0000 	 -1000.0000 
	  8.8220 	 1.427359e+00 	 144.3577 	  0.6948 	 7.167485e+22 	 4.415261e+20 	 1.009557e-08 	 2.062890e-09 	 -1000.0000 	 -1000.0000 	 -1000.0000 	 -1000.0000 
	  9.0410 	 1.385822e+00 	 144.2429 	  0.6938 	 6.965653e+22 	 4.288568e+20 	 9.859505e-09 	 2.016029e-09 	 -1000.0000 	 -1000.0000 	 -1000.0000 	 -1000.0000 
	  9.2590 	 1.345554e+00 	 144.1265 	  0.6922 	 6.769225e+22 	 4.161937e+20 	 9.664474e-09 	 1.977540e-09 	 -1000.0000 	 -1000.0000 	 -1000.0000 	 -1000.0000 
	  9.4780 	 1.306184e+00 	 144.0111 	  0.6901 	 6.576443e+22 	 4.035300e+20 	 9.517637e-09 	 1.948251e-09 	 -1000.0000 	 -1000.0000 	 -1000.0000 	 -1000.0000 
	  9.6960 	 1.268072e+00 	 143.9017 	  0.6880 	 6.389129e+22 	 3.910973e+20 	 9.429362e-09 	 1.929648e-09 	 -1000.0000 	 -1000.0000 	 -1000.0000 	 -1000.0000 
	 10.2120 	 1.182140e+00 	 143.6848 	  0.6837 	 5.964366e+22 	 3.630283e+20 	 9.502787e-09 	 1.934616e-09 	 -1000.0000 	 -1000.0000 	 -1000.0000 	 -1000.0000 
	 10.4310 	 1.147485e+00 	 143.6190 	  0.6829 	 5.792149e+22 	 3.519697e+20 	 9.675525e-09 	 1.960449e-09 	 -1000.0000 	 -1000.0000 	 -1000.0000 	 -1000.0000 
	 10.6490 	 1.114033e+00 	 143.5649 	  0.6828 	 5.625595e+22 	 3.415325e+20 	 9.936365e-09 	 2.000747e-09 	 -1000.0000 	 -1000.0000 	 -1000.0000 	 -1000.0000 
	 10.8680 	 1.081436e+00 	 143.5107 	  0.6833 	 5.463259e+22 	 3.315766e+20 	 1.028431e-08 	 2.055199e-09 	 -1000.0000 	 -1000.0000 	 -1000.0000 	 -1000.0000 
	 11.0860 	 1.049947e+00 	 143.4460 	  0.6841 	 5.306709e+22 	 3.221480e+20 	 1.071273e-08 	 2.122615e-09 	 -1000.0000 	 -1000.0000 	 -1000.0000 	 -1000.0000 
	 11.6070 	 9.783208e-01 	 143.1816 	  0.6869 	 4.953456e+22 	 3.012965e+20 	 1.204791e-08 	 2.333049e-09 	 -1000.0000 	 -1000.0000 	 -1000.0000 	 -1000.0000 
	 11.8250 	 9.497634e-01 	 142.9992 	  0.6881 	 4.814559e+22 	 2.931646e+20 	 1.272710e-08 	 2.439877e-09 	 -1000.0000 	 -1000.0000 	 -1000.0000 	 -1000.0000 
	 12.0430 	 9.219947e-01 	 142.7776 	  0.6891 	 4.680594e+22 	 2.853184e+20 	 1.345643e-08 	 2.554800e-09 	 -1000.0000 	 -1000.0000 	 -1000.0000 	 -1000.0000 
	 12.2610 	 8.949992e-01 	 142.5358 	  0.6901 	 4.550946e+22 	 2.777156e+20 	 1.420784e-08 	 2.674073e-09 	 -1000.0000 	 -1000.0000 	 -1000.0000 	 -1000.0000 
	 12.4790 	 8.687614e-01 	 142.2930 	  0.6911 	 4.424999e+22 	 2.703136e+20 	 1.495309e-08 	 2.793931e-09 	 -1000.0000 	 -1000.0000 	 -1000.0000 	 -1000.0000 
	 12.9830 	 8.109181e-01 	 141.8330 	  0.6935 	 4.144588e+22 	 2.537366e+20 	 1.649716e-08 	 3.052560e-09 	 -1000.0000 	 -1000.0000 	 -1000.0000 	 -1000.0000 
	 13.2000 	 7.871878e-01 	 141.7217 	  0.6948 	 4.027082e+22 	 2.467339e+20 	 1.702011e-08 	 3.147326e-09 	 -1000.0000 	 -1000.0000 	 -1000.0000 	 -1000.0000 
	 13.4170 	 7.641387e-01 	 141.6624 	  0.6962 	 3.911361e+22 	 2.398119e+20 	 1.744053e-08 	 3.230011e-09 	 -1000.0000 	 -1000.0000 	 -1000.0000 	 -1000.0000 
	 13.6340 	 7.417500e-01 	 141.6316 	  0.6977 	 3.797927e+22 	 2.330212e+20 	 1.776605e-08 	 3.301921e-09 	 -1000.0000 	 -1000.0000 	 -1000.0000 	 -1000.0000 
	 13.8510 	 7.200006e-01 	 141.6055 	  0.6995 	 3.687289e+22 	 2.264129e+20 	 1.800450e-08 	 3.364394e-09 	 -1000.0000 	 -1000.0000 	 -1000.0000 	 -1000.0000 
	 14.3730 	 6.701742e-01 	 141.4189 	  0.7041 	 3.435660e+22 	 2.115712e+20 	 1.826856e-08 	 3.484060e-09 	 -1000.0000 	 -1000.0000 	 -1000.0000 	 -1000.0000 
	 14.5900 	 6.504451e-01 	 141.2329 	  0.7063 	 3.338307e+22 	 2.059622e+20 	 1.826918e-08 	 3.524333e-09 	 -1000.0000 	 -1000.0000 	 -1000.0000 	 -1000.0000 
	 14.8070 	 6.312698e-01 	 140.9792 	  0.7086 	 3.245237e+22 	 2.006847e+20 	 1.821627e-08 	 3.559835e-09 	 -1000.0000 	 -1000.0000 	 -1000.0000 	 -1000.0000 
	 15.0240 	 6.126380e-01 	 140.6819 	  0.7111 	 3.155847e+22 	 1.956774e+20 	 1.811624e-08 	 3.590099e-09 	 -1000.0000 	 -1000.0000 	 -1000.0000 	 -1000.0000 
	 15.2410 	 5.945390e-01 	 140.3651 	  0.7136 	 3.069528e+22 	 1.908786e+20 	 1.797549e-08 	 3.614644e-09 	 -1000.0000 	 -1000.0000 	 -1000.0000 	 -1000.0000 
	 15.7430 	 5.546542e-01 	 139.6918 	  0.7197 	 2.878247e+22 	 1.802351e+20 	 1.752905e-08 	 3.646876e-09 	 -1000.0000 	 -1000.0000 	 -1000.0000 	 -1000.0000 
	 15.9600 	 5.382457e-01 	 139.4822 	  0.7225 	 2.797787e+22 	 1.756896e+20 	 1.730147e-08 	 3.649601e-09 	 -1000.0000 	 -1000.0000 	 -1000.0000 	 -1000.0000 
	 16.1770 	 5.223188e-01 	 139.3294 	  0.7254 	 2.718359e+22 	 1.711506e+20 	 1.709304e-08 	 3.651941e-09 	 -1000.0000 	 -1000.0000 	 -1000.0000 	 -1000.0000 
	 16.3940 	 5.068539e-01 	 139.2162 	  0.7284 	 2.640228e+22 	 1.666525e+20 	 1.695774e-08 	 3.664321e-09 	 -1000.0000 	 -1000.0000 	 -1000.0000 	 -1000.0000 
	 16.6110 	 4.918314e-01 	 139.1248 	  0.7316 	 2.563663e+22 	 1.622298e+20 	 1.694987e-08 	 3.697233e-09 	 -1000.0000 	 -1000.0000 	 -1000.0000 	 -1000.0000 
	 17.1280 	 4.577077e-01 	 138.8904 	  0.7403 	 2.389150e+22 	 1.522014e+20 	 1.776399e-08 	 3.920141e-09 	 -1000.0000 	 -1000.0000 	 -1000.0000 	 -1000.0000 
	 17.3440 	 4.440995e-01 	 138.7441 	  0.7446 	 2.320169e+22 	 1.483044e+20 	 1.857813e-08 	 4.098063e-09 	 -1000.0000 	 -1000.0000 	 -1000.0000 	 -1000.0000 
	 17.5610 	 4.307973e-01 	 138.5686 	  0.7490 	 2.253208e+22 	 1.445540e+20 	 1.966895e-08 	 4.326173e-09 	 -1000.0000 	 -1000.0000 	 -1000.0000 	 -1000.0000 
	 17.7770 	 4.179239e-01 	 138.3879 	  0.7534 	 2.188563e+22 	 1.409276e+20 	 2.094592e-08 	 4.587827e-09 	 -1000.0000 	 -1000.0000 	 -1000.0000 	 -1000.0000 
	 17.9940 	 4.053604e-01 	 138.2232 	  0.7574 	 2.125307e+22 	 1.373333e+20 	 2.233903e-08 	 4.870665e-09 	 -1000.0000 	 -1000.0000 	 -1000.0000 	 -1000.0000 
	 18.5030 	 3.773459e-01 	 138.0324 	  0.7639 	 1.981703e+22 	 1.287637e+20 	 2.557394e-08 	 5.528379e-09 	 -1000.0000 	 -1000.0000 	 -1000.0000 	 -1000.0000 
	 18.7190 	 3.660744e-01 	 138.0876 	  0.7648 	 1.922017e+22 	 1.249343e+20 	 2.673975e-08 	 5.770219e-09 	 -1000.0000 	 -1000.0000 	 -1000.0000 	 -1000.0000 
	 18.9350 	 3.551636e-01 	 138.2341 	  0.7648 	 1.862946e+22 	 1.209918e+20 	 2.772404e-08 	 5.979860e-09 	 -1000.0000 	 -1000.0000 	 -1000.0000 	 -1000.0000 
	 19.1510 	 3.446028e-01 	 138.4595 	  0.7646 	 1.804688e+22 	 1.170102e+20 	 2.853760e-08 	 6.160060e-09 	 -1000.0000 	 -1000.0000 	 -1000.0000 	 -1000.0000 
	 19.3670 	 3.343814e-01 	 138.7512 	  0.7648 	 1.747443e+22 	 1.130645e+20 	 2.919179e-08 	 6.313687e-09 	 -1000.0000 	 -1000.0000 	 -1000.0000 	 -1000.0000 
	 19.8680 	 3.119201e-01 	 139.6135 	  0.7709 	 1.619686e+22 	 1.044666e+20 	 3.015866e-08 	 6.583608e-09 	 -1000.0000 	 -1000.0000 	 -1000.0000 	 -1000.0000 
	 20.0830 	 3.027899e-01 	 140.0337 	  0.7775 	 1.567476e+22 	 1.011868e+20 	 3.037601e-08 	 6.670440e-09 	 -1000.0000 	 -1000.0000 	 -1000.0000 	 -1000.0000 
	 20.2990 	 2.939110e-01 	 140.4741 	  0.7867 	 1.516744e+22 	 9.817542e+19 	 3.064163e-08 	 6.760414e-09 	 -1000.0000 	 -1000.0000 	 -1000.0000 	 -1000.0000 
	 20.5140 	 2.853576e-01 	 140.9273 	  0.7979 	 1.467924e+22 	 9.542435e+19 	 3.119589e-08 	 6.880422e-09 	 -1000.0000 	 -1000.0000 	 -1000.0000 	 -1000.0000 
	 20.7290 	 2.770798e-01 	 141.3921 	  0.8106 	 1.420743e+22 	 9.288235e+19 	 3.228308e-08 	 7.058626e-09 	 -1000.0000 	 -1000.0000 	 -1000.0000 	 -1000.0000 
	 22.5830 	 2.159344e-01 	 145.4078 	  0.9069 	 1.076604e+22 	 7.425068e+19 	 9.952508e-08 	 1.509062e-08 	 -1000.0000 	 -1000.0000 	 -1000.0000 	 -1000.0000 
	 22.7980 	 2.098920e-01 	 145.8206 	  0.9076 	 1.043358e+22 	 7.185118e+19 	 1.181827e-07 	 1.724461e-08 	 -1000.0000 	 -1000.0000 	 -1000.0000 	 -1000.0000 
	 23.0130 	 2.040390e-01 	 146.2267 	  0.9053 	 1.011296e+22 	 6.933058e+19 	 1.399997e-07 	 1.969850e-08 	 -1000.0000 	 -1000.0000 	 -1000.0000 	 -1000.0000 
	 23.2270 	 1.983934e-01 	 146.6441 	  0.9008 	 9.804163e+21 	 6.675204e+19 	 1.651544e-07 	 2.238808e-08 	 -1000.0000 	 -1000.0000 	 -1000.0000 	 -1000.0000 
	 23.4420 	 1.928948e-01 	 147.0973 	  0.8953 	 9.502844e+21 	 6.414285e+19 	 1.941855e-07 	 2.528702e-08 	 -1000.0000 	 -1000.0000 	 -1000.0000 	 -1000.0000 
	 23.9530 	 1.804775e-01 	 148.4291 	  0.8834 	 8.814031e+21 	 5.816836e+19 	 2.800861e-07 	 3.266649e-08 	 -1000.0000 	 -1000.0000 	 -1000.0000 	 -1000.0000 
	 24.1680 	 1.755083e-01 	 149.1442 	  0.8812 	 8.532276e+21 	 5.587415e+19 	 3.239731e-07 	 3.584994e-08 	 -1000.0000 	 -1000.0000 	 -1000.0000 	 -1000.0000 
	 24.3830 	 1.706842e-01 	 149.9466 	  0.8813 	 8.255162e+21 	 5.374587e+19 	 3.713611e-07 	 3.900322e-08 	 -1000.0000 	 -1000.0000 	 -1000.0000 	 -1000.0000 
	 24.5970 	 1.660270e-01 	 150.7994 	  0.8832 	 7.985563e+21 	 5.178304e+19 	 4.199590e-07 	 4.205860e-08 	 -1000.0000 	 -1000.0000 	 -1000.0000 	 -1000.0000 
	 24.8120 	 1.614937e-01 	 151.6777 	  0.8867 	 7.722603e+21 	 4.995769e+19 	 4.681504e-07 	 4.499109e-08 	 -1000.0000 	 -1000.0000 	 -1000.0000 	 -1000.0000 
	 25.3190 	 1.513838e-01 	 153.6451 	  0.8990 	 7.143341e+21 	 4.617964e+19 	 5.673346e-07 	 5.105307e-08 	 -1000.0000 	 -1000.0000 	 -1000.0000 	 -1000.0000 
	 25.5330 	 1.473616e-01 	 154.3546 	  0.9050 	 6.919884e+21 	 4.478311e+19 	 5.982416e-07 	 5.312641e-08 	 -1000.0000 	 -1000.0000 	 -1000.0000 	 -1000.0000 
	 25.7470 	 1.434790e-01 	 154.9797 	  0.9112 	 6.709158e+21 	 4.348640e+19 	 6.218727e-07 	 5.489225e-08 	 -1000.0000 	 -1000.0000 	 -1000.0000 	 -1000.0000 
	 25.9600 	 1.397435e-01 	 155.5395 	  0.9176 	 6.510411e+21 	 4.227949e+19 	 6.395198e-07 	 5.638029e-08 	 -1000.0000 	 -1000.0000 	 -1000.0000 	 -1000.0000 
	 26.1740 	 1.361103e-01 	 156.0607 	  0.9242 	 6.320105e+21 	 4.113553e+19 	 6.527270e-07 	 5.764103e-08 	 -1000.0000 	 -1000.0000 	 -1000.0000 	 -1000.0000 
	 26.6740 	 1.280346e-01 	 157.2393 	  0.9405 	 5.902627e+21 	 3.864316e+19 	 6.737051e-07 	 5.987765e-08 	 -1000.0000 	 -1000.0000 	 -1000.0000 	 -1000.0000 
	 26.8870 	 1.247472e-01 	 157.7753 	  0.9478 	 5.732416e+21 	 3.762158e+19 	 6.816701e-07 	 6.061470e-08 	 -1000.0000 	 -1000.0000 	 -1000.0000 	 -1000.0000 
	 27.1000 	 1.215444e-01 	 158.3436 	  0.9550 	 5.565705e+21 	 3.661084e+19 	 6.899629e-07 	 6.125057e-08 	 -1000.0000 	 -1000.0000 	 -1000.0000 	 -1000.0000 
	 27.3140 	 1.184131e-01 	 158.9393 	  0.9621 	 5.402149e+21 	 3.560497e+19 	 6.983352e-07 	 6.178554e-08 	 -1000.0000 	 -1000.0000 	 -1000.0000 	 -1000.0000 
	 27.5270 	 1.153841e-01 	 159.5490 	  0.9686 	 5.243701e+21 	 3.461213e+19 	 7.064103e-07 	 6.221240e-08 	 -1000.0000 	 -1000.0000 	 -1000.0000 	 -1000.0000 
	 28.0340 	 1.085347e-01 	 161.0210 	  0.9802 	 4.886478e+21 	 3.227519e+19 	 7.228468e-07 	 6.279162e-08 	 -1000.0000 	 -1000.0000 	 -1000.0000 	 -1000.0000 
	 28.2470 	 1.058118e-01 	 161.6285 	  0.9828 	 4.745786e+21 	 3.130201e+19 	 7.278600e-07 	 6.284791e-08 	 -1000.0000 	 -1000.0000 	 -1000.0000 	 -1000.0000 
	 28.4600 	 1.031775e-01 	 162.2166 	  0.9841 	 4.610844e+21 	 3.033956e+19 	 7.314703e-07 	 6.281507e-08 	 -1000.0000 	 -1000.0000 	 -1000.0000 	 -1000.0000 
	 28.6740 	 1.006133e-01 	 162.7777 	  0.9847 	 4.480832e+21 	 2.939375e+19 	 7.336197e-07 	 6.272869e-08 	 -1000.0000 	 -1000.0000 	 -1000.0000 	 -1000.0000 
	 28.8870 	 9.813641e-02 	 163.2965 	  0.9848 	 4.356736e+21 	 2.848375e+19 	 7.342246e-07 	 6.262599e-08 	 -1000.0000 	 -1000.0000 	 -1000.0000 	 -1000.0000 
	 29.3890 	 9.255841e-02 	 164.3044 	  0.9864 	 4.083891e+21 	 2.652235e+19 	 7.292315e-07 	 6.252657e-08 	 -1000.0000 	 -1000.0000 	 -1000.0000 	 -1000.0000 
	 29.6020 	 9.028592e-02 	 164.6174 	  0.9887 	 3.975886e+21 	 2.579181e+19 	 7.242700e-07 	 6.262849e-08 	 -1000.0000 	 -1000.0000 	 -1000.0000 	 -1000.0000 
	 29.8140 	 8.807488e-02 	 164.8620 	  0.9919 	 3.872573e+21 	 2.512407e+19 	 7.180033e-07 	 6.280477e-08 	 -1000.0000 	 -1000.0000 	 -1000.0000 	 -1000.0000 
	 30.0270 	 8.590495e-02 	 165.0543 	  0.9956 	 3.772629e+21 	 2.449878e+19 	 7.109996e-07 	 6.299587e-08 	 -1000.0000 	 -1000.0000 	 -1000.0000 	 -1000.0000 
	 30.2400 	 8.378722e-02 	 165.2069 	  0.9991 	 3.676199e+21 	 2.390498e+19 	 7.039201e-07 	 6.313904e-08 	 -1000.0000 	 -1000.0000 	 -1000.0000 	 -1000.0000 
	 30.7440 	 7.898736e-02 	 165.4917 	  1.0041 	 3.459991e+21 	 2.254268e+19 	 6.905417e-07 	 6.292722e-08 	 -1000.0000 	 -1000.0000 	 -1000.0000 	 -1000.0000 
	 30.9560 	 7.705825e-02 	 165.6125 	  1.0035 	 3.373236e+21 	 2.195429e+19 	 6.878179e-07 	 6.246425e-08 	 -1000.0000 	 -1000.0000 	 -1000.0000 	 -1000.0000 
	 31.1680 	 7.518145e-02 	 165.7408 	  1.0014 	 3.288695e+21 	 2.135370e+19 	 6.869973e-07 	 6.179954e-08 	 -1000.0000 	 -1000.0000 	 -1000.0000 	 -1000.0000 
	 31.3800 	 7.335486e-02 	 165.8698 	  0.9987 	 3.206388e+21 	 2.075378e+19 	 6.875780e-07 	 6.104044e-08 	 -1000.0000 	 -1000.0000 	 -1000.0000 	 -1000.0000 
	 31.5920 	 7.157634e-02 	 165.9926 	  0.9963 	 3.126339e+21 	 2.016757e+19 	 6.890509e-07 	 6.029534e-08 	 -1000.0000 	 -1000.0000 	 -1000.0000 	 -1000.0000 
	 32.1000 	 6.749758e-02 	 166.2207 	  0.9965 	 2.943851e+21 	 1.889640e+19 	 6.931754e-07 	 5.921330e-08 	 -1000.0000 	 -1000.0000 	 -1000.0000 	 -1000.0000 
	 32.3110 	 6.587415e-02 	 166.2715 	  1.0013 	 2.871974e+21 	 1.845491e+19 	 6.939058e-07 	 5.931457e-08 	 -1000.0000 	 -1000.0000 	 -1000.0000 	 -1000.0000 
	 32.5220 	 6.428986e-02 	 166.2928 	  1.0090 	 2.802350e+21 	 1.806872e+19 	 6.936860e-07 	 5.978083e-08 	 -1000.0000 	 -1000.0000 	 -1000.0000 	 -1000.0000 
	 32.7330 	 6.274370e-02 	 166.2871 	  1.0190 	 2.734874e+21 	 1.772857e+19 	 6.925748e-07 	 6.054145e-08 	 -1000.0000 	 -1000.0000 	 -1000.0000 	 -1000.0000 
	 32.9450 	 6.122763e-02 	 166.2570 	  1.0306 	 2.669138e+21 	 1.742371e+19 	 6.906232e-07 	 6.152974e-08 	 -1000.0000 	 -1000.0000 	 -1000.0000 	 -1000.0000 
	 34.7800 	 4.952297e-02 	 165.3899 	  1.0967 	 2.170692e+21 	 1.491762e+19 	 6.481154e-07 	 6.867363e-08 	 -1000.0000 	 -1000.0000 	 -1000.0000 	 -1000.0000 
	 34.9910 	 4.832299e-02 	 165.2682 	  1.0886 	 2.119684e+21 	 1.448365e+19 	 6.413644e-07 	 6.810317e-08 	 -1000.0000 	 -1000.0000 	 -1000.0000 	 -1000.0000 
	 35.2020 	 4.715024e-02 	 165.1552 	  1.0763 	 2.069637e+21 	 1.400410e+19 	 6.345176e-07 	 6.713650e-08 	 -1000.0000 	 -1000.0000 	 -1000.0000 	 -1000.0000 
	 35.4130 	 4.600471e-02 	 165.0591 	  1.0612 	 2.020495e+21 	 1.349653e+19 	 6.277371e-07 	 6.592144e-08 	 -1000.0000 	 -1000.0000 	 -1000.0000 	 -1000.0000 
	 35.6250 	 4.488119e-02 	 164.9877 	  1.0448 	 1.971977e+21 	 1.297616e+19 	 6.211551e-07 	 6.460094e-08 	 -1000.0000 	 -1000.0000 	 -1000.0000 	 -1000.0000 
	 36.1250 	 4.234034e-02 	 164.9661 	  1.0097 	 1.860625e+21 	 1.181081e+19 	 6.074954e-07 	 6.196038e-08 	 -1000.0000 	 -1000.0000 	 -1000.0000 	 -1000.0000 
	 36.3350 	 4.131879e-02 	 165.0371 	  1.0000 	 1.815020e+21 	 1.138921e+19 	 6.029149e-07 	 6.140138e-08 	 -1000.0000 	 -1000.0000 	 -1000.0000 	 -1000.0000 
	 36.5460 	 4.031896e-02 	 165.1532 	  0.9939 	 1.769923e+21 	 1.101512e+19 	 5.989652e-07 	 6.122314e-08 	 -1000.0000 	 -1000.0000 	 -1000.0000 	 -1000.0000 
	 36.7570 	 3.934485e-02 	 165.2993 	  0.9907 	 1.725672e+21 	 1.068267e+19 	 5.954101e-07 	 6.132912e-08 	 -1000.0000 	 -1000.0000 	 -1000.0000 	 -1000.0000 
	 36.9670 	 3.839995e-02 	 165.4598 	  0.9895 	 1.682590e+21 	 1.038500e+19 	 5.920033e-07 	 6.161585e-08 	 -1000.0000 	 -1000.0000 	 -1000.0000 	 -1000.0000 
	 37.4600 	 3.627289e-02 	 165.8119 	  0.9897 	 1.585890e+21 	 9.770389e+18 	 5.830443e-07 	 6.242723e-08 	 -1000.0000 	 -1000.0000 	 -1000.0000 	 -1000.0000 
	 37.6700 	 3.540347e-02 	 165.9160 	  0.9892 	 1.546872e+21 	 9.525358e+18 	 5.782151e-07 	 6.259530e-08 	 -1000.0000 	 -1000.0000 	 -1000.0000 	 -1000.0000 
	 37.8800 	 3.455485e-02 	 165.9763 	  0.9877 	 1.509244e+21 	 9.284995e+18 	 5.727243e-07 	 6.260381e-08 	 -1000.0000 	 -1000.0000 	 -1000.0000 	 -1000.0000 
	 38.0900 	 3.372653e-02 	 165.9854 	  0.9855 	 1.472998e+21 	 9.051027e+18 	 5.668053e-07 	 6.249448e-08 	 -1000.0000 	 -1000.0000 	 -1000.0000 	 -1000.0000 
	 38.3000 	 3.291799e-02 	 165.9364 	  0.9829 	 1.438128e+21 	 8.825242e+18 	 5.606947e-07 	 6.230991e-08 	 -1000.0000 	 -1000.0000 	 -1000.0000 	 -1000.0000 
	 38.8050 	 3.105157e-02 	 165.5368 	  0.9758 	 1.359860e+21 	 8.326545e+18 	 5.466371e-07 	 6.181413e-08 	 -1000.0000 	 -1000.0000 	 -1000.0000 	 -1000.0000 
	 39.0150 	 3.030655e-02 	 165.2368 	  0.9731 	 1.329611e+21 	 8.141866e+18 	 5.416324e-07 	 6.169039e-08 	 -1000.0000 	 -1000.0000 	 -1000.0000 	 -1000.0000 
	 39.2240 	 2.958235e-02 	 164.8646 	  0.9708 	 1.300732e+21 	 7.971622e+18 	 5.372915e-07 	 6.164536e-08 	 -1000.0000 	 -1000.0000 	 -1000.0000 	 -1000.0000 
	 39.4330 	 2.887463e-02 	 164.4344 	  0.9689 	 1.272913e+21 	 7.813145e+18 	 5.335224e-07 	 6.167113e-08 	 -1000.0000 	 -1000.0000 	 -1000.0000 	 -1000.0000 
	 39.6430 	 2.817939e-02 	 163.9599 	  0.9674 	 1.245860e+21 	 7.663972e+18 	 5.302422e-07 	 6.176082e-08 	 -1000.0000 	 -1000.0000 	 -1000.0000 	 -1000.0000 
	 40.1450 	 2.657753e-02 	 162.7485 	  0.9661 	 1.183853e+21 	 7.337583e+18 	 5.240498e-07 	 6.218969e-08 	 -1000.0000 	 -1000.0000 	 -1000.0000 	 -1000.0000 
	 40.3550 	 2.593077e-02 	 162.2488 	  0.9667 	 1.158618e+21 	 7.209158e+18 	 5.219759e-07 	 6.243929e-08 	 -1000.0000 	 -1000.0000 	 -1000.0000 	 -1000.0000 
	 40.5640 	 2.530018e-02 	 161.7718 	  0.9675 	 1.133774e+21 	 7.082739e+18 	 5.200982e-07 	 6.270759e-08 	 -1000.0000 	 -1000.0000 	 -1000.0000 	 -1000.0000 
	 40.7730 	 2.468269e-02 	 161.3200 	  0.9681 	 1.109190e+21 	 6.954793e+18 	 5.183142e-07 	 6.297247e-08 	 -1000.0000 	 -1000.0000 	 -1000.0000 	 -1000.0000 
	 40.9830 	 2.407549e-02 	 160.8965 	  0.9679 	 1.084742e+21 	 6.821750e+18 	 5.165228e-07 	 6.321166e-08 	 -1000.0000 	 -1000.0000 	 -1000.0000 	 -1000.0000 
	 41.4750 	 2.270517e-02 	 160.0517 	  0.9611 	 1.028411e+21 	 6.475658e+18 	 5.118000e-07 	 6.353227e-08 	 -1000.0000 	 -1000.0000 	 -1000.0000 	 -1000.0000 
	 41.6850 	 2.214268e-02 	 159.7653 	  0.9542 	 1.004755e+21 	 6.306544e+18 	 5.093411e-07 	 6.351340e-08 	 -1000.0000 	 -1000.0000 	 -1000.0000 	 -1000.0000 
	 41.8940 	 2.159602e-02 	 159.5210 	  0.9453 	 9.814734e+20 	 6.127195e+18 	 5.065976e-07 	 6.341787e-08 	 -1000.0000 	 -1000.0000 	 -1000.0000 	 -1000.0000 
	 42.1030 	 2.106221e-02 	 159.3063 	  0.9354 	 9.585165e+20 	 5.943027e+18 	 5.036224e-07 	 6.329897e-08 	 -1000.0000 	 -1000.0000 	 -1000.0000 	 -1000.0000 
	 42.3130 	 2.053849e-02 	 159.1091 	  0.9254 	 9.358393e+20 	 5.759420e+18 	 5.004647e-07 	 6.321004e-08 	 -1000.0000 	 -1000.0000 	 -1000.0000 	 -1000.0000 
	 42.8100 	 1.934780e-02 	 158.6501 	  0.9083 	 8.840906e+20 	 5.367319e+18 	 4.926993e-07 	 6.343643e-08 	 -1000.0000 	 -1000.0000 	 -1000.0000 	 -1000.0000 
	 43.0190 	 1.886687e-02 	 158.4330 	  0.9063 	 8.632856e+20 	 5.235193e+18 	 4.894674e-07 	 6.384267e-08 	 -1000.0000 	 -1000.0000 	 -1000.0000 	 -1000.0000 
	 43.2280 	 1.839720e-02 	 158.1903 	  0.9078 	 8.430918e+20 	 5.125580e+18 	 4.863073e-07 	 6.445020e-08 	 -1000.0000 	 -1000.0000 	 -1000.0000 	 -1000.0000 
	 43.4370 	 1.793846e-02 	 157.9181 	  0.9123 	 8.234999e+20 	 5.035447e+18 	 4.832182e-07 	 6.521809e-08 	 -1000.0000 	 -1000.0000 	 -1000.0000 	 -1000.0000 
	 43.6450 	 1.749244e-02 	 157.6145 	  0.9191 	 8.045901e+20 	 4.962024e+18 	 4.802131e-07 	 6.610037e-08 	 -1000.0000 	 -1000.0000 	 -1000.0000 	 -1000.0000 
	 45.4510 	 1.401239e-02 	 153.0648 	  0.9815 	 6.636628e+20 	 4.550963e+18 	 4.568340e-07 	 7.258506e-08 	 -1000.0000 	 -1000.0000 	 -1000.0000 	 -1000.0000 
	 45.6580 	 1.365292e-02 	 152.2637 	  0.9785 	 6.500107e+20 	 4.477941e+18 	 4.544425e-07 	 7.249798e-08 	 -1000.0000 	 -1000.0000 	 -1000.0000 	 -1000.0000 
	 45.8660 	 1.329896e-02 	 151.4024 	  0.9724 	 6.367355e+20 	 4.393266e+18 	 4.520803e-07 	 7.217037e-08 	 -1000.0000 	 -1000.0000 	 -1000.0000 	 -1000.0000 
	 46.0730 	 1.295397e-02 	 150.5073 	  0.9645 	 6.238933e+20 	 4.302018e+18 	 4.497476e-07 	 7.168002e-08 	 -1000.0000 	 -1000.0000 	 -1000.0000 	 -1000.0000 
	 46.2800 	 1.261627e-02 	 149.5921 	  0.9558 	 6.113473e+20 	 4.208108e+18 	 4.474101e-07 	 7.110090e-08 	 -1000.0000 	 -1000.0000 	 -1000.0000 	 -1000.0000 
	 46.7810 	 1.182940e-02 	 147.4040 	  0.9392 	 5.817711e+20 	 3.995987e+18 	 4.415953e-07 	 6.978950e-08 	 -1000.0000 	 -1000.0000 	 -1000.0000 	 -1000.0000 
	 46.9880 	 1.151697e-02 	 146.5555 	  0.9370 	 5.696997e+20 	 3.925064e+18 	 4.390686e-07 	 6.946821e-08 	 -1000.0000 	 -1000.0000 	 -1000.0000 	 -1000.0000 
	 47.1960 	 1.121036e-02 	 145.7509 	  0.9381 	 5.575982e+20 	 3.865201e+18 	 4.363971e-07 	 6.931027e-08 	 -1000.0000 	 -1000.0000 	 -1000.0000 	 -1000.0000 
	 47.4030 	 1.091223e-02 	 144.9981 	  0.9417 	 5.455838e+20 	 3.813876e+18 	 4.335440e-07 	 6.927517e-08 	 -1000.0000 	 -1000.0000 	 -1000.0000 	 -1000.0000 
	 47.6100 	 1.062080e-02 	 144.2935 	  0.9469 	 5.335994e+20 	 3.767647e+18 	 4.304344e-07 	 6.931920e-08 	 -1000.0000 	 -1000.0000 	 -1000.0000 	 -1000.0000 
	 48.1060 	 9.948070e-03 	 142.8031 	  0.9614 	 5.050119e+20 	 3.658957e+18 	 4.215680e-07 	 6.949273e-08 	 -1000.0000 	 -1000.0000 	 -1000.0000 	 -1000.0000 
	 48.3130 	 9.677291e-03 	 142.2635 	  0.9664 	 4.931406e+20 	 3.606999e+18 	 4.171291e-07 	 6.949045e-08 	 -1000.0000 	 -1000.0000 	 -1000.0000 	 -1000.0000 
	 48.5200 	 9.412224e-03 	 141.7624 	  0.9708 	 4.813439e+20 	 3.550751e+18 	 4.122611e-07 	 6.941930e-08 	 -1000.0000 	 -1000.0000 	 -1000.0000 	 -1000.0000 
	 48.7260 	 9.154217e-03 	 141.2864 	  0.9753 	 4.697371e+20 	 3.493809e+18 	 4.070775e-07 	 6.929531e-08 	 -1000.0000 	 -1000.0000 	 -1000.0000 	 -1000.0000 
	 48.9330 	 8.900877e-03 	 140.8150 	  0.9809 	 4.582672e+20 	 3.438973e+18 	 4.016164e-07 	 6.913292e-08 	 -1000.0000 	 -1000.0000 	 -1000.0000 	 -1000.0000 
	 49.4160 	 8.333449e-03 	 139.6536 	  1.0032 	 4.325936e+20 	 3.339180e+18 	 3.883873e-07 	 6.869471e-08 	 -1000.0000 	 -1000.0000 	 -1000.0000 	 -1000.0000 
	 49.6230 	 8.100672e-03 	 139.0920 	  1.0188 	 4.221975e+20 	 3.316296e+18 	 3.827203e-07 	 6.851859e-08 	 -1000.0000 	 -1000.0000 	 -1000.0000 	 -1000.0000 
	 49.8300 	 7.874035e-03 	 138.4798 	  1.0382 	 4.121974e+20 	 3.306505e+18 	 3.771521e-07 	 6.836310e-08 	 -1000.0000 	 -1000.0000 	 -1000.0000 	 -1000.0000 
	 50.0360 	 7.654294e-03 	 137.8203 	  1.0606 	 4.026144e+20 	 3.307434e+18 	 3.717496e-07 	 6.823056e-08 	 -1000.0000 	 -1000.0000 	 -1000.0000 	 -1000.0000 
	 50.2430 	 7.439019e-03 	 137.1075 	  1.0855 	 3.933304e+20 	 3.316721e+18 	 3.665009e-07 	 6.812131e-08 	 -1000.0000 	 -1000.0000 	 -1000.0000 	 -1000.0000 
	 50.7410 	 6.942033e-03 	 135.1893 	  1.1508 	 3.722638e+20 	 3.359053e+18 	 3.548574e-07 	 6.796657e-08 	 -1000.0000 	 -1000.0000 	 -1000.0000 	 -1000.0000 
	 50.9470 	 6.744363e-03 	 134.3137 	  1.1782 	 3.640096e+20 	 3.378962e+18 	 3.505429e-07 	 6.795107e-08 	 -1000.0000 	 -1000.0000 	 -1000.0000 	 -1000.0000 
	 51.1530 	 6.551035e-03 	 133.4054 	  1.2053 	 3.559667e+20 	 3.397534e+18 	 3.465061e-07 	 6.796350e-08 	 -1000.0000 	 -1000.0000 	 -1000.0000 	 -1000.0000 
	 51.3600 	 6.361077e-03 	 132.4834 	  1.2320 	 3.480387e+20 	 3.413598e+18 	 3.426528e-07 	 6.800140e-08 	 -1000.0000 	 -1000.0000 	 -1000.0000 	 -1000.0000 
	 51.5660 	 6.176256e-03 	 131.5804 	  1.2580 	 3.402437e+20 	 3.425761e+18 	 3.389435e-07 	 6.806161e-08 	 -1000.0000 	 -1000.0000 	 -1000.0000 	 -1000.0000 
	 52.0510 	 5.757368e-03 	 129.6462 	  1.3167 	 3.219287e+20 	 3.432263e+18 	 3.302641e-07 	 6.827615e-08 	 -1000.0000 	 -1000.0000 	 -1000.0000 	 -1000.0000 
	 52.2570 	 5.586199e-03 	 128.9622 	  1.3403 	 3.140278e+20 	 3.422718e+18 	 3.264189e-07 	 6.839154e-08 	 -1000.0000 	 -1000.0000 	 -1000.0000 	 -1000.0000 
	 52.4630 	 5.419058e-03 	 128.3766 	  1.3631 	 3.060284e+20 	 3.405323e+18 	 3.224332e-07 	 6.851828e-08 	 -1000.0000 	 -1000.0000 	 -1000.0000 	 -1000.0000 
	 52.6700 	 5.255249e-03 	 127.8830 	  1.3854 	 2.979242e+20 	 3.380685e+18 	 3.183112e-07 	 6.865564e-08 	 -1000.0000 	 -1000.0000 	 -1000.0000 	 -1000.0000 
	 52.8760 	 5.096445e-03 	 127.4820 	  1.4071 	 2.898273e+20 	 3.349802e+18 	 3.141181e-07 	 6.880091e-08 	 -1000.0000 	 -1000.0000 	 -1000.0000 	 -1000.0000 
	 53.3670 	 4.735397e-03 	 126.8635 	  1.4574 	 2.705970e+20 	 3.255043e+18 	 3.039057e-07 	 6.917345e-08 	 -1000.0000 	 -1000.0000 	 -1000.0000 	 -1000.0000 
	 53.5720 	 4.592141e-03 	 126.7356 	  1.4781 	 2.626779e+20 	 3.208490e+18 	 2.996136e-07 	 6.933748e-08 	 -1000.0000 	 -1000.0000 	 -1000.0000 	 -1000.0000 
	 53.7770 	 4.453311e-03 	 126.6786 	  1.4986 	 2.548577e+20 	 3.158561e+18 	 2.953562e-07 	 6.951663e-08 	 -1000.0000 	 -1000.0000 	 -1000.0000 	 -1000.0000 
	 53.9830 	 4.318177e-03 	 126.6891 	  1.5192 	 2.471101e+20 	 3.105198e+18 	 2.911611e-07 	 6.972937e-08 	 -1000.0000 	 -1000.0000 	 -1000.0000 	 -1000.0000 
	 54.1880 	 4.187964e-03 	 126.7636 	  1.5395 	 2.395214e+20 	 3.049123e+18 	 2.871174e-07 	 6.999115e-08 	 -1000.0000 	 -1000.0000 	 -1000.0000 	 -1000.0000 
	 54.6670 	 3.899821e-03 	 127.1659 	  1.5860 	 2.223238e+20 	 2.907697e+18 	 2.784491e-07 	 7.089585e-08 	 -1000.0000 	 -1000.0000 	 -1000.0000 	 -1000.0000 
	 54.8720 	 3.783189e-03 	 127.4278 	  1.6054 	 2.152178e+20 	 2.843155e+18 	 2.751846e-07 	 7.144932e-08 	 -1000.0000 	 -1000.0000 	 -1000.0000 	 -1000.0000 
	 55.0770 	 3.670417e-03 	 127.7465 	  1.6238 	 2.082673e+20 	 2.775767e+18 	 2.722024e-07 	 7.211228e-08 	 -1000.0000 	 -1000.0000 	 -1000.0000 	 -1000.0000 
	 55.2830 	 3.560861e-03 	 128.1330 	  1.6402 	 2.014310e+20 	 2.704247e+18 	 2.694541e-07 	 7.288245e-08 	 -1000.0000 	 -1000.0000 	 -1000.0000 	 -1000.0000 
	 55.4880 	 3.455461e-03 	 128.5926 	  1.6534 	 1.947666e+20 	 2.628350e+18 	 2.669301e-07 	 7.374588e-08 	 -1000.0000 	 -1000.0000 	 -1000.0000 	 -1000.0000 
	 55.9820 	 3.215589e-03 	 130.0624 	  1.6659 	 1.792233e+20 	 2.420447e+18 	 2.614950e-07 	 7.618532e-08 	 -1000.0000 	 -1000.0000 	 -1000.0000 	 -1000.0000 
	 56.1870 	 3.121603e-03 	 130.8444 	  1.6606 	 1.729671e+20 	 2.321616e+18 	 2.594195e-07 	 7.733062e-08 	 -1000.0000 	 -1000.0000 	 -1000.0000 	 -1000.0000 
	 56.3910 	 3.031185e-03 	 131.7219 	  1.6490 	 1.668588e+20 	 2.216742e+18 	 2.574297e-07 	 7.854078e-08 	 -1000.0000 	 -1000.0000 	 -1000.0000 	 -1000.0000 
	 56.5960 	 2.943410e-03 	 132.6910 	  1.6321 	 1.608565e+20 	 2.107195e+18 	 2.555062e-07 	 7.982501e-08 	 -1000.0000 	 -1000.0000 	 -1000.0000 	 -1000.0000 
	 56.8010 	 2.858690e-03 	 133.7350 	  1.6111 	 1.550086e+20 	 1.995901e+18 	 2.536594e-07 	 8.117486e-08 	 -1000.0000 	 -1000.0000 	 -1000.0000 	 -1000.0000 
	 57.2870 	 2.669826e-03 	 136.4350 	  1.5513 	 1.418667e+20 	 1.739202e+18 	 2.495896e-07 	 8.462163e-08 	 -1000.0000 	 -1000.0000 	 -1000.0000 	 -1000.0000 
	 57.4910 	 2.595476e-03 	 137.6326 	  1.5247 	 1.366958e+20 	 1.640238e+18 	 2.480117e-07 	 8.616527e-08 	 -1000.0000 	 -1000.0000 	 -1000.0000 	 -1000.0000 
	 57.6950 	 2.523938e-03 	 138.8623 	  1.4988 	 1.317359e+20 	 1.548311e+18 	 2.465135e-07 	 8.776217e-08 	 -1000.0000 	 -1000.0000 	 -1000.0000 	 -1000.0000 
	 57.8990 	 2.455108e-03 	 140.1310 	  1.4747 	 1.269750e+20 	 1.463263e+18 	 2.450980e-07 	 8.940943e-08 	 -1000.0000 	 -1000.0000 	 -1000.0000 	 -1000.0000 
	 58.1030 	 2.388879e-03 	 141.4456 	  1.4535 	 1.224010e+20 	 1.384918e+18 	 2.437687e-07 	 9.110414e-08 	 -1000.0000 	 -1000.0000 	 -1000.0000 	 -1000.0000 
	 58.5820 	 2.242989e-03 	 144.7519 	  1.4214 	 1.123263e+20 	 1.226318e+18 	 2.410049e-07 	 9.525339e-08 	 -1000.0000 	 -1000.0000 	 -1000.0000 	 -1000.0000 
	 58.7860 	 2.184694e-03 	 146.2688 	  1.4177 	 1.082902e+20 	 1.169088e+18 	 2.399883e-07 	 9.708601e-08 	 -1000.0000 	 -1000.0000 	 -1000.0000 	 -1000.0000 
	 58.9890 	 2.128802e-03 	 147.8336 	  1.4187 	 1.044186e+20 	 1.117238e+18 	 2.390794e-07 	 9.894600e-08 	 -1000.0000 	 -1000.0000 	 -1000.0000 	 -1000.0000 
	 59.1930 	 2.074648e-03 	 149.4387 	  1.4213 	 1.006781e+20 	 1.068893e+18 	 2.382771e-07 	 1.008514e-07 	 -1000.0000 	 -1000.0000 	 -1000.0000 	 -1000.0000 
	 59.3960 	 2.022648e-03 	 151.0456 	  1.4221 	 9.711066e+19 	 1.023164e+18 	 2.375970e-07 	 1.027834e-07 	 -1000.0000 	 -1000.0000 	 -1000.0000 	 -1000.0000 
	 59.8920 	 1.902810e-03 	 154.8694 	  1.3973 	 8.907466e+19 	 9.129513e+17 	 2.364795e-07 	 1.076527e-07 	 -1000.0000 	 -1000.0000 	 -1000.0000 	 -1000.0000 
	 60.0960 	 1.856205e-03 	 156.3424 	  1.3681 	 8.606217e+19 	 8.649051e+17 	 2.362628e-07 	 1.097163e-07 	 -1000.0000 	 -1000.0000 	 -1000.0000 	 -1000.0000 
	 60.2990 	 1.811263e-03 	 157.7295 	  1.3280 	 8.323238e+19 	 8.153757e+17 	 2.361852e-07 	 1.118074e-07 	 -1000.0000 	 -1000.0000 	 -1000.0000 	 -1000.0000 
	 60.5030 	 1.767505e-03 	 159.0415 	  1.2805 	 8.054871e+19 	 7.654062e+17 	 2.362321e-07 	 1.139503e-07 	 -1000.0000 	 -1000.0000 	 -1000.0000 	 -1000.0000 
	 60.7060 	 1.725325e-03 	 160.2626 	  1.2300 	 7.802874e+19 	 7.170258e+17 	 2.363893e-07 	 1.161280e-07 	 -1000.0000 	 -1000.0000 	 -1000.0000 	 -1000.0000 
	 61.1770 	 1.632506e-03 	 162.7566 	  1.1225 	 7.271201e+19 	 6.184501e+17 	 2.371015e-07 	 1.213760e-07 	 -1000.0000 	 -1000.0000 	 -1000.0000 	 -1000.0000 
	 61.3800 	 1.594589e-03 	 163.6784 	  1.0895 	 7.062833e+19 	 5.853951e+17 	 2.375245e-07 	 1.237302e-07 	 -1000.0000 	 -1000.0000 	 -1000.0000 	 -1000.0000 
	 61.5830 	 1.557846e-03 	 164.5006 	  1.0664 	 6.865929e+19 	 5.585497e+17 	 2.379870e-07 	 1.261310e-07 	 -1000.0000 	 -1000.0000 	 -1000.0000 	 -1000.0000 
	 61.7860 	 1.522187e-03 	 165.2151 	  1.0512 	 6.679924e+19 	 5.368470e+17 	 2.384593e-07 	 1.285599e-07 	 -1000.0000 	 -1000.0000 	 -1000.0000 	 -1000.0000 
	 61.9890 	 1.487523e-03 	 165.8141 	  1.0419 	 6.504257e+19 	 5.192039e+17 	 2.389113e-07 	 1.309982e-07 	 -1000.0000 	 -1000.0000 	 -1000.0000 	 -1000.0000 
	 62.4770 	 1.407734e-03 	 166.7330 	  1.0317 	 6.120879e+19 	 4.868954e+17 	 2.397349e-07 	 1.367852e-07 	 -1000.0000 	 -1000.0000 	 -1000.0000 	 -1000.0000 
	 62.6800 	 1.375798e-03 	 166.8803 	  1.0276 	 5.976158e+19 	 4.750068e+17 	 2.398949e-07 	 1.391158e-07 	 -1000.0000 	 -1000.0000 	 -1000.0000 	 -1000.0000 
	 62.8830 	 1.344527e-03 	 166.9029 	  1.0220 	 5.838923e+19 	 4.631492e+17 	 2.399263e-07 	 1.413869e-07 	 -1000.0000 	 -1000.0000 	 -1000.0000 	 -1000.0000 
	 63.0860 	 1.313924e-03 	 166.8316 	  1.0150 	 5.708059e+19 	 4.513370e+17 	 2.398345e-07 	 1.435998e-07 	 -1000.0000 	 -1000.0000 	 -1000.0000 	 -1000.0000 
	 63.2890 	 1.283991e-03 	 166.6973 	  1.0069 	 5.582445e+19 	 4.395915e+17 	 2.396248e-07 	 1.457562e-07 	 -1000.0000 	 -1000.0000 	 -1000.0000 	 -1000.0000 
	 63.7730 	 1.215344e-03 	 166.3059 	  0.9838 	 5.297533e+19 	 4.119823e+17 	 2.386817e-07 	 1.506785e-07 	 -1000.0000 	 -1000.0000 	 -1000.0000 	 -1000.0000 
	 63.9750 	 1.187831e-03 	 166.1863 	  0.9730 	 5.182031e+19 	 4.006821e+17 	 2.381165e-07 	 1.526452e-07 	 -1000.0000 	 -1000.0000 	 -1000.0000 	 -1000.0000 
	 64.1770 	 1.160972e-03 	 166.1027 	  0.9620 	 5.067971e+19 	 3.896202e+17 	 2.374534e-07 	 1.545611e-07 	 -1000.0000 	 -1000.0000 	 -1000.0000 	 -1000.0000 
	 64.3790 	 1.134737e-03 	 166.0322 	  0.9514 	 4.955868e+19 	 3.789349e+17 	 2.366908e-07 	 1.564251e-07 	 -1000.0000 	 -1000.0000 	 -1000.0000 	 -1000.0000 
	 64.5810 	 1.109096e-03 	 165.9519 	  0.9417 	 4.846247e+19 	 3.687657e+17 	 2.358270e-07 	 1.582365e-07 	 -1000.0000 	 -1000.0000 	 -1000.0000 	 -1000.0000 
	 65.0580 	 1.050738e-03 	 165.5899 	  0.9260 	 4.600271e+19 	 3.476031e+17 	 2.333756e-07 	 1.622994e-07 	 -1000.0000 	 -1000.0000 	 -1000.0000 	 -1000.0000 
	 65.2590 	 1.026997e-03 	 165.3103 	  0.9237 	 4.503277e+19 	 3.402094e+17 	 2.321656e-07 	 1.639192e-07 	 -1000.0000 	 -1000.0000 	 -1000.0000 	 -1000.0000 
	 65.4610 	 1.003616e-03 	 164.9387 	  0.9240 	 4.410027e+19 	 3.337143e+17 	 2.308468e-07 	 1.654913e-07 	 -1000.0000 	 -1000.0000 	 -1000.0000 	 -1000.0000 
	 65.6620 	 9.808128e-04 	 164.4846 	  0.9265 	 4.321179e+19 	 3.280486e+17 	 2.294388e-07 	 1.670006e-07 	 -1000.0000 	 -1000.0000 	 -1000.0000 	 -1000.0000 
	 65.8640 	 9.583502e-04 	 163.9495 	  0.9304 	 4.235579e+19 	 3.230201e+17 	 2.279345e-07 	 1.684625e-07 	 -1000.0000 	 -1000.0000 	 -1000.0000 	 -1000.0000 
	 67.6030 	 7.821040e-04 	 156.9728 	  0.9426 	 3.611887e+19 	 2.873537e+17 	 2.122677e-07 	 1.788230e-07 	 -1000.0000 	 -1000.0000 	 -1000.0000 	 -1000.0000 
	 67.8040 	 7.635177e-04 	 155.9960 	  0.9317 	 3.548286e+19 	 2.818234e+17 	 2.102578e-07 	 1.797703e-07 	 -1000.0000 	 -1000.0000 	 -1000.0000 	 -1000.0000 
	 68.0050 	 7.452673e-04 	 155.0103 	  0.9176 	 3.485514e+19 	 2.757583e+17 	 2.082354e-07 	 1.806768e-07 	 -1000.0000 	 -1000.0000 	 -1000.0000 	 -1000.0000 
	 68.2060 	 7.273514e-04 	 154.0296 	  0.9016 	 3.423334e+19 	 2.693761e+17 	 2.062147e-07 	 1.815571e-07 	 -1000.0000 	 -1000.0000 	 -1000.0000 	 -1000.0000 
	 68.4070 	 7.097683e-04 	 153.0676 	  0.8854 	 3.361508e+19 	 2.628962e+17 	 2.042098e-07 	 1.824264e-07 	 -1000.0000 	 -1000.0000 	 -1000.0000 	 -1000.0000 
	 68.8930 	 6.686203e-04 	 150.9027 	  0.8532 	 3.212047e+19 	 2.481618e+17 	 1.995143e-07 	 1.845730e-07 	 -1000.0000 	 -1000.0000 	 -1000.0000 	 -1000.0000 
	 69.0940 	 6.521634e-04 	 150.1072 	  0.8464 	 3.149677e+19 	 2.429890e+17 	 1.976698e-07 	 1.855159e-07 	 -1000.0000 	 -1000.0000 	 -1000.0000 	 -1000.0000 
	 69.2950 	 6.360318e-04 	 149.3718 	  0.8440 	 3.086994e+19 	 2.384478e+17 	 1.958861e-07 	 1.864987e-07 	 -1000.0000 	 -1000.0000 	 -1000.0000 	 -1000.0000 
	 69.4960 	 6.202226e-04 	 148.6811 	  0.8448 	 3.024320e+19 	 2.344016e+17 	 1.941510e-07 	 1.875143e-07 	 -1000.0000 	 -1000.0000 	 -1000.0000 	 -1000.0000 
	 69.6970 	 6.047330e-04 	 148.0198 	  0.8479 	 2.961980e+19 	 2.307114e+17 	 1.924522e-07 	 1.885554e-07 	 -1000.0000 	 -1000.0000 	 -1000.0000 	 -1000.0000 
	 70.1630 	 5.700356e-04 	 146.5145 	  0.8577 	 2.820529e+19 	 2.227573e+17 	 1.885846e-07 	 1.910271e-07 	 -1000.0000 	 -1000.0000 	 -1000.0000 	 -1000.0000 
	 70.3640 	 5.555863e-04 	 145.8417 	  0.8606 	 2.761595e+19 	 2.192628e+17 	 1.869184e-07 	 1.921016e-07 	 -1000.0000 	 -1000.0000 	 -1000.0000 	 -1000.0000 
	 70.5650 	 5.414434e-04 	 145.1488 	  0.8622 	 2.704051e+19 	 2.156442e+17 	 1.852487e-07 	 1.931809e-07 	 -1000.0000 	 -1000.0000 	 -1000.0000 	 -1000.0000 
	 70.7660 	 5.276024e-04 	 144.4453 	  0.8628 	 2.647711e+19 	 2.119389e+17 	 1.835836e-07 	 1.942730e-07 	 -1000.0000 	 -1000.0000 	 -1000.0000 	 -1000.0000 
	 70.9670 	 5.140589e-04 	 143.7412 	  0.8627 	 2.592387e+19 	 2.081853e+17 	 1.819310e-07 	 1.953864e-07 	 -1000.0000 	 -1000.0000 	 -1000.0000 	 -1000.0000 
	 71.4430 	 4.831470e-04 	 142.1276 	  0.8624 	 2.464327e+19 	 1.993278e+17 	 1.781147e-07 	 1.981562e-07 	 -1000.0000 	 -1000.0000 	 -1000.0000 	 -1000.0000 
	 71.6430 	 4.706352e-04 	 141.4955 	  0.8630 	 2.411313e+19 	 1.957111e+17 	 1.765716e-07 	 1.993961e-07 	 -1000.0000 	 -1000.0000 	 -1000.0000 	 -1000.0000 
	 71.8430 	 4.583993e-04 	 140.8962 	  0.8644 	 2.358665e+19 	 1.921856e+17 	 1.750755e-07 	 2.006935e-07 	 -1000.0000 	 -1000.0000 	 -1000.0000 	 -1000.0000 
	 72.0420 	 4.464947e-04 	 140.3293 	  0.8665 	 2.306714e+19 	 1.887659e+17 	 1.736407e-07 	 2.020500e-07 	 -1000.0000 	 -1000.0000 	 -1000.0000 	 -1000.0000 
	 72.2420 	 4.347979e-04 	 139.7858 	  0.8694 	 2.255014e+19 	 1.854147e+17 	 1.722602e-07 	 2.034880e-07 	 -1000.0000 	 -1000.0000 	 -1000.0000 	 -1000.0000 
	 72.7230 	 4.077428e-04 	 138.5660 	  0.8788 	 2.133218e+19 	 1.776901e+17 	 1.692359e-07 	 2.073055e-07 	 -1000.0000 	 -1000.0000 	 -1000.0000 	 -1000.0000 
	 72.9230 	 3.969313e-04 	 138.0871 	  0.8838 	 2.083815e+19 	 1.746102e+17 	 1.681194e-07 	 2.090638e-07 	 -1000.0000 	 -1000.0000 	 -1000.0000 	 -1000.0000 
	 73.1230 	 3.863729e-04 	 137.6226 	  0.8893 	 2.035202e+19 	 1.716019e+17 	 1.670921e-07 	 2.109339e-07 	 -1000.0000 	 -1000.0000 	 -1000.0000 	 -1000.0000 
	 73.3220 	 3.761172e-04 	 137.1760 	  0.8952 	 1.987617e+19 	 1.686738e+17 	 1.661588e-07 	 2.129119e-07 	 -1000.0000 	 -1000.0000 	 -1000.0000 	 -1000.0000 
	 73.5220 	 3.660598e-04 	 136.7440 	  0.9015 	 1.940582e+19 	 1.657908e+17 	 1.653105e-07 	 2.150239e-07 	 -1000.0000 	 -1000.0000 	 -1000.0000 	 -1000.0000 
	 73.9890 	 3.435432e-04 	 135.8067 	  0.9175 	 1.833838e+19 	 1.592595e+17 	 1.636821e-07 	 2.204756e-07 	 -1000.0000 	 -1000.0000 	 -1000.0000 	 -1000.0000 
	 74.1880 	 3.343563e-04 	 135.4404 	  0.9246 	 1.789664e+19 	 1.565489e+17 	 1.631388e-07 	 2.230349e-07 	 -1000.0000 	 -1000.0000 	 -1000.0000 	 -1000.0000 
	 74.3870 	 3.254058e-04 	 135.0927 	  0.9321 	 1.746274e+19 	 1.538870e+17 	 1.626822e-07 	 2.257409e-07 	 -1000.0000 	 -1000.0000 	 -1000.0000 	 -1000.0000 
	 74.5850 	 3.167253e-04 	 134.7622 	  0.9401 	 1.703882e+19 	 1.513023e+17 	 1.623084e-07 	 2.285801e-07 	 -1000.0000 	 -1000.0000 	 -1000.0000 	 -1000.0000 
	 74.7840 	 3.082176e-04 	 134.4426 	  0.9489 	 1.662060e+19 	 1.487844e+17 	 1.620083e-07 	 2.315819e-07 	 -1000.0000 	 -1000.0000 	 -1000.0000 	 -1000.0000 
	 75.2640 	 2.885311e-04 	 133.7046 	  0.9748 	 1.564418e+19 	 1.431350e+17 	 1.615618e-07 	 2.394400e-07 	 -1000.0000 	 -1000.0000 	 -1000.0000 	 -1000.0000 
	 75.4620 	 2.807305e-04 	 133.4065 	  0.9879 	 1.525473e+19 	 1.410137e+17 	 1.614785e-07 	 2.429382e-07 	 -1000.0000 	 -1000.0000 	 -1000.0000 	 -1000.0000 
	 75.6600 	 2.731105e-04 	 133.1140 	  1.0019 	 1.487282e+19 	 1.389764e+17 	 1.614491e-07 	 2.465882e-07 	 -1000.0000 	 -1000.0000 	 -1000.0000 	 -1000.0000 
	 75.8590 	 2.656359e-04 	 132.8320 	  1.0159 	 1.449621e+19 	 1.369345e+17 	 1.614737e-07 	 2.504109e-07 	 -1000.0000 	 -1000.0000 	 -1000.0000 	 -1000.0000 
	 76.0570 	 2.583842e-04 	 132.5701 	  1.0288 	 1.412831e+19 	 1.348293e+17 	 1.615516e-07 	 2.543694e-07 	 -1000.0000 	 -1000.0000 	 -1000.0000 	 -1000.0000 
	 76.5240 	 2.420249e-04 	 132.0642 	  1.0488 	 1.328534e+19 	 1.291182e+17 	 1.619441e-07 	 2.643268e-07 	 -1000.0000 	 -1000.0000 	 -1000.0000 	 -1000.0000 
	 76.7220 	 2.354094e-04 	 131.9125 	  1.0506 	 1.293756e+19 	 1.261974e+17 	 1.621981e-07 	 2.688156e-07 	 -1000.0000 	 -1000.0000 	 -1000.0000 	 -1000.0000 
	 76.9200 	 2.289821e-04 	 131.7990 	  1.0485 	 1.259552e+19 	 1.229860e+17 	 1.625035e-07 	 2.734682e-07 	 -1000.0000 	 -1000.0000 	 -1000.0000 	 -1000.0000 
	 77.1190 	 2.227049e-04 	 131.7165 	  1.0440 	 1.225805e+19 	 1.195753e+17 	 1.628615e-07 	 2.783147e-07 	 -1000.0000 	 -1000.0000 	 -1000.0000 	 -1000.0000 
	 77.3170 	 2.166339e-04 	 131.6588 	  1.0384 	 1.192901e+19 	 1.161101e+17 	 1.632680e-07 	 2.833120e-07 	 -1000.0000 	 -1000.0000 	 -1000.0000 	 -1000.0000 
	 77.7940 	 2.026815e-04 	 131.5778 	  1.0297 	 1.116695e+19 	 1.081320e+17 	 1.644486e-07 	 2.961013e-07 	 -1000.0000 	 -1000.0000 	 -1000.0000 	 -1000.0000 
	 77.9920 	 1.971520e-04 	 131.5509 	  1.0316 	 1.086454e+19 	 1.052424e+17 	 1.650206e-07 	 3.017350e-07 	 -1000.0000 	 -1000.0000 	 -1000.0000 	 -1000.0000 
	 78.1900 	 1.917683e-04 	 131.5209 	  1.0376 	 1.057061e+19 	 1.026710e+17 	 1.656392e-07 	 3.075654e-07 	 -1000.0000 	 -1000.0000 	 -1000.0000 	 -1000.0000 
	 78.3890 	 1.865013e-04 	 131.4855 	  1.0471 	 1.028361e+19 	 1.003769e+17 	 1.663066e-07 	 3.136253e-07 	 -1000.0000 	 -1000.0000 	 -1000.0000 	 -1000.0000 
	 78.5870 	 1.814007e-04 	 131.4431 	  1.0596 	 1.000629e+19 	 9.835178e+16 	 1.670148e-07 	 3.198562e-07 	 -1000.0000 	 -1000.0000 	 -1000.0000 	 -1000.0000 
	 81.5200 	 1.201136e-04 	 128.6271 	  1.2231 	 6.769911e+18 	 7.802928e+16 	 1.818102e-07 	 4.370600e-07 	 -1000.0000 	 -1000.0000 	 -1000.0000 	 -1000.0000 
	 81.7160 	 1.168325e-04 	 128.2046 	  1.2082 	 6.605791e+18 	 7.596104e+16 	 1.830292e-07 	 4.466477e-07 	 -1000.0000 	 -1000.0000 	 -1000.0000 	 -1000.0000 
	 81.9120 	 1.136362e-04 	 127.7576 	  1.1889 	 6.446792e+18 	 7.370880e+16 	 1.842677e-07 	 4.564610e-07 	 -1000.0000 	 -1000.0000 	 -1000.0000 	 -1000.0000 
	 82.1080 	 1.105219e-04 	 127.3082 	  1.1674 	 6.291796e+18 	 7.135469e+16 	 1.855210e-07 	 4.664934e-07 	 -1000.0000 	 -1000.0000 	 -1000.0000 	 -1000.0000 
	 82.3050 	 1.074714e-04 	 126.8765 	  1.1458 	 6.138910e+18 	 6.896950e+16 	 1.867911e-07 	 4.767911e-07 	 -1000.0000 	 -1000.0000 	 -1000.0000 	 -1000.0000 
	 82.7800 	 1.004274e-04 	 126.0539 	  1.1078 	 5.775346e+18 	 6.364772e+16 	 1.898680e-07 	 5.024624e-07 	 -1000.0000 	 -1000.0000 	 -1000.0000 	 -1000.0000 
	 82.9760 	 9.764205e-05 	 125.8585 	  1.1034 	 5.624683e+18 	 6.183055e+16 	 1.911329e-07 	 5.133880e-07 	 -1000.0000 	 -1000.0000 	 -1000.0000 	 -1000.0000 
	 83.1720 	 9.492572e-05 	 125.7556 	  1.1060 	 5.473311e+18 	 6.026117e+16 	 1.924008e-07 	 5.245340e-07 	 -1000.0000 	 -1000.0000 	 -1000.0000 	 -1000.0000 
	 83.3680 	 9.227928e-05 	 125.7298 	  1.1137 	 5.322148e+18 	 5.887515e+16 	 1.936867e-07 	 5.359490e-07 	 -1000.0000 	 -1000.0000 	 -1000.0000 	 -1000.0000 
	 83.5650 	 8.969067e-05 	 125.7657 	  1.1243 	 5.171363e+18 	 5.760089e+16 	 1.950122e-07 	 5.477425e-07 	 -1000.0000 	 -1000.0000 	 -1000.0000 	 -1000.0000 
	 84.0350 	 8.380898e-05 	 126.0079 	  1.1493 	 4.821841e+18 	 5.465073e+16 	 1.983984e-07 	 5.774686e-07 	 -1000.0000 	 -1000.0000 	 -1000.0000 	 -1000.0000 
	 84.2300 	 8.149243e-05 	 126.1356 	  1.1545 	 4.683290e+18 	 5.330719e+16 	 1.999318e-07 	 5.905773e-07 	 -1000.0000 	 -1000.0000 	 -1000.0000 	 -1000.0000 
	 84.4260 	 7.923610e-05 	 126.2715 	  1.1558 	 4.548375e+18 	 5.185505e+16 	 2.015552e-07 	 6.042460e-07 	 -1000.0000 	 -1000.0000 	 -1000.0000 	 -1000.0000 
	 84.6220 	 7.704935e-05 	 126.4215 	  1.1541 	 4.417457e+18 	 5.033537e+16 	 2.032519e-07 	 6.184003e-07 	 -1000.0000 	 -1000.0000 	 -1000.0000 	 -1000.0000 
	 84.8170 	 7.494009e-05 	 126.5913 	  1.1507 	 4.290809e+18 	 4.879118e+16 	 2.050036e-07 	 6.329559e-07 	 -1000.0000 	 -1000.0000 	 -1000.0000 	 -1000.0000 
	 85.2800 	 7.018133e-05 	 127.1152 	  1.1426 	 4.002365e+18 	 4.519801e+16 	 2.093634e-07 	 6.693571e-07 	 -1000.0000 	 -1000.0000 	 -1000.0000 	 -1000.0000 
	 85.4750 	 6.827559e-05 	 127.4022 	  1.1419 	 3.885184e+18 	 4.379840e+16 	 2.112622e-07 	 6.854431e-07 	 -1000.0000 	 -1000.0000 	 -1000.0000 	 -1000.0000 
	 85.6700 	 6.642545e-05 	 127.7291 	  1.1434 	 3.770404e+18 	 4.248814e+16 	 2.131905e-07 	 7.019716e-07 	 -1000.0000 	 -1000.0000 	 -1000.0000 	 -1000.0000 
	 85.8650 	 6.463000e-05 	 128.0887 	  1.1470 	 3.658249e+18 	 4.125784e+16 	 2.151483e-07 	 7.189457e-07 	 -1000.0000 	 -1000.0000 	 -1000.0000 	 -1000.0000 
	 86.0600 	 6.288832e-05 	 128.4734 	  1.1522 	 3.548947e+18 	 4.009784e+16 	 2.171355e-07 	 7.363687e-07 	 -1000.0000 	 -1000.0000 	 -1000.0000 	 -1000.0000 
	 86.5300 	 5.890597e-05 	 129.4593 	  1.1693 	 3.298604e+18 	 3.753253e+16 	 2.220456e-07 	 7.802264e-07 	 -1000.0000 	 -1000.0000 	 -1000.0000 	 -1000.0000 
	 86.7250 	 5.734079e-05 	 129.8738 	  1.1774 	 3.200736e+18 	 3.654008e+16 	 2.241323e-07 	 7.992034e-07 	 -1000.0000 	 -1000.0000 	 -1000.0000 	 -1000.0000 
	 86.9200 	 5.582426e-05 	 130.2762 	  1.1857 	 3.106589e+18 	 3.558109e+16 	 2.262444e-07 	 8.186354e-07 	 -1000.0000 	 -1000.0000 	 -1000.0000 	 -1000.0000 
	 87.1150 	 5.435384e-05 	 130.6521 	  1.1938 	 3.016189e+18 	 3.465439e+16 	 2.283765e-07 	 8.385140e-07 	 -1000.0000 	 -1000.0000 	 -1000.0000 	 -1000.0000 
	 87.3100 	 5.292695e-05 	 130.9873 	  1.2012 	 2.929560e+18 	 3.375887e+16 	 2.305230e-07 	 8.588307e-07 	 -1000.0000 	 -1000.0000 	 -1000.0000 	 -1000.0000 
	 87.7700 	 4.971862e-05 	 131.5342 	  1.2145 	 2.740284e+18 	 3.176350e+16 	 2.356120e-07 	 9.084441e-07 	 -1000.0000 	 -1000.0000 	 -1000.0000 	 -1000.0000 
	 87.9650 	 4.841923e-05 	 131.6296 	  1.2174 	 2.666474e+18 	 3.096453e+16 	 2.377690e-07 	 9.301789e-07 	 -1000.0000 	 -1000.0000 	 -1000.0000 	 -1000.0000 
	 88.1600 	 4.715345e-05 	 131.6459 	  1.2188 	 2.596196e+18 	 3.019116e+16 	 2.399472e-07 	 9.524345e-07 	 -1000.0000 	 -1000.0000 	 -1000.0000 	 -1000.0000 
	 88.3550 	 4.592060e-05 	 131.6045 	  1.2191 	 2.528966e+18 	 2.944121e+16 	 2.421866e-07 	 9.753789e-07 	 -1000.0000 	 -1000.0000 	 -1000.0000 	 -1000.0000 
	 88.5500 	 4.472001e-05 	 131.5268 	  1.2185 	 2.464298e+18 	 2.871250e+16 	 2.445275e-07 	 9.991815e-07 	 -1000.0000 	 -1000.0000 	 -1000.0000 	 -1000.0000 
	 89.0150 	 4.198332e-05 	 131.3218 	  1.2169 	 2.317549e+18 	 2.704759e+16 	 2.507570e-07 	 1.060403e-06 	 -1000.0000 	 -1000.0000 	 -1000.0000 	 -1000.0000 
	 89.2100 	 4.088697e-05 	 131.2795 	  1.2170 	 2.257961e+18 	 2.637450e+16 	 2.537364e-07 	 1.088353e-06 	 -1000.0000 	 -1000.0000 	 -1000.0000 	 -1000.0000 
	 89.4040 	 3.982539e-05 	 131.2782 	  1.2177 	 2.199481e+18 	 2.571633e+16 	 2.569237e-07 	 1.117572e-06 	 -1000.0000 	 -1000.0000 	 -1000.0000 	 -1000.0000 
	 89.5980 	 3.879226e-05 	 131.3144 	  1.2187 	 2.141876e+18 	 2.506732e+16 	 2.602955e-07 	 1.148104e-06 	 -1000.0000 	 -1000.0000 	 -1000.0000 	 -1000.0000 
	 89.7930 	 3.778185e-05 	 131.3851 	  1.2197 	 2.084939e+18 	 2.442189e+16 	 2.638318e-07 	 1.180023e-06 	 -1000.0000 	 -1000.0000 	 -1000.0000 	 -1000.0000 
	 90.2500 	 3.552057e-05 	 131.6667 	  1.2200 	 1.955755e+18 	 2.292339e+16 	 2.724762e-07 	 1.259112e-06 	 -1000.0000 	 -1000.0000 	 -1000.0000 	 -1000.0000 
	 90.4440 	 3.460436e-05 	 131.8271 	  1.2186 	 1.902909e+18 	 2.228793e+16 	 2.762056e-07 	 1.294278e-06 	 -1000.0000 	 -1000.0000 	 -1000.0000 	 -1000.0000 
	 90.6380 	 3.371332e-05 	 132.0094 	  1.2160 	 1.851304e+18 	 2.165268e+16 	 2.799446e-07 	 1.330355e-06 	 -1000.0000 	 -1000.0000 	 -1000.0000 	 -1000.0000 
	 90.8320 	 3.284685e-05 	 132.2136 	  1.2124 	 1.800917e+18 	 2.102017e+16 	 2.837010e-07 	 1.367398e-06 	 -1000.0000 	 -1000.0000 	 -1000.0000 	 -1000.0000 
	 91.0250 	 3.200860e-05 	 132.4386 	  1.2082 	 1.751980e+18 	 2.039620e+16 	 2.874634e-07 	 1.405269e-06 	 -1000.0000 	 -1000.0000 	 -1000.0000 	 -1000.0000 
	 91.4900 	 3.008265e-05 	 133.0713 	  1.1957 	 1.638816e+18 	 1.892976e+16 	 2.966800e-07 	 1.501029e-06 	 -1000.0000 	 -1000.0000 	 -1000.0000 	 -1000.0000 
	 91.6840 	 2.931676e-05 	 133.3730 	  1.1900 	 1.593538e+18 	 1.833975e+16 	 3.006085e-07 	 1.543012e-06 	 -1000.0000 	 -1000.0000 	 -1000.0000 	 -1000.0000 
	 91.8780 	 2.857221e-05 	 133.6911 	  1.1842 	 1.549424e+18 	 1.776576e+16 	 3.045953e-07 	 1.586276e-06 	 -1000.0000 	 -1000.0000 	 -1000.0000 	 -1000.0000 
	 92.0720 	 2.784856e-05 	 134.0165 	  1.1784 	 1.506542e+18 	 1.720953e+16 	 3.086447e-07 	 1.630877e-06 	 -1000.0000 	 -1000.0000 	 -1000.0000 	 -1000.0000 
	 92.2650 	 2.714890e-05 	 134.3381 	  1.1726 	 1.465171e+18 	 1.667544e+16 	 3.127395e-07 	 1.676629e-06 	 -1000.0000 	 -1000.0000 	 -1000.0000 	 -1000.0000 
	 92.7360 	 2.552352e-05 	 135.0576 	  1.1592 	 1.370023e+18 	 1.546326e+16 	 3.230354e-07 	 1.794414e-06 	 -1000.0000 	 -1000.0000 	 -1000.0000 	 -1000.0000 
	 92.9290 	 2.488994e-05 	 135.3030 	  1.1542 	 1.333580e+18 	 1.500797e+16 	 3.273898e-07 	 1.845338e-06 	 -1000.0000 	 -1000.0000 	 -1000.0000 	 -1000.0000 
	 93.1220 	 2.427420e-05 	 135.5127 	  1.1494 	 1.298598e+18 	 1.457643e+16 	 3.318398e-07 	 1.897980e-06 	 -1000.0000 	 -1000.0000 	 -1000.0000 	 -1000.0000 
	 93.3150 	 2.367533e-05 	 135.6877 	  1.1449 	 1.264966e+18 	 1.416603e+16 	 3.364058e-07 	 1.952534e-06 	 -1000.0000 	 -1000.0000 	 -1000.0000 	 -1000.0000 
	 93.5080 	 2.309234e-05 	 135.8290 	  1.1405 	 1.232572e+18 	 1.377409e+16 	 3.411085e-07 	 2.009197e-06 	 -1000.0000 	 -1000.0000 	 -1000.0000 	 -1000.0000 
	 93.9610 	 2.178074e-05 	 136.0346 	  1.1307 	 1.160752e+18 	 1.291160e+16 	 3.528009e-07 	 2.151588e-06 	 -1000.0000 	 -1000.0000 	 -1000.0000 	 -1000.0000 
