	 height_(km) 	 press_(mbar) 	 temp_(K) 	 temperr_(K) 	 numdens_(m-3) 	 numdenserr_(m-3) 	 H2Ovmr_() 	 H2Ovmrerr_() 	 D/H_(VSMOW) 	 D/Herr_(VSMOW) 	 18O/16O_(VSMOW) 	 18O/16Oerr_(VSMOW) 
	 25.4110 	 5.732833e-01 	 211.4305 	  4.1073 	 1.965598e+22 	 4.006180e+20 	 1.740177e-04 	 1.829878e-05 	  4.6469 	  1.0942 	 -1000.0000 	 -1000.0000 
	 25.5180 	 5.677447e-01 	 211.2261 	  4.1006 	 1.948506e+22 	 3.953639e+20 	 1.745646e-04 	 1.846616e-05 	  4.6121 	  1.1089 	 -1000.0000 	 -1000.0000 
	 25.6240 	 5.623027e-01 	 211.0219 	  4.0856 	 1.931709e+22 	 3.897062e+20 	 1.749987e-04 	 1.855174e-05 	  4.5808 	  1.1219 	 -1000.0000 	 -1000.0000 
	 26.6510 	 5.118440e-01 	 208.9708 	  3.5930 	 1.775640e+22 	 3.173251e+20 	 1.770451e-04 	 1.740173e-05 	  4.4269 	  1.1534 	 -1000.0000 	 -1000.0000 
	 26.7570 	 5.068653e-01 	 208.7537 	  3.5152 	 1.760195e+22 	 3.086358e+20 	 1.771487e-04 	 1.719506e-05 	  4.4247 	  1.1478 	 -1000.0000 	 -1000.0000 
	 26.8630 	 5.019286e-01 	 208.5361 	  3.4339 	 1.744869e+22 	 2.998297e+20 	 1.772312e-04 	 1.698107e-05 	  4.4247 	  1.1409 	 -1000.0000 	 -1000.0000 
	 26.9690 	 4.970337e-01 	 208.3180 	  3.3496 	 1.729660e+22 	 2.909355e+20 	 1.772891e-04 	 1.676025e-05 	  4.4268 	  1.1328 	 -1000.0000 	 -1000.0000 
	 27.0750 	 4.921804e-01 	 208.0994 	  3.2628 	 1.714569e+22 	 2.819815e+20 	 1.773185e-04 	 1.653270e-05 	  4.4307 	  1.1237 	 -1000.0000 	 -1000.0000 
	 28.1040 	 4.471816e-01 	 205.9774 	  2.3713 	 1.573868e+22 	 1.977487e+20 	 1.750401e-04 	 1.387228e-05 	  4.5414 	  0.9968 	 -1000.0000 	 -1000.0000 
	 28.2090 	 4.428008e-01 	 205.7629 	  2.2840 	 1.560076e+22 	 1.900174e+20 	 1.744216e-04 	 1.354029e-05 	  4.5566 	  0.9813 	 -1000.0000 	 -1000.0000 
	 28.3150 	 4.384171e-01 	 205.5471 	  2.1983 	 1.546254e+22 	 1.824855e+20 	 1.737040e-04 	 1.319226e-05 	  4.5721 	  0.9652 	 -1000.0000 	 -1000.0000 
	 28.4210 	 4.340721e-01 	 205.3322 	  2.1154 	 1.532533e+22 	 1.752565e+20 	 1.728905e-04 	 1.283186e-05 	  4.5874 	  0.9488 	 -1000.0000 	 -1000.0000 
	 28.5270 	 4.297656e-01 	 205.1182 	  2.0356 	 1.518910e+22 	 1.683589e+20 	 1.719815e-04 	 1.246039e-05 	  4.6024 	  0.9319 	 -1000.0000 	 -1000.0000 
	 29.5640 	 3.896276e-01 	 203.1168 	  1.4705 	 1.390582e+22 	 1.207866e+20 	 1.603196e-04 	 8.722769e-06 	  4.6961 	  0.7433 	 -1000.0000 	 -1000.0000 
	 29.6690 	 3.857626e-01 	 202.9303 	  1.4338 	 1.378053e+22 	 1.177136e+20 	 1.594111e-04 	 8.612612e-06 	  4.6966 	  0.7259 	 -1000.0000 	 -1000.0000 
	 29.7750 	 3.818976e-01 	 202.7465 	  1.4000 	 1.365484e+22 	 1.148556e+20 	 1.585954e-04 	 8.509060e-06 	  4.6949 	  0.7075 	 -1000.0000 	 -1000.0000 
	 29.8810 	 3.780694e-01 	 202.5676 	  1.3692 	 1.352994e+22 	 1.122220e+20 	 1.578840e-04 	 8.412960e-06 	  4.6913 	  0.6882 	 -1000.0000 	 -1000.0000 
	 29.9870 	 3.742780e-01 	 202.3940 	  1.3415 	 1.340580e+22 	 1.097916e+20 	 1.572751e-04 	 8.323918e-06 	  4.6860 	  0.6684 	 -1000.0000 	 -1000.0000 
	 31.0060 	 3.396563e-01 	 200.9845 	  1.1920 	 1.225167e+22 	 9.343316e+19 	 1.552197e-04 	 7.730164e-06 	  4.6263 	  0.4771 	 -1000.0000 	 -1000.0000 
	 31.1120 	 3.362352e-01 	 200.8521 	  1.1850 	 1.213624e+22 	 9.223185e+19 	 1.551729e-04 	 7.684932e-06 	  4.6273 	  0.4598 	 -1000.0000 	 -1000.0000 
	 31.2170 	 3.328780e-01 	 200.7205 	  1.1788 	 1.202289e+22 	 9.109917e+19 	 1.551135e-04 	 7.641369e-06 	  4.6310 	  0.4437 	 -1000.0000 	 -1000.0000 
	 31.3230 	 3.295200e-01 	 200.5864 	  1.1734 	 1.190949e+22 	 9.000436e+19 	 1.550352e-04 	 7.598487e-06 	  4.6375 	  0.4283 	 -1000.0000 	 -1000.0000 
	 31.4280 	 3.262241e-01 	 200.4516 	  1.1684 	 1.179821e+22 	 8.895901e+19 	 1.549371e-04 	 7.557067e-06 	  4.6466 	  0.4142 	 -1000.0000 	 -1000.0000 
	 32.4660 	 2.951888e-01 	 198.9170 	  1.1250 	 1.075785e+22 	 7.955903e+19 	 1.533100e-04 	 7.217874e-06 	  4.8218 	  0.4025 	 -1000.0000 	 -1000.0000 
	 32.5720 	 2.921728e-01 	 198.7414 	  1.1214 	 1.065739e+22 	 7.869064e+19 	 1.531951e-04 	 7.193107e-06 	  4.8420 	  0.4022 	 -1000.0000 	 -1000.0000 
	 32.6770 	 2.892128e-01 	 198.5649 	  1.1182 	 1.055883e+22 	 7.785321e+19 	 1.531160e-04 	 7.170901e-06 	  4.8611 	  0.4018 	 -1000.0000 	 -1000.0000 
	 32.7830 	 2.862520e-01 	 198.3844 	  1.1154 	 1.046028e+22 	 7.703246e+19 	 1.531950e-04 	 7.222604e-06 	  4.8794 	  0.4036 	 -1000.0000 	 -1000.0000 
	 32.8880 	 2.833463e-01 	 198.2037 	  1.1130 	 1.036357e+22 	 7.624550e+19 	 1.533650e-04 	 7.299771e-06 	  4.8962 	  0.4061 	 -1000.0000 	 -1000.0000 
	 33.9190 	 2.562212e-01 	 196.4089 	  1.1168 	 9.456780e+21 	 6.988984e+19 	 1.570107e-04 	 7.119845e-06 	  4.9484 	  0.3987 	 -1000.0000 	 -1000.0000 
	 34.0240 	 2.536001e-01 	 196.2375 	  1.1188 	 9.368213e+21 	 6.932996e+19 	 1.578768e-04 	 7.135201e-06 	  4.9382 	  0.4070 	 -1000.0000 	 -1000.0000 
	 34.1290 	 2.510049e-01 	 196.0710 	  1.1207 	 9.280237e+21 	 6.877354e+19 	 1.588422e-04 	 7.153798e-06 	  4.9247 	  0.4145 	 -1000.0000 	 -1000.0000 
	 34.2340 	 2.484355e-01 	 195.9100 	  1.1226 	 9.192825e+21 	 6.821731e+19 	 1.599013e-04 	 7.175498e-06 	  4.9079 	  0.4211 	 -1000.0000 	 -1000.0000 
	 34.3390 	 2.458918e-01 	 195.7552 	  1.1243 	 9.105949e+21 	 6.765799e+19 	 1.610416e-04 	 7.199943e-06 	  4.8886 	  0.4266 	 -1000.0000 	 -1000.0000 
	 35.3610 	 2.224343e-01 	 194.6061 	  1.1257 	 8.286523e+21 	 6.174739e+19 	 1.718418e-04 	 7.443063e-06 	  4.7197 	  0.4560 	  1.0689 	  0.1401 
	 35.4660 	 2.201493e-01 	 194.5108 	  1.1247 	 8.205395e+21 	 6.111468e+19 	 1.725249e-04 	 7.548379e-06 	  4.7208 	  0.4616 	  1.0659 	  0.1353 
	 35.5710 	 2.178858e-01 	 194.4160 	  1.1238 	 8.124938e+21 	 6.048453e+19 	 1.733246e-04 	 7.809443e-06 	  4.7281 	  0.4709 	  1.0636 	  0.1313 
	 35.6760 	 2.156433e-01 	 194.3210 	  1.1228 	 8.045179e+21 	 5.985888e+19 	 1.737584e-04 	 7.990683e-06 	  4.7416 	  0.4797 	  1.0619 	  0.1272 
	 35.7810 	 2.134214e-01 	 194.2247 	  1.1218 	 7.966144e+21 	 5.923963e+19 	 1.738142e-04 	 8.093483e-06 	  4.7610 	  0.4878 	  1.0609 	  0.1231 
	 36.8140 	 1.925964e-01 	 193.0920 	  1.1199 	 7.230583e+21 	 5.373192e+19 	 1.605510e-04 	 7.046932e-06 	  5.1392 	  0.5698 	  1.0745 	  0.1002 
	 36.9180 	 1.906044e-01 	 192.9588 	  1.1203 	 7.160755e+21 	 5.323635e+19 	 1.588216e-04 	 6.985169e-06 	  5.1810 	  0.5797 	  1.0774 	  0.1014 
	 37.0230 	 1.886131e-01 	 192.8215 	  1.1208 	 7.091022e+21 	 5.274550e+19 	 1.570558e-04 	 6.920423e-06 	  5.2210 	  0.5888 	  1.0806 	  0.1031 
	 37.1270 	 1.866606e-01 	 192.6828 	  1.1214 	 7.022704e+21 	 5.226833e+19 	 1.553036e-04 	 6.854419e-06 	  5.2580 	  0.5964 	  1.0839 	  0.1052 
	 37.2320 	 1.847094e-01 	 192.5401 	  1.1220 	 6.954484e+21 	 5.179527e+19 	 1.535489e-04 	 6.786561e-06 	  5.2922 	  0.6024 	  1.0873 	  0.1076 
	 38.2610 	 1.666496e-01 	 191.0253 	  1.1277 	 6.324424e+21 	 4.753522e+19 	 1.428292e-04 	 7.856143e-06 	  5.4343 	  0.6363 	  1.1151 	  0.1375 
	 38.3660 	 1.649088e-01 	 190.8585 	  1.1281 	 6.263821e+21 	 4.712942e+19 	 1.422765e-04 	 8.030554e-06 	  5.4290 	  0.6400 	  1.1164 	  0.1395 
	 38.4710 	 1.631855e-01 	 190.6892 	  1.1285 	 6.203854e+21 	 4.672718e+19 	 1.417466e-04 	 8.161822e-06 	  5.4202 	  0.6421 	  1.1173 	  0.1407 
	 38.5760 	 1.614792e-01 	 190.5174 	  1.1287 	 6.144508e+21 	 4.632803e+19 	 1.412574e-04 	 8.254454e-06 	  5.4084 	  0.6428 	  1.1178 	  0.1413 
	 38.6810 	 1.597896e-01 	 190.3430 	  1.1290 	 6.085772e+21 	 4.593154e+19 	 1.408285e-04 	 8.316554e-06 	  5.3942 	  0.6427 	  1.1179 	  0.1413 
	 39.7140 	 1.439934e-01 	 188.4962 	  1.1265 	 5.537893e+21 	 4.210194e+19 	 1.404238e-04 	 7.885618e-06 	  5.2056 	  0.6117 	  1.1128 	  0.1254 
	 39.8180 	 1.424826e-01 	 188.3000 	  1.1256 	 5.485504e+21 	 4.172045e+19 	 1.406011e-04 	 7.740956e-06 	  5.1886 	  0.6032 	  1.1127 	  0.1231 
	 39.9230 	 1.409714e-01 	 188.1008 	  1.1247 	 5.433082e+21 	 4.133571e+19 	 1.407627e-04 	 7.577256e-06 	  5.1727 	  0.5930 	  1.1128 	  0.1208 
	 40.0270 	 1.394886e-01 	 187.9025 	  1.1236 	 5.381612e+21 	 4.095498e+19 	 1.408903e-04 	 7.400445e-06 	  5.1579 	  0.5811 	  1.1132 	  0.1184 
	 40.1320 	 1.380055e-01 	 187.7014 	  1.1223 	 5.330095e+21 	 4.057084e+19 	 1.409749e-04 	 7.208305e-06 	  5.1439 	  0.5671 	  1.1138 	  0.1159 
	 41.1560 	 1.242551e-01 	 185.7552 	  1.1036 	 4.849025e+21 	 3.685295e+19 	 1.379191e-04 	 5.999100e-06 	  5.0429 	  0.3908 	  1.1468 	  0.0984 
	 41.2610 	 1.229167e-01 	 185.5660 	  1.1014 	 4.801676e+21 	 3.648088e+19 	 1.372068e-04 	 5.981487e-06 	  5.0361 	  0.3797 	  1.1548 	  0.0992 
	 41.3650 	 1.216037e-01 	 185.3824 	  1.0993 	 4.755104e+21 	 3.611548e+19 	 1.364546e-04 	 5.963161e-06 	  5.0299 	  0.3807 	  1.1639 	  0.1009 
	 41.4690 	 1.203035e-01 	 185.2029 	  1.0973 	 4.708847e+21 	 3.575352e+19 	 1.356679e-04 	 5.944227e-06 	  5.0243 	  0.3818 	  1.1741 	  0.1034 
	 41.5730 	 1.190160e-01 	 185.0281 	  1.0954 	 4.662895e+21 	 3.539540e+19 	 1.348633e-04 	 5.925016e-06 	  5.0191 	  0.3830 	  1.1852 	  0.1070 
	 42.5990 	 1.069735e-01 	 183.4568 	  1.0879 	 4.227651e+21 	 3.220122e+19 	 1.300983e-04 	 8.295345e-06 	  4.9538 	  0.4995 	  1.3006 	  0.1893 
	 42.7030 	 1.058175e-01 	 183.2745 	  1.0892 	 4.186102e+21 	 3.193402e+19 	 1.301545e-04 	 8.399167e-06 	  4.9416 	  0.5046 	  1.3075 	  0.1950 
	 42.8070 	 1.046730e-01 	 183.0790 	  1.0910 	 4.145196e+21 	 3.168184e+19 	 1.303151e-04 	 8.457854e-06 	  4.9278 	  0.5064 	  1.3124 	  0.1990 
	 42.9110 	 1.035398e-01 	 182.8680 	  1.0933 	 4.104976e+21 	 3.144586e+19 	 1.305787e-04 	 8.474417e-06 	  4.9126 	  0.5050 	  1.3154 	  0.2012 
	 43.0150 	 1.024179e-01 	 182.6395 	  1.0963 	 4.065485e+21 	 3.122726e+19 	 1.309417e-04 	 8.456665e-06 	  4.8967 	  0.5010 	  1.3166 	  0.2015 
	 44.0420 	 9.190889e-02 	 179.2433 	  1.1636 	 3.716897e+21 	 3.008349e+19 	 1.373175e-04 	 7.031249e-06 	  4.8259 	  0.4132 	  1.2643 	  0.1412 
	 44.1450 	 9.090707e-02 	 178.8143 	  1.1739 	 3.685240e+21 	 3.005319e+19 	 1.377350e-04 	 6.857128e-06 	  4.8416 	  0.4077 	  1.2563 	  0.1328 
	 44.2490 	 8.990415e-02 	 178.3723 	  1.1849 	 3.653665e+21 	 3.003346e+19 	 1.379645e-04 	 6.716924e-06 	  4.8642 	  0.4044 	  1.2484 	  0.1248 
	 44.3520 	 8.891916e-02 	 177.9276 	  1.1963 	 3.622723e+21 	 3.002344e+19 	 1.379715e-04 	 6.622999e-06 	  4.8935 	  0.4035 	  1.2408 	  0.1175 
	 44.4560 	 8.793273e-02 	 177.4736 	  1.2083 	 3.591757e+21 	 3.002172e+19 	 1.377444e-04 	 6.574876e-06 	  4.9299 	  0.4048 	  1.2334 	  0.1110 
	 45.4920 	 7.852476e-02 	 173.0719 	  1.3385 	 3.288999e+21 	 3.004887e+19 	 1.252634e-04 	 7.739959e-06 	  5.5993 	  0.5313 	  1.1802 	  0.1107 
	 45.5950 	 7.763296e-02 	 172.6807 	  1.3485 	 3.259006e+21 	 2.999179e+19 	 1.234008e-04 	 7.789291e-06 	  5.6897 	  0.5485 	  1.1780 	  0.1126 
	 45.6990 	 7.674115e-02 	 172.3002 	  1.3572 	 3.228687e+21 	 2.990997e+19 	 1.214598e-04 	 7.796634e-06 	  5.7841 	  0.5650 	  1.1764 	  0.1143 
	 45.8020 	 7.586664e-02 	 171.9392 	  1.3642 	 3.198612e+21 	 2.980169e+19 	 1.194885e-04 	 7.762567e-06 	  5.8801 	  0.5803 	  1.1755 	  0.1157 
	 45.9060 	 7.499264e-02 	 171.5923 	  1.3694 	 3.168184e+21 	 2.966153e+19 	 1.174595e-04 	 7.686046e-06 	  5.9795 	  0.5945 	  1.1752 	  0.1168 
	 46.9240 	 6.692756e-02 	 169.2514 	  1.3186 	 2.866862e+21 	 2.657632e+19 	 9.826429e-05 	 5.426570e-06 	  6.9457 	  0.8398 	  1.1828 	  0.1262 
	 47.0270 	 6.615911e-02 	 169.1054 	  1.3088 	 2.836377e+21 	 2.617688e+19 	 9.669507e-05 	 5.149662e-06 	  7.0232 	  0.8759 	  1.1825 	  0.1296 
	 47.1310 	 6.539150e-02 	 168.9701 	  1.2994 	 2.805685e+21 	 2.577900e+19 	 9.525764e-05 	 4.895217e-06 	  7.0934 	  0.9134 	  1.1816 	  0.1336 
	 47.2340 	 6.463934e-02 	 168.8471 	  1.2910 	 2.775400e+21 	 2.539589e+19 	 9.422528e-05 	 4.871196e-06 	  7.1540 	  0.9589 	  1.1801 	  0.1397 
	 47.3370 	 6.389507e-02 	 168.7338 	  1.2839 	 2.745249e+21 	 2.502915e+19 	 9.333466e-05 	 4.851398e-06 	  7.2047 	  1.0030 	  1.1779 	  0.1459 
	 48.3740 	 5.681976e-02 	 167.9102 	  1.3168 	 2.453174e+21 	 2.282083e+19 	 9.084894e-05 	 4.880723e-06 	  7.1172 	  1.3244 	 -1000.0000 	 -1000.0000 
	 48.4770 	 5.615816e-02 	 167.8454 	  1.3266 	 2.425552e+21 	 2.270215e+19 	 9.128330e-05 	 4.985613e-06 	  7.0497 	  1.3443 	 -1000.0000 	 -1000.0000 
	 48.5810 	 5.549771e-02 	 167.7808 	  1.3367 	 2.397953e+21 	 2.258557e+19 	 9.190643e-05 	 5.203694e-06 	  6.9718 	  1.3647 	 -1000.0000 	 -1000.0000 
	 48.6840 	 5.485115e-02 	 167.7172 	  1.3464 	 2.370914e+21 	 2.246945e+19 	 9.259731e-05 	 5.418265e-06 	  6.8859 	  1.3817 	 -1000.0000 	 -1000.0000 
	 48.7870 	 5.421209e-02 	 167.6535 	  1.3555 	 2.344179e+21 	 2.234884e+19 	 9.335260e-05 	 5.628627e-06 	  6.7924 	  1.3954 	 -1000.0000 	 -1000.0000 
	 49.8070 	 4.827993e-02 	 166.9619 	  1.3842 	 2.096241e+21 	 2.047573e+19 	 1.021213e-04 	 6.617695e-06 	  5.6998 	  1.3712 	 -1000.0000 	 -1000.0000 
	 49.9100 	 4.771827e-02 	 166.8905 	  1.3820 	 2.072742e+21 	 2.023328e+19 	 1.029389e-04 	 6.549334e-06 	  5.5945 	  1.3566 	 -1000.0000 	 -1000.0000 
	 50.0130 	 4.716288e-02 	 166.8204 	  1.3794 	 2.049484e+21 	 1.998746e+19 	 1.037030e-04 	 6.443688e-06 	  5.4934 	  1.3411 	 -1000.0000 	 -1000.0000 
	 50.1150 	 4.661890e-02 	 166.7524 	  1.3764 	 2.026678e+21 	 1.974234e+19 	 1.043984e-04 	 6.301283e-06 	  5.3977 	  1.3250 	 -1000.0000 	 -1000.0000 
	 50.2180 	 4.607551e-02 	 166.6857 	  1.3732 	 2.003865e+21 	 1.949476e+19 	 1.050293e-04 	 6.125520e-06 	  5.3057 	  1.3081 	 -1000.0000 	 -1000.0000 
	 51.2490 	 4.094275e-02 	 166.1691 	  1.3515 	 1.786188e+21 	 1.726397e+19 	 1.051995e-04 	 6.057160e-06 	  4.6027 	  1.1644 	 -1000.0000 	 -1000.0000 
	 51.3520 	 4.046017e-02 	 166.1318 	  1.3512 	 1.765527e+21 	 1.707201e+19 	 1.047503e-04 	 6.206135e-06 	  4.5523 	  1.1534 	 -1000.0000 	 -1000.0000 
	 51.4550 	 3.998311e-02 	 166.0965 	  1.3514 	 1.745076e+21 	 1.688559e+19 	 1.043148e-04 	 6.323533e-06 	  4.5051 	  1.1422 	 -1000.0000 	 -1000.0000 
	 51.5570 	 3.951614e-02 	 166.0635 	  1.3521 	 1.725035e+21 	 1.670640e+19 	 1.039191e-04 	 6.399358e-06 	  4.4615 	  1.1308 	 -1000.0000 	 -1000.0000 
	 51.6600 	 3.905011e-02 	 166.0320 	  1.3532 	 1.705015e+21 	 1.653088e+19 	 1.035700e-04 	 6.428997e-06 	  4.4203 	  1.1186 	 -1000.0000 	 -1000.0000 
	 52.6820 	 3.472322e-02 	 165.7806 	  1.3895 	 1.518580e+21 	 1.505120e+19 	 1.023719e-04 	 4.743176e-06 	  4.1024 	  0.9692 	 -1000.0000 	 -1000.0000 
	 52.7840 	 3.431974e-02 	 165.7566 	  1.3945 	 1.501176e+21 	 1.492227e+19 	 1.024317e-04 	 4.495468e-06 	  4.0720 	  0.9527 	 -1000.0000 	 -1000.0000 
	 52.8860 	 3.392110e-02 	 165.7318 	  1.3995 	 1.483984e+21 	 1.479515e+19 	 1.025402e-04 	 4.270911e-06 	  4.0406 	  0.9361 	 -1000.0000 	 -1000.0000 
	 52.9890 	 3.352341e-02 	 165.7056 	  1.4044 	 1.466836e+21 	 1.466823e+19 	 1.027045e-04 	 4.082035e-06 	  4.0079 	  0.9192 	 -1000.0000 	 -1000.0000 
	 53.0910 	 3.313432e-02 	 165.6783 	  1.4092 	 1.450065e+21 	 1.454356e+19 	 1.029249e-04 	 3.942310e-06 	  3.9744 	  0.9025 	 -1000.0000 	 -1000.0000 
	 55.5250 	 2.506056e-02 	 164.0466 	  1.3266 	 1.107387e+21 	 1.095553e+19 	 1.085611e-04 	 3.956822e-06 	  3.2687 	  0.5671 	 -1000.0000 	 -1000.0000 
	 55.6260 	 2.476896e-02 	 163.9297 	  1.3148 	 1.095288e+21 	 1.077791e+19 	 1.078696e-04 	 3.930708e-06 	  3.2598 	  0.5606 	 -1000.0000 	 -1000.0000 
	 55.7280 	 2.447759e-02 	 163.8098 	  1.3033 	 1.083204e+21 	 1.060204e+19 	 1.070386e-04 	 3.897449e-06 	  3.2534 	  0.5549 	 -1000.0000 	 -1000.0000 
	 55.8300 	 2.418931e-02 	 163.6885 	  1.2923 	 1.071251e+21 	 1.043079e+19 	 1.060813e-04 	 3.857676e-06 	  3.2495 	  0.5498 	 -1000.0000 	 -1000.0000 
	 55.9320 	 2.390409e-02 	 163.5663 	  1.2821 	 1.059423e+21 	 1.026528e+19 	 1.050107e-04 	 3.812174e-06 	  3.2479 	  0.5454 	 -1000.0000 	 -1000.0000 
	 56.9550 	 2.120789e-02 	 162.3583 	  1.2430 	 9.469873e+20 	 9.038895e+18 	 9.186148e-05 	 3.511876e-06 	  3.2703 	  0.5311 	 -1000.0000 	 -1000.0000 
	 57.0560 	 2.095789e-02 	 162.2429 	  1.2441 	 9.364879e+20 	 8.951938e+18 	 9.066388e-05 	 3.464821e-06 	  3.2680 	  0.5325 	 -1000.0000 	 -1000.0000 
	 57.1580 	 2.070841e-02 	 162.1273 	  1.2456 	 9.259966e+20 	 8.867491e+18 	 8.951217e-05 	 3.398000e-06 	  3.2635 	  0.5342 	 -1000.0000 	 -1000.0000 
	 57.2600 	 2.046193e-02 	 162.0125 	  1.2475 	 9.156187e+20 	 8.785696e+18 	 8.841910e-05 	 3.313022e-06 	  3.2568 	  0.5362 	 -1000.0000 	 -1000.0000 
	 57.3620 	 2.021847e-02 	 161.8986 	  1.2495 	 9.053547e+20 	 8.705814e+18 	 8.738278e-05 	 3.214523e-06 	  3.2482 	  0.5386 	 -1000.0000 	 -1000.0000 
	 58.3870 	 1.793503e-02 	 160.8456 	  1.2642 	 8.082816e+20 	 7.900417e+18 	 7.948573e-05 	 2.902598e-06 	  3.1101 	  0.5916 	 -1000.0000 	 -1000.0000 
	 58.4890 	 1.772271e-02 	 160.7605 	  1.2648 	 7.991358e+20 	 7.818021e+18 	 7.883901e-05 	 2.888328e-06 	  3.0964 	  0.5980 	 -1000.0000 	 -1000.0000 
	 58.5900 	 1.751483e-02 	 160.6820 	  1.2653 	 7.901512e+20 	 7.736240e+18 	 7.820448e-05 	 2.874218e-06 	  3.0837 	  0.6044 	 -1000.0000 	 -1000.0000 
	 58.6920 	 1.730720e-02 	 160.6092 	  1.2656 	 7.811448e+20 	 7.653515e+18 	 7.756531e-05 	 2.859854e-06 	  3.0717 	  0.6111 	 -1000.0000 	 -1000.0000 
	 58.7940 	 1.710181e-02 	 160.5434 	  1.2659 	 7.722007e+20 	 7.570718e+18 	 7.692444e-05 	 2.845345e-06 	  3.0608 	  0.6180 	 -1000.0000 	 -1000.0000 
	 59.8200 	 1.515036e-02 	 160.2695 	  1.2670 	 6.853688e+20 	 6.751362e+18 	 6.994438e-05 	 2.701436e-06 	  2.9950 	  0.6973 	 -1000.0000 	 -1000.0000 
	 59.9210 	 1.496952e-02 	 160.2593 	  1.2671 	 6.772271e+20 	 6.674304e+18 	 6.916995e-05 	 2.688236e-06 	  2.9925 	  0.7058 	 -1000.0000 	 -1000.0000 
	 60.0220 	 1.479077e-02 	 160.2469 	  1.2673 	 6.691842e+20 	 6.598335e+18 	 6.838022e-05 	 2.683459e-06 	  2.9905 	  0.7143 	 -1000.0000 	 -1000.0000 
	 60.1240 	 1.461239e-02 	 160.2308 	  1.2676 	 6.611685e+20 	 6.522830e+18 	 6.757615e-05 	 2.743414e-06 	  2.9887 	  0.7234 	 -1000.0000 	 -1000.0000 
	 60.2250 	 1.443789e-02 	 160.2101 	  1.2679 	 6.533439e+20 	 6.449380e+18 	 6.677776e-05 	 2.802031e-06 	  2.9871 	  0.7321 	 -1000.0000 	 -1000.0000 
	 61.2520 	 1.278363e-02 	 159.5366 	  1.2735 	 5.808709e+20 	 5.782290e+18 	 6.025207e-05 	 3.174928e-06 	  2.9582 	  0.8036 	 -1000.0000 	 -1000.0000 
	 61.3530 	 1.263197e-02 	 159.4243 	  1.2734 	 5.743889e+20 	 5.721858e+18 	 5.989046e-05 	 3.152289e-06 	  2.9529 	  0.8080 	 -1000.0000 	 -1000.0000 
	 61.4540 	 1.248209e-02 	 159.3047 	  1.2729 	 5.680051e+20 	 5.661664e+18 	 5.959125e-05 	 3.111577e-06 	  2.9472 	  0.8118 	 -1000.0000 	 -1000.0000 
	 61.5550 	 1.233395e-02 	 159.1783 	  1.2721 	 5.617149e+20 	 5.601533e+18 	 5.935366e-05 	 3.055067e-06 	  2.9411 	  0.8152 	 -1000.0000 	 -1000.0000 
	 61.6560 	 1.218750e-02 	 159.0453 	  1.2708 	 5.555140e+20 	 5.541293e+18 	 5.917583e-05 	 2.986245e-06 	  2.9348 	  0.8183 	 -1000.0000 	 -1000.0000 
	 62.6820 	 1.078728e-02 	 157.4746 	  1.2311 	 4.965547e+20 	 4.904416e+18 	 5.990867e-05 	 2.607782e-06 	  2.8831 	  0.8463 	 -1000.0000 	 -1000.0000 
	 62.7830 	 1.065769e-02 	 157.3279 	  1.2257 	 4.910469e+20 	 4.840828e+18 	 6.010060e-05 	 2.617534e-06 	  2.8815 	  0.8490 	 -1000.0000 	 -1000.0000 
	 62.8840 	 1.052954e-02 	 157.1889 	  1.2202 	 4.855741e+20 	 4.777582e+18 	 6.032715e-05 	 2.679879e-06 	  2.8808 	  0.8522 	 -1000.0000 	 -1000.0000 
	 62.9850 	 1.040282e-02 	 157.0591 	  1.2149 	 4.801319e+20 	 4.714807e+18 	 6.054909e-05 	 2.744227e-06 	  2.8811 	  0.8554 	 -1000.0000 	 -1000.0000 
	 63.0860 	 1.027752e-02 	 156.9402 	  1.2097 	 4.747159e+20 	 4.652630e+18 	 6.075647e-05 	 2.803552e-06 	  2.8824 	  0.8586 	 -1000.0000 	 -1000.0000 
	 64.1150 	 9.080170e-03 	 156.5428 	  1.1780 	 4.205217e+20 	 4.073619e+18 	 6.200553e-05 	 3.063552e-06 	  2.9354 	  0.8899 	 -1000.0000 	 -1000.0000 
	 64.2150 	 8.971336e-03 	 156.5769 	  1.1773 	 4.153871e+20 	 4.023109e+18 	 6.217156e-05 	 3.080174e-06 	  2.9428 	  0.8932 	 -1000.0000 	 -1000.0000 
	 64.3160 	 8.862739e-03 	 156.6216 	  1.1769 	 4.102371e+20 	 3.973115e+18 	 6.238161e-05 	 3.102647e-06 	  2.9503 	  0.8967 	 -1000.0000 	 -1000.0000 
	 64.4170 	 8.755468e-03 	 156.6758 	  1.1769 	 4.051265e+20 	 3.924140e+18 	 6.264425e-05 	 3.133708e-06 	  2.9579 	  0.9004 	 -1000.0000 	 -1000.0000 
	 64.5170 	 8.650557e-03 	 156.7381 	  1.1772 	 4.001082e+20 	 3.876649e+18 	 6.296602e-05 	 3.175590e-06 	  2.9653 	  0.9042 	 -1000.0000 	 -1000.0000 
	 65.5370 	 7.652218e-03 	 157.6490 	  1.1981 	 3.519215e+20 	 3.443734e+18 	 7.055339e-05 	 4.145494e-06 	  3.0279 	  0.9456 	 -1000.0000 	 -1000.0000 
	 65.6380 	 7.560185e-03 	 157.7372 	  1.2007 	 3.474951e+20 	 3.404805e+18 	 7.162676e-05 	 4.253824e-06 	  3.0324 	  0.9492 	 -1000.0000 	 -1000.0000 
	 65.7380 	 7.470218e-03 	 157.8184 	  1.2031 	 3.431814e+20 	 3.366711e+18 	 7.269628e-05 	 4.354815e-06 	  3.0366 	  0.9525 	 -1000.0000 	 -1000.0000 
	 65.8380 	 7.381387e-03 	 157.8922 	  1.2053 	 3.389381e+20 	 3.329005e+18 	 7.375282e-05 	 4.447955e-06 	  3.0405 	  0.9556 	 -1000.0000 	 -1000.0000 
	 65.9390 	 7.292804e-03 	 157.9577 	  1.2073 	 3.347256e+20 	 3.291250e+18 	 7.478677e-05 	 4.533108e-06 	  3.0441 	  0.9585 	 -1000.0000 	 -1000.0000 
	 66.9670 	 6.452314e-03 	 157.9586 	  1.2036 	 2.960834e+20 	 2.916048e+18 	 8.015754e-05 	 4.903645e-06 	  3.0669 	  0.9771 	 -1000.0000 	 -1000.0000 
	 67.0680 	 6.375253e-03 	 157.9084 	  1.2011 	 2.926426e+20 	 2.879915e+18 	 8.002967e-05 	 4.899561e-06 	  3.0672 	  0.9781 	 -1000.0000 	 -1000.0000 
	 67.1680 	 6.299836e-03 	 157.8545 	  1.1984 	 2.892836e+20 	 2.844294e+18 	 7.977592e-05 	 4.889391e-06 	  3.0671 	  0.9788 	 -1000.0000 	 -1000.0000 
	 67.2680 	 6.225271e-03 	 157.7976 	  1.1954 	 2.859684e+20 	 2.808833e+18 	 7.939708e-05 	 4.873382e-06 	  3.0663 	  0.9792 	 -1000.0000 	 -1000.0000 
	 67.3690 	 6.150803e-03 	 157.7382 	  1.1921 	 2.826608e+20 	 2.773187e+18 	 7.888690e-05 	 4.850539e-06 	  3.0649 	  0.9792 	 -1000.0000 	 -1000.0000 
	 68.3900 	 5.442034e-03 	 157.2101 	  1.1523 	 2.509656e+20 	 2.426498e+18 	 6.848403e-05 	 4.293603e-06 	  3.0224 	  0.9572 	 -1000.0000 	 -1000.0000 
	 68.4900 	 5.376864e-03 	 157.1672 	  1.1486 	 2.480265e+20 	 2.394674e+18 	 6.731364e-05 	 4.222612e-06 	  3.0163 	  0.9538 	 -1000.0000 	 -1000.0000 
	 68.5900 	 5.312460e-03 	 157.1251 	  1.1450 	 2.451192e+20 	 2.363398e+18 	 6.618757e-05 	 4.151893e-06 	  3.0101 	  0.9503 	 -1000.0000 	 -1000.0000 
	 68.6900 	 5.248825e-03 	 157.0837 	  1.1416 	 2.422444e+20 	 2.332712e+18 	 6.512190e-05 	 4.082618e-06 	  3.0038 	  0.9470 	 -1000.0000 	 -1000.0000 
	 68.7900 	 5.185962e-03 	 157.0428 	  1.1384 	 2.394027e+20 	 2.302659e+18 	 6.413246e-05 	 4.016482e-06 	  2.9974 	  0.9439 	 -1000.0000 	 -1000.0000 
	 69.8130 	 4.586588e-03 	 156.6164 	  1.1239 	 2.122957e+20 	 2.035529e+18 	 5.891730e-05 	 3.540143e-06 	  2.9251 	  0.9237 	 -1000.0000 	 -1000.0000 
	 69.9120 	 4.532566e-03 	 156.5730 	  1.1239 	 2.098538e+20 	 2.013033e+18 	 5.865236e-05 	 3.494027e-06 	  2.9170 	  0.9211 	 -1000.0000 	 -1000.0000 
	 70.0120 	 4.478655e-03 	 156.5285 	  1.1241 	 2.074173e+20 	 1.990751e+18 	 5.836908e-05 	 3.443980e-06 	  2.9085 	  0.9181 	 -1000.0000 	 -1000.0000 
	 70.1120 	 4.425390e-03 	 156.4835 	  1.1244 	 2.050103e+20 	 1.968871e+18 	 5.805625e-05 	 3.390342e-06 	  2.8997 	  0.9148 	 -1000.0000 	 -1000.0000 
	 70.2110 	 4.373280e-03 	 156.4384 	  1.1247 	 2.026558e+20 	 1.947566e+18 	 5.770470e-05 	 3.333912e-06 	  2.8908 	  0.9111 	 -1000.0000 	 -1000.0000 
	 71.2330 	 3.868751e-03 	 155.9117 	  1.1298 	 1.798959e+20 	 1.741997e+18 	 5.096475e-05 	 2.881317e-06 	  2.8020 	  0.8797 	 -1000.0000 	 -1000.0000 
	 71.3320 	 3.822933e-03 	 155.8494 	  1.1303 	 1.778365e+20 	 1.723370e+18 	 5.010492e-05 	 2.878760e-06 	  2.7954 	  0.8806 	 -1000.0000 	 -1000.0000 
	 71.4320 	 3.777173e-03 	 155.7833 	  1.1308 	 1.757818e+20 	 1.704802e+18 	 4.920770e-05 	 2.880898e-06 	  2.7893 	  0.8824 	 -1000.0000 	 -1000.0000 
	 71.5320 	 3.731931e-03 	 155.7137 	  1.1314 	 1.737529e+20 	 1.686485e+18 	 4.828354e-05 	 2.884435e-06 	  2.7840 	  0.8850 	 -1000.0000 	 -1000.0000 
	 71.6310 	 3.687645e-03 	 155.6411 	  1.1320 	 1.717694e+20 	 1.668604e+18 	 4.734906e-05 	 2.887277e-06 	  2.7794 	  0.8883 	 -1000.0000 	 -1000.0000 
	 72.6550 	 3.257637e-03 	 154.7119 	  1.1395 	 1.526253e+20 	 1.497521e+18 	 3.895646e-05 	 2.829713e-06 	  2.7795 	  0.9719 	 -1000.0000 	 -1000.0000 
	 72.7550 	 3.218296e-03 	 154.6257 	  1.1403 	 1.508667e+20 	 1.481767e+18 	 3.843009e-05 	 2.821516e-06 	  2.7850 	  0.9821 	 -1000.0000 	 -1000.0000 
	 72.8540 	 3.179799e-03 	 154.5461 	  1.1411 	 1.491403e+20 	 1.466247e+18 	 3.798138e-05 	 2.814630e-06 	  2.7915 	  0.9926 	 -1000.0000 	 -1000.0000 
	 72.9530 	 3.141748e-03 	 154.4736 	  1.1418 	 1.474271e+20 	 1.450778e+18 	 3.760875e-05 	 2.809660e-06 	  2.7992 	  1.0033 	 -1000.0000 	 -1000.0000 
	 73.0530 	 3.103762e-03 	 154.4088 	  1.1426 	 1.457088e+20 	 1.435183e+18 	 3.731276e-05 	 2.806909e-06 	 -1000.0000 	 -1000.0000 	 -1000.0000 	 -1000.0000 
	 74.0750 	 2.740710e-03 	 154.3877 	  1.1473 	 1.287060e+20 	 1.274234e+18 	 3.904898e-05 	 2.909818e-06 	 -1000.0000 	 -1000.0000 	 -1000.0000 	 -1000.0000 
	 74.1750 	 2.707592e-03 	 154.4402 	  1.1471 	 1.271066e+20 	 1.258362e+18 	 3.961880e-05 	 2.928920e-06 	 -1000.0000 	 -1000.0000 	 -1000.0000 	 -1000.0000 
	 74.2740 	 2.675218e-03 	 154.4987 	  1.1467 	 1.255377e+20 	 1.242656e+18 	 4.023589e-05 	 2.948818e-06 	 -1000.0000 	 -1000.0000 	 -1000.0000 	 -1000.0000 
	 74.3730 	 2.643254e-03 	 154.5630 	  1.1460 	 1.239841e+20 	 1.226965e+18 	 4.090140e-05 	 2.969788e-06 	 -1000.0000 	 -1000.0000 	 -1000.0000 	 -1000.0000 
	 74.4730 	 2.611380e-03 	 154.6330 	  1.1450 	 1.224313e+20 	 1.211138e+18 	 4.161777e-05 	 2.991973e-06 	 -1000.0000 	 -1000.0000 	 -1000.0000 	 -1000.0000 
	 75.4900 	 2.309862e-03 	 155.4852 	  1.1222 	 1.076958e+20 	 1.054554e+18 	 4.973719e-05 	 3.224519e-06 	 -1000.0000 	 -1000.0000 	 -1000.0000 	 -1000.0000 
	 75.5890 	 2.282554e-03 	 155.5724 	  1.1198 	 1.063635e+20 	 1.040254e+18 	 5.038782e-05 	 3.244086e-06 	 -1000.0000 	 -1000.0000 	 -1000.0000 	 -1000.0000 
	 75.6880 	 2.255577e-03 	 155.6591 	  1.1176 	 1.050483e+20 	 1.026229e+18 	 5.096953e-05 	 3.262409e-06 	 -1000.0000 	 -1000.0000 	 -1000.0000 	 -1000.0000 
	 75.7860 	 2.229188e-03 	 155.7440 	  1.1157 	 1.037630e+20 	 1.012642e+18 	 5.146663e-05 	 3.279046e-06 	 -1000.0000 	 -1000.0000 	 -1000.0000 	 -1000.0000 
	 75.8850 	 2.202843e-03 	 155.8287 	  1.1142 	 1.024811e+20 	 9.992402e+17 	 5.187913e-05 	 3.294217e-06 	 -1000.0000 	 -1000.0000 	 -1000.0000 	 -1000.0000 
	 76.9100 	 1.947203e-03 	 156.6138 	  1.1240 	 9.012817e+19 	 8.814703e+17 	 5.021538e-05 	 3.363468e-06 	 -1000.0000 	 -1000.0000 	 -1000.0000 	 -1000.0000 
	 77.0090 	 1.924148e-03 	 156.6875 	  1.1260 	 8.901907e+19 	 8.715250e+17 	 4.968410e-05 	 3.361058e-06 	 -1000.0000 	 -1000.0000 	 -1000.0000 	 -1000.0000 
	 77.1080 	 1.901385e-03 	 156.7627 	  1.1280 	 8.792399e+19 	 8.616729e+17 	 4.914110e-05 	 3.356623e-06 	 -1000.0000 	 -1000.0000 	 -1000.0000 	 -1000.0000 
	 77.2060 	 1.879142e-03 	 156.8391 	  1.1296 	 8.685358e+19 	 8.519732e+17 	 4.860508e-05 	 3.350073e-06 	 -1000.0000 	 -1000.0000 	 -1000.0000 	 -1000.0000 
	 77.3050 	 1.856965e-03 	 156.9186 	  1.1309 	 8.578581e+19 	 8.421888e+17 	 4.807821e-05 	 3.341101e-06 	 -1000.0000 	 -1000.0000 	 -1000.0000 	 -1000.0000 
	 78.3230 	 1.645715e-03 	 157.9051 	  1.1166 	 7.556053e+19 	 7.382078e+17 	 4.549482e-05 	 3.113596e-06 	 -1000.0000 	 -1000.0000 	 -1000.0000 	 -1000.0000 
	 78.4210 	 1.626867e-03 	 158.0072 	  1.1141 	 7.464668e+19 	 7.283271e+17 	 4.551898e-05 	 3.087352e-06 	 -1000.0000 	 -1000.0000 	 -1000.0000 	 -1000.0000 
	 78.5200 	 1.608061e-03 	 158.1090 	  1.1118 	 7.373581e+19 	 7.185091e+17 	 4.557826e-05 	 3.062336e-06 	 -1000.0000 	 -1000.0000 	 -1000.0000 	 -1000.0000 
	 78.6180 	 1.589672e-03 	 158.2080 	  1.1098 	 7.284626e+19 	 7.089869e+17 	 4.566758e-05 	 3.039664e-06 	 -1000.0000 	 -1000.0000 	 -1000.0000 	 -1000.0000 
	 78.7160 	 1.571500e-03 	 158.3046 	  1.1082 	 7.196871e+19 	 6.996951e+17 	 4.578342e-05 	 3.019667e-06 	 -1000.0000 	 -1000.0000 	 -1000.0000 	 -1000.0000 
	 79.7350 	 1.394108e-03 	 159.0564 	  1.1303 	 6.353455e+19 	 6.212998e+17 	 4.772812e-05 	 3.046876e-06 	 -1000.0000 	 -1000.0000 	 -1000.0000 	 -1000.0000 
	 79.8340 	 1.377935e-03 	 159.1016 	  1.1353 	 6.277940e+19 	 6.152390e+17 	 4.793807e-05 	 3.068968e-06 	 -1000.0000 	 -1000.0000 	 -1000.0000 	 -1000.0000 
	 79.9320 	 1.362106e-03 	 159.1415 	  1.1405 	 6.204252e+19 	 6.094275e+17 	 4.814275e-05 	 3.092855e-06 	 -1000.0000 	 -1000.0000 	 -1000.0000 	 -1000.0000 
	 80.0300 	 1.346453e-03 	 159.1764 	  1.1458 	 6.131609e+19 	 6.037822e+17 	 4.834273e-05 	 3.118391e-06 	 -1000.0000 	 -1000.0000 	 -1000.0000 	 -1000.0000 
	 80.1280 	 1.330977e-03 	 159.2063 	  1.1512 	 6.059997e+19 	 5.982821e+17 	 4.853643e-05 	 3.145219e-06 	 -1000.0000 	 -1000.0000 	 -1000.0000 	 -1000.0000 
	 82.5180 	 1.004264e-03 	 158.4664 	  1.1135 	 4.593666e+19 	 4.560391e+17 	 4.729252e-05 	 3.291197e-06 	 -1000.0000 	 -1000.0000 	 -1000.0000 	 -1000.0000 
	 82.6160 	 9.927771e-04 	 158.4057 	  1.1032 	 4.542860e+19 	 4.490160e+17 	 4.688833e-05 	 3.259340e-06 	 -1000.0000 	 -1000.0000 	 -1000.0000 	 -1000.0000 
	 82.7140 	 9.814239e-04 	 158.3499 	  1.0930 	 4.492518e+19 	 4.420652e+17 	 4.645838e-05 	 3.226844e-06 	 -1000.0000 	 -1000.0000 	 -1000.0000 	 -1000.0000 
	 82.8110 	 9.703160e-04 	 158.3006 	  1.0833 	 4.443109e+19 	 4.352916e+17 	 4.600856e-05 	 3.194579e-06 	 -1000.0000 	 -1000.0000 	 -1000.0000 	 -1000.0000 
	 82.9090 	 9.592223e-04 	 158.2580 	  1.0741 	 4.393577e+19 	 4.285907e+17 	 4.553072e-05 	 3.162427e-06 	 -1000.0000 	 -1000.0000 	 -1000.0000 	 -1000.0000 
	 83.9280 	 8.510579e-04 	 158.3323 	  1.0296 	 3.897405e+19 	 3.721003e+17 	 3.963568e-05 	 2.937975e-06 	 -1000.0000 	 -1000.0000 	 -1000.0000 	 -1000.0000 
	 84.0260 	 8.413103e-04 	 158.3642 	  1.0288 	 3.851963e+19 	 3.677085e+17 	 3.905343e-05 	 2.925896e-06 	 -1000.0000 	 -1000.0000 	 -1000.0000 	 -1000.0000 
	 84.1240 	 8.316719e-04 	 158.3938 	  1.0280 	 3.807061e+19 	 3.634120e+17 	 3.848334e-05 	 2.914647e-06 	 -1000.0000 	 -1000.0000 	 -1000.0000 	 -1000.0000 
	 84.2210 	 8.222379e-04 	 158.4191 	  1.0271 	 3.763185e+19 	 3.592316e+17 	 3.793456e-05 	 2.904113e-06 	 -1000.0000 	 -1000.0000 	 -1000.0000 	 -1000.0000 
	 84.3190 	 8.128126e-04 	 158.4390 	  1.0260 	 3.719464e+19 	 3.550590e+17 	 3.739930e-05 	 2.893854e-06 	 -1000.0000 	 -1000.0000 	 -1000.0000 	 -1000.0000 
	 85.3410 	 7.205395e-04 	 158.0571 	  0.9843 	 3.304400e+19 	 3.113480e+17 	 3.351378e-05 	 2.779883e-06 	 -1000.0000 	 -1000.0000 	 -1000.0000 	 -1000.0000 
	 85.4380 	 7.123251e-04 	 157.9692 	  0.9781 	 3.268577e+19 	 3.072433e+17 	 3.330278e-05 	 2.770142e-06 	 -1000.0000 	 -1000.0000 	 -1000.0000 	 -1000.0000 
	 85.5350 	 7.042004e-04 	 157.8750 	  0.9719 	 3.233271e+19 	 3.031832e+17 	 3.311470e-05 	 2.761222e-06 	 -1000.0000 	 -1000.0000 	 -1000.0000 	 -1000.0000 
	 85.6330 	 6.960819e-04 	 157.7742 	  0.9655 	 3.198097e+19 	 2.991362e+17 	 3.294672e-05 	 2.753209e-06 	 -1000.0000 	 -1000.0000 	 -1000.0000 	 -1000.0000 
	 85.7300 	 6.881343e-04 	 157.6695 	  0.9593 	 3.163748e+19 	 2.951943e+17 	 3.280108e-05 	 2.746425e-06 	 -1000.0000 	 -1000.0000 	 -1000.0000 	 -1000.0000 
	 86.7430 	 6.101125e-04 	 156.4169 	  0.9096 	 2.827743e+19 	 2.591981e+17 	 3.221705e-05 	 2.761152e-06 	 -1000.0000 	 -1000.0000 	 -1000.0000 	 -1000.0000 
	 86.8400 	 6.030968e-04 	 156.2885 	  0.9064 	 2.797510e+19 	 2.562161e+17 	 3.222592e-05 	 2.768752e-06 	 -1000.0000 	 -1000.0000 	 -1000.0000 	 -1000.0000 
	 86.9370 	 5.961571e-04 	 156.1594 	  0.9035 	 2.767591e+19 	 2.532987e+17 	 3.224195e-05 	 2.776825e-06 	 -1000.0000 	 -1000.0000 	 -1000.0000 	 -1000.0000 
	 87.0350 	 5.892221e-04 	 156.0284 	  0.9008 	 2.737679e+19 	 2.504126e+17 	 3.226442e-05 	 2.785305e-06 	 -1000.0000 	 -1000.0000 	 -1000.0000 	 -1000.0000 
	 87.1320 	 5.824326e-04 	 155.8984 	  0.8983 	 2.708378e+19 	 2.476124e+17 	 3.229184e-05 	 2.793865e-06 	 -1000.0000 	 -1000.0000 	 -1000.0000 	 -1000.0000 
	 88.1460 	 5.156973e-04 	 154.5311 	  0.8822 	 2.419306e+19 	 2.209081e+17 	 3.270755e-05 	 2.871547e-06 	 -1000.0000 	 -1000.0000 	 -1000.0000 	 -1000.0000 
	 88.2430 	 5.096996e-04 	 154.3956 	  0.8814 	 2.393270e+19 	 2.185670e+17 	 3.275407e-05 	 2.878584e-06 	 -1000.0000 	 -1000.0000 	 -1000.0000 	 -1000.0000 
	 88.3390 	 5.038268e-04 	 154.2596 	  0.8807 	 2.367779e+19 	 2.162842e+17 	 3.280114e-05 	 2.885807e-06 	 -1000.0000 	 -1000.0000 	 -1000.0000 	 -1000.0000 
	 88.4360 	 4.979558e-04 	 154.1201 	  0.8801 	 2.342303e+19 	 2.140116e+17 	 3.284974e-05 	 2.893450e-06 	 -1000.0000 	 -1000.0000 	 -1000.0000 	 -1000.0000 
	 88.5330 	 4.921473e-04 	 153.9783 	  0.8795 	 2.317107e+19 	 2.117727e+17 	 3.289937e-05 	 2.901525e-06 	 -1000.0000 	 -1000.0000 	 -1000.0000 	 -1000.0000 
	 89.5460 	 4.350651e-04 	 152.3288 	  0.8778 	 2.070403e+19 	 1.902448e+17 	 3.340856e-05 	 3.016591e-06 	 -1000.0000 	 -1000.0000 	 -1000.0000 	 -1000.0000 
	 89.6430 	 4.299338e-04 	 152.1590 	  0.8780 	 2.048267e+19 	 1.883423e+17 	 3.343736e-05 	 3.028237e-06 	 -1000.0000 	 -1000.0000 	 -1000.0000 	 -1000.0000 
	 89.7390 	 4.249120e-04 	 151.9902 	  0.8781 	 2.026597e+19 	 1.864833e+17 	 3.345828e-05 	 3.039276e-06 	 -1000.0000 	 -1000.0000 	 -1000.0000 	 -1000.0000 
	 89.8360 	 4.198951e-04 	 151.8190 	  0.8783 	 2.004937e+19 	 1.846282e+17 	 3.347073e-05 	 3.049790e-06 	 -1000.0000 	 -1000.0000 	 -1000.0000 	 -1000.0000 
	 89.9330 	 4.149353e-04 	 151.6476 	  0.8786 	 1.983509e+19 	 1.827957e+17 	 3.347343e-05 	 3.059511e-06 	 -1000.0000 	 -1000.0000 	 -1000.0000 	 -1000.0000 
	 90.9480 	 3.663463e-04 	 149.8554 	  0.8834 	 1.772394e+19 	 1.648533e+17 	 3.284522e-05 	 3.100506e-06 	 -1000.0000 	 -1000.0000 	 -1000.0000 	 -1000.0000 
	 91.0450 	 3.619959e-04 	 149.6759 	  0.8841 	 1.753446e+19 	 1.632605e+17 	 3.274797e-05 	 3.101533e-06 	 -1000.0000 	 -1000.0000 	 -1000.0000 	 -1000.0000 
	 91.1410 	 3.577357e-04 	 149.4947 	  0.8850 	 1.734904e+19 	 1.617069e+17 	 3.265202e-05 	 3.102851e-06 	 -1000.0000 	 -1000.0000 	 -1000.0000 	 -1000.0000 
	 91.2380 	 3.534760e-04 	 149.3074 	  0.8859 	 1.716381e+19 	 1.601605e+17 	 3.255707e-05 	 3.104688e-06 	 -1000.0000 	 -1000.0000 	 -1000.0000 	 -1000.0000 
	 91.3340 	 3.493034e-04 	 149.1174 	  0.8869 	 1.698259e+19 	 1.586538e+17 	 3.246673e-05 	 3.107206e-06 	 -1000.0000 	 -1000.0000 	 -1000.0000 	 -1000.0000 
	 92.3510 	 3.075203e-04 	 146.7830 	  0.9013 	 1.518584e+19 	 1.440301e+17 	 3.211331e-05 	 3.206551e-06 	 -1000.0000 	 -1000.0000 	 -1000.0000 	 -1000.0000 
	 92.4470 	 3.037991e-04 	 146.5453 	  0.9025 	 1.502642e+19 	 1.427274e+17 	 3.216436e-05 	 3.221862e-06 	 -1000.0000 	 -1000.0000 	 -1000.0000 	 -1000.0000 
	 92.5430 	 3.001164e-04 	 146.3080 	  0.9036 	 1.486844e+19 	 1.414269e+17 	 3.223405e-05 	 3.237762e-06 	 -1000.0000 	 -1000.0000 	 -1000.0000 	 -1000.0000 
	 92.6390 	 2.964723e-04 	 146.0720 	  0.9045 	 1.471183e+19 	 1.401259e+17 	 3.232326e-05 	 3.254137e-06 	 -1000.0000 	 -1000.0000 	 -1000.0000 	 -1000.0000 
	 92.7350 	 2.928668e-04 	 145.8382 	  0.9052 	 1.455651e+19 	 1.388217e+17 	 3.243295e-05 	 3.270872e-06 	 -1000.0000 	 -1000.0000 	 -1000.0000 	 -1000.0000 
	 93.7510 	 2.570533e-04 	 143.6129 	  0.8967 	 1.297920e+19 	 1.244837e+17 	 3.468996e-05 	 3.452149e-06 	 -1000.0000 	 -1000.0000 	 -1000.0000 	 -1000.0000 
	 93.8470 	 2.538829e-04 	 143.4202 	  0.8949 	 1.283642e+19 	 1.231086e+17 	 3.492634e-05 	 3.470294e-06 	 -1000.0000 	 -1000.0000 	 -1000.0000 	 -1000.0000 
	 93.9430 	 2.507477e-04 	 143.2284 	  0.8931 	 1.269481e+19 	 1.217398e+17 	 3.514813e-05 	 3.488893e-06 	 -1000.0000 	 -1000.0000 	 -1000.0000 	 -1000.0000 
	 94.0390 	 2.476471e-04 	 143.0368 	  0.8913 	 1.255438e+19 	 1.203795e+17 	 3.535088e-05 	 3.508021e-06 	 -1000.0000 	 -1000.0000 	 -1000.0000 	 -1000.0000 
