	 height_(km) 	 press_(mbar) 	 temp_(K) 	 temperr_(K) 	 numdens_(m-3) 	 numdenserr_(m-3) 	 H2Ovmr_() 	 H2Ovmrerr_() 	 D/H_(VSMOW) 	 D/Herr_(VSMOW) 	 18O/16O_(VSMOW) 	 18O/16Oerr_(VSMOW) 
	  7.4640 	 1.443093e+00 	 168.4766 	  1.7547 	 6.885855e+22 	 9.986491e+20 	 5.541386e-06 	 1.465271e-05 	 -1000.0000 	 -1000.0000 	 -1000.0000 	 -1000.0000 
	  7.6240 	 1.411686e+00 	 165.5990 	  1.7640 	 6.754997e+22 	 9.619287e+20 	 4.361519e-06 	 1.031971e-05 	 -1000.0000 	 -1000.0000 	 -1000.0000 	 -1000.0000 
	  7.7830 	 1.381262e+00 	 163.0608 	  1.7691 	 6.624668e+22 	 9.261034e+20 	 3.597212e-06 	 7.553827e-06 	 -1000.0000 	 -1000.0000 	 -1000.0000 	 -1000.0000 
	 10.2190 	 1.002245e+00 	 154.6744 	  1.4812 	 4.686427e+22 	 4.680313e+20 	 4.481085e-06 	 6.908779e-07 	  3.8750 	  0.8992 	 -1000.0000 	 -1000.0000 
	 10.3780 	 9.824794e-01 	 155.4942 	  1.4480 	 4.569894e+22 	 4.445720e+20 	 5.013115e-06 	 8.180296e-07 	  3.7993 	  0.8921 	 -1000.0000 	 -1000.0000 
	 10.5370 	 9.632362e-01 	 156.4052 	  1.4141 	 4.455339e+22 	 4.219646e+20 	 5.623622e-06 	 9.773136e-07 	  3.7324 	  0.8922 	 -1000.0000 	 -1000.0000 
	 10.6960 	 9.445002e-01 	 157.3940 	  1.3798 	 4.342893e+22 	 4.002200e+20 	 6.318381e-06 	 1.131904e-06 	  3.6742 	  0.8807 	 -1000.0000 	 -1000.0000 
	 10.8550 	 9.262562e-01 	 158.4475 	  1.3453 	 4.232686e+22 	 3.793492e+20 	 7.102320e-06 	 1.271527e-06 	  3.6244 	  0.8567 	 -1000.0000 	 -1000.0000 
	 11.7730 	 8.297775e-01 	 165.1233 	  1.1523 	 3.646805e+22 	 2.764863e+20 	 1.339387e-05 	 1.435437e-06 	  3.4809 	  0.5732 	 -1000.0000 	 -1000.0000 
	 11.9310 	 8.145633e-01 	 166.2591 	  1.1219 	 3.555774e+22 	 2.619096e+20 	 1.471817e-05 	 1.437843e-06 	  3.4770 	  0.5381 	 -1000.0000 	 -1000.0000 
	 12.0900 	 7.996263e-01 	 167.3641 	  1.0926 	 3.467412e+22 	 2.481960e+20 	 1.607682e-05 	 1.493187e-06 	  3.4783 	  0.5143 	 -1000.0000 	 -1000.0000 
	 12.2480 	 7.851393e-01 	 168.4112 	  1.0651 	 3.382958e+22 	 2.355286e+20 	 1.742452e-05 	 1.537962e-06 	  3.4842 	  0.4919 	 -1000.0000 	 -1000.0000 
	 12.4060 	 7.709925e-01 	 169.3946 	  1.0392 	 3.301976e+22 	 2.238290e+20 	 1.874539e-05 	 1.571633e-06 	  3.4944 	  0.4708 	 -1000.0000 	 -1000.0000 
	 13.3160 	 6.954222e-01 	 173.3096 	  0.9317 	 2.906827e+22 	 1.751887e+20 	 2.535824e-05 	 1.598959e-06 	  3.6065 	  0.3717 	  1.1353 	  0.1168 
	 13.4740 	 6.832250e-01 	 173.6961 	  0.9200 	 2.849357e+22 	 1.695540e+20 	 2.632495e-05 	 1.590667e-06 	  3.6297 	  0.3588 	  1.1384 	  0.1125 
	 13.6320 	 6.712757e-01 	 174.0207 	  0.9098 	 2.794407e+22 	 1.645259e+20 	 2.724991e-05 	 1.583839e-06 	  3.6525 	  0.3472 	  1.1415 	  0.1086 
	 13.7900 	 6.595649e-01 	 174.2939 	  0.9012 	 2.741653e+22 	 1.600124e+20 	 2.813834e-05 	 1.579978e-06 	  3.6747 	  0.3371 	  1.1445 	  0.1053 
	 13.9480 	 6.480830e-01 	 174.5265 	  0.8938 	 2.690775e+22 	 1.559216e+20 	 2.899033e-05 	 1.613032e-06 	  3.6966 	  0.3310 	  1.1471 	  0.1033 
	 14.8660 	 5.854535e-01 	 175.5925 	  0.8673 	 2.417429e+22 	 1.363017e+20 	 3.303578e-05 	 1.559933e-06 	  3.8375 	  0.3194 	  1.1604 	  0.0988 
	 15.0240 	 5.753311e-01 	 175.7943 	  0.8646 	 2.372836e+22 	 1.332668e+20 	 3.340360e-05 	 1.562713e-06 	  3.8685 	  0.3180 	  1.1632 	  0.0981 
	 15.1820 	 5.653950e-01 	 176.0165 	  0.8623 	 2.328820e+22 	 1.303016e+20 	 3.366154e-05 	 1.549029e-06 	  3.9029 	  0.3160 	  1.1664 	  0.0972 
	 15.3400 	 5.556432e-01 	 176.2644 	  0.8603 	 2.285340e+22 	 1.273984e+20 	 3.380700e-05 	 1.516425e-06 	  3.9409 	  0.3131 	  1.1704 	  0.0961 
	 15.4980 	 5.460736e-01 	 176.5437 	  0.8586 	 2.242354e+22 	 1.245495e+20 	 3.384614e-05 	 1.472238e-06 	  3.9825 	  0.3103 	  1.1751 	  0.0949 
	 16.4000 	 4.948219e-01 	 178.9327 	  0.8507 	 2.005043e+22 	 1.090439e+20 	 3.299288e-05 	 1.465321e-06 	  4.2592 	  0.3348 	  1.2133 	  0.1000 
	 16.5580 	 4.864152e-01 	 179.4739 	  0.8497 	 1.965092e+22 	 1.064757e+20 	 3.277218e-05 	 1.460258e-06 	  4.3090 	  0.3396 	  1.2212 	  0.1011 
	 16.7150 	 4.782235e-01 	 180.0319 	  0.8489 	 1.926024e+22 	 1.039859e+20 	 3.257398e-05 	 1.455298e-06 	  4.3566 	  0.3441 	  1.2289 	  0.1020 
	 16.8720 	 4.701905e-01 	 180.6037 	  0.8484 	 1.887651e+22 	 1.015657e+20 	 3.241282e-05 	 1.450902e-06 	  4.4009 	  0.3482 	  1.2362 	  0.1038 
	 17.0300 	 4.622639e-01 	 181.1861 	  0.8481 	 1.849799e+22 	 9.920825e+19 	 3.230106e-05 	 1.447461e-06 	  4.4410 	  0.3518 	  1.2426 	  0.1061 
	 17.9440 	 4.193714e-01 	 184.3862 	  0.8539 	 1.648671e+22 	 8.743398e+19 	 3.320781e-05 	 1.724034e-06 	  4.5518 	  0.3938 	  1.2565 	  0.1173 
	 18.1010 	 4.124852e-01 	 184.8788 	  0.8562 	 1.617276e+22 	 8.573290e+19 	 3.359998e-05 	 1.781259e-06 	  4.5460 	  0.3990 	  1.2542 	  0.1184 
	 18.2580 	 4.057318e-01 	 185.3519 	  0.8590 	 1.586749e+22 	 8.411461e+19 	 3.402827e-05 	 1.819593e-06 	  4.5327 	  0.4003 	  1.2506 	  0.1186 
	 18.4150 	 3.991079e-01 	 185.8048 	  0.8621 	 1.557061e+22 	 8.257408e+19 	 3.449044e-05 	 1.842979e-06 	  4.5130 	  0.3982 	  1.2456 	  0.1180 
	 18.5720 	 3.926102e-01 	 186.2369 	  0.8655 	 1.528187e+22 	 8.110629e+19 	 3.498487e-05 	 1.856081e-06 	  4.4883 	  0.3939 	  1.2397 	  0.1170 
	 19.4840 	 3.571971e-01 	 188.3049 	  0.8913 	 1.375171e+22 	 7.373723e+19 	 3.841451e-05 	 1.988365e-06 	  4.3291 	  0.3709 	  1.2015 	  0.1108 
	 19.6410 	 3.514750e-01 	 188.5875 	  0.8958 	 1.351117e+22 	 7.260396e+19 	 3.904659e-05 	 2.035082e-06 	  4.3134 	  0.3708 	  1.1970 	  0.1096 
	 19.7980 	 3.458551e-01 	 188.8508 	  0.9001 	 1.327662e+22 	 7.148825e+19 	 3.966337e-05 	 2.076881e-06 	  4.3052 	  0.3708 	  1.1941 	  0.1079 
	 19.9550 	 3.403347e-01 	 189.0960 	  0.9039 	 1.304778e+22 	 7.038140e+19 	 4.026134e-05 	 2.106580e-06 	  4.3046 	  0.3703 	  1.1929 	  0.1067 
	 20.1120 	 3.349107e-01 	 189.3239 	  0.9070 	 1.282437e+22 	 6.927472e+19 	 4.084251e-05 	 2.119326e-06 	  4.3111 	  0.3687 	  1.1935 	  0.1062 
	 21.0070 	 3.057002e-01 	 190.3562 	  0.9077 	 1.164102e+22 	 6.265551e+19 	 4.396028e-05 	 1.834051e-06 	  4.4281 	  0.3354 	  1.2223 	  0.0972 
	 21.1640 	 3.008603e-01 	 190.5105 	  0.9057 	 1.144720e+22 	 6.146128e+19 	 4.444330e-05 	 1.720711e-06 	  4.4517 	  0.3258 	  1.2304 	  0.0946 
	 21.3200 	 2.961322e-01 	 190.6640 	  0.9038 	 1.125812e+22 	 6.028755e+19 	 4.495638e-05 	 1.678579e-06 	  4.4729 	  0.3220 	  1.2389 	  0.0936 
	 21.4770 	 2.914541e-01 	 190.8216 	  0.9021 	 1.107115e+22 	 5.912898e+19 	 4.547548e-05 	 1.666505e-06 	  4.4912 	  0.3203 	  1.2475 	  0.0932 
	 21.6340 	 2.868555e-01 	 190.9856 	  0.9010 	 1.088731e+22 	 5.800292e+19 	 4.595802e-05 	 1.649885e-06 	  4.5064 	  0.3180 	  1.2562 	  0.0926 
	 22.5470 	 2.616288e-01 	 192.2031 	  0.9166 	 9.870358e+21 	 5.250560e+19 	 4.732906e-05 	 1.519884e-06 	  4.5438 	  0.3068 	  1.3000 	  0.1064 
	 22.7040 	 2.575408e-01 	 192.4608 	  0.9231 	 9.703812e+21 	 5.174412e+19 	 4.723783e-05 	 1.502800e-06 	  4.5445 	  0.3072 	  1.3054 	  0.1116 
	 22.8600 	 2.535483e-01 	 192.7272 	  0.9303 	 9.540784e+21 	 5.102712e+19 	 4.704322e-05 	 1.490091e-06 	  4.5441 	  0.3086 	  1.3096 	  0.1161 
	 23.0170 	 2.495990e-01 	 193.0042 	  0.9380 	 9.379210e+21 	 5.033926e+19 	 4.674793e-05 	 1.481826e-06 	  4.5427 	  0.3111 	  1.3127 	  0.1198 
	 23.1740 	 2.457173e-01 	 193.2884 	  0.9460 	 9.220168e+21 	 4.967911e+19 	 4.636154e-05 	 1.477894e-06 	  4.5402 	  0.3146 	  1.3147 	  0.1229 
	 25.5840 	 1.937226e-01 	 197.3689 	  0.9798 	 7.114702e+21 	 3.867288e+19 	 3.694467e-05 	 1.500446e-06 	  4.3933 	  0.3983 	  1.2516 	  0.1167 
	 25.7400 	 1.907911e-01 	 197.5508 	  0.9714 	 7.000560e+21 	 3.774167e+19 	 3.654340e-05 	 1.484306e-06 	  4.3792 	  0.3995 	  1.2449 	  0.1167 
	 25.8960 	 1.879059e-01 	 197.7204 	  0.9627 	 6.888832e+21 	 3.681585e+19 	 3.620734e-05 	 1.465059e-06 	  4.3649 	  0.3997 	  1.2381 	  0.1164 
	 26.0510 	 1.850841e-01 	 197.8773 	  0.9541 	 6.780114e+21 	 3.591439e+19 	 3.594042e-05 	 1.443384e-06 	  4.3505 	  0.3988 	  1.2314 	  0.1158 
	 26.2070 	 1.822883e-01 	 198.0239 	  0.9461 	 6.672907e+21 	 3.503883e+19 	 3.574025e-05 	 1.419767e-06 	  4.3355 	  0.3969 	  1.2245 	  0.1148 
	 27.1140 	 1.668620e-01 	 198.6721 	  0.9264 	 6.088940e+21 	 3.112360e+19 	 3.561088e-05 	 1.392638e-06 	  4.2416 	  0.3834 	  1.1847 	  0.1088 
	 27.2700 	 1.643451e-01 	 198.7510 	  0.9278 	 5.994740e+21 	 3.065173e+19 	 3.568081e-05 	 1.425523e-06 	  4.2247 	  0.3833 	  1.1785 	  0.1086 
	 27.4260 	 1.618671e-01 	 198.8207 	  0.9301 	 5.902276e+21 	 3.021783e+19 	 3.579228e-05 	 1.443614e-06 	  4.2074 	  0.3823 	  1.1725 	  0.1082 
	 27.5810 	 1.594428e-01 	 198.8810 	  0.9328 	 5.812091e+21 	 2.981517e+19 	 3.594205e-05 	 1.443082e-06 	  4.1901 	  0.3799 	  1.1668 	  0.1075 
	 27.7370 	 1.570407e-01 	 198.9330 	  0.9358 	 5.722988e+21 	 2.942936e+19 	 3.612203e-05 	 1.422739e-06 	  4.1732 	  0.3763 	  1.1617 	  0.1065 
	 28.6380 	 1.438841e-01 	 199.0795 	  0.9471 	 5.239152e+21 	 2.718493e+19 	 3.683022e-05 	 1.246609e-06 	  4.1062 	  0.3843 	  1.1440 	  0.1030 
	 28.7930 	 1.417401e-01 	 199.0895 	  0.9475 	 5.160762e+21 	 2.677570e+19 	 3.679292e-05 	 1.247546e-06 	  4.1037 	  0.3916 	  1.1434 	  0.1034 
	 28.9480 	 1.396298e-01 	 199.1001 	  0.9476 	 5.083635e+21 	 2.636429e+19 	 3.671610e-05 	 1.247959e-06 	  4.1049 	  0.3971 	  1.1437 	  0.1039 
	 29.1040 	 1.375396e-01 	 199.1133 	  0.9476 	 5.007224e+21 	 2.595037e+19 	 3.660017e-05 	 1.251839e-06 	  4.1098 	  0.4011 	  1.1447 	  0.1045 
	 29.2590 	 1.354959e-01 	 199.1310 	  0.9475 	 4.932444e+21 	 2.554160e+19 	 3.640406e-05 	 1.293162e-06 	  4.1178 	  0.4056 	  1.1464 	  0.1058 
	 30.1480 	 1.243823e-01 	 199.3687 	  0.9491 	 4.523338e+21 	 2.334792e+19 	 3.530141e-05 	 1.466936e-06 	  4.1994 	  0.4110 	  1.1617 	  0.1200 
	 30.3030 	 1.225432e-01 	 199.4069 	  0.9499 	 4.455678e+21 	 2.300100e+19 	 3.526358e-05 	 1.438964e-06 	  4.2159 	  0.4052 	  1.1646 	  0.1208 
	 30.4580 	 1.207306e-01 	 199.4284 	  0.9508 	 4.389304e+21 	 2.266551e+19 	 3.529511e-05 	 1.385444e-06 	  4.2322 	  0.3996 	  1.1673 	  0.1207 
	 30.6140 	 1.189318e-01 	 199.4268 	  0.9519 	 4.323883e+21 	 2.233965e+19 	 3.537896e-05 	 1.311194e-06 	  4.2484 	  0.3971 	  1.1701 	  0.1199 
	 30.7690 	 1.171687e-01 	 199.3955 	  0.9530 	 4.260336e+21 	 2.202784e+19 	 3.549043e-05 	 1.226737e-06 	  4.2639 	  0.3942 	  1.1726 	  0.1186 
	 31.6650 	 1.074021e-01 	 198.3716 	  0.9603 	 3.924523e+21 	 2.046765e+19 	 3.543971e-05 	 1.210709e-06 	  4.3202 	  0.4070 	  1.1773 	  0.1158 
	 31.8190 	 1.057939e-01 	 198.0498 	  0.9618 	 3.872010e+21 	 2.024001e+19 	 3.540087e-05 	 1.207532e-06 	  4.3214 	  0.4087 	  1.1756 	  0.1153 
	 31.9740 	 1.041967e-01 	 197.6922 	  0.9635 	 3.820470e+21 	 2.002201e+19 	 3.534835e-05 	 1.204012e-06 	  4.3185 	  0.4101 	  1.1728 	  0.1150 
	 32.1280 	 1.026312e-01 	 197.3075 	  0.9653 	 3.770474e+21 	 1.981608e+19 	 3.528715e-05 	 1.200213e-06 	  4.3110 	  0.4111 	  1.1688 	  0.1150 
	 32.2820 	 1.010876e-01 	 196.8977 	  0.9674 	 3.721590e+21 	 1.962043e+19 	 3.521830e-05 	 1.196137e-06 	  4.2989 	  0.4118 	  1.1636 	  0.1152 
	 33.1650 	 9.266330e-02 	 194.2468 	  0.9842 	 3.458399e+21 	 1.866849e+19 	 3.401883e-05 	 1.431667e-06 	  4.1950 	  0.4321 	  1.1253 	  0.1240 
	 33.3190 	 9.126522e-02 	 193.7504 	  0.9875 	 3.414944e+21 	 1.852042e+19 	 3.378566e-05 	 1.456382e-06 	  4.1823 	  0.4355 	  1.1199 	  0.1255 
	 33.4740 	 8.987745e-02 	 193.2431 	  0.9907 	 3.371829e+21 	 1.837182e+19 	 3.359673e-05 	 1.455214e-06 	  4.1753 	  0.4373 	  1.1159 	  0.1265 
	 33.6280 	 8.851708e-02 	 192.7323 	  0.9936 	 3.329571e+21 	 1.822260e+19 	 3.344558e-05 	 1.430819e-06 	  4.1752 	  0.4375 	  1.1136 	  0.1269 
	 33.7820 	 8.717429e-02 	 192.2156 	  0.9961 	 3.287849e+21 	 1.806982e+19 	 3.332210e-05 	 1.385367e-06 	  4.1825 	  0.4367 	  1.1129 	  0.1270 
	 34.6850 	 7.961774e-02 	 189.1041 	  0.9989 	 3.052166e+21 	 1.702193e+19 	 3.222155e-05 	 1.111210e-06 	  4.3521 	  0.5206 	  1.1385 	  0.1320 
	 34.8390 	 7.838055e-02 	 188.5616 	  0.9975 	 3.013384e+21 	 1.681987e+19 	 3.193320e-05 	 1.105357e-06 	  4.3986 	  0.5445 	  1.1471 	  0.1346 
	 34.9940 	 7.715056e-02 	 188.0117 	  0.9958 	 2.974775e+21 	 1.661407e+19 	 3.165077e-05 	 1.099489e-06 	  4.4491 	  0.5685 	  1.1567 	  0.1374 
	 35.1480 	 7.594373e-02 	 187.4613 	  0.9940 	 2.936844e+21 	 1.640905e+19 	 3.137991e-05 	 1.093680e-06 	  4.5021 	  0.5924 	 -1000.0000 	 -1000.0000 
	 35.3020 	 7.475215e-02 	 186.9068 	  0.9921 	 2.899347e+21 	 1.620535e+19 	 3.112030e-05 	 1.087903e-06 	  4.5571 	  0.6163 	 -1000.0000 	 -1000.0000 
	 36.1980 	 6.812320e-02 	 183.5882 	  0.9862 	 2.689986e+21 	 1.513269e+19 	 2.983832e-05 	 1.055798e-06 	  4.8704 	  0.7543 	 -1000.0000 	 -1000.0000 
	 36.3520 	 6.703461e-02 	 183.0016 	  0.9865 	 2.655477e+21 	 1.497547e+19 	 2.965587e-05 	 1.050793e-06 	  4.9151 	  0.7775 	 -1000.0000 	 -1000.0000 
	 36.5060 	 6.596010e-02 	 182.4104 	  0.9872 	 2.621374e+21 	 1.482695e+19 	 2.948293e-05 	 1.046051e-06 	  4.9550 	  0.7997 	 -1000.0000 	 -1000.0000 
	 36.6600 	 6.489933e-02 	 181.8146 	  0.9883 	 2.587666e+21 	 1.468733e+19 	 2.931804e-05 	 1.041620e-06 	  4.9901 	  0.8201 	 -1000.0000 	 -1000.0000 
	 36.8140 	 6.385198e-02 	 181.2144 	  0.9900 	 2.554341e+21 	 1.455681e+19 	 2.915815e-05 	 1.037532e-06 	  5.0208 	  0.8382 	 -1000.0000 	 -1000.0000 
	 37.6920 	 5.812315e-02 	 177.7066 	  1.0078 	 2.371194e+21 	 1.398619e+19 	 2.814913e-05 	 1.021802e-06 	  5.1793 	  0.9080 	 -1000.0000 	 -1000.0000 
	 37.8450 	 5.716624e-02 	 177.0791 	  1.0119 	 2.340449e+21 	 1.391013e+19 	 2.792413e-05 	 1.020073e-06 	  5.2171 	  0.9170 	 -1000.0000 	 -1000.0000 
	 37.9990 	 5.621558e-02 	 176.4420 	  1.0162 	 2.309859e+21 	 1.383706e+19 	 2.767474e-05 	 1.018335e-06 	  5.2620 	  0.9265 	 -1000.0000 	 -1000.0000 
	 38.1520 	 5.528359e-02 	 175.8031 	  1.0204 	 2.279826e+21 	 1.376650e+19 	 2.740351e-05 	 1.016389e-06 	  5.3144 	  0.9369 	 -1000.0000 	 -1000.0000 
	 38.3060 	 5.435814e-02 	 175.1540 	  1.0245 	 2.249958e+21 	 1.369607e+19 	 2.710886e-05 	 1.013944e-06 	  5.3749 	  0.9488 	 -1000.0000 	 -1000.0000 
	 39.1950 	 4.926554e-02 	 171.3179 	  1.0429 	 2.084338e+21 	 1.324046e+19 	 2.525449e-05 	 9.770679e-07 	 -1000.0000 	 -1000.0000 	 -1000.0000 	 -1000.0000 
	 39.3480 	 4.843173e-02 	 170.6807 	  1.0456 	 2.056635e+21 	 1.315188e+19 	 2.495368e-05 	 9.658164e-07 	 -1000.0000 	 -1000.0000 	 -1000.0000 	 -1000.0000 
	 39.5010 	 4.761021e-02 	 170.0685 	  1.0486 	 2.028990e+21 	 1.306172e+19 	 2.466843e-05 	 9.533674e-07 	 -1000.0000 	 -1000.0000 	 -1000.0000 	 -1000.0000 
	 39.6550 	 4.679564e-02 	 169.4853 	  1.0521 	 2.001150e+21 	 1.297005e+19 	 2.439861e-05 	 9.400097e-07 	 -1000.0000 	 -1000.0000 	 -1000.0000 	 -1000.0000 
	 39.8080 	 4.599850e-02 	 168.9459 	  1.0561 	 1.973405e+21 	 1.287869e+19 	 2.414708e-05 	 9.264293e-07 	 -1000.0000 	 -1000.0000 	 -1000.0000 	 -1000.0000 
	 40.6850 	 4.165817e-02 	 166.9346 	  1.0970 	 1.809850e+21 	 1.237332e+19 	 2.287596e-05 	 8.700592e-07 	 -1000.0000 	 -1000.0000 	 -1000.0000 	 -1000.0000 
	 40.8380 	 4.094036e-02 	 166.7834 	  1.1071 	 1.780518e+21 	 1.228671e+19 	 2.265795e-05 	 8.671087e-07 	 -1000.0000 	 -1000.0000 	 -1000.0000 	 -1000.0000 
	 40.9910 	 4.023414e-02 	 166.6859 	  1.1177 	 1.751051e+21 	 1.219883e+19 	 2.243373e-05 	 8.665970e-07 	 -1000.0000 	 -1000.0000 	 -1000.0000 	 -1000.0000 
	 41.1450 	 3.953498e-02 	 166.6391 	  1.1287 	 1.721302e+21 	 1.210834e+19 	 2.219947e-05 	 8.684393e-07 	 -1000.0000 	 -1000.0000 	 -1000.0000 	 -1000.0000 
	 41.2980 	 3.885190e-02 	 166.6408 	  1.1399 	 1.691701e+21 	 1.201568e+19 	 2.195777e-05 	 8.723613e-07 	 -1000.0000 	 -1000.0000 	 -1000.0000 	 -1000.0000 
	 43.6690 	 2.970653e-02 	 170.7972 	  1.2351 	 1.260685e+21 	 9.698172e+18 	 1.819637e-05 	 9.431135e-07 	 -1000.0000 	 -1000.0000 	 -1000.0000 	 -1000.0000 
	 43.8210 	 2.920877e-02 	 171.2025 	  1.2318 	 1.236635e+21 	 9.478566e+18 	 1.801537e-05 	 9.353913e-07 	 -1000.0000 	 -1000.0000 	 -1000.0000 	 -1000.0000 
	 43.9740 	 2.871729e-02 	 171.6136 	  1.2279 	 1.212939e+21 	 9.255578e+18 	 1.784800e-05 	 9.258696e-07 	 -1000.0000 	 -1000.0000 	 -1000.0000 	 -1000.0000 
	 44.1270 	 2.823507e-02 	 172.0258 	  1.2236 	 1.189748e+21 	 9.033073e+18 	 1.769711e-05 	 9.150245e-07 	 -1000.0000 	 -1000.0000 	 -1000.0000 	 -1000.0000 
	 44.2790 	 2.776487e-02 	 172.4343 	  1.2192 	 1.167200e+21 	 8.814903e+18 	 1.756469e-05 	 9.034928e-07 	 -1000.0000 	 -1000.0000 	 -1000.0000 	 -1000.0000 
	 45.1690 	 2.517410e-02 	 174.7111 	  1.2018 	 1.044584e+21 	 7.698602e+18 	 1.712955e-05 	 8.504101e-07 	 -1000.0000 	 -1000.0000 	 -1000.0000 	 -1000.0000 
	 45.3210 	 2.475808e-02 	 175.0740 	  1.2005 	 1.025187e+21 	 7.538280e+18 	 1.709898e-05 	 8.465309e-07 	 -1000.0000 	 -1000.0000 	 -1000.0000 	 -1000.0000 
	 45.4740 	 2.434701e-02 	 175.4321 	  1.1992 	 1.006102e+21 	 7.383345e+18 	 1.707340e-05 	 8.442678e-07 	 -1000.0000 	 -1000.0000 	 -1000.0000 	 -1000.0000 
	 45.6270 	 2.394362e-02 	 175.7833 	  1.1980 	 9.874511e+20 	 7.233736e+18 	 1.704932e-05 	 8.434731e-07 	 -1000.0000 	 -1000.0000 	 -1000.0000 	 -1000.0000 
	 45.7790 	 2.355046e-02 	 176.1254 	  1.1967 	 9.693465e+20 	 7.089252e+18 	 1.702336e-05 	 8.438572e-07 	 -1000.0000 	 -1000.0000 	 -1000.0000 	 -1000.0000 
	 46.6460 	 2.144973e-02 	 177.9485 	  1.1815 	 8.738639e+20 	 6.299030e+18 	 1.674615e-05 	 8.533297e-07 	 -1000.0000 	 -1000.0000 	 -1000.0000 	 -1000.0000 
	 46.7980 	 2.110476e-02 	 178.2355 	  1.1774 	 8.584306e+20 	 6.165108e+18 	 1.667231e-05 	 8.545534e-07 	 -1000.0000 	 -1000.0000 	 -1000.0000 	 -1000.0000 
	 46.9490 	 2.076827e-02 	 178.5059 	  1.1732 	 8.434663e+20 	 6.034445e+18 	 1.659380e-05 	 8.554131e-07 	 -1000.0000 	 -1000.0000 	 -1000.0000 	 -1000.0000 
	 47.1010 	 2.043552e-02 	 178.7613 	  1.1688 	 8.287653e+20 	 5.905781e+18 	 1.651115e-05 	 8.559376e-07 	 -1000.0000 	 -1000.0000 	 -1000.0000 	 -1000.0000 
	 47.2530 	 2.010848e-02 	 178.9976 	  1.1644 	 8.144208e+20 	 5.780462e+18 	 1.642661e-05 	 8.561831e-07 	 -1000.0000 	 -1000.0000 	 -1000.0000 	 -1000.0000 
	 48.1360 	 1.830883e-02 	 179.9047 	  1.1414 	 7.377443e+20 	 5.138221e+18 	 1.599667e-05 	 8.575269e-07 	 -1000.0000 	 -1000.0000 	 -1000.0000 	 -1000.0000 
	 48.2880 	 1.801517e-02 	 179.9782 	  1.1381 	 7.256127e+20 	 5.042625e+18 	 1.594339e-05 	 8.583768e-07 	 -1000.0000 	 -1000.0000 	 -1000.0000 	 -1000.0000 
	 48.4390 	 1.772804e-02 	 180.0293 	  1.1350 	 7.138465e+20 	 4.951366e+18 	 1.589755e-05 	 8.594764e-07 	 -1000.0000 	 -1000.0000 	 -1000.0000 	 -1000.0000 
	 48.5910 	 1.744362e-02 	 180.0596 	  1.1321 	 7.022802e+20 	 4.862951e+18 	 1.585843e-05 	 8.608294e-07 	 -1000.0000 	 -1000.0000 	 -1000.0000 	 -1000.0000 
	 48.7430 	 1.716382e-02 	 180.0697 	  1.1293 	 6.909829e+20 	 4.777709e+18 	 1.582330e-05 	 8.636586e-07 	 -1000.0000 	 -1000.0000 	 -1000.0000 	 -1000.0000 
	 49.6090 	 1.565603e-02 	 179.7890 	  1.1151 	 6.312747e+20 	 4.339930e+18 	 1.560832e-05 	 9.200098e-07 	 -1000.0000 	 -1000.0000 	 -1000.0000 	 -1000.0000 
	 49.7610 	 1.540587e-02 	 179.6888 	  1.1129 	 6.215314e+20 	 4.270203e+18 	 1.557904e-05 	 9.271833e-07 	 -1000.0000 	 -1000.0000 	 -1000.0000 	 -1000.0000 
	 49.9120 	 1.516136e-02 	 179.5767 	  1.1108 	 6.120467e+20 	 4.202857e+18 	 1.554916e-05 	 9.340214e-07 	 -1000.0000 	 -1000.0000 	 -1000.0000 	 -1000.0000 
	 50.0630 	 1.492072e-02 	 179.4530 	  1.1089 	 6.027469e+20 	 4.137367e+18 	 1.551830e-05 	 9.405550e-07 	 -1000.0000 	 -1000.0000 	 -1000.0000 	 -1000.0000 
	 50.2150 	 1.468229e-02 	 179.3179 	  1.1070 	 5.935631e+20 	 4.073257e+18 	 1.548619e-05 	 9.469773e-07 	 -1000.0000 	 -1000.0000 	 -1000.0000 	 -1000.0000 
	 51.0930 	 1.337417e-02 	 178.3665 	  1.0990 	 5.435901e+20 	 3.736138e+18 	 1.530780e-05 	 9.903183e-07 	 -1000.0000 	 -1000.0000 	 -1000.0000 	 -1000.0000 
	 51.2440 	 1.316040e-02 	 178.1725 	  1.0983 	 5.354874e+20 	 3.683896e+18 	 1.528521e-05 	 1.000320e-06 	 -1000.0000 	 -1000.0000 	 -1000.0000 	 -1000.0000 
	 51.3950 	 1.294978e-02 	 177.9674 	  1.0979 	 5.275261e+20 	 3.633446e+18 	 1.526725e-05 	 1.011430e-06 	 -1000.0000 	 -1000.0000 	 -1000.0000 	 -1000.0000 
	 51.5460 	 1.274226e-02 	 177.7504 	  1.0979 	 5.197054e+20 	 3.584835e+18 	 1.525456e-05 	 1.023693e-06 	 -1000.0000 	 -1000.0000 	 -1000.0000 	 -1000.0000 
	 51.6960 	 1.253913e-02 	 177.5223 	  1.0982 	 5.120748e+20 	 3.538415e+18 	 1.524771e-05 	 1.036788e-06 	 -1000.0000 	 -1000.0000 	 -1000.0000 	 -1000.0000 
	 52.5730 	 1.140932e-02 	 175.9177 	  1.1083 	 4.701316e+20 	 3.303890e+18 	 1.533065e-05 	 1.116507e-06 	 -1000.0000 	 -1000.0000 	 -1000.0000 	 -1000.0000 
	 52.7240 	 1.122445e-02 	 175.6096 	  1.1108 	 4.633198e+20 	 3.267901e+18 	 1.536240e-05 	 1.128263e-06 	 -1000.0000 	 -1000.0000 	 -1000.0000 	 -1000.0000 
	 52.8750 	 1.104236e-02 	 175.3004 	  1.1132 	 4.566058e+20 	 3.232201e+18 	 1.539683e-05 	 1.138723e-06 	 -1000.0000 	 -1000.0000 	 -1000.0000 	 -1000.0000 
	 53.0260 	 1.086303e-02 	 174.9936 	  1.1153 	 4.499806e+20 	 3.196386e+18 	 1.543277e-05 	 1.147670e-06 	 -1000.0000 	 -1000.0000 	 -1000.0000 	 -1000.0000 
	 53.1760 	 1.068758e-02 	 174.6946 	  1.1170 	 4.434783e+20 	 3.160293e+18 	 1.546883e-05 	 1.154909e-06 	 -1000.0000 	 -1000.0000 	 -1000.0000 	 -1000.0000 
	 54.0360 	 9.732384e-03 	 173.2160 	  1.1138 	 4.073647e+20 	 2.929598e+18 	 1.564266e-05 	 1.161031e-06 	 -1000.0000 	 -1000.0000 	 -1000.0000 	 -1000.0000 
	 54.1870 	 9.573205e-03 	 172.9923 	  1.1119 	 4.012268e+20 	 2.886542e+18 	 1.566864e-05 	 1.157670e-06 	 -1000.0000 	 -1000.0000 	 -1000.0000 	 -1000.0000 
	 54.3370 	 9.417466e-03 	 172.7731 	  1.1102 	 3.952019e+20 	 2.844371e+18 	 1.569532e-05 	 1.154094e-06 	 -1000.0000 	 -1000.0000 	 -1000.0000 	 -1000.0000 
	 54.4880 	 9.263032e-03 	 172.5522 	  1.1091 	 3.892151e+20 	 2.803098e+18 	 1.572413e-05 	 1.150685e-06 	 -1000.0000 	 -1000.0000 	 -1000.0000 	 -1000.0000 
	 54.6380 	 9.111893e-03 	 172.3293 	  1.1086 	 3.833513e+20 	 2.763839e+18 	 1.575574e-05 	 1.147929e-06 	 -1000.0000 	 -1000.0000 	 -1000.0000 	 -1000.0000 
	 55.5160 	 8.269947e-03 	 170.8116 	  1.1325 	 3.509239e+20 	 2.592878e+18 	 1.604557e-05 	 1.166126e-06 	 -1000.0000 	 -1000.0000 	 -1000.0000 	 -1000.0000 
	 55.6670 	 8.132178e-03 	 170.5081 	  1.1411 	 3.456761e+20 	 2.573777e+18 	 1.611510e-05 	 1.175709e-06 	 -1000.0000 	 -1000.0000 	 -1000.0000 	 -1000.0000 
	 55.8170 	 7.997303e-03 	 170.1968 	  1.1505 	 3.405513e+20 	 2.556970e+18 	 1.618942e-05 	 1.186639e-06 	 -1000.0000 	 -1000.0000 	 -1000.0000 	 -1000.0000 
	 55.9680 	 7.863501e-03 	 169.8746 	  1.1606 	 3.354779e+20 	 2.541865e+18 	 1.626950e-05 	 1.198909e-06 	 -1000.0000 	 -1000.0000 	 -1000.0000 	 -1000.0000 
	 56.1180 	 7.732523e-03 	 169.5470 	  1.1712 	 3.305198e+20 	 2.528300e+18 	 1.635430e-05 	 1.212191e-06 	 -1000.0000 	 -1000.0000 	 -1000.0000 	 -1000.0000 
	 58.4200 	 5.948930e-03 	 164.4140 	  1.2644 	 2.623111e+20 	 2.244016e+18 	 1.825314e-05 	 1.350787e-06 	 -1000.0000 	 -1000.0000 	 -1000.0000 	 -1000.0000 
	 58.5700 	 5.846578e-03 	 164.1299 	  1.2612 	 2.582433e+20 	 2.209831e+18 	 1.841206e-05 	 1.345359e-06 	 -1000.0000 	 -1000.0000 	 -1000.0000 	 -1000.0000 
	 58.7200 	 5.745871e-03 	 163.8600 	  1.2579 	 2.542116e+20 	 2.175005e+18 	 1.857458e-05 	 1.339257e-06 	 -1000.0000 	 -1000.0000 	 -1000.0000 	 -1000.0000 
	 58.8700 	 5.646808e-03 	 163.6058 	  1.2550 	 2.502152e+20 	 2.140144e+18 	 1.874041e-05 	 1.333206e-06 	 -1000.0000 	 -1000.0000 	 -1000.0000 	 -1000.0000 
	 59.0200 	 5.549389e-03 	 163.3691 	  1.2529 	 2.462532e+20 	 2.105855e+18 	 1.890920e-05 	 1.327965e-06 	 -1000.0000 	 -1000.0000 	 -1000.0000 	 -1000.0000 
	 59.8840 	 5.020086e-03 	 162.4134 	  1.2735 	 2.240722e+20 	 1.944422e+18 	 1.991435e-05 	 1.347575e-06 	 -1000.0000 	 -1000.0000 	 -1000.0000 	 -1000.0000 
	 60.0330 	 4.934156e-03 	 162.3256 	  1.2828 	 2.203555e+20 	 1.923362e+18 	 2.008605e-05 	 1.360874e-06 	 -1000.0000 	 -1000.0000 	 -1000.0000 	 -1000.0000 
	 60.1830 	 4.849177e-03 	 162.2609 	  1.2932 	 2.166466e+20 	 1.903521e+18 	 2.025575e-05 	 1.376525e-06 	 -1000.0000 	 -1000.0000 	 -1000.0000 	 -1000.0000 
	 60.3320 	 4.766256e-03 	 162.2203 	  1.3044 	 2.129949e+20 	 1.884867e+18 	 2.042019e-05 	 1.393937e-06 	 -1000.0000 	 -1000.0000 	 -1000.0000 	 -1000.0000 
	 60.4820 	 4.684255e-03 	 162.2037 	  1.3161 	 2.093517e+20 	 1.866855e+18 	 2.058069e-05 	 1.412964e-06 	 -1000.0000 	 -1000.0000 	 -1000.0000 	 -1000.0000 
	 62.7870 	 3.592127e-03 	 165.1636 	  1.3685 	 1.576736e+20 	 1.475062e+18 	 2.206221e-05 	 1.657682e-06 	 -1000.0000 	 -1000.0000 	 -1000.0000 	 -1000.0000 
	 62.9360 	 3.531351e-03 	 165.5650 	  1.3549 	 1.546311e+20 	 1.433644e+18 	 2.209583e-05 	 1.658733e-06 	 -1000.0000 	 -1000.0000 	 -1000.0000 	 -1000.0000 
	 63.0850 	 3.471710e-03 	 165.9884 	  1.3400 	 1.516320e+20 	 1.391396e+18 	 2.213150e-05 	 1.658466e-06 	 -1000.0000 	 -1000.0000 	 -1000.0000 	 -1000.0000 
	 63.2340 	 3.413205e-03 	 166.4328 	  1.3241 	 1.486779e+20 	 1.348837e+18 	 2.217240e-05 	 1.657266e-06 	 -1000.0000 	 -1000.0000 	 -1000.0000 	 -1000.0000 
	 63.3840 	 3.355455e-03 	 166.9000 	  1.3074 	 1.457515e+20 	 1.306203e+18 	 2.222226e-05 	 1.655566e-06 	 -1000.0000 	 -1000.0000 	 -1000.0000 	 -1000.0000 
	 64.2310 	 3.050801e-03 	 169.8583 	  1.2181 	 1.302006e+20 	 1.091039e+18 	 2.281371e-05 	 1.658082e-06 	 -1000.0000 	 -1000.0000 	 -1000.0000 	 -1000.0000 
	 64.3790 	 3.001161e-03 	 170.4216 	  1.2048 	 1.276578e+20 	 1.059231e+18 	 2.298020e-05 	 1.662194e-06 	 -1000.0000 	 -1000.0000 	 -1000.0000 	 -1000.0000 
	 64.5280 	 2.952196e-03 	 170.9998 	  1.1923 	 1.251497e+20 	 1.028819e+18 	 2.316590e-05 	 1.667436e-06 	 -1000.0000 	 -1000.0000 	 -1000.0000 	 -1000.0000 
	 64.6770 	 2.904217e-03 	 171.5881 	  1.1808 	 1.226934e+20 	 9.999467e+17 	 2.336931e-05 	 1.673804e-06 	 -1000.0000 	 -1000.0000 	 -1000.0000 	 -1000.0000 
	 64.8250 	 2.857508e-03 	 172.1814 	  1.1704 	 1.203044e+20 	 9.727153e+17 	 2.358824e-05 	 1.681219e-06 	 -1000.0000 	 -1000.0000 	 -1000.0000 	 -1000.0000 
	 65.6840 	 2.603685e-03 	 175.7403 	  1.1315 	 1.074250e+20 	 8.394169e+17 	 2.513640e-05 	 1.742513e-06 	 -1000.0000 	 -1000.0000 	 -1000.0000 	 -1000.0000 
	 65.8320 	 2.562738e-03 	 176.3587 	  1.1283 	 1.053722e+20 	 8.201832e+17 	 2.543341e-05 	 1.755748e-06 	 -1000.0000 	 -1000.0000 	 -1000.0000 	 -1000.0000 
	 65.9810 	 2.522294e-03 	 176.9775 	  1.1260 	 1.033536e+20 	 8.017941e+17 	 2.573442e-05 	 1.769750e-06 	 -1000.0000 	 -1000.0000 	 -1000.0000 	 -1000.0000 
	 66.1290 	 2.482878e-03 	 177.5863 	  1.1245 	 1.013957e+20 	 7.844467e+17 	 2.603253e-05 	 1.784278e-06 	 -1000.0000 	 -1000.0000 	 -1000.0000 	 -1000.0000 
	 66.2770 	 2.444199e-03 	 178.1873 	  1.1238 	 9.948453e+19 	 7.679646e+17 	 2.632701e-05 	 1.799379e-06 	 -1000.0000 	 -1000.0000 	 -1000.0000 	 -1000.0000 
	 68.5380 	 1.932294e-03 	 184.9290 	  1.1509 	 7.572529e+19 	 5.884794e+17 	 2.847602e-05 	 2.075491e-06 	 -1000.0000 	 -1000.0000 	 -1000.0000 	 -1000.0000 
	 68.6850 	 1.903381e-03 	 185.1273 	  1.1520 	 7.450713e+19 	 5.794413e+17 	 2.837589e-05 	 2.093788e-06 	 -1000.0000 	 -1000.0000 	 -1000.0000 	 -1000.0000 
	 68.8330 	 1.874739e-03 	 185.2932 	  1.1527 	 7.331601e+19 	 5.705085e+17 	 2.825029e-05 	 2.111552e-06 	 -1000.0000 	 -1000.0000 	 -1000.0000 	 -1000.0000 
	 68.9810 	 1.846554e-03 	 185.4253 	  1.1529 	 7.215925e+19 	 5.617300e+17 	 2.810288e-05 	 2.128460e-06 	 -1000.0000 	 -1000.0000 	 -1000.0000 	 -1000.0000 
	 69.1290 	 1.818819e-03 	 185.5238 	  1.1527 	 7.103575e+19 	 5.530928e+17 	 2.793689e-05 	 2.144336e-06 	 -1000.0000 	 -1000.0000 	 -1000.0000 	 -1000.0000 
	 71.3750 	 1.446426e-03 	 183.0378 	  1.0588 	 5.728702e+19 	 4.306184e+17 	 2.542116e-05 	 2.152003e-06 	 -1000.0000 	 -1000.0000 	 -1000.0000 	 -1000.0000 
	 71.5220 	 1.424809e-03 	 182.6584 	  1.0471 	 5.654727e+19 	 4.229640e+17 	 2.537267e-05 	 2.135326e-06 	 -1000.0000 	 -1000.0000 	 -1000.0000 	 -1000.0000 
	 71.6690 	 1.403485e-03 	 182.2726 	  1.0356 	 5.581824e+19 	 4.154895e+17 	 2.533823e-05 	 2.118435e-06 	 -1000.0000 	 -1000.0000 	 -1000.0000 	 -1000.0000 
	 71.8150 	 1.382591e-03 	 181.8887 	  1.0249 	 5.510294e+19 	 4.082906e+17 	 2.531579e-05 	 2.102109e-06 	 -1000.0000 	 -1000.0000 	 -1000.0000 	 -1000.0000 
	 71.9620 	 1.361831e-03 	 181.5073 	  1.0150 	 5.438971e+19 	 4.013157e+17 	 2.530273e-05 	 2.086774e-06 	 -1000.0000 	 -1000.0000 	 -1000.0000 	 -1000.0000 
	 72.8250 	 1.245272e-03 	 179.6173 	  0.9888 	 5.026267e+19 	 3.677731e+17 	 2.529980e-05 	 2.046715e-06 	 -1000.0000 	 -1000.0000 	 -1000.0000 	 -1000.0000 
	 72.9720 	 1.226291e-03 	 179.3587 	  0.9895 	 4.956825e+19 	 3.632102e+17 	 2.529720e-05 	 2.048399e-06 	 -1000.0000 	 -1000.0000 	 -1000.0000 	 -1000.0000 
	 73.1190 	 1.207560e-03 	 179.1113 	  0.9909 	 4.887857e+19 	 3.588534e+17 	 2.529100e-05 	 2.051485e-06 	 -1000.0000 	 -1000.0000 	 -1000.0000 	 -1000.0000 
	 73.2650 	 1.189203e-03 	 178.8732 	  0.9929 	 4.819923e+19 	 3.546766e+17 	 2.528026e-05 	 2.055475e-06 	 -1000.0000 	 -1000.0000 	 -1000.0000 	 -1000.0000 
	 73.4120 	 1.170968e-03 	 178.6380 	  0.9951 	 4.752194e+19 	 3.505685e+17 	 2.526375e-05 	 2.059958e-06 	 -1000.0000 	 -1000.0000 	 -1000.0000 	 -1000.0000 
	 74.2480 	 1.071915e-03 	 177.2559 	  1.0006 	 4.383722e+19 	 3.268639e+17 	 2.500129e-05 	 2.075307e-06 	 -1000.0000 	 -1000.0000 	 -1000.0000 	 -1000.0000 
	 74.3950 	 1.055299e-03 	 177.0027 	  1.0000 	 4.321942e+19 	 3.225493e+17 	 2.490951e-05 	 2.075552e-06 	 -1000.0000 	 -1000.0000 	 -1000.0000 	 -1000.0000 
	 74.5410 	 1.039029e-03 	 176.7519 	  0.9992 	 4.261363e+19 	 3.182596e+17 	 2.479890e-05 	 2.075422e-06 	 -1000.0000 	 -1000.0000 	 -1000.0000 	 -1000.0000 
	 74.6880 	 1.022878e-03 	 176.5017 	  0.9984 	 4.201105e+19 	 3.139546e+17 	 2.466548e-05 	 2.075063e-06 	 -1000.0000 	 -1000.0000 	 -1000.0000 	 -1000.0000 
	 74.8340 	 1.007065e-03 	 176.2573 	  0.9976 	 4.141936e+19 	 3.097113e+17 	 2.450891e-05 	 2.074658e-06 	 -1000.0000 	 -1000.0000 	 -1000.0000 	 -1000.0000 
	 75.6880 	 9.189905e-04 	 174.9887 	  0.9986 	 3.807118e+19 	 2.862013e+17 	 2.310035e-05 	 2.079996e-06 	 -1000.0000 	 -1000.0000 	 -1000.0000 	 -1000.0000 
	 75.8350 	 9.045782e-04 	 174.8083 	  0.9990 	 3.751243e+19 	 2.822910e+17 	 2.283180e-05 	 2.082552e-06 	 -1000.0000 	 -1000.0000 	 -1000.0000 	 -1000.0000 
	 75.9810 	 8.904782e-04 	 174.6424 	  0.9990 	 3.696252e+19 	 2.783761e+17 	 2.258786e-05 	 2.085438e-06 	 -1000.0000 	 -1000.0000 	 -1000.0000 	 -1000.0000 
	 76.1280 	 8.764962e-04 	 174.4895 	  0.9982 	 3.641390e+19 	 2.743731e+17 	 2.237755e-05 	 2.088661e-06 	 -1000.0000 	 -1000.0000 	 -1000.0000 	 -1000.0000 
	 76.2740 	 8.628214e-04 	 174.3524 	  0.9966 	 3.587403e+19 	 2.703070e+17 	 2.221567e-05 	 2.092107e-06 	 -1000.0000 	 -1000.0000 	 -1000.0000 	 -1000.0000 
	 77.1020 	 7.891927e-04 	 173.8580 	  0.9631 	 3.291068e+19 	 2.446417e+17 	 2.258714e-05 	 2.113404e-06 	 -1000.0000 	 -1000.0000 	 -1000.0000 	 -1000.0000 
	 77.2480 	 7.768764e-04 	 173.7992 	  0.9541 	 3.240868e+19 	 2.398437e+17 	 2.284606e-05 	 2.118469e-06 	 -1000.0000 	 -1000.0000 	 -1000.0000 	 -1000.0000 
	 77.3940 	 7.647498e-04 	 173.7376 	  0.9450 	 3.191433e+19 	 2.350940e+17 	 2.313045e-05 	 2.124603e-06 	 -1000.0000 	 -1000.0000 	 -1000.0000 	 -1000.0000 
	 77.5400 	 7.528085e-04 	 173.6687 	  0.9363 	 3.142826e+19 	 2.304470e+17 	 2.342648e-05 	 2.132129e-06 	 -1000.0000 	 -1000.0000 	 -1000.0000 	 -1000.0000 
	 77.6860 	 7.410486e-04 	 173.5879 	  0.9283 	 3.095106e+19 	 2.259573e+17 	 2.372020e-05 	 2.141357e-06 	 -1000.0000 	 -1000.0000 	 -1000.0000 	 -1000.0000 
	 78.5350 	 6.760496e-04 	 172.6751 	  0.9102 	 2.837779e+19 	 2.052713e+17 	 2.476223e-05 	 2.240405e-06 	 -1000.0000 	 -1000.0000 	 -1000.0000 	 -1000.0000 
	 78.6810 	 6.654231e-04 	 172.4296 	  0.9122 	 2.797029e+19 	 2.026948e+17 	 2.479124e-05 	 2.264100e-06 	 -1000.0000 	 -1000.0000 	 -1000.0000 	 -1000.0000 
	 78.8260 	 6.550215e-04 	 172.1616 	  0.9153 	 2.757495e+19 	 2.003581e+17 	 2.478161e-05 	 2.288500e-06 	 -1000.0000 	 -1000.0000 	 -1000.0000 	 -1000.0000 
	 78.9720 	 6.446984e-04 	 171.8682 	  0.9193 	 2.718595e+19 	 1.982005e+17 	 2.473591e-05 	 2.313449e-06 	 -1000.0000 	 -1000.0000 	 -1000.0000 	 -1000.0000 
	 79.1180 	 6.345228e-04 	 171.5519 	  0.9239 	 2.680569e+19 	 1.962104e+17 	 2.465706e-05 	 2.338329e-06 	 -1000.0000 	 -1000.0000 	 -1000.0000 	 -1000.0000 
	 81.3690 	 4.940984e-04 	 164.4322 	  0.9263 	 2.178305e+19 	 1.661548e+17 	 2.152769e-05 	 2.430679e-06 	 -1000.0000 	 -1000.0000 	 -1000.0000 	 -1000.0000 
	 81.5140 	 4.859881e-04 	 163.8907 	  0.9158 	 2.149601e+19 	 1.633218e+17 	 2.134798e-05 	 2.410405e-06 	 -1000.0000 	 -1000.0000 	 -1000.0000 	 -1000.0000 
	 81.6590 	 4.779837e-04 	 163.3554 	  0.9048 	 2.121104e+19 	 1.604345e+17 	 2.118818e-05 	 2.390034e-06 	 -1000.0000 	 -1000.0000 	 -1000.0000 	 -1000.0000 
	 81.8040 	 4.700853e-04 	 162.8305 	  0.8936 	 2.092773e+19 	 1.575272e+17 	 2.105135e-05 	 2.370704e-06 	 -1000.0000 	 -1000.0000 	 -1000.0000 	 -1000.0000 
	 81.9490 	 4.622928e-04 	 162.3201 	  0.8825 	 2.064563e+19 	 1.546342e+17 	 2.094037e-05 	 2.353516e-06 	 -1000.0000 	 -1000.0000 	 -1000.0000 	 -1000.0000 
	 82.7890 	 4.192305e-04 	 159.8031 	  0.8357 	 1.901976e+19 	 1.396450e+17 	 2.089520e-05 	 2.340589e-06 	 -1000.0000 	 -1000.0000 	 -1000.0000 	 -1000.0000 
	 82.9340 	 4.121553e-04 	 159.4348 	  0.8312 	 1.874215e+19 	 1.374372e+17 	 2.096700e-05 	 2.352869e-06 	 -1000.0000 	 -1000.0000 	 -1000.0000 	 -1000.0000 
	 83.0790 	 4.051850e-04 	 159.0750 	  0.8275 	 1.846684e+19 	 1.353231e+17 	 2.104663e-05 	 2.367469e-06 	 -1000.0000 	 -1000.0000 	 -1000.0000 	 -1000.0000 
	 83.2240 	 3.983195e-04 	 158.7191 	  0.8244 	 1.819445e+19 	 1.332934e+17 	 2.112759e-05 	 2.383520e-06 	 -1000.0000 	 -1000.0000 	 -1000.0000 	 -1000.0000 
	 83.3690 	 3.915587e-04 	 158.3624 	  0.8219 	 1.792555e+19 	 1.313391e+17 	 2.120363e-05 	 2.400204e-06 	 -1000.0000 	 -1000.0000 	 -1000.0000 	 -1000.0000 
	 84.1920 	 3.551429e-04 	 156.1305 	  0.8119 	 1.648933e+19 	 1.212779e+17 	 2.131334e-05 	 2.475307e-06 	 -1000.0000 	 -1000.0000 	 -1000.0000 	 -1000.0000 
	 84.3370 	 3.490556e-04 	 155.6884 	  0.8105 	 1.625279e+19 	 1.196476e+17 	 2.127949e-05 	 2.484152e-06 	 -1000.0000 	 -1000.0000 	 -1000.0000 	 -1000.0000 
	 84.4820 	 3.430593e-04 	 155.2326 	  0.8091 	 1.602062e+19 	 1.180547e+17 	 2.124149e-05 	 2.492766e-06 	 -1000.0000 	 -1000.0000 	 -1000.0000 	 -1000.0000 
	 84.6260 	 3.371915e-04 	 154.7669 	  0.8079 	 1.579412e+19 	 1.165082e+17 	 2.121233e-05 	 2.503631e-06 	 -1000.0000 	 -1000.0000 	 -1000.0000 	 -1000.0000 
	 84.7710 	 3.313677e-04 	 154.2855 	  0.8067 	 1.556990e+19 	 1.149848e+17 	 2.118535e-05 	 2.514500e-06 	 -1000.0000 	 -1000.0000 	 -1000.0000 	 -1000.0000 
	 85.6160 	 2.989825e-04 	 151.2808 	  0.8010 	 1.432649e+19 	 1.066794e+17 	 2.121963e-05 	 2.585288e-06 	 -1000.0000 	 -1000.0000 	 -1000.0000 	 -1000.0000 
	 85.7600 	 2.937179e-04 	 150.7554 	  0.8002 	 1.412307e+19 	 1.053333e+17 	 2.124597e-05 	 2.598003e-06 	 -1000.0000 	 -1000.0000 	 -1000.0000 	 -1000.0000 
	 85.9040 	 2.885273e-04 	 150.2350 	  0.7993 	 1.392146e+19 	 1.039969e+17 	 2.126666e-05 	 2.610267e-06 	 -1000.0000 	 -1000.0000 	 -1000.0000 	 -1000.0000 
	 86.0490 	 2.833757e-04 	 149.7195 	  0.7985 	 1.372000e+19 	 1.026567e+17 	 2.127702e-05 	 2.621906e-06 	 -1000.0000 	 -1000.0000 	 -1000.0000 	 -1000.0000 
	 86.1930 	 2.783341e-04 	 149.2194 	  0.7976 	 1.352122e+19 	 1.013270e+17 	 2.127249e-05 	 2.632547e-06 	 -1000.0000 	 -1000.0000 	 -1000.0000 	 -1000.0000 
	 87.0160 	 2.509466e-04 	 146.7172 	  0.7914 	 1.240076e+19 	 9.360942e+16 	 2.083528e-05 	 2.672030e-06 	 -1000.0000 	 -1000.0000 	 -1000.0000 	 -1000.0000 
	 87.1600 	 2.463995e-04 	 146.3336 	  0.7904 	 1.220817e+19 	 9.225456e+16 	 2.071436e-05 	 2.677793e-06 	 -1000.0000 	 -1000.0000 	 -1000.0000 	 -1000.0000 
	 87.3040 	 2.419231e-04 	 145.9570 	  0.7894 	 1.201733e+19 	 9.091204e+16 	 2.059907e-05 	 2.684682e-06 	 -1000.0000 	 -1000.0000 	 -1000.0000 	 -1000.0000 
	 87.4490 	 2.374859e-04 	 145.5813 	  0.7885 	 1.182724e+19 	 8.957849e+16 	 2.049660e-05 	 2.693366e-06 	 -1000.0000 	 -1000.0000 	 -1000.0000 	 -1000.0000 
	 87.5930 	 2.331481e-04 	 145.2077 	  0.7878 	 1.164083e+19 	 8.827812e+16 	 2.041590e-05 	 2.704293e-06 	 -1000.0000 	 -1000.0000 	 -1000.0000 	 -1000.0000 
	 88.4290 	 2.092714e-04 	 142.8712 	  0.7888 	 1.061770e+19 	 8.143491e+16 	 2.063274e-05 	 2.831181e-06 	 -1000.0000 	 -1000.0000 	 -1000.0000 	 -1000.0000 
	 88.5730 	 2.053763e-04 	 142.4380 	  0.7898 	 1.045168e+19 	 8.037541e+16 	 2.076627e-05 	 2.861138e-06 	 -1000.0000 	 -1000.0000 	 -1000.0000 	 -1000.0000 
	 88.7170 	 2.015433e-04 	 142.0009 	  0.7909 	 1.028821e+19 	 7.934078e+16 	 2.090636e-05 	 2.891310e-06 	 -1000.0000 	 -1000.0000 	 -1000.0000 	 -1000.0000 
	 88.8610 	 1.977715e-04 	 141.5622 	  0.7922 	 1.012707e+19 	 7.832658e+16 	 2.104376e-05 	 2.920777e-06 	 -1000.0000 	 -1000.0000 	 -1000.0000 	 -1000.0000 
	 89.0050 	 1.940602e-04 	 141.1240 	  0.7935 	 9.968074e+18 	 7.732841e+16 	 2.116929e-05 	 2.948631e-06 	 -1000.0000 	 -1000.0000 	 -1000.0000 	 -1000.0000 
	 89.8390 	 1.737173e-04 	 138.6960 	  0.8013 	 9.080353e+18 	 7.166987e+16 	 2.130331e-05 	 3.043606e-06 	 -1000.0000 	 -1000.0000 	 -1000.0000 	 -1000.0000 
	 89.9830 	 1.703958e-04 	 138.2999 	  0.8026 	 8.932260e+18 	 7.070329e+16 	 2.122908e-05 	 3.049680e-06 	 -1000.0000 	 -1000.0000 	 -1000.0000 	 -1000.0000 
	 90.1270 	 1.671279e-04 	 137.9091 	  0.8038 	 8.785752e+18 	 6.974161e+16 	 2.114275e-05 	 3.054655e-06 	 -1000.0000 	 -1000.0000 	 -1000.0000 	 -1000.0000 
	 90.2710 	 1.639126e-04 	 137.5228 	  0.8050 	 8.640865e+18 	 6.878580e+16 	 2.105174e-05 	 3.059397e-06 	 -1000.0000 	 -1000.0000 	 -1000.0000 	 -1000.0000 
	 90.4150 	 1.607490e-04 	 137.1403 	  0.8063 	 8.497634e+18 	 6.783683e+16 	 2.096356e-05 	 3.064791e-06 	 -1000.0000 	 -1000.0000 	 -1000.0000 	 -1000.0000 
	 91.2330 	 1.437149e-04 	 135.0023 	  0.8134 	 7.717266e+18 	 6.261446e+16 	 2.081682e-05 	 3.143346e-06 	 -1000.0000 	 -1000.0000 	 -1000.0000 	 -1000.0000 
	 91.3760 	 1.408976e-04 	 134.6271 	  0.8145 	 7.587082e+18 	 6.173205e+16 	 2.086337e-05 	 3.166830e-06 	 -1000.0000 	 -1000.0000 	 -1000.0000 	 -1000.0000 
	 91.5200 	 1.381089e-04 	 134.2465 	  0.8155 	 7.458016e+18 	 6.085178e+16 	 2.092568e-05 	 3.192743e-06 	 -1000.0000 	 -1000.0000 	 -1000.0000 	 -1000.0000 
	 91.6630 	 1.353875e-04 	 133.8647 	  0.8164 	 7.331919e+18 	 5.998548e+16 	 2.099969e-05 	 3.220363e-06 	 -1000.0000 	 -1000.0000 	 -1000.0000 	 -1000.0000 
	 91.8060 	 1.327140e-04 	 133.4782 	  0.8171 	 7.207947e+18 	 5.912661e+16 	 2.108227e-05 	 3.249459e-06 	 -1000.0000 	 -1000.0000 	 -1000.0000 	 -1000.0000 
	 92.6360 	 1.181331e-04 	 131.1061 	  0.8165 	 6.532134e+18 	 5.427546e+16 	 2.154722e-05 	 3.424278e-06 	 -1000.0000 	 -1000.0000 	 -1000.0000 	 -1000.0000 
	 92.7790 	 1.157736e-04 	 130.6782 	  0.8157 	 6.422657e+18 	 5.346559e+16 	 2.159612e-05 	 3.450835e-06 	 -1000.0000 	 -1000.0000 	 -1000.0000 	 -1000.0000 
	 92.9220 	 1.134549e-04 	 130.2476 	  0.8149 	 6.314861e+18 	 5.266530e+16 	 2.162835e-05 	 3.474906e-06 	 -1000.0000 	 -1000.0000 	 -1000.0000 	 -1000.0000 
	 93.0650 	 1.111751e-04 	 129.8154 	  0.8141 	 6.208595e+18 	 5.187541e+16 	 2.164149e-05 	 3.495998e-06 	 -1000.0000 	 -1000.0000 	 -1000.0000 	 -1000.0000 
	 93.2080 	 1.089327e-04 	 129.3830 	  0.8134 	 6.103708e+18 	 5.109674e+16 	 2.163366e-05 	 3.513701e-06 	 -1000.0000 	 -1000.0000 	 -1000.0000 	 -1000.0000 
	 94.0260 	 9.675472e-05 	 126.9723 	  0.8132 	 5.523667e+18 	 4.691039e+16 	 2.122392e-05 	 3.547398e-06 	 -1000.0000 	 -1000.0000 	 -1000.0000 	 -1000.0000 
