	 height_(km) 	 press_(mbar) 	 temp_(K) 	 temperr_(K) 	 numdens_(m-3) 	 numdenserr_(m-3) 	 H2Ovmr_() 	 H2Ovmrerr_() 	 D/H_(VSMOW) 	 D/Herr_(VSMOW) 	 18O/16O_(VSMOW) 	 18O/16Oerr_(VSMOW) 
	  4.7960 	 2.140328e+00 	 158.0152 	  2.8584 	 9.820887e+22 	 1.839535e+21 	 1.116971e-06 	 1.784389e-06 	 -1000.0000 	 -1000.0000 	 -1000.0000 	 -1000.0000 
	  4.9550 	 2.098794e+00 	 158.6274 	  2.6822 	 9.593114e+22 	 1.684459e+21 	 1.505193e-06 	 2.023260e-06 	 -1000.0000 	 -1000.0000 	 -1000.0000 	 -1000.0000 
	  5.1140 	 2.058204e+00 	 159.2490 	  2.5203 	 9.370716e+22 	 1.543198e+21 	 2.011962e-06 	 2.242037e-06 	 -1000.0000 	 -1000.0000 	 -1000.0000 	 -1000.0000 
	  5.2740 	 2.018296e+00 	 159.8853 	  2.3711 	 9.152210e+22 	 1.414196e+21 	 2.667357e-06 	 2.417911e-06 	 -1000.0000 	 -1000.0000 	 -1000.0000 	 -1000.0000 
	  5.4330 	 1.979551e+00 	 160.5299 	  2.2356 	 8.940197e+22 	 1.298269e+21 	 3.421480e-06 	 2.466630e-06 	 -1000.0000 	 -1000.0000 	 -1000.0000 	 -1000.0000 
	  6.3760 	 1.767583e+00 	 164.6805 	  1.6533 	 7.780675e+22 	 8.191197e+20 	 1.158626e-05 	 8.375268e-07 	  2.1817 	  0.3446 	  0.7815 	  0.1334 
	  6.5350 	 1.734697e+00 	 165.4486 	  1.5854 	 7.600469e+22 	 7.662248e+20 	 1.376329e-05 	 9.117691e-07 	  2.1748 	  0.3251 	  0.7806 	  0.1141 
	  6.6940 	 1.702591e+00 	 166.2401 	  1.5242 	 7.424330e+22 	 7.192895e+20 	 1.571246e-05 	 1.067652e-06 	  2.1737 	  0.3359 	  0.7810 	  0.1169 
	  6.8540 	 1.671053e+00 	 167.0617 	  1.4686 	 7.251058e+22 	 6.772752e+20 	 1.773004e-05 	 1.215774e-06 	  2.1790 	  0.3540 	  0.7828 	  0.1267 
	  7.0130 	 1.640461e+00 	 167.9045 	  1.4185 	 7.082685e+22 	 6.399124e+20 	 1.984660e-05 	 1.344848e-06 	  2.1909 	  0.3709 	  0.7861 	  0.1346 
	  7.9390 	 1.476269e+00 	 173.3908 	  1.1935 	 6.171815e+22 	 4.728094e+20 	 3.321438e-05 	 1.894047e-06 	  2.3964 	  0.2740 	  0.8330 	  0.0920 
	  8.0980 	 1.450321e+00 	 174.4291 	  1.1629 	 6.027013e+22 	 4.496576e+20 	 3.568326e-05 	 1.877950e-06 	  2.4568 	  0.2472 	  0.8453 	  0.0817 
	  8.2570 	 1.424985e+00 	 175.4919 	  1.1343 	 5.885645e+22 	 4.279083e+20 	 3.804580e-05 	 1.790127e-06 	  2.5261 	  0.2237 	  0.8589 	  0.0728 
	  8.4160 	 1.400242e+00 	 176.5777 	  1.1075 	 5.747730e+22 	 4.075138e+20 	 4.010620e-05 	 1.637741e-06 	  2.6043 	  0.2052 	  0.8736 	  0.0656 
	  8.5750 	 1.376074e+00 	 177.6850 	  1.0826 	 5.613290e+22 	 3.884264e+20 	 4.164253e-05 	 1.491361e-06 	  2.6911 	  0.1940 	  0.8896 	  0.0612 
	  9.5190 	 1.243458e+00 	 184.4908 	  0.9648 	 4.889027e+22 	 2.994935e+20 	 4.455865e-05 	 1.524298e-06 	  3.3090 	  0.2110 	  0.9917 	  0.0629 
	  9.6780 	 1.222774e+00 	 185.5533 	  0.9498 	 4.780762e+22 	 2.882469e+20 	 4.466461e-05 	 1.523131e-06 	  3.4117 	  0.2153 	  1.0063 	  0.0636 
	  9.8370 	 1.202514e+00 	 186.5362 	  0.9363 	 4.677020e+22 	 2.779796e+20 	 4.469066e-05 	 1.519142e-06 	  3.5074 	  0.2194 	  1.0189 	  0.0642 
	  9.9960 	 1.182657e+00 	 187.4174 	  0.9243 	 4.578027e+22 	 2.686557e+20 	 4.462438e-05 	 1.512246e-06 	  3.5940 	  0.2231 	  1.0292 	  0.0646 
	 10.1550 	 1.163182e+00 	 188.1749 	  0.9138 	 4.484009e+22 	 2.602390e+20 	 4.444688e-05 	 1.502589e-06 	  3.6703 	  0.2263 	  1.0370 	  0.0650 
	 11.0930 	 1.055106e+00 	 189.3089 	  0.8821 	 4.036347e+22 	 2.265893e+20 	 4.078699e-05 	 1.421731e-06 	  3.9362 	  0.2393 	  1.0531 	  0.0658 
	 11.2510 	 1.037960e+00 	 189.0530 	  0.8802 	 3.975563e+22 	 2.228319e+20 	 4.001546e-05 	 1.412593e-06 	  3.9592 	  0.2415 	  1.0556 	  0.0662 
	 11.4100 	 1.021006e+00 	 188.7561 	  0.8784 	 3.916669e+22 	 2.192949e+20 	 3.932717e-05 	 1.407300e-06 	  3.9796 	  0.2441 	  1.0594 	  0.0668 
	 11.5680 	 1.004456e+00 	 188.4593 	  0.8764 	 3.859607e+22 	 2.159007e+20 	 3.876706e-05 	 1.406277e-06 	  3.9990 	  0.2469 	  1.0648 	  0.0675 
	 11.7260 	 9.881990e-01 	 188.1980 	  0.8738 	 3.803204e+22 	 2.125051e+20 	 3.835910e-05 	 1.409474e-06 	  4.0187 	  0.2501 	  1.0721 	  0.0684 
	 12.6460 	 8.992378e-01 	 188.9512 	  0.8354 	 3.453982e+22 	 1.876194e+20 	 3.994566e-05 	 1.491426e-06 	  4.1804 	  0.2675 	  1.1466 	  0.0759 
	 12.8040 	 8.848927e-01 	 189.5002 	  0.8253 	 3.389590e+22 	 1.824127e+20 	 4.094167e-05 	 1.511843e-06 	  4.2208 	  0.2691 	  1.1634 	  0.0791 
	 12.9620 	 8.708027e-01 	 190.1271 	  0.8151 	 3.324765e+22 	 1.770988e+20 	 4.212577e-05 	 1.532441e-06 	  4.2656 	  0.2698 	  1.1809 	  0.0820 
	 13.1200 	 8.569604e-01 	 190.8119 	  0.8050 	 3.259896e+22 	 1.717511e+20 	 4.347193e-05 	 1.552485e-06 	  4.3147 	  0.2699 	  1.1990 	  0.0846 
	 13.2780 	 8.433585e-01 	 191.5343 	  0.7954 	 3.195371e+22 	 1.664432e+20 	 4.494525e-05 	 1.571311e-06 	  4.3674 	  0.2716 	  1.2173 	  0.0870 
	 14.2160 	 7.671846e-01 	 195.6278 	  0.7657 	 2.837984e+22 	 1.392300e+20 	 5.424096e-05 	 1.643729e-06 	  4.7109 	  0.2532 	  1.3225 	  0.0965 
	 14.3740 	 7.550801e-01 	 196.2076 	  0.7661 	 2.783420e+22 	 1.355943e+20 	 5.569736e-05 	 1.651429e-06 	  4.7658 	  0.2543 	  1.3378 	  0.0976 
	 14.5320 	 7.431765e-01 	 196.7536 	  0.7679 	 2.730444e+22 	 1.322138e+20 	 5.710829e-05 	 1.659559e-06 	  4.8172 	  0.2574 	  1.3517 	  0.0983 
	 14.6900 	 7.314707e-01 	 197.2659 	  0.7710 	 2.679017e+22 	 1.290771e+20 	 5.847532e-05 	 1.668844e-06 	  4.8644 	  0.2622 	  1.3643 	  0.0985 
	 14.8480 	 7.199598e-01 	 197.7448 	  0.7753 	 2.629102e+22 	 1.261729e+20 	 5.980110e-05 	 1.679862e-06 	  4.9073 	  0.2682 	  1.3752 	  0.0984 
	 20.4070 	 4.152089e-01 	 195.3497 	  0.9266 	 1.540791e+22 	 8.194349e+19 	 7.530681e-05 	 2.569412e-06 	  4.4353 	  0.2651 	  1.1944 	  0.0714 
	 20.5640 	 4.087809e-01 	 194.9113 	  0.9133 	 1.520228e+22 	 8.003941e+19 	 7.465775e-05 	 2.548679e-06 	  4.3999 	  0.2629 	  1.1862 	  0.0707 
	 20.7200 	 4.024871e-01 	 194.5241 	  0.8999 	 1.499693e+22 	 7.811517e+19 	 7.400010e-05 	 2.523542e-06 	  4.3653 	  0.2602 	  1.1784 	  0.0700 
	 20.8770 	 3.962467e-01 	 194.2003 	  0.8868 	 1.478835e+22 	 7.617122e+19 	 7.333926e-05 	 2.494252e-06 	  4.3312 	  0.2572 	  1.1710 	  0.0692 
	 21.0340 	 3.901002e-01 	 193.9596 	  0.8744 	 1.457695e+22 	 7.424508e+19 	 7.269394e-05 	 2.461812e-06 	  4.2981 	  0.2538 	  1.1640 	  0.0682 
	 21.9570 	 3.558573e-01 	 194.8728 	  0.8353 	 1.324587e+22 	 6.443325e+19 	 6.984084e-05 	 2.293837e-06 	  4.1370 	  0.2352 	  1.1323 	  0.0631 
	 22.1140 	 3.503525e-01 	 195.3538 	  0.8346 	 1.301010e+22 	 6.308697e+19 	 6.965506e-05 	 2.373502e-06 	  4.1184 	  0.2378 	  1.1286 	  0.0638 
	 22.2700 	 3.449740e-01 	 195.8648 	  0.8350 	 1.277722e+22 	 6.183185e+19 	 6.950492e-05 	 2.443220e-06 	  4.1033 	  0.2404 	  1.1255 	  0.0645 
	 22.4270 	 3.396525e-01 	 196.3869 	  0.8362 	 1.254594e+22 	 6.064625e+19 	 6.936734e-05 	 2.494930e-06 	  4.0919 	  0.2427 	  1.1229 	  0.0651 
	 22.5840 	 3.344225e-01 	 196.8913 	  0.8382 	 1.231947e+22 	 5.953289e+19 	 6.921653e-05 	 2.519574e-06 	  4.0842 	  0.2442 	  1.1208 	  0.0654 
	 23.4910 	 3.059609e-01 	 198.3690 	  0.8502 	 1.117632e+22 	 5.424588e+19 	 6.780853e-05 	 2.216762e-06 	  4.1036 	  0.2370 	  1.1213 	  0.0629 
	 23.6470 	 3.013466e-01 	 198.3291 	  0.8517 	 1.100971e+22 	 5.349686e+19 	 6.774395e-05 	 2.222588e-06 	  4.1142 	  0.2387 	  1.1233 	  0.0633 
	 23.8030 	 2.968057e-01 	 198.2199 	  0.8531 	 1.085005e+22 	 5.278636e+19 	 6.773252e-05 	 2.227920e-06 	  4.1257 	  0.2401 	  1.1257 	  0.0636 
	 23.9590 	 2.923347e-01 	 198.0498 	  0.8545 	 1.069651e+22 	 5.211123e+19 	 6.778422e-05 	 2.232389e-06 	  4.1374 	  0.2412 	  1.1284 	  0.0638 
	 24.1150 	 2.879300e-01 	 197.8268 	  0.8558 	 1.054824e+22 	 5.146831e+19 	 6.790540e-05 	 2.235813e-06 	  4.1488 	  0.2419 	  1.1314 	  0.0640 
	 25.0440 	 2.628960e-01 	 195.8421 	  0.8655 	 9.732450e+21 	 4.813011e+19 	 6.996767e-05 	 2.241289e-06 	  4.1801 	  0.2396 	  1.1485 	  0.0633 
	 25.2000 	 2.588795e-01 	 195.4637 	  0.8674 	 9.602219e+21 	 4.762018e+19 	 7.044311e-05 	 2.240852e-06 	  4.1741 	  0.2385 	  1.1500 	  0.0630 
	 25.3560 	 2.549165e-01 	 195.0890 	  0.8693 	 9.473223e+21 	 4.711520e+19 	 7.094289e-05 	 2.270215e-06 	  4.1637 	  0.2398 	  1.1506 	  0.0631 
	 25.5110 	 2.510320e-01 	 194.7267 	  0.8712 	 9.346046e+21 	 4.661475e+19 	 7.141884e-05 	 2.312316e-06 	  4.1495 	  0.2437 	  1.1505 	  0.0634 
	 25.6670 	 2.471760e-01 	 194.3782 	  0.8732 	 9.218815e+21 	 4.610875e+19 	 7.183367e-05 	 2.353567e-06 	  4.1316 	  0.2477 	  1.1495 	  0.0637 
	 26.5880 	 2.255073e-01 	 192.9396 	  0.8829 	 8.472893e+21 	 4.291061e+19 	 7.145056e-05 	 2.390657e-06 	  4.0163 	  0.2845 	  1.1292 	  0.0663 
	 26.7430 	 2.220434e-01 	 192.8184 	  0.8843 	 8.347942e+21 	 4.233193e+19 	 7.072689e-05 	 2.294074e-06 	  4.0075 	  0.2948 	  1.1250 	  0.0681 
	 26.8980 	 2.186312e-01 	 192.7297 	  0.8856 	 8.223406e+21 	 4.174525e+19 	 6.983507e-05 	 2.187390e-06 	  4.0047 	  0.3075 	  1.1209 	  0.0693 
	 27.0540 	 2.152490e-01 	 192.6720 	  0.8868 	 8.098596e+21 	 4.114838e+19 	 6.883586e-05 	 2.172499e-06 	  4.0079 	  0.3251 	  1.1169 	  0.0706 
	 27.2090 	 2.119397e-01 	 192.6448 	  0.8880 	 7.975226e+21 	 4.055063e+19 	 6.771472e-05 	 2.155784e-06 	  4.0164 	  0.3440 	  1.1130 	  0.0710 
	 28.1180 	 1.935389e-01 	 192.9857 	  0.8948 	 7.271029e+21 	 3.704439e+19 	 6.069173e-05 	 2.041368e-06 	  4.1138 	  0.4486 	  1.0910 	  0.0692 
	 28.2730 	 1.905670e-01 	 193.0865 	  0.8960 	 7.155771e+21 	 3.646633e+19 	 5.973786e-05 	 2.023174e-06 	  4.1271 	  0.4585 	  1.0864 	  0.0694 
	 28.4280 	 1.876412e-01 	 193.1819 	  0.8973 	 7.042457e+21 	 3.590074e+19 	 5.892451e-05 	 2.006480e-06 	  4.1361 	  0.4642 	  1.0812 	  0.0699 
	 28.5840 	 1.847421e-01 	 193.2650 	  0.8988 	 6.930588e+21 	 3.534673e+19 	 5.825896e-05 	 1.991461e-06 	  4.1405 	  0.4654 	  1.0754 	  0.0706 
	 28.7390 	 1.819062e-01 	 193.3277 	  0.9003 	 6.821808e+21 	 3.481403e+19 	 5.775131e-05 	 1.978432e-06 	  4.1404 	  0.4617 	  1.0692 	  0.0713 
	 29.6580 	 1.659550e-01 	 192.9488 	  0.9125 	 6.234872e+21 	 3.212847e+19 	 5.747150e-05 	 1.935868e-06 	  4.0776 	  0.3688 	  1.0276 	  0.0773 
	 29.8130 	 1.634013e-01 	 192.7320 	  0.9149 	 6.145862e+21 	 3.175157e+19 	 5.778767e-05 	 1.933328e-06 	  4.0627 	  0.3475 	  1.0213 	  0.0780 
	 29.9680 	 1.608843e-01 	 192.4705 	  0.9171 	 6.059477e+21 	 3.139056e+19 	 5.817721e-05 	 1.931739e-06 	  4.0485 	  0.3269 	  1.0157 	  0.0784 
	 30.1240 	 1.583870e-01 	 192.1626 	  0.9192 	 5.975069e+21 	 3.104065e+19 	 5.862893e-05 	 1.930971e-06 	  4.0355 	  0.3076 	  1.0108 	  0.0783 
	 30.2790 	 1.559404e-01 	 191.8122 	  0.9211 	 5.893605e+21 	 3.070376e+19 	 5.912372e-05 	 1.930946e-06 	  4.0242 	  0.2908 	  1.0068 	  0.0780 
	 31.1810 	 1.423383e-01 	 188.9592 	  0.9251 	 5.460354e+21 	 2.883342e+19 	 6.208219e-05 	 1.941987e-06 	  3.9885 	  0.2713 	  0.9995 	  0.0754 
	 31.3360 	 1.401047e-01 	 188.3753 	  0.9245 	 5.391222e+21 	 2.851340e+19 	 6.245441e-05 	 1.945050e-06 	  3.9851 	  0.2767 	  1.0009 	  0.0756 
	 31.4910 	 1.379008e-01 	 187.7855 	  0.9237 	 5.323032e+21 	 2.819120e+19 	 6.274146e-05 	 1.948062e-06 	  3.9817 	  0.2810 	  1.0031 	  0.0762 
	 31.6460 	 1.357262e-01 	 187.1985 	  0.9227 	 5.255539e+21 	 2.786590e+19 	 6.293085e-05 	 1.950686e-06 	  3.9778 	  0.2829 	  1.0060 	  0.0773 
	 31.8010 	 1.335806e-01 	 186.6228 	  0.9214 	 5.188502e+21 	 2.753660e+19 	 6.301405e-05 	 1.952465e-06 	  3.9732 	  0.2808 	  1.0097 	  0.0790 
	 32.7150 	 1.215036e-01 	 183.8410 	  0.9122 	 4.791780e+21 	 2.548351e+19 	 6.158540e-05 	 1.915504e-06 	  3.9590 	  0.2759 	  1.0474 	  0.0944 
	 32.8690 	 1.195636e-01 	 183.4829 	  0.9109 	 4.724527e+21 	 2.512682e+19 	 6.107497e-05 	 1.938027e-06 	  3.9670 	  0.2797 	  1.0568 	  0.0974 
	 33.0240 	 1.176381e-01 	 183.1440 	  0.9097 	 4.657040e+21 	 2.476996e+19 	 6.046144e-05 	 2.023586e-06 	  3.9799 	  0.2867 	  1.0672 	  0.1006 
	 33.1780 	 1.157518e-01 	 182.8238 	  0.9089 	 4.590330e+21 	 2.441969e+19 	 5.984689e-05 	 2.093550e-06 	  3.9979 	  0.2937 	  1.0786 	  0.1032 
	 33.3320 	 1.138920e-01 	 182.5153 	  0.9084 	 4.524103e+21 	 2.407583e+19 	 5.926329e-05 	 2.146974e-06 	  4.0209 	  0.3007 	  1.0908 	  0.1052 
	 34.2450 	 1.034007e-01 	 180.6993 	  0.9160 	 4.148022e+21 	 2.226701e+19 	 5.816399e-05 	 2.155109e-06 	  4.1900 	  0.3258 	  1.1618 	  0.1057 
	 34.3990 	 1.017188e-01 	 180.3762 	  0.9190 	 4.087837e+21 	 2.200484e+19 	 5.856288e-05 	 2.109888e-06 	  4.2085 	  0.3251 	  1.1696 	  0.1035 
	 34.5540 	 1.000507e-01 	 180.0452 	  0.9224 	 4.028191e+21 	 2.175187e+19 	 5.914181e-05 	 2.064922e-06 	  4.2199 	  0.3234 	  1.1750 	  0.1006 
	 34.7080 	 9.841747e-02 	 179.7102 	  0.9260 	 3.969838e+21 	 2.151061e+19 	 5.988192e-05 	 2.031508e-06 	  4.2234 	  0.3213 	  1.1777 	  0.0973 
	 34.8620 	 9.680805e-02 	 179.3690 	  0.9300 	 3.912375e+21 	 2.127864e+19 	 6.077728e-05 	 2.010027e-06 	  4.2188 	  0.3189 	  1.1777 	  0.0937 
	 37.2420 	 7.470951e-02 	 173.2121 	  0.9838 	 3.126474e+21 	 1.832328e+19 	 7.548943e-05 	 1.674142e-06 	  3.7604 	  0.4918 	  1.0378 	  0.0684 
	 37.3950 	 7.345209e-02 	 172.7607 	  0.9850 	 3.081772e+21 	 1.814427e+19 	 7.507445e-05 	 1.529793e-06 	  3.7488 	  0.5052 	  1.0325 	  0.0704 
	 37.5490 	 7.220489e-02 	 172.3031 	  0.9858 	 3.037382e+21 	 1.796443e+19 	 7.413989e-05 	 1.445064e-06 	  3.7436 	  0.5202 	  1.0288 	  0.0733 
	 37.7020 	 7.098394e-02 	 171.8463 	  0.9865 	 2.993861e+21 	 1.778631e+19 	 7.267477e-05 	 1.439254e-06 	  3.7449 	  0.5364 	  1.0269 	  0.0766 
	 37.8560 	 6.977306e-02 	 171.3854 	  0.9870 	 2.950620e+21 	 1.760780e+19 	 7.085116e-05 	 1.432383e-06 	  3.7528 	  0.5533 	  1.0268 	  0.0799 
	 40.2390 	 5.320090e-02 	 164.9348 	  1.0107 	 2.338733e+21 	 1.510232e+19 	 3.482903e-05 	 1.187637e-06 	  4.4138 	  0.8412 	  1.1401 	  0.1254 
	 40.3910 	 5.227284e-02 	 164.6109 	  1.0146 	 2.302551e+21 	 1.496313e+19 	 3.339994e-05 	 1.174327e-06 	  4.4666 	  0.8596 	  1.1466 	  0.1276 
	 40.5440 	 5.135329e-02 	 164.2975 	  1.0188 	 2.266446e+21 	 1.482353e+19 	 3.211638e-05 	 1.162859e-06 	  4.5179 	  0.8784 	  1.1521 	  0.1298 
	 40.6970 	 5.044827e-02 	 163.9963 	  1.0230 	 2.230660e+21 	 1.468370e+19 	 3.098266e-05 	 1.153402e-06 	  4.5670 	  0.8980 	  1.1564 	  0.1321 
	 40.8490 	 4.956338e-02 	 163.7092 	  1.0271 	 2.195431e+21 	 1.454385e+19 	 2.999621e-05 	 1.145969e-06 	  4.6131 	  0.9181 	  1.1595 	  0.1347 
	 43.2420 	 3.738122e-02 	 160.6479 	  1.0326 	 1.686577e+21 	 1.168056e+19 	 2.493802e-05 	 1.191217e-06 	 -1000.0000 	 -1000.0000 	 -1000.0000 	 -1000.0000 
	 43.3950 	 3.670740e-02 	 160.5634 	  1.0270 	 1.657006e+21 	 1.143565e+19 	 2.488553e-05 	 1.199607e-06 	 -1000.0000 	 -1000.0000 	 -1000.0000 	 -1000.0000 
	 43.5470 	 3.605003e-02 	 160.5062 	  1.0210 	 1.627903e+21 	 1.118912e+19 	 2.482463e-05 	 1.204367e-06 	 -1000.0000 	 -1000.0000 	 -1000.0000 	 -1000.0000 
	 43.6990 	 3.540464e-02 	 160.4794 	  1.0149 	 1.599049e+21 	 1.094106e+19 	 2.474361e-05 	 1.206161e-06 	 -1000.0000 	 -1000.0000 	 -1000.0000 	 -1000.0000 
	 43.8510 	 3.477120e-02 	 160.4870 	  1.0087 	 1.570417e+21 	 1.069314e+19 	 2.463079e-05 	 1.205136e-06 	 -1000.0000 	 -1000.0000 	 -1000.0000 	 -1000.0000 
	 44.7520 	 3.125887e-02 	 161.3921 	  0.9799 	 1.404361e+21 	 9.305067e+18 	 2.286010e-05 	 1.113671e-06 	 -1000.0000 	 -1000.0000 	 -1000.0000 	 -1000.0000 
	 44.9050 	 3.070201e-02 	 161.6761 	  0.9764 	 1.376945e+21 	 9.088448e+18 	 2.235908e-05 	 1.072912e-06 	 -1000.0000 	 -1000.0000 	 -1000.0000 	 -1000.0000 
	 45.0570 	 3.015944e-02 	 161.9818 	  0.9732 	 1.350050e+21 	 8.878392e+18 	 2.181513e-05 	 1.020547e-06 	 -1000.0000 	 -1000.0000 	 -1000.0000 	 -1000.0000 
	 45.2090 	 2.962721e-02 	 162.3050 	  0.9701 	 1.323544e+21 	 8.673238e+18 	 2.122769e-05 	 9.573776e-07 	 -1000.0000 	 -1000.0000 	 -1000.0000 	 -1000.0000 
	 45.3610 	 2.910501e-02 	 162.6400 	  0.9671 	 1.297476e+21 	 8.472753e+18 	 2.059906e-05 	 8.863530e-07 	 -1000.0000 	 -1000.0000 	 -1000.0000 	 -1000.0000 
	 46.2660 	 2.618872e-02 	 164.5554 	  0.9462 	 1.153762e+21 	 7.369040e+18 	 1.655984e-05 	 7.589744e-07 	 -1000.0000 	 -1000.0000 	 -1000.0000 	 -1000.0000 
	 46.4180 	 2.572934e-02 	 164.8060 	  0.9424 	 1.131826e+21 	 7.201728e+18 	 1.600372e-05 	 7.461451e-07 	 -1000.0000 	 -1000.0000 	 -1000.0000 	 -1000.0000 
	 46.5690 	 2.528121e-02 	 165.0174 	  0.9388 	 1.110706e+21 	 7.042426e+18 	 1.550286e-05 	 7.337177e-07 	 -1000.0000 	 -1000.0000 	 -1000.0000 	 -1000.0000 
	 46.7210 	 2.483823e-02 	 165.1858 	  0.9354 	 1.090138e+21 	 6.889748e+18 	 1.505005e-05 	 7.216742e-07 	 -1000.0000 	 -1000.0000 	 -1000.0000 	 -1000.0000 
	 46.8730 	 2.440325e-02 	 165.3032 	  0.9323 	 1.070280e+21 	 6.745497e+18 	 1.464599e-05 	 7.102294e-07 	 -1000.0000 	 -1000.0000 	 -1000.0000 	 -1000.0000 
	 47.7560 	 2.202571e-02 	 164.7074 	  0.9245 	 9.693242e+20 	 6.099608e+18 	 1.301762e-05 	 6.596785e-07 	 -1000.0000 	 -1000.0000 	 -1000.0000 	 -1000.0000 
	 47.9080 	 2.164028e-02 	 164.3896 	  0.9246 	 9.541948e+20 	 6.017699e+18 	 1.282560e-05 	 6.538362e-07 	 -1000.0000 	 -1000.0000 	 -1000.0000 	 -1000.0000 
	 48.0590 	 2.126370e-02 	 164.0238 	  0.9249 	 9.396879e+20 	 5.941950e+18 	 1.265316e-05 	 6.487534e-07 	 -1000.0000 	 -1000.0000 	 -1000.0000 	 -1000.0000 
	 48.2110 	 2.089073e-02 	 163.6105 	  0.9252 	 9.255572e+20 	 5.870145e+18 	 1.249572e-05 	 6.442741e-07 	 -1000.0000 	 -1000.0000 	 -1000.0000 	 -1000.0000 
	 48.3630 	 2.052364e-02 	 163.1575 	  0.9255 	 9.118461e+20 	 5.801581e+18 	 1.235263e-05 	 6.403441e-07 	 -1000.0000 	 -1000.0000 	 -1000.0000 	 -1000.0000 
	 49.2590 	 1.846749e-02 	 159.9807 	  0.9200 	 8.367841e+20 	 5.406091e+18 	 1.176470e-05 	 6.253132e-07 	 -1000.0000 	 -1000.0000 	 -1000.0000 	 -1000.0000 
	 49.4110 	 1.813595e-02 	 159.4145 	  0.9179 	 8.246591e+20 	 5.336347e+18 	 1.170780e-05 	 6.239413e-07 	 -1000.0000 	 -1000.0000 	 -1000.0000 	 -1000.0000 
	 49.5620 	 1.781148e-02 	 158.8627 	  0.9157 	 8.127056e+20 	 5.266375e+18 	 1.166443e-05 	 6.229268e-07 	 -1000.0000 	 -1000.0000 	 -1000.0000 	 -1000.0000 
	 49.7130 	 1.749189e-02 	 158.3287 	  0.9134 	 8.008133e+20 	 5.195819e+18 	 1.163472e-05 	 6.222788e-07 	 -1000.0000 	 -1000.0000 	 -1000.0000 	 -1000.0000 
	 49.8650 	 1.717508e-02 	 157.8161 	  0.9111 	 7.888739e+20 	 5.124303e+18 	 1.161944e-05 	 6.220356e-07 	 -1000.0000 	 -1000.0000 	 -1000.0000 	 -1000.0000 
	 50.7430 	 1.544056e-02 	 155.6277 	  0.9026 	 7.193641e+20 	 4.709484e+18 	 1.188909e-05 	 6.320215e-07 	 -1000.0000 	 -1000.0000 	 -1000.0000 	 -1000.0000 
	 50.8940 	 1.515837e-02 	 155.3740 	  0.9028 	 7.073845e+20 	 4.641174e+18 	 1.200903e-05 	 6.360925e-07 	 -1000.0000 	 -1000.0000 	 -1000.0000 	 -1000.0000 
	 51.0450 	 1.488082e-02 	 155.1405 	  0.9036 	 6.954769e+20 	 4.575166e+18 	 1.215338e-05 	 6.408976e-07 	 -1000.0000 	 -1000.0000 	 -1000.0000 	 -1000.0000 
	 51.1960 	 1.460784e-02 	 154.9204 	  0.9052 	 6.836749e+20 	 4.512023e+18 	 1.232251e-05 	 6.464320e-07 	 -1000.0000 	 -1000.0000 	 -1000.0000 	 -1000.0000 
	 51.3460 	 1.434115e-02 	 154.7083 	  0.9077 	 6.720889e+20 	 4.452694e+18 	 1.251434e-05 	 6.526024e-07 	 -1000.0000 	 -1000.0000 	 -1000.0000 	 -1000.0000 
	 52.2430 	 1.283701e-02 	 153.2381 	  0.9441 	 6.072793e+20 	 4.191676e+18 	 1.392466e-05 	 6.937717e-07 	 -1000.0000 	 -1000.0000 	 -1000.0000 	 -1000.0000 
	 52.3940 	 1.259833e-02 	 152.9190 	  0.9530 	 5.972394e+20 	 4.162149e+18 	 1.411969e-05 	 6.989846e-07 	 -1000.0000 	 -1000.0000 	 -1000.0000 	 -1000.0000 
	 52.5450 	 1.236358e-02 	 152.5730 	  0.9621 	 5.874484e+20 	 4.135170e+18 	 1.426562e-05 	 7.027854e-07 	 -1000.0000 	 -1000.0000 	 -1000.0000 	 -1000.0000 
	 52.6960 	 1.213263e-02 	 152.1978 	  0.9712 	 5.779036e+20 	 4.110066e+18 	 1.434616e-05 	 7.047177e-07 	 -1000.0000 	 -1000.0000 	 -1000.0000 	 -1000.0000 
	 52.8460 	 1.190688e-02 	 151.7942 	  0.9800 	 5.686632e+20 	 4.086318e+18 	 1.434538e-05 	 7.043195e-07 	 -1000.0000 	 -1000.0000 	 -1000.0000 	 -1000.0000 
	 53.7360 	 1.063756e-02 	 148.7194 	  1.0189 	 5.184761e+20 	 3.939076e+18 	 1.209916e-05 	 6.366406e-07 	 -1000.0000 	 -1000.0000 	 -1000.0000 	 -1000.0000 
	 53.8870 	 1.043371e-02 	 148.1216 	  1.0236 	 5.105846e+20 	 3.911423e+18 	 1.137286e-05 	 6.144975e-07 	 -1000.0000 	 -1000.0000 	 -1000.0000 	 -1000.0000 
	 54.0370 	 1.023451e-02 	 147.5279 	  1.0285 	 5.028518e+20 	 3.883545e+18 	 1.059852e-05 	 5.905608e-07 	 -1000.0000 	 -1000.0000 	 -1000.0000 	 -1000.0000 
	 54.1880 	 1.003729e-02 	 146.9392 	  1.0337 	 4.951453e+20 	 3.855252e+18 	 9.790453e-06 	 5.652123e-07 	 -1000.0000 	 -1000.0000 	 -1000.0000 	 -1000.0000 
	 54.3380 	 9.844682e-03 	 146.3723 	  1.0394 	 4.875384e+20 	 3.827099e+18 	 8.984555e-06 	 5.395449e-07 	 -1000.0000 	 -1000.0000 	 -1000.0000 	 -1000.0000 
	 55.2160 	 8.783009e-03 	 143.8239 	  1.0949 	 4.426938e+20 	 3.667480e+18 	 5.274176e-06 	 4.151507e-07 	 -1000.0000 	 -1000.0000 	 -1000.0000 	 -1000.0000 
	 55.3670 	 8.611600e-03 	 143.5530 	  1.1078 	 4.348573e+20 	 3.639674e+18 	 4.885260e-06 	 4.016145e-07 	 -1000.0000 	 -1000.0000 	 -1000.0000 	 -1000.0000 
	 55.5170 	 8.444509e-03 	 143.3347 	  1.1210 	 4.270503e+20 	 3.611081e+18 	 4.569633e-06 	 3.908936e-07 	 -1000.0000 	 -1000.0000 	 -1000.0000 	 -1000.0000 
	 55.6680 	 8.279479e-03 	 143.1664 	  1.1343 	 4.191759e+20 	 3.580955e+18 	 4.318737e-06 	 3.828929e-07 	 -1000.0000 	 -1000.0000 	 -1000.0000 	 -1000.0000 
	 55.8180 	 8.118669e-03 	 143.0508 	  1.1474 	 4.113454e+20 	 3.549336e+18 	 4.130775e-06 	 3.776916e-07 	 -1000.0000 	 -1000.0000 	 -1000.0000 	 -1000.0000 
	 58.1740 	 5.980933e-03 	 148.2003 	  1.1404 	 2.927497e+20 	 2.566061e+18 	 6.374192e-06 	 5.504538e-07 	 -1000.0000 	 -1000.0000 	 -1000.0000 	 -1000.0000 
	 58.3230 	 5.868680e-03 	 148.9077 	  1.1205 	 2.859223e+20 	 2.468158e+18 	 6.747212e-06 	 5.701160e-07 	 -1000.0000 	 -1000.0000 	 -1000.0000 	 -1000.0000 
	 58.4730 	 5.758124e-03 	 149.6269 	  1.1001 	 2.791989e+20 	 2.369891e+18 	 7.140865e-06 	 5.901785e-07 	 -1000.0000 	 -1000.0000 	 -1000.0000 	 -1000.0000 
	 58.6220 	 5.650673e-03 	 150.3368 	  1.0804 	 2.726839e+20 	 2.274115e+18 	 7.548276e-06 	 6.103502e-07 	 -1000.0000 	 -1000.0000 	 -1000.0000 	 -1000.0000 
	 58.7720 	 5.544814e-03 	 151.0356 	  1.0616 	 2.663049e+20 	 2.181101e+18 	 7.973476e-06 	 6.309207e-07 	 -1000.0000 	 -1000.0000 	 -1000.0000 	 -1000.0000 
	 59.6570 	 4.963900e-03 	 154.2929 	  1.0086 	 2.330014e+20 	 1.772506e+18 	 1.072935e-05 	 7.612722e-07 	 -1000.0000 	 -1000.0000 	 -1000.0000 	 -1000.0000 
	 59.8060 	 4.872918e-03 	 154.6550 	  1.0104 	 2.281378e+20 	 1.730043e+18 	 1.122098e-05 	 7.846920e-07 	 -1000.0000 	 -1000.0000 	 -1000.0000 	 -1000.0000 
	 59.9550 	 4.783771e-03 	 154.9632 	  1.0147 	 2.234708e+20 	 1.693882e+18 	 1.171540e-05 	 8.083172e-07 	 -1000.0000 	 -1000.0000 	 -1000.0000 	 -1000.0000 
	 60.1040 	 4.696411e-03 	 155.2181 	  1.0211 	 2.189923e+20 	 1.663420e+18 	 1.221067e-05 	 8.320501e-07 	 -1000.0000 	 -1000.0000 	 -1000.0000 	 -1000.0000 
	 60.2540 	 4.610219e-03 	 155.4213 	  1.0294 	 2.146661e+20 	 1.637902e+18 	 1.270825e-05 	 8.559526e-07 	 -1000.0000 	 -1000.0000 	 -1000.0000 	 -1000.0000 
	 62.5610 	 3.470535e-03 	 152.2479 	  1.1452 	 1.652783e+20 	 1.455425e+18 	 1.927945e-05 	 1.239468e-06 	 -1000.0000 	 -1000.0000 	 -1000.0000 	 -1000.0000 
	 62.7090 	 3.407202e-03 	 151.7088 	  1.1422 	 1.628353e+20 	 1.436080e+18 	 1.957642e-05 	 1.259026e-06 	 -1000.0000 	 -1000.0000 	 -1000.0000 	 -1000.0000 
	 62.8580 	 3.344442e-03 	 151.1509 	  1.1392 	 1.604207e+20 	 1.416217e+18 	 1.986073e-05 	 1.277006e-06 	 -1000.0000 	 -1000.0000 	 -1000.0000 	 -1000.0000 
	 63.0070 	 3.282665e-03 	 150.5846 	  1.1366 	 1.580439e+20 	 1.396528e+18 	 2.013268e-05 	 1.293374e-06 	 -1000.0000 	 -1000.0000 	 -1000.0000 	 -1000.0000 
	 63.1550 	 3.222255e-03 	 150.0208 	  1.1351 	 1.557134e+20 	 1.377699e+18 	 2.039275e-05 	 1.308104e-06 	 -1000.0000 	 -1000.0000 	 -1000.0000 	 -1000.0000 
	 64.0210 	 2.886742e-03 	 146.9924 	  1.1697 	 1.423768e+20 	 1.305538e+18 	 2.177048e-05 	 1.370681e-06 	 -1000.0000 	 -1000.0000 	 -1000.0000 	 -1000.0000 
	 64.1690 	 2.832357e-03 	 146.5275 	  1.1832 	 1.401401e+20 	 1.300020e+18 	 2.194192e-05 	 1.377590e-06 	 -1000.0000 	 -1000.0000 	 -1000.0000 	 -1000.0000 
	 64.3180 	 2.778455e-03 	 146.0671 	  1.1983 	 1.379078e+20 	 1.295744e+18 	 2.207228e-05 	 1.383199e-06 	 -1000.0000 	 -1000.0000 	 -1000.0000 	 -1000.0000 
	 64.4670 	 2.725400e-03 	 145.6108 	  1.2144 	 1.356984e+20 	 1.292428e+18 	 2.215079e-05 	 1.387390e-06 	 -1000.0000 	 -1000.0000 	 -1000.0000 	 -1000.0000 
	 64.6150 	 2.673530e-03 	 145.1579 	  1.2311 	 1.335298e+20 	 1.289761e+18 	 2.216869e-05 	 1.390180e-06 	 -1000.0000 	 -1000.0000 	 -1000.0000 	 -1000.0000 
	 65.4940 	 2.382142e-03 	 142.3423 	  1.3282 	 1.213084e+20 	 1.271405e+18 	 2.071216e-05 	 1.374832e-06 	 -1000.0000 	 -1000.0000 	 -1000.0000 	 -1000.0000 
	 65.6420 	 2.335827e-03 	 141.8624 	  1.3433 	 1.193511e+20 	 1.266679e+18 	 2.026859e-05 	 1.367800e-06 	 -1000.0000 	 -1000.0000 	 -1000.0000 	 -1000.0000 
	 65.7910 	 2.289984e-03 	 141.3907 	  1.3584 	 1.173993e+20 	 1.261408e+18 	 1.981219e-05 	 1.360245e-06 	 -1000.0000 	 -1000.0000 	 -1000.0000 	 -1000.0000 
	 65.9390 	 2.245220e-03 	 140.9392 	  1.3734 	 1.154751e+20 	 1.255668e+18 	 1.936897e-05 	 1.352635e-06 	 -1000.0000 	 -1000.0000 	 -1000.0000 	 -1000.0000 
	 66.0870 	 2.201221e-03 	 140.5100 	  1.3883 	 1.135609e+20 	 1.249430e+18 	 1.895545e-05 	 1.345256e-06 	 -1000.0000 	 -1000.0000 	 -1000.0000 	 -1000.0000 
	 66.9480 	 1.960121e-03 	 138.7157 	  1.4788 	 1.024352e+20 	 1.202663e+18 	 1.794898e-05 	 1.325669e-06 	 -1000.0000 	 -1000.0000 	 -1000.0000 	 -1000.0000 
	 67.0950 	 1.921469e-03 	 138.5587 	  1.4940 	 1.005273e+20 	 1.192266e+18 	 1.801587e-05 	 1.327549e-06 	 -1000.0000 	 -1000.0000 	 -1000.0000 	 -1000.0000 
	 67.2430 	 1.883291e-03 	 138.4499 	  1.5088 	 9.860589e+19 	 1.180784e+18 	 1.812243e-05 	 1.330787e-06 	 -1000.0000 	 -1000.0000 	 -1000.0000 	 -1000.0000 
	 67.3910 	 1.845851e-03 	 138.3926 	  1.5228 	 9.668496e+19 	 1.168163e+18 	 1.825410e-05 	 1.335191e-06 	 -1000.0000 	 -1000.0000 	 -1000.0000 	 -1000.0000 
	 67.5390 	 1.809150e-03 	 138.3887 	  1.5359 	 9.476550e+19 	 1.154279e+18 	 1.839612e-05 	 1.340511e-06 	 -1000.0000 	 -1000.0000 	 -1000.0000 	 -1000.0000 
	 68.4180 	 1.606311e-03 	 139.5408 	  1.5824 	 8.346254e+19 	 1.040826e+18 	 1.875981e-05 	 1.377575e-06 	 -1000.0000 	 -1000.0000 	 -1000.0000 	 -1000.0000 
	 68.5650 	 1.574890e-03 	 139.9240 	  1.5841 	 8.160755e+19 	 1.017027e+18 	 1.871854e-05 	 1.383978e-06 	 -1000.0000 	 -1000.0000 	 -1000.0000 	 -1000.0000 
	 68.7130 	 1.543966e-03 	 140.3591 	  1.5840 	 7.975749e+19 	 9.920423e+17 	 1.866345e-05 	 1.390678e-06 	 -1000.0000 	 -1000.0000 	 -1000.0000 	 -1000.0000 
	 68.8610 	 1.513750e-03 	 140.8411 	  1.5819 	 7.792791e+19 	 9.661873e+17 	 1.860277e-05 	 1.397797e-06 	 -1000.0000 	 -1000.0000 	 -1000.0000 	 -1000.0000 
	 69.0090 	 1.484238e-03 	 141.3675 	  1.5779 	 7.612171e+19 	 9.396188e+17 	 1.854501e-05 	 1.405576e-06 	 -1000.0000 	 -1000.0000 	 -1000.0000 	 -1000.0000 
	 69.8610 	 1.327699e-03 	 145.1503 	  1.5181 	 6.630423e+19 	 7.804310e+17 	 1.866330e-05 	 1.473612e-06 	 -1000.0000 	 -1000.0000 	 -1000.0000 	 -1000.0000 
	 70.0090 	 1.302713e-03 	 145.9294 	  1.5023 	 6.470831e+19 	 7.528459e+17 	 1.880845e-05 	 1.490420e-06 	 -1000.0000 	 -1000.0000 	 -1000.0000 	 -1000.0000 
	 70.1560 	 1.278495e-03 	 146.7386 	  1.4856 	 6.315489e+19 	 7.257658e+17 	 1.899789e-05 	 1.508683e-06 	 -1000.0000 	 -1000.0000 	 -1000.0000 	 -1000.0000 
	 70.3030 	 1.254858e-03 	 147.5832 	  1.4681 	 6.163279e+19 	 6.991159e+17 	 1.923499e-05 	 1.528455e-06 	 -1000.0000 	 -1000.0000 	 -1000.0000 	 -1000.0000 
	 70.4510 	 1.231628e-03 	 148.4692 	  1.4499 	 6.013170e+19 	 6.728333e+17 	 1.952381e-05 	 1.549728e-06 	 -1000.0000 	 -1000.0000 	 -1000.0000 	 -1000.0000 
	 71.3250 	 1.105140e-03 	 154.4026 	  1.3408 	 5.189939e+19 	 5.342721e+17 	 2.227755e-05 	 1.697665e-06 	 -1000.0000 	 -1000.0000 	 -1000.0000 	 -1000.0000 
	 71.4720 	 1.085557e-03 	 155.4936 	  1.3235 	 5.062392e+19 	 5.141652e+17 	 2.285683e-05 	 1.725251e-06 	 -1000.0000 	 -1000.0000 	 -1000.0000 	 -1000.0000 
	 71.6190 	 1.066441e-03 	 156.5996 	  1.3068 	 4.938171e+19 	 4.949777e+17 	 2.343725e-05 	 1.753237e-06 	 -1000.0000 	 -1000.0000 	 -1000.0000 	 -1000.0000 
	 71.7650 	 1.047912e-03 	 157.7083 	  1.2908 	 4.818163e+19 	 4.768238e+17 	 2.400203e-05 	 1.781311e-06 	 -1000.0000 	 -1000.0000 	 -1000.0000 	 -1000.0000 
	 71.9120 	 1.029709e-03 	 158.8304 	  1.2755 	 4.700799e+19 	 4.594479e+17 	 2.454621e-05 	 1.809772e-06 	 -1000.0000 	 -1000.0000 	 -1000.0000 	 -1000.0000 
	 72.7850 	 9.305517e-04 	 165.3838 	  1.2025 	 4.078190e+19 	 3.742092e+17 	 2.667308e-05 	 1.974945e-06 	 -1000.0000 	 -1000.0000 	 -1000.0000 	 -1000.0000 
	 72.9320 	 9.152509e-04 	 166.4488 	  1.1929 	 3.985395e+19 	 3.625403e+17 	 2.681951e-05 	 2.000377e-06 	 -1000.0000 	 -1000.0000 	 -1000.0000 	 -1000.0000 
	 73.0790 	 9.003115e-04 	 167.5013 	  1.1839 	 3.895716e+19 	 3.514970e+17 	 2.691508e-05 	 2.024576e-06 	 -1000.0000 	 -1000.0000 	 -1000.0000 	 -1000.0000 
	 73.2250 	 8.858157e-04 	 168.5337 	  1.1753 	 3.809589e+19 	 3.410901e+17 	 2.696492e-05 	 2.047245e-06 	 -1000.0000 	 -1000.0000 	 -1000.0000 	 -1000.0000 
	 73.3720 	 8.715490e-04 	 169.5601 	  1.1669 	 3.725687e+19 	 3.311187e+17 	 2.697542e-05 	 2.068612e-06 	 -1000.0000 	 -1000.0000 	 -1000.0000 	 -1000.0000 
	 74.2280 	 7.942443e-04 	 175.2243 	  1.1178 	 3.286541e+19 	 2.804834e+17 	 2.654016e-05 	 2.161570e-06 	 -1000.0000 	 -1000.0000 	 -1000.0000 	 -1000.0000 
	 74.3750 	 7.818625e-04 	 176.1135 	  1.1090 	 3.219041e+19 	 2.728575e+17 	 2.643196e-05 	 2.173730e-06 	 -1000.0000 	 -1000.0000 	 -1000.0000 	 -1000.0000 
	 74.5210 	 7.698037e-04 	 176.9590 	  1.1003 	 3.154258e+19 	 2.655900e+17 	 2.633009e-05 	 2.185626e-06 	 -1000.0000 	 -1000.0000 	 -1000.0000 	 -1000.0000 
	 74.6680 	 7.578954e-04 	 177.7669 	  1.0915 	 3.091297e+19 	 2.585829e+17 	 2.623875e-05 	 2.197753e-06 	 -1000.0000 	 -1000.0000 	 -1000.0000 	 -1000.0000 
	 74.8140 	 7.462923e-04 	 178.5209 	  1.0828 	 3.031007e+19 	 2.519330e+17 	 2.616448e-05 	 2.210233e-06 	 -1000.0000 	 -1000.0000 	 -1000.0000 	 -1000.0000 
	 75.6780 	 6.818154e-04 	 181.7620 	  1.0340 	 2.718849e+19 	 2.188706e+17 	 2.629598e-05 	 2.307632e-06 	 -1000.0000 	 -1000.0000 	 -1000.0000 	 -1000.0000 
	 75.8250 	 6.715033e-04 	 182.1046 	  1.0266 	 2.672643e+19 	 2.142359e+17 	 2.641596e-05 	 2.328227e-06 	 -1000.0000 	 -1000.0000 	 -1000.0000 	 -1000.0000 
	 75.9710 	 6.614369e-04 	 182.3933 	  1.0195 	 2.628425e+19 	 2.098777e+17 	 2.655417e-05 	 2.349238e-06 	 -1000.0000 	 -1000.0000 	 -1000.0000 	 -1000.0000 
	 76.1180 	 6.514732e-04 	 182.6356 	  1.0128 	 2.585465e+19 	 2.057199e+17 	 2.670803e-05 	 2.370606e-06 	 -1000.0000 	 -1000.0000 	 -1000.0000 	 -1000.0000 
	 76.2640 	 6.417426e-04 	 182.8321 	  1.0066 	 2.544221e+19 	 2.018028e+17 	 2.687069e-05 	 2.391638e-06 	 -1000.0000 	 -1000.0000 	 -1000.0000 	 -1000.0000 
	 77.1120 	 5.882337e-04 	 183.2724 	  0.9813 	 2.326915e+19 	 1.824417e+17 	 2.776281e-05 	 2.492819e-06 	 -1000.0000 	 -1000.0000 	 -1000.0000 	 -1000.0000 
	 77.2580 	 5.795046e-04 	 183.2450 	  0.9786 	 2.292722e+19 	 1.795783e+17 	 2.786097e-05 	 2.504921e-06 	 -1000.0000 	 -1000.0000 	 -1000.0000 	 -1000.0000 
	 77.4040 	 5.709093e-04 	 183.1897 	  0.9761 	 2.259381e+19 	 1.768248e+17 	 2.792847e-05 	 2.515235e-06 	 -1000.0000 	 -1000.0000 	 -1000.0000 	 -1000.0000 
	 77.5500 	 5.624447e-04 	 183.1073 	  0.9738 	 2.226861e+19 	 1.741704e+17 	 2.796053e-05 	 2.523818e-06 	 -1000.0000 	 -1000.0000 	 -1000.0000 	 -1000.0000 
	 77.6960 	 5.541077e-04 	 182.9986 	  0.9716 	 2.195132e+19 	 1.716047e+17 	 2.795288e-05 	 2.530814e-06 	 -1000.0000 	 -1000.0000 	 -1000.0000 	 -1000.0000 
	 78.5550 	 5.074738e-04 	 181.8678 	  0.9577 	 2.022811e+19 	 1.578118e+17 	 2.696793e-05 	 2.542361e-06 	 -1000.0000 	 -1000.0000 	 -1000.0000 	 -1000.0000 
	 78.7010 	 4.999281e-04 	 181.5975 	  0.9551 	 1.995701e+19 	 1.556550e+17 	 2.669114e-05 	 2.540666e-06 	 -1000.0000 	 -1000.0000 	 -1000.0000 	 -1000.0000 
	 78.8460 	 4.925343e-04 	 181.3078 	  0.9527 	 1.969331e+19 	 1.535685e+17 	 2.641606e-05 	 2.538666e-06 	 -1000.0000 	 -1000.0000 	 -1000.0000 	 -1000.0000 
	 78.9920 	 4.851867e-04 	 180.9952 	  0.9503 	 1.943311e+19 	 1.515244e+17 	 2.615188e-05 	 2.536664e-06 	 -1000.0000 	 -1000.0000 	 -1000.0000 	 -1000.0000 
	 79.1380 	 4.779332e-04 	 180.6621 	  0.9481 	 1.917797e+19 	 1.495387e+17 	 2.591344e-05 	 2.535011e-06 	 -1000.0000 	 -1000.0000 	 -1000.0000 	 -1000.0000 
	 79.9990 	 4.369030e-04 	 178.3159 	  0.9410 	 1.776186e+19 	 1.390125e+17 	 2.559387e-05 	 2.552841e-06 	 -1000.0000 	 -1000.0000 	 -1000.0000 	 -1000.0000 
	 80.1440 	 4.302754e-04 	 177.8710 	  0.9404 	 1.753609e+19 	 1.373946e+17 	 2.572390e-05 	 2.562413e-06 	 -1000.0000 	 -1000.0000 	 -1000.0000 	 -1000.0000 
	 80.2890 	 4.237298e-04 	 177.4177 	  0.9397 	 1.731340e+19 	 1.357985e+17 	 2.588557e-05 	 2.573914e-06 	 -1000.0000 	 -1000.0000 	 -1000.0000 	 -1000.0000 
	 80.4340 	 4.172666e-04 	 176.9584 	  0.9389 	 1.709359e+19 	 1.342150e+17 	 2.606829e-05 	 2.587058e-06 	 -1000.0000 	 -1000.0000 	 -1000.0000 	 -1000.0000 
	 80.5790 	 4.108860e-04 	 176.4956 	  0.9377 	 1.687644e+19 	 1.326349e+17 	 2.626084e-05 	 2.601447e-06 	 -1000.0000 	 -1000.0000 	 -1000.0000 	 -1000.0000 
	 81.4290 	 3.751607e-04 	 173.8162 	  0.9209 	 1.564720e+19 	 1.230569e+17 	 2.705374e-05 	 2.693882e-06 	 -1000.0000 	 -1000.0000 	 -1000.0000 	 -1000.0000 
	 81.5740 	 3.693489e-04 	 173.3707 	  0.9165 	 1.544439e+19 	 1.213725e+17 	 2.707438e-05 	 2.707291e-06 	 -1000.0000 	 -1000.0000 	 -1000.0000 	 -1000.0000 
	 81.7190 	 3.636171e-04 	 172.9275 	  0.9118 	 1.524366e+19 	 1.196897e+17 	 2.705983e-05 	 2.720628e-06 	 -1000.0000 	 -1000.0000 	 -1000.0000 	 -1000.0000 
	 81.8640 	 3.579642e-04 	 172.4860 	  0.9070 	 1.504505e+19 	 1.180154e+17 	 2.701257e-05 	 2.734849e-06 	 -1000.0000 	 -1000.0000 	 -1000.0000 	 -1000.0000 
	 82.0090 	 3.523895e-04 	 172.0456 	  0.9022 	 1.484860e+19 	 1.163568e+17 	 2.691859e-05 	 2.746459e-06 	 -1000.0000 	 -1000.0000 	 -1000.0000 	 -1000.0000 
	 82.8620 	 3.211155e-04 	 169.4433 	  0.8781 	 1.373871e+19 	 1.072445e+17 	 2.540803e-05 	 2.748783e-06 	 -1000.0000 	 -1000.0000 	 -1000.0000 	 -1000.0000 
	 83.0070 	 3.160435e-04 	 168.9903 	  0.8751 	 1.355800e+19 	 1.058290e+17 	 2.504785e-05 	 2.740838e-06 	 -1000.0000 	 -1000.0000 	 -1000.0000 	 -1000.0000 
	 83.1520 	 3.110372e-04 	 168.5311 	  0.8724 	 1.337961e+19 	 1.044519e+17 	 2.468871e-05 	 2.732460e-06 	 -1000.0000 	 -1000.0000 	 -1000.0000 	 -1000.0000 
	 83.2960 	 3.061285e-04 	 168.0676 	  0.8701 	 1.320476e+19 	 1.031219e+17 	 2.434555e-05 	 2.724538e-06 	 -1000.0000 	 -1000.0000 	 -1000.0000 	 -1000.0000 
	 83.4410 	 3.012472e-04 	 167.5921 	  0.8681 	 1.303103e+19 	 1.018199e+17 	 2.402612e-05 	 2.717785e-06 	 -1000.0000 	 -1000.0000 	 -1000.0000 	 -1000.0000 
	 84.2860 	 2.739408e-04 	 164.6043 	  0.8629 	 1.206449e+19 	 9.492143e+16 	 2.322750e-05 	 2.739431e-06 	 -1000.0000 	 -1000.0000 	 -1000.0000 	 -1000.0000 
	 84.4300 	 2.694791e-04 	 164.0649 	  0.8627 	 1.190702e+19 	 9.383362e+16 	 2.329550e-05 	 2.755870e-06 	 -1000.0000 	 -1000.0000 	 -1000.0000 	 -1000.0000 
	 84.5740 	 2.650754e-04 	 163.5218 	  0.8624 	 1.175138e+19 	 9.275835e+16 	 2.341409e-05 	 2.775824e-06 	 -1000.0000 	 -1000.0000 	 -1000.0000 	 -1000.0000 
	 84.7190 	 2.607006e-04 	 162.9733 	  0.8621 	 1.159639e+19 	 9.168302e+16 	 2.357984e-05 	 2.799285e-06 	 -1000.0000 	 -1000.0000 	 -1000.0000 	 -1000.0000 
	 84.8630 	 2.564161e-04 	 162.4291 	  0.8615 	 1.144409e+19 	 9.061722e+16 	 2.378551e-05 	 2.825717e-06 	 -1000.0000 	 -1000.0000 	 -1000.0000 	 -1000.0000 
	 85.7160 	 2.322991e-04 	 159.3355 	  0.8508 	 1.056848e+19 	 8.411070e+16 	 2.555794e-05 	 3.032044e-06 	 -1000.0000 	 -1000.0000 	 -1000.0000 	 -1000.0000 
	 85.8600 	 2.284357e-04 	 158.8575 	  0.8479 	 1.042382e+19 	 8.297130e+16 	 2.589637e-05 	 3.071471e-06 	 -1000.0000 	 -1000.0000 	 -1000.0000 	 -1000.0000 
	 86.0040 	 2.246282e-04 	 158.3993 	  0.8449 	 1.027963e+19 	 8.182475e+16 	 2.622924e-05 	 3.110832e-06 	 -1000.0000 	 -1000.0000 	 -1000.0000 	 -1000.0000 
	 86.1490 	 2.208491e-04 	 157.9606 	  0.8418 	 1.013474e+19 	 8.066520e+16 	 2.655262e-05 	 3.149892e-06 	 -1000.0000 	 -1000.0000 	 -1000.0000 	 -1000.0000 
	 86.2930 	 2.171488e-04 	 157.5501 	  0.8388 	 9.990983e+18 	 7.951082e+16 	 2.685616e-05 	 3.187636e-06 	 -1000.0000 	 -1000.0000 	 -1000.0000 	 -1000.0000 
	 87.1490 	 1.961602e-04 	 155.7207 	  0.8266 	 9.133401e+18 	 7.271170e+16 	 2.803622e-05 	 3.369366e-06 	 -1000.0000 	 -1000.0000 	 -1000.0000 	 -1000.0000 
	 87.2930 	 1.927966e-04 	 155.4933 	  0.8256 	 8.990135e+18 	 7.160063e+16 	 2.811894e-05 	 3.391774e-06 	 -1000.0000 	 -1000.0000 	 -1000.0000 	 -1000.0000 
	 87.4370 	 1.894829e-04 	 155.2738 	  0.8247 	 8.848159e+18 	 7.050577e+16 	 2.817274e-05 	 3.412123e-06 	 -1000.0000 	 -1000.0000 	 -1000.0000 	 -1000.0000 
	 87.5810 	 1.862200e-04 	 155.0561 	  0.8241 	 8.707882e+18 	 6.942970e+16 	 2.819957e-05 	 3.430539e-06 	 -1000.0000 	 -1000.0000 	 -1000.0000 	 -1000.0000 
	 87.7250 	 1.830086e-04 	 154.8340 	  0.8235 	 8.569713e+18 	 6.837498e+16 	 2.820123e-05 	 3.447130e-06 	 -1000.0000 	 -1000.0000 	 -1000.0000 	 -1000.0000 
	 88.5590 	 1.654467e-04 	 153.2015 	  0.8209 	 7.827706e+18 	 6.279313e+16 	 2.780517e-05 	 3.512701e-06 	 -1000.0000 	 -1000.0000 	 -1000.0000 	 -1000.0000 
	 88.7030 	 1.625863e-04 	 152.8548 	  0.8206 	 7.709684e+18 	 6.192134e+16 	 2.768739e-05 	 3.520370e-06 	 -1000.0000 	 -1000.0000 	 -1000.0000 	 -1000.0000 
	 88.8470 	 1.597716e-04 	 152.4963 	  0.8205 	 7.594017e+18 	 6.107311e+16 	 2.756233e-05 	 3.527595e-06 	 -1000.0000 	 -1000.0000 	 -1000.0000 	 -1000.0000 
	 88.9910 	 1.570008e-04 	 152.1293 	  0.8205 	 7.480431e+18 	 6.024689e+16 	 2.743278e-05 	 3.534618e-06 	 -1000.0000 	 -1000.0000 	 -1000.0000 	 -1000.0000 
	 89.1350 	 1.542719e-04 	 151.7570 	  0.8208 	 7.368657e+18 	 5.944110e+16 	 2.730158e-05 	 3.541684e-06 	 -1000.0000 	 -1000.0000 	 -1000.0000 	 -1000.0000 
	 89.9830 	 1.389610e-04 	 149.5976 	  0.8288 	 6.735011e+18 	 5.502809e+16 	 2.666389e-05 	 3.598925e-06 	 -1000.0000 	 -1000.0000 	 -1000.0000 	 -1000.0000 
	 90.1260 	 1.365011e-04 	 149.2392 	  0.8309 	 6.631845e+18 	 5.432659e+16 	 2.661492e-05 	 3.614285e-06 	 -1000.0000 	 -1000.0000 	 -1000.0000 	 -1000.0000 
	 90.2700 	 1.340601e-04 	 148.8746 	  0.8330 	 6.529264e+18 	 5.362889e+16 	 2.659501e-05 	 3.632473e-06 	 -1000.0000 	 -1000.0000 	 -1000.0000 	 -1000.0000 
	 90.4130 	 1.316721e-04 	 148.5065 	  0.8350 	 6.428800e+18 	 5.294328e+16 	 2.660950e-05 	 3.653685e-06 	 -1000.0000 	 -1000.0000 	 -1000.0000 	 -1000.0000 
	 90.5560 	 1.293204e-04 	 148.1303 	  0.8368 	 6.329844e+18 	 5.226350e+16 	 2.666330e-05 	 3.678504e-06 	 -1000.0000 	 -1000.0000 	 -1000.0000 	 -1000.0000 
	 91.3860 	 1.163964e-04 	 145.7314 	  0.8399 	 5.788369e+18 	 4.836078e+16 	 2.795383e-05 	 3.912904e-06 	 -1000.0000 	 -1000.0000 	 -1000.0000 	 -1000.0000 
	 91.5290 	 1.142930e-04 	 145.3155 	  0.8392 	 5.699691e+18 	 4.768290e+16 	 2.833390e-05 	 3.968421e-06 	 -1000.0000 	 -1000.0000 	 -1000.0000 	 -1000.0000 
	 91.6720 	 1.122245e-04 	 144.9188 	  0.8382 	 5.611706e+18 	 4.699954e+16 	 2.874663e-05 	 4.027372e-06 	 -1000.0000 	 -1000.0000 	 -1000.0000 	 -1000.0000 
	 91.8150 	 1.101903e-04 	 144.5492 	  0.8370 	 5.524140e+18 	 4.630920e+16 	 2.918563e-05 	 4.089243e-06 	 -1000.0000 	 -1000.0000 	 -1000.0000 	 -1000.0000 
	 91.9580 	 1.081901e-04 	 144.2151 	  0.8357 	 5.436719e+18 	 4.561038e+16 	 2.964420e-05 	 4.153473e-06 	 -1000.0000 	 -1000.0000 	 -1000.0000 	 -1000.0000 
	 92.8060 	 9.699615e-05 	 143.2735 	  0.8280 	 4.910619e+18 	 4.124763e+16 	 3.238275e-05 	 4.551197e-06 	 -1000.0000 	 -1000.0000 	 -1000.0000 	 -1000.0000 
	 92.9490 	 9.521758e-05 	 143.2534 	  0.8268 	 4.821699e+18 	 4.049305e+16 	 3.278158e-05 	 4.616480e-06 	 -1000.0000 	 -1000.0000 	 -1000.0000 	 -1000.0000 
	 93.0920 	 9.346975e-05 	 143.2424 	  0.8255 	 4.733697e+18 	 3.974403e+16 	 3.314326e-05 	 4.680145e-06 	 -1000.0000 	 -1000.0000 	 -1000.0000 	 -1000.0000 
	 93.2350 	 9.175238e-05 	 143.2277 	  0.8242 	 4.647019e+18 	 3.900505e+16 	 3.346142e-05 	 4.741894e-06 	 -1000.0000 	 -1000.0000 	 -1000.0000 	 -1000.0000 
	 93.3780 	 9.006521e-05 	 143.1963 	  0.8229 	 4.562070e+18 	 3.828060e+16 	 3.373026e-05 	 4.801508e-06 	 -1000.0000 	 -1000.0000 	 -1000.0000 	 -1000.0000 
