	 height_(km) 	 press_(mbar) 	 temp_(K) 	 temperr_(K) 	 numdens_(m-3) 	 numdenserr_(m-3) 	 H2Ovmr_() 	 H2Ovmrerr_() 	 D/H_(VSMOW) 	 D/Herr_(VSMOW) 	 18O/16O_(VSMOW) 	 18O/16Oerr_(VSMOW) 
	 20.8610 	 3.626663e-01 	 163.8082 	  2.0958 	 1.600581e+22 	 2.389408e+20 	 1.986967e-05 	 3.465818e-06 	 -1000.0000 	 -1000.0000 	 -1000.0000 	 -1000.0000 
	 21.0070 	 3.565224e-01 	 163.6754 	  2.0590 	 1.574280e+22 	 2.318344e+20 	 1.966284e-05 	 3.400473e-06 	 -1000.0000 	 -1000.0000 	 -1000.0000 	 -1000.0000 
	 21.1530 	 3.504869e-01 	 163.6030 	  2.0224 	 1.548114e+22 	 2.248986e+20 	 1.949221e-05 	 3.336462e-06 	 -1000.0000 	 -1000.0000 	 -1000.0000 	 -1000.0000 
	 21.2990 	 3.445582e-01 	 163.5863 	  1.9861 	 1.522104e+22 	 2.181335e+20 	 1.935468e-05 	 3.273795e-06 	 -1000.0000 	 -1000.0000 	 -1000.0000 	 -1000.0000 
	 21.4460 	 3.386949e-01 	 163.6212 	  1.9499 	 1.496089e+22 	 2.114947e+20 	 1.924656e-05 	 3.212067e-06 	 -1000.0000 	 -1000.0000 	 -1000.0000 	 -1000.0000 
	 23.0910 	 2.797935e-01 	 166.1424 	  1.5817 	 1.222436e+22 	 1.490656e+20 	 1.917289e-05 	 2.618036e-06 	  3.6650 	  1.0641 	 -1000.0000 	 -1000.0000 
	 23.2370 	 2.751128e-01 	 166.4305 	  1.5536 	 1.200189e+22 	 1.445812e+20 	 1.918375e-05 	 2.574170e-06 	  3.5974 	  1.0360 	 -1000.0000 	 -1000.0000 
	 23.3830 	 2.705135e-01 	 166.7089 	  1.5265 	 1.178353e+22 	 1.402698e+20 	 1.918385e-05 	 2.531793e-06 	  3.5284 	  1.0084 	 -1000.0000 	 -1000.0000 
	 23.5290 	 2.659936e-01 	 166.9728 	  1.5004 	 1.156949e+22 	 1.361314e+20 	 1.917012e-05 	 2.490915e-06 	  3.4591 	  0.9816 	 -1000.0000 	 -1000.0000 
	 23.6760 	 2.615214e-01 	 167.2193 	  1.4752 	 1.135851e+22 	 1.321397e+20 	 1.913921e-05 	 2.451281e-06 	  3.3897 	  0.9556 	 -1000.0000 	 -1000.0000 
	 25.3240 	 2.162394e-01 	 167.3488 	  1.2803 	 9.355317e+21 	 9.935502e+19 	 1.675859e-05 	 2.112531e-06 	  2.8231 	  0.7707 	 -1000.0000 	 -1000.0000 
	 25.4700 	 2.126173e-01 	 167.0914 	  1.2711 	 9.210345e+21 	 9.742091e+19 	 1.636077e-05 	 2.090083e-06 	  2.8047 	  0.7664 	 -1000.0000 	 -1000.0000 
	 25.6160 	 2.090544e-01 	 166.8121 	  1.2629 	 9.069337e+21 	 9.560123e+19 	 1.595530e-05 	 2.067935e-06 	  2.7937 	  0.7646 	 -1000.0000 	 -1000.0000 
	 25.7620 	 2.055502e-01 	 166.5191 	  1.2556 	 8.931837e+21 	 9.388286e+19 	 1.555005e-05 	 2.045804e-06 	  2.7908 	  0.7654 	 -1000.0000 	 -1000.0000 
	 25.9070 	 2.021274e-01 	 166.2225 	  1.2492 	 8.798300e+21 	 9.226359e+19 	 1.515553e-05 	 2.023563e-06 	  2.7967 	  0.7690 	 -1000.0000 	 -1000.0000 
	 27.5380 	 1.673720e-01 	 164.8115 	  1.2051 	 7.372785e+21 	 7.626953e+19 	 1.348098e-05 	 1.675235e-06 	  3.3190 	  0.9536 	 -1000.0000 	 -1000.0000 
	 27.6830 	 1.645953e-01 	 164.9733 	  1.2019 	 7.245619e+21 	 7.481859e+19 	 1.367377e-05 	 1.631840e-06 	  3.3854 	  0.9759 	 -1000.0000 	 -1000.0000 
	 27.8280 	 1.618657e-01 	 165.1708 	  1.1988 	 7.118697e+21 	 7.336315e+19 	 1.390360e-05 	 1.586977e-06 	  3.4496 	  0.9974 	 -1000.0000 	 -1000.0000 
	 27.9740 	 1.591638e-01 	 165.3994 	  1.1959 	 6.991388e+21 	 7.189740e+19 	 1.416421e-05 	 1.540583e-06 	  3.5094 	  1.0187 	 -1000.0000 	 -1000.0000 
	 28.1190 	 1.565255e-01 	 165.6502 	  1.1931 	 6.865676e+21 	 7.044567e+19 	 1.444388e-05 	 1.493552e-06 	 -1000.0000 	 -1000.0000 	 -1000.0000 	 -1000.0000 
	 29.7610 	 1.294816e-01 	 168.3386 	  1.1827 	 5.564347e+21 	 5.555296e+19 	 1.662344e-05 	 9.724072e-07 	 -1000.0000 	 -1000.0000 	 -1000.0000 	 -1000.0000 
	 29.9060 	 1.273197e-01 	 168.4444 	  1.1841 	 5.464691e+21 	 5.445301e+19 	 1.657736e-05 	 9.325048e-07 	 -1000.0000 	 -1000.0000 	 -1000.0000 	 -1000.0000 
	 30.0510 	 1.251919e-01 	 168.5237 	  1.1857 	 5.367589e+21 	 5.338919e+19 	 1.648998e-05 	 8.938181e-07 	 -1000.0000 	 -1000.0000 	 -1000.0000 	 -1000.0000 
	 30.1960 	 1.230976e-01 	 168.5769 	  1.1876 	 5.272987e+21 	 5.236047e+19 	 1.636317e-05 	 8.563287e-07 	 -1000.0000 	 -1000.0000 	 -1000.0000 	 -1000.0000 
	 30.3410 	 1.210366e-01 	 168.6044 	  1.1898 	 5.180830e+21 	 5.136582e+19 	 1.619886e-05 	 8.200180e-07 	 -1000.0000 	 -1000.0000 	 -1000.0000 	 -1000.0000 
	 36.3020 	 5.937945e-02 	 152.8070 	  1.1617 	 2.817845e+21 	 2.713869e+19 	 5.840111e-07 	 1.174329e-07 	 -1000.0000 	 -1000.0000 	 -1000.0000 	 -1000.0000 
	 36.4450 	 5.832192e-02 	 152.1780 	  1.1511 	 2.778996e+21 	 2.666398e+19 	 5.275667e-07 	 1.139625e-07 	 -1000.0000 	 -1000.0000 	 -1000.0000 	 -1000.0000 
	 36.5890 	 5.727241e-02 	 151.5542 	  1.1402 	 2.740038e+21 	 2.618419e+19 	 4.935632e-07 	 1.108147e-07 	 -1000.0000 	 -1000.0000 	 -1000.0000 	 -1000.0000 
	 36.7320 	 5.624550e-02 	 150.9484 	  1.1292 	 2.701482e+21 	 2.570680e+19 	 4.798185e-07 	 1.080091e-07 	 -1000.0000 	 -1000.0000 	 -1000.0000 	 -1000.0000 
	 36.8760 	 5.522681e-02 	 150.3563 	  1.1180 	 2.662759e+21 	 2.522599e+19 	 4.834613e-07 	 1.054825e-07 	 -1000.0000 	 -1000.0000 	 -1000.0000 	 -1000.0000 
	 38.5050 	 4.477812e-02 	 146.1005 	  1.0187 	 2.223380e+21 	 2.003975e+19 	 9.355311e-07 	 9.031316e-08 	 -1000.0000 	 -1000.0000 	 -1000.0000 	 -1000.0000 
	 38.6480 	 4.395352e-02 	 145.9789 	  1.0142 	 2.184658e+21 	 1.962801e+19 	 9.576472e-07 	 8.954452e-08 	 -1000.0000 	 -1000.0000 	 -1000.0000 	 -1000.0000 
	 38.7910 	 4.314308e-02 	 145.8809 	  1.0104 	 2.146149e+21 	 1.922624e+19 	 9.743163e-07 	 8.878149e-08 	 -1000.0000 	 -1000.0000 	 -1000.0000 	 -1000.0000 
	 38.9340 	 4.234655e-02 	 145.8001 	  1.0071 	 2.107934e+21 	 1.883507e+19 	 9.856384e-07 	 8.800655e-08 	 -1000.0000 	 -1000.0000 	 -1000.0000 	 -1000.0000 
	 39.0780 	 4.155827e-02 	 145.7297 	  1.0045 	 2.069831e+21 	 1.845247e+19 	 9.917376e-07 	 8.719640e-08 	 -1000.0000 	 -1000.0000 	 -1000.0000 	 -1000.0000 
	 40.6950 	 3.358542e-02 	 143.7805 	  1.0002 	 1.691982e+21 	 1.510943e+19 	 7.296537e-07 	 7.092447e-08 	 -1000.0000 	 -1000.0000 	 -1000.0000 	 -1000.0000 
	 40.8380 	 3.295182e-02 	 143.4043 	  1.0012 	 1.664168e+21 	 1.490221e+19 	 6.834941e-07 	 6.864231e-08 	 -1000.0000 	 -1000.0000 	 -1000.0000 	 -1000.0000 
	 40.9810 	 3.232894e-02 	 143.0015 	  1.0024 	 1.637139e+21 	 1.470620e+19 	 6.356981e-07 	 6.627275e-08 	 -1000.0000 	 -1000.0000 	 -1000.0000 	 -1000.0000 
	 41.1240 	 3.171657e-02 	 142.5761 	  1.0038 	 1.610829e+21 	 1.452025e+19 	 5.868611e-07 	 6.383639e-08 	 -1000.0000 	 -1000.0000 	 -1000.0000 	 -1000.0000 
	 41.2680 	 3.111035e-02 	 142.1291 	  1.0053 	 1.584997e+21 	 1.434201e+19 	 5.372337e-07 	 6.133637e-08 	 -1000.0000 	 -1000.0000 	 -1000.0000 	 -1000.0000 
	 42.8920 	 2.493861e-02 	 137.0206 	  1.0347 	 1.320102e+21 	 1.260935e+19 	 1.252425e-07 	 3.616371e-08 	 -1000.0000 	 -1000.0000 	 -1000.0000 	 -1000.0000 
	 43.0340 	 2.445258e-02 	 136.6452 	  1.0383 	 1.298032e+21 	 1.245991e+19 	 1.117074e-07 	 3.462279e-08 	 -1000.0000 	 -1000.0000 	 -1000.0000 	 -1000.0000 
	 43.1770 	 2.397136e-02 	 136.2806 	  1.0420 	 1.275957e+21 	 1.230902e+19 	 1.011901e-07 	 3.319026e-08 	 -1000.0000 	 -1000.0000 	 -1000.0000 	 -1000.0000 
	 43.3190 	 2.350162e-02 	 135.9312 	  1.0459 	 1.254198e+21 	 1.215894e+19 	 9.348033e-08 	 3.188290e-08 	 -1000.0000 	 -1000.0000 	 -1000.0000 	 -1000.0000 
	 43.4610 	 2.303987e-02 	 135.5937 	  1.0499 	 1.232615e+21 	 1.200879e+19 	 8.813896e-08 	 3.068703e-08 	 -1000.0000 	 -1000.0000 	 -1000.0000 	 -1000.0000 
	 45.0720 	 1.833789e-02 	 132.3716 	  1.1025 	 1.003935e+21 	 1.034554e+19 	 8.646164e-08 	 2.391641e-08 	 -1000.0000 	 -1000.0000 	 -1000.0000 	 -1000.0000 
	 45.2140 	 1.796858e-02 	 132.1367 	  1.1073 	 9.854041e+20 	 1.020320e+19 	 8.514523e-08 	 2.382823e-08 	 -1000.0000 	 -1000.0000 	 -1000.0000 	 -1000.0000 
	 45.3570 	 1.760368e-02 	 131.9125 	  1.1119 	 9.669906e+20 	 1.005954e+19 	 8.364840e-08 	 2.380743e-08 	 -1000.0000 	 -1000.0000 	 -1000.0000 	 -1000.0000 
	 45.4990 	 1.724822e-02 	 131.7039 	  1.1162 	 9.489424e+20 	 9.916211e+18 	 8.211588e-08 	 2.385082e-08 	 -1000.0000 	 -1000.0000 	 -1000.0000 	 -1000.0000 
	 45.6410 	 1.689952e-02 	 131.5107 	  1.1203 	 9.311204e+20 	 9.771849e+18 	 8.066070e-08 	 2.395458e-08 	 -1000.0000 	 -1000.0000 	 -1000.0000 	 -1000.0000 
	 47.2590 	 1.337765e-02 	 130.8825 	  1.1272 	 7.410984e+20 	 7.949636e+18 	 1.059627e-07 	 2.846186e-08 	 -1000.0000 	 -1000.0000 	 -1000.0000 	 -1000.0000 
	 47.4000 	 1.310784e-02 	 130.9947 	  1.1236 	 7.255386e+20 	 7.772190e+18 	 1.130341e-07 	 2.918529e-08 	 -1000.0000 	 -1000.0000 	 -1000.0000 	 -1000.0000 
	 47.5420 	 1.284182e-02 	 131.1355 	  1.1194 	 7.100487e+20 	 7.592000e+18 	 1.204617e-07 	 3.001682e-08 	 -1000.0000 	 -1000.0000 	 -1000.0000 	 -1000.0000 
	 47.6830 	 1.258326e-02 	 131.3027 	  1.1148 	 6.948556e+20 	 7.412175e+18 	 1.279572e-07 	 3.096050e-08 	 -1000.0000 	 -1000.0000 	 -1000.0000 	 -1000.0000 
	 47.8240 	 1.233023e-02 	 131.4968 	  1.1098 	 6.798582e+20 	 7.232020e+18 	 1.353893e-07 	 3.203748e-08 	 -1000.0000 	 -1000.0000 	 -1000.0000 	 -1000.0000 
	 49.4290 	 9.818076e-03 	 135.4822 	  1.0424 	 5.255941e+20 	 5.332519e+18 	 1.684406e-07 	 5.858038e-08 	 -1000.0000 	 -1000.0000 	 -1000.0000 	 -1000.0000 
	 49.5700 	 9.627474e-03 	 135.9516 	  1.0370 	 5.136826e+20 	 5.190617e+18 	 1.711453e-07 	 6.256332e-08 	 -1000.0000 	 -1000.0000 	 -1000.0000 	 -1000.0000 
	 49.7120 	 9.439907e-03 	 136.4287 	  1.0317 	 5.019730e+20 	 5.052432e+18 	 1.774805e-07 	 6.689726e-08 	 -1000.0000 	 -1000.0000 	 -1000.0000 	 -1000.0000 
	 49.8530 	 9.257879e-03 	 136.9027 	  1.0268 	 4.906330e+20 	 4.919913e+18 	 1.884996e-07 	 7.153173e-08 	 -1000.0000 	 -1000.0000 	 -1000.0000 	 -1000.0000 
	 49.9940 	 9.079922e-03 	 137.3723 	  1.0221 	 4.795818e+20 	 4.792072e+18 	 2.053689e-07 	 7.650662e-08 	 -1000.0000 	 -1000.0000 	 -1000.0000 	 -1000.0000 
	 51.6120 	 7.286469e-03 	 141.0955 	  0.9933 	 3.741903e+20 	 3.659155e+18 	 1.154731e-06 	 1.606456e-07 	 -1000.0000 	 -1000.0000 	 -1000.0000 	 -1000.0000 
	 51.7530 	 7.148591e-03 	 141.1817 	  0.9932 	 3.668584e+20 	 3.588171e+18 	 1.309435e-06 	 1.699939e-07 	 -1000.0000 	 -1000.0000 	 -1000.0000 	 -1000.0000 
	 51.8940 	 7.013304e-03 	 141.2237 	  0.9934 	 3.597933e+20 	 3.520965e+18 	 1.468600e-06 	 1.794114e-07 	 -1000.0000 	 -1000.0000 	 -1000.0000 	 -1000.0000 
	 52.0350 	 6.880544e-03 	 141.2211 	  0.9937 	 3.529851e+20 	 3.457336e+18 	 1.629730e-06 	 1.888187e-07 	 -1000.0000 	 -1000.0000 	 -1000.0000 	 -1000.0000 
	 52.1760 	 6.750250e-03 	 141.1736 	  0.9943 	 3.464238e+20 	 3.397084e+18 	 1.790328e-06 	 1.981367e-07 	 -1000.0000 	 -1000.0000 	 -1000.0000 	 -1000.0000 
	 53.7660 	 5.432743e-03 	 137.4625 	  1.0037 	 2.864929e+20 	 2.890673e+18 	 2.831663e-06 	 2.735522e-07 	 -1000.0000 	 -1000.0000 	 -1000.0000 	 -1000.0000 
	 53.9060 	 5.328572e-03 	 136.8804 	  1.0042 	 2.821811e+20 	 2.856669e+18 	 2.817290e-06 	 2.761989e-07 	 -1000.0000 	 -1000.0000 	 -1000.0000 	 -1000.0000 
	 54.0470 	 5.225394e-03 	 136.2667 	  1.0048 	 2.779505e+20 	 2.823633e+18 	 2.788229e-06 	 2.782203e-07 	 -1000.0000 	 -1000.0000 	 -1000.0000 	 -1000.0000 
	 54.1870 	 5.124633e-03 	 135.6345 	  1.0054 	 2.738504e+20 	 2.791945e+18 	 2.746522e-06 	 2.796159e-07 	 -1000.0000 	 -1000.0000 	 -1000.0000 	 -1000.0000 
	 54.3280 	 5.024811e-03 	 134.9790 	  1.0062 	 2.698118e+20 	 2.761062e+18 	 2.693219e-06 	 2.804345e-07 	 -1000.0000 	 -1000.0000 	 -1000.0000 	 -1000.0000 
	 55.9390 	 3.990112e-03 	 127.5263 	  1.0335 	 2.268582e+20 	 2.453614e+18 	 1.791885e-06 	 2.572047e-07 	 -1000.0000 	 -1000.0000 	 -1000.0000 	 -1000.0000 
	 56.0790 	 3.908553e-03 	 126.9713 	  1.0384 	 2.231982e+20 	 2.429007e+18 	 1.722034e-06 	 2.532365e-07 	 -1000.0000 	 -1000.0000 	 -1000.0000 	 -1000.0000 
	 56.2190 	 3.828281e-03 	 126.4354 	  1.0438 	 2.195451e+20 	 2.404655e+18 	 1.655263e-06 	 2.491242e-07 	 -1000.0000 	 -1000.0000 	 -1000.0000 	 -1000.0000 
	 56.3600 	 3.748733e-03 	 125.9146 	  1.0498 	 2.158748e+20 	 2.380392e+18 	 1.591088e-06 	 2.448776e-07 	 -1000.0000 	 -1000.0000 	 -1000.0000 	 -1000.0000 
	 56.5000 	 3.671036e-03 	 125.4162 	  1.0563 	 2.122416e+20 	 2.356567e+18 	 1.530379e-06 	 2.405977e-07 	 -1000.0000 	 -1000.0000 	 -1000.0000 	 -1000.0000 
	 58.0930 	 2.876592e-03 	 120.9894 	  1.1746 	 1.723257e+20 	 2.104824e+18 	 1.038112e-06 	 1.997218e-07 	 -1000.0000 	 -1000.0000 	 -1000.0000 	 -1000.0000 
	 58.2320 	 2.814983e-03 	 120.7154 	  1.1881 	 1.690102e+20 	 2.083681e+18 	 1.010869e-06 	 1.975934e-07 	 -1000.0000 	 -1000.0000 	 -1000.0000 	 -1000.0000 
	 58.3720 	 2.754149e-03 	 120.4614 	  1.2017 	 1.657005e+20 	 2.062059e+18 	 9.855512e-07 	 1.956968e-07 	 -1000.0000 	 -1000.0000 	 -1000.0000 	 -1000.0000 
	 58.5120 	 2.694527e-03 	 120.2305 	  1.2152 	 1.624205e+20 	 2.039971e+18 	 9.622489e-07 	 1.940387e-07 	 -1000.0000 	 -1000.0000 	 -1000.0000 	 -1000.0000 
	 58.6510 	 2.636522e-03 	 120.0254 	  1.2282 	 1.591935e+20 	 2.017441e+18 	 9.409927e-07 	 1.926192e-07 	 -1000.0000 	 -1000.0000 	 -1000.0000 	 -1000.0000 
	 60.2460 	 2.052765e-03 	 119.7571 	  1.3068 	 1.242891e+20 	 1.674732e+18 	 7.955323e-07 	 1.896198e-07 	 -1000.0000 	 -1000.0000 	 -1000.0000 	 -1000.0000 
	 60.3850 	 2.008707e-03 	 119.9373 	  1.3050 	 1.214431e+20 	 1.636051e+18 	 7.888598e-07 	 1.903184e-07 	 -1000.0000 	 -1000.0000 	 -1000.0000 	 -1000.0000 
	 60.5250 	 1.965367e-03 	 120.1520 	  1.3021 	 1.186130e+20 	 1.596167e+18 	 7.828784e-07 	 1.911641e-07 	 -1000.0000 	 -1000.0000 	 -1000.0000 	 -1000.0000 
	 60.6640 	 1.923346e-03 	 120.3976 	  1.2981 	 1.158408e+20 	 1.555846e+18 	 7.776426e-07 	 1.921440e-07 	 -1000.0000 	 -1000.0000 	 -1000.0000 	 -1000.0000 
	 60.8030 	 1.882313e-03 	 120.6754 	  1.2931 	 1.131075e+20 	 1.515001e+18 	 7.730760e-07 	 1.932626e-07 	 -1000.0000 	 -1000.0000 	 -1000.0000 	 -1000.0000 
	 62.3900 	 1.478344e-03 	 125.9929 	  1.2078 	 8.508262e+19 	 1.071572e+18 	 7.586836e-07 	 2.155618e-07 	 -1000.0000 	 -1000.0000 	 -1000.0000 	 -1000.0000 
	 62.5280 	 1.448341e-03 	 126.6197 	  1.2003 	 8.295052e+19 	 1.038843e+18 	 7.599215e-07 	 2.182745e-07 	 -1000.0000 	 -1000.0000 	 -1000.0000 	 -1000.0000 
	 62.6670 	 1.418872e-03 	 127.2701 	  1.1929 	 8.085374e+19 	 1.006963e+18 	 7.614612e-07 	 2.211136e-07 	 -1000.0000 	 -1000.0000 	 -1000.0000 	 -1000.0000 
	 62.8060 	 1.390139e-03 	 127.9375 	  1.1856 	 7.880789e+19 	 9.761506e+17 	 7.632723e-07 	 2.240549e-07 	 -1000.0000 	 -1000.0000 	 -1000.0000 	 -1000.0000 
	 62.9450 	 1.362125e-03 	 128.6199 	  1.1784 	 7.681295e+19 	 9.463830e+17 	 7.653321e-07 	 2.270930e-07 	 -1000.0000 	 -1000.0000 	 -1000.0000 	 -1000.0000 
	 64.5400 	 1.086481e-03 	 136.8406 	  1.1079 	 5.754649e+19 	 6.722957e+17 	 7.996332e-07 	 2.672465e-07 	 -1000.0000 	 -1000.0000 	 -1000.0000 	 -1000.0000 
	 64.6780 	 1.066123e-03 	 137.5328 	  1.1028 	 5.618280e+19 	 6.537604e+17 	 8.030053e-07 	 2.710572e-07 	 -1000.0000 	 -1000.0000 	 -1000.0000 	 -1000.0000 
	 64.8170 	 1.046108e-03 	 138.2205 	  1.0977 	 5.485341e+19 	 6.358095e+17 	 8.064181e-07 	 2.749375e-07 	 -1000.0000 	 -1000.0000 	 -1000.0000 	 -1000.0000 
	 64.9560 	 1.026572e-03 	 138.8973 	  1.0928 	 5.356699e+19 	 6.185532e+17 	 8.098402e-07 	 2.788581e-07 	 -1000.0000 	 -1000.0000 	 -1000.0000 	 -1000.0000 
	 65.0950 	 1.007498e-03 	 139.5620 	  1.0879 	 5.232216e+19 	 6.019645e+17 	 8.132647e-07 	 2.828172e-07 	 -1000.0000 	 -1000.0000 	 -1000.0000 	 -1000.0000 
	 66.6730 	 8.186963e-04 	 145.8874 	  1.0357 	 4.067878e+19 	 4.521998e+17 	 8.500734e-07 	 3.298235e-07 	 -1000.0000 	 -1000.0000 	 -1000.0000 	 -1000.0000 
	 66.8110 	 8.042507e-04 	 146.3107 	  1.0312 	 3.984392e+19 	 4.418362e+17 	 8.528652e-07 	 3.340246e-07 	 -1000.0000 	 -1000.0000 	 -1000.0000 	 -1000.0000 
	 66.9500 	 7.899958e-04 	 146.7156 	  1.0267 	 3.902840e+19 	 4.317682e+17 	 8.555498e-07 	 3.382442e-07 	 -1000.0000 	 -1000.0000 	 -1000.0000 	 -1000.0000 
	 67.0880 	 7.761297e-04 	 147.0964 	  1.0224 	 3.824308e+19 	 4.221275e+17 	 8.580738e-07 	 3.424141e-07 	 -1000.0000 	 -1000.0000 	 -1000.0000 	 -1000.0000 
	 67.2270 	 7.624443e-04 	 147.4589 	  1.0180 	 3.747571e+19 	 4.127614e+17 	 8.604586e-07 	 3.465876e-07 	 -1000.0000 	 -1000.0000 	 -1000.0000 	 -1000.0000 
	 68.8100 	 6.242787e-04 	 150.1761 	  0.9778 	 3.013939e+19 	 3.263554e+17 	 8.719679e-07 	 3.899894e-07 	 -1000.0000 	 -1000.0000 	 -1000.0000 	 -1000.0000 
	 68.9480 	 6.135940e-04 	 150.2901 	  0.9752 	 2.960170e+19 	 3.202696e+17 	 8.714196e-07 	 3.933004e-07 	 -1000.0000 	 -1000.0000 	 -1000.0000 	 -1000.0000 
	 69.0850 	 6.031778e-04 	 150.3817 	  0.9729 	 2.908197e+19 	 3.144208e+17 	 8.706697e-07 	 3.965225e-07 	 -1000.0000 	 -1000.0000 	 -1000.0000 	 -1000.0000 
	 69.2220 	 5.929472e-04 	 150.4508 	  0.9706 	 2.857589e+19 	 3.087579e+17 	 8.697319e-07 	 3.996853e-07 	 -1000.0000 	 -1000.0000 	 -1000.0000 	 -1000.0000 
	 69.3600 	 5.828245e-04 	 150.4970 	  0.9683 	 2.807959e+19 	 3.032348e+17 	 8.686143e-07 	 4.028168e-07 	 -1000.0000 	 -1000.0000 	 -1000.0000 	 -1000.0000 
	 70.9330 	 4.788157e-04 	 149.1457 	  0.9441 	 2.326805e+19 	 2.510617e+17 	 8.489639e-07 	 4.363717e-07 	 -1000.0000 	 -1000.0000 	 -1000.0000 	 -1000.0000 
	 71.0710 	 4.705697e-04 	 148.8626 	  0.9419 	 2.290953e+19 	 2.472577e+17 	 8.470124e-07 	 4.392588e-07 	 -1000.0000 	 -1000.0000 	 -1000.0000 	 -1000.0000 
	 71.2080 	 4.625110e-04 	 148.5620 	  0.9397 	 2.256175e+19 	 2.435804e+17 	 8.450680e-07 	 4.421300e-07 	 -1000.0000 	 -1000.0000 	 -1000.0000 	 -1000.0000 
	 71.3450 	 4.545773e-04 	 148.2442 	  0.9376 	 2.222160e+19 	 2.399968e+17 	 8.431195e-07 	 4.450086e-07 	 -1000.0000 	 -1000.0000 	 -1000.0000 	 -1000.0000 
	 71.4820 	 4.467666e-04 	 147.9115 	  0.9356 	 2.188859e+19 	 2.365018e+17 	 8.411700e-07 	 4.478970e-07 	 -1000.0000 	 -1000.0000 	 -1000.0000 	 -1000.0000 
	 73.0570 	 3.651417e-04 	 143.7190 	  0.9243 	 1.842179e+19 	 2.011121e+17 	 8.196032e-07 	 4.825410e-07 	 -1000.0000 	 -1000.0000 	 -1000.0000 	 -1000.0000 
	 73.1940 	 3.586992e-04 	 143.3658 	  0.9248 	 1.814189e+19 	 1.983449e+17 	 8.178533e-07 	 4.857284e-07 	 -1000.0000 	 -1000.0000 	 -1000.0000 	 -1000.0000 
	 73.3300 	 3.524009e-04 	 143.0177 	  0.9255 	 1.786707e+19 	 1.956416e+17 	 8.161349e-07 	 4.889225e-07 	 -1000.0000 	 -1000.0000 	 -1000.0000 	 -1000.0000 
	 73.4670 	 3.461530e-04 	 142.6690 	  0.9265 	 1.759335e+19 	 1.929623e+17 	 8.144214e-07 	 4.921700e-07 	 -1000.0000 	 -1000.0000 	 -1000.0000 	 -1000.0000 
	 73.6030 	 3.400453e-04 	 142.3242 	  0.9276 	 1.732477e+19 	 1.903462e+17 	 8.127365e-07 	 4.954236e-07 	 -1000.0000 	 -1000.0000 	 -1000.0000 	 -1000.0000 
	 75.1700 	 2.760475e-04 	 138.2809 	  0.9564 	 1.447059e+19 	 1.633301e+17 	 7.940662e-07 	 5.350392e-07 	 -1000.0000 	 -1000.0000 	 -1000.0000 	 -1000.0000 
	 75.3070 	 2.709757e-04 	 137.9105 	  0.9600 	 1.424271e+19 	 1.612292e+17 	 7.924858e-07 	 5.387045e-07 	 -1000.0000 	 -1000.0000 	 -1000.0000 	 -1000.0000 
	 75.4430 	 2.660197e-04 	 137.5398 	  0.9638 	 1.401982e+19 	 1.591792e+17 	 7.909309e-07 	 5.423833e-07 	 -1000.0000 	 -1000.0000 	 -1000.0000 	 -1000.0000 
	 75.5790 	 2.611414e-04 	 137.1663 	  0.9675 	 1.380017e+19 	 1.571629e+17 	 7.893920e-07 	 5.461047e-07 	 -1000.0000 	 -1000.0000 	 -1000.0000 	 -1000.0000 
	 75.7150 	 2.563399e-04 	 136.7902 	  0.9714 	 1.358372e+19 	 1.551786e+17 	 7.878714e-07 	 5.498710e-07 	 -1000.0000 	 -1000.0000 	 -1000.0000 	 -1000.0000 
	 77.2900 	 2.060426e-04 	 132.2826 	  1.0150 	 1.129179e+19 	 1.339548e+17 	 7.723137e-07 	 5.975971e-07 	 -1000.0000 	 -1000.0000 	 -1000.0000 	 -1000.0000 
	 77.4270 	 2.021036e-04 	 131.8819 	  1.0183 	 1.110958e+19 	 1.322241e+17 	 7.712166e-07 	 6.022003e-07 	 -1000.0000 	 -1000.0000 	 -1000.0000 	 -1000.0000 
	 77.5630 	 1.982579e-04 	 131.4837 	  1.0216 	 1.093117e+19 	 1.305225e+17 	 7.701853e-07 	 6.068638e-07 	 -1000.0000 	 -1000.0000 	 -1000.0000 	 -1000.0000 
	 77.6990 	 1.944756e-04 	 131.0856 	  1.0248 	 1.075518e+19 	 1.288374e+17 	 7.692159e-07 	 6.116267e-07 	 -1000.0000 	 -1000.0000 	 -1000.0000 	 -1000.0000 
	 77.8350 	 1.907555e-04 	 130.6876 	  1.0280 	 1.058155e+19 	 1.271688e+17 	 7.683127e-07 	 6.164949e-07 	 -1000.0000 	 -1000.0000 	 -1000.0000 	 -1000.0000 
	 79.3940 	 1.522401e-04 	 126.2234 	  1.0658 	 8.743663e+18 	 1.092490e+17 	 7.639787e-07 	 6.815744e-07 	 -1000.0000 	 -1000.0000 	 -1000.0000 	 -1000.0000 
	 79.5300 	 1.492155e-04 	 125.8485 	  1.0695 	 8.595506e+18 	 1.077942e+17 	 7.641510e-07 	 6.881331e-07 	 -1000.0000 	 -1000.0000 	 -1000.0000 	 -1000.0000 
	 79.6650 	 1.462636e-04 	 125.4790 	  1.0733 	 8.450288e+18 	 1.063681e+17 	 7.643836e-07 	 6.947673e-07 	 -1000.0000 	 -1000.0000 	 -1000.0000 	 -1000.0000 
	 79.8010 	 1.433401e-04 	 125.1096 	  1.0773 	 8.305852e+18 	 1.049499e+17 	 7.646706e-07 	 7.015683e-07 	 -1000.0000 	 -1000.0000 	 -1000.0000 	 -1000.0000 
	 79.9370 	 1.404666e-04 	 124.7432 	  1.0814 	 8.163272e+18 	 1.035504e+17 	 7.650014e-07 	 7.084806e-07 	 -1000.0000 	 -1000.0000 	 -1000.0000 	 -1000.0000 
	 81.5010 	 1.108514e-04 	 120.7581 	  1.1423 	 6.654573e+18 	 8.885731e+16 	 7.692276e-07 	 7.941066e-07 	 -1000.0000 	 -1000.0000 	 -1000.0000 	 -1000.0000 
	 81.6360 	 1.085763e-04 	 120.4392 	  1.1489 	 6.535239e+18 	 8.770331e+16 	 7.696204e-07 	 8.021620e-07 	 -1000.0000 	 -1000.0000 	 -1000.0000 	 -1000.0000 
	 81.7710 	 1.063434e-04 	 120.1263 	  1.1555 	 6.417505e+18 	 8.656238e+16 	 7.700949e-07 	 8.104474e-07 	 -1000.0000 	 -1000.0000 	 -1000.0000 	 -1000.0000 
	 81.9050 	 1.041680e-04 	 119.8223 	  1.1622 	 6.302190e+18 	 8.544124e+16 	 7.706724e-07 	 8.189375e-07 	 -1000.0000 	 -1000.0000 	 -1000.0000 	 -1000.0000 
	 82.0400 	 1.020173e-04 	 119.5232 	  1.1691 	 6.187536e+18 	 8.432157e+16 	 7.713877e-07 	 8.277982e-07 	 -1000.0000 	 -1000.0000 	 -1000.0000 	 -1000.0000 
	 83.5940 	 8.001732e-05 	 116.7928 	  1.2466 	 4.966195e+18 	 7.164198e+16 	 7.970139e-07 	 9.637987e-07 	 -1000.0000 	 -1000.0000 	 -1000.0000 	 -1000.0000 
	 83.7290 	 7.833020e-05 	 116.6352 	  1.2526 	 4.867868e+18 	 7.052644e+16 	 8.008360e-07 	 9.788176e-07 	 -1000.0000 	 -1000.0000 	 -1000.0000 	 -1000.0000 
	 83.8630 	 7.668894e-05 	 116.4945 	  1.2584 	 4.771453e+18 	 6.941581e+16 	 8.046927e-07 	 9.940043e-07 	 -1000.0000 	 -1000.0000 	 -1000.0000 	 -1000.0000 
	 83.9980 	 7.506862e-05 	 116.3693 	  1.2641 	 4.675511e+18 	 6.829371e+16 	 8.085758e-07 	 1.009504e-06 	 -1000.0000 	 -1000.0000 	 -1000.0000 	 -1000.0000 
	 84.1320 	 7.349283e-05 	 116.2622 	  1.2696 	 4.581461e+18 	 6.717698e+16 	 8.123626e-07 	 1.025006e-06 	 -1000.0000 	 -1000.0000 	 -1000.0000 	 -1000.0000 
	 85.6940 	 5.737645e-05 	 116.4996 	  1.3165 	 3.571873e+18 	 5.402107e+16 	 8.302446e-07 	 1.187548e-06 	 -1000.0000 	 -1000.0000 	 -1000.0000 	 -1000.0000 
	 85.8290 	 5.616583e-05 	 116.6522 	  1.3189 	 3.492307e+18 	 5.288763e+16 	 8.280455e-07 	 1.197922e-06 	 -1000.0000 	 -1000.0000 	 -1000.0000 	 -1000.0000 
	 85.9630 	 5.499072e-05 	 116.8197 	  1.3210 	 3.414640e+18 	 5.176864e+16 	 8.251689e-07 	 1.207382e-06 	 -1000.0000 	 -1000.0000 	 -1000.0000 	 -1000.0000 
	 86.0980 	 5.383308e-05 	 117.0028 	  1.3229 	 3.337743e+18 	 5.064897e+16 	 8.215632e-07 	 1.216021e-06 	 -1000.0000 	 -1000.0000 	 -1000.0000 	 -1000.0000 
	 86.2320 	 5.270957e-05 	 117.1970 	  1.3245 	 3.262785e+18 	 4.954678e+16 	 8.172735e-07 	 1.223662e-06 	 -1000.0000 	 -1000.0000 	 -1000.0000 	 -1000.0000 
	 87.7880 	 4.136671e-05 	 119.8268 	  1.3244 	 2.501547e+18 	 3.791715e+16 	 7.130166e-07 	 1.228103e-06 	 -1000.0000 	 -1000.0000 	 -1000.0000 	 -1000.0000 
	 87.9220 	 4.052306e-05 	 120.0534 	  1.3230 	 2.445707e+18 	 3.704639e+16 	 6.992780e-07 	 1.219762e-06 	 -1000.0000 	 -1000.0000 	 -1000.0000 	 -1000.0000 
	 88.0560 	 3.969854e-05 	 120.2800 	  1.3215 	 2.391290e+18 	 3.619666e+16 	 6.848260e-07 	 1.209780e-06 	 -1000.0000 	 -1000.0000 	 -1000.0000 	 -1000.0000 
	 88.1900 	 3.889271e-05 	 120.5071 	  1.3199 	 2.338251e+18 	 3.536751e+16 	 6.696758e-07 	 1.198095e-06 	 -1000.0000 	 -1000.0000 	 -1000.0000 	 -1000.0000 
	 88.3240 	 3.810516e-05 	 120.7354 	  1.3183 	 2.286545e+18 	 3.455850e+16 	 6.538426e-07 	 1.184649e-06 	 -1000.0000 	 -1000.0000 	 -1000.0000 	 -1000.0000 
	 89.8610 	 3.024348e-05 	 123.6096 	  1.3028 	 1.774461e+18 	 2.657544e+16 	 4.294414e-07 	 8.889991e-07 	 -1000.0000 	 -1000.0000 	 -1000.0000 	 -1000.0000 
	 89.9950 	 2.964923e-05 	 123.8883 	  1.3022 	 1.735842e+18 	 2.598071e+16 	 4.076477e-07 	 8.527456e-07 	 -1000.0000 	 -1000.0000 	 -1000.0000 	 -1000.0000 
	 90.1280 	 2.907239e-05 	 124.1672 	  1.3017 	 1.698375e+18 	 2.540488e+16 	 3.862348e-07 	 8.164902e-07 	 -1000.0000 	 -1000.0000 	 -1000.0000 	 -1000.0000 
	 90.2620 	 2.850400e-05 	 124.4496 	  1.3012 	 1.661483e+18 	 2.483893e+16 	 3.650470e-07 	 7.801251e-07 	 -1000.0000 	 -1000.0000 	 -1000.0000 	 -1000.0000 
	 90.3960 	 2.794815e-05 	 124.7325 	  1.3008 	 1.625441e+18 	 2.428693e+16 	 3.444139e-07 	 7.443626e-07 	 -1000.0000 	 -1000.0000 	 -1000.0000 	 -1000.0000 
	 91.9440 	 2.233812e-05 	 127.7786 	  1.2926 	 1.266427e+18 	 1.881214e+16 	 1.985943e-07 	 5.129414e-07 	 -1000.0000 	 -1000.0000 	 -1000.0000 	 -1000.0000 
	 92.0780 	 2.191514e-05 	 128.0223 	  1.2915 	 1.239862e+18 	 1.840714e+16 	 1.963764e-07 	 5.154427e-07 	 -1000.0000 	 -1000.0000 	 -1000.0000 	 -1000.0000 
	 92.2110 	 2.150427e-05 	 128.2684 	  1.2905 	 1.214102e+18 	 1.801468e+16 	 1.954523e-07 	 5.207659e-07 	 -1000.0000 	 -1000.0000 	 -1000.0000 	 -1000.0000 
	 92.3440 	 2.110217e-05 	 128.5213 	  1.2897 	 1.188921e+18 	 1.763141e+16 	 1.956362e-07 	 5.285586e-07 	 -1000.0000 	 -1000.0000 	 -1000.0000 	 -1000.0000 
	 92.4770 	 2.070866e-05 	 128.7834 	  1.2890 	 1.164293e+18 	 1.725705e+16 	 1.967641e-07 	 5.384610e-07 	 -1000.0000 	 -1000.0000 	 -1000.0000 	 -1000.0000 
	 94.0110 	 1.673713e-05 	 133.2428 	  1.3106 	 9.117989e+17 	 1.349294e+16 	 2.259639e-07 	 6.911549e-07 	 -1000.0000 	 -1000.0000 	 -1000.0000 	 -1000.0000 
