	 height_(km) 	 press_(mbar) 	 temp_(K) 	 temperr_(K) 	 numdens_(m-3) 	 numdenserr_(m-3) 	 H2Ovmr_() 	 H2Ovmrerr_() 	 D/H_(VSMOW) 	 D/Herr_(VSMOW) 	 18O/16O_(VSMOW) 	 18O/16Oerr_(VSMOW) 
	 15.1190 	 1.501574e+00 	 228.8170 	  4.3921 	 4.757516e+22 	 9.238607e+20 	 1.430734e-04 	 1.046811e-05 	  4.0922 	  0.9438 	  0.8687 	  0.1904 
	 15.2640 	 1.483074e+00 	 228.5386 	  4.2854 	 4.704511e+22 	 8.939064e+20 	 1.408351e-04 	 1.034306e-05 	  4.0802 	  0.9013 	  0.8614 	  0.1823 
	 15.4090 	 1.464805e+00 	 228.2645 	  4.1837 	 4.652058e+22 	 8.651190e+20 	 1.388476e-04 	 1.020857e-05 	  4.0728 	  0.8665 	  0.8564 	  0.1756 
	 15.9520 	 1.398367e+00 	 227.2684 	  3.8368 	 4.460420e+22 	 7.659822e+20 	 1.327461e-04 	 9.617525e-06 	  4.0785 	  0.7860 	  0.8537 	  0.1594 
	 16.0970 	 1.381131e+00 	 227.0086 	  3.7501 	 4.410493e+22 	 7.413698e+20 	 1.313472e-04 	 9.438693e-06 	  4.0875 	  0.7738 	  0.8564 	  0.1567 
	 16.2410 	 1.364217e+00 	 226.7524 	  3.6654 	 4.361416e+22 	 7.175143e+20 	 1.300310e-04 	 9.254397e-06 	  4.0991 	  0.7642 	  0.8602 	  0.1544 
	 16.3860 	 1.347384e+00 	 226.4958 	  3.5807 	 4.312502e+22 	 6.939849e+20 	 1.287751e-04 	 9.063452e-06 	  4.1130 	  0.7565 	  0.8649 	  0.1524 
	 16.5310 	 1.330746e+00 	 226.2401 	  3.4960 	 4.264085e+22 	 6.708495e+20 	 1.275850e-04 	 8.868472e-06 	  4.1289 	  0.7503 	  0.8703 	  0.1507 
	 17.0920 	 1.268126e+00 	 225.2517 	  3.1561 	 4.081319e+22 	 5.832089e+20 	 1.234669e-04 	 8.094968e-06 	  4.2047 	  0.7308 	  0.8945 	  0.1444 
	 17.2370 	 1.252370e+00 	 224.9945 	  3.0620 	 4.035224e+22 	 5.605642e+20 	 1.224659e-04 	 7.892232e-06 	  4.2267 	  0.7248 	  0.9007 	  0.1424 
	 17.3810 	 1.236889e+00 	 224.7374 	  2.9647 	 3.989898e+22 	 5.378855e+20 	 1.214585e-04 	 7.689050e-06 	  4.2491 	  0.7176 	  0.9064 	  0.1401 
	 17.5260 	 1.221463e+00 	 224.4766 	  2.8623 	 3.944704e+22 	 5.147586e+20 	 1.204040e-04 	 7.481787e-06 	  4.2718 	  0.7087 	  0.9115 	  0.1374 
	 17.6710 	 1.206195e+00 	 224.2133 	  2.7547 	 3.899952e+22 	 4.912403e+20 	 1.192840e-04 	 7.273002e-06 	  4.2943 	  0.6988 	  0.9156 	  0.1343 
	 18.2150 	 1.150321e+00 	 223.2213 	  2.3131 	 3.735751e+22 	 4.007718e+20 	 1.145621e-04 	 6.497225e-06 	  4.3733 	  0.6596 	  0.9215 	  0.1205 
	 18.3600 	 1.135828e+00 	 222.9688 	  2.1938 	 3.692864e+22 	 3.773823e+20 	 1.133389e-04 	 6.297856e-06 	  4.3918 	  0.6501 	  0.9203 	  0.1179 
	 18.5040 	 1.121615e+00 	 222.7288 	  2.0786 	 3.650593e+22 	 3.550636e+20 	 1.122345e-04 	 6.107601e-06 	  4.4087 	  0.6415 	  0.9179 	  0.1158 
	 18.6480 	 1.107585e+00 	 222.5027 	  1.9686 	 3.608618e+22 	 3.339662e+20 	 1.112949e-04 	 5.930394e-06 	  4.4245 	  0.6346 	  0.9144 	  0.1140 
	 18.7930 	 1.093651e+00 	 222.2921 	  1.8652 	 3.566626e+22 	 3.142744e+20 	 1.105443e-04 	 5.762902e-06 	  4.4397 	  0.6288 	  0.9098 	  0.1124 
	 19.3450 	 1.042367e+00 	 221.6585 	  1.5587 	 3.409167e+22 	 2.561278e+20 	 1.096478e-04 	 5.202844e-06 	  4.4920 	  0.6089 	  0.8872 	  0.1072 
	 19.4900 	 1.029314e+00 	 221.5242 	  1.5003 	 3.368511e+22 	 2.448776e+20 	 1.099023e-04 	 5.083729e-06 	  4.5041 	  0.6011 	  0.8808 	  0.1062 
	 19.6340 	 1.016503e+00 	 221.3981 	  1.4506 	 3.328464e+22 	 2.351316e+20 	 1.103252e-04 	 4.978805e-06 	  4.5155 	  0.5912 	  0.8746 	  0.1053 
	 19.7780 	 1.003833e+00 	 221.2763 	  1.4090 	 3.288765e+22 	 2.266888e+20 	 1.108982e-04 	 4.890824e-06 	  4.5264 	  0.5791 	  0.8689 	  0.1045 
	 19.9230 	 9.912055e-01 	 221.1548 	  1.3748 	 3.249159e+22 	 2.193847e+20 	 1.116207e-04 	 4.829202e-06 	  4.5366 	  0.5650 	  0.8637 	  0.1040 
	 20.4790 	 9.439250e-01 	 220.6504 	  1.3013 	 3.101249e+22 	 1.999179e+20 	 1.154205e-04 	 4.949380e-06 	  4.5674 	  0.5074 	  0.8497 	  0.1037 
	 20.6230 	 9.319917e-01 	 220.4988 	  1.2910 	 3.064152e+22 	 1.962655e+20 	 1.164758e-04 	 5.054934e-06 	  4.5744 	  0.4967 	  0.8475 	  0.1037 
	 20.7670 	 9.201965e-01 	 220.3340 	  1.2816 	 3.027635e+22 	 1.928379e+20 	 1.174668e-04 	 5.175989e-06 	  4.5813 	  0.4889 	  0.8459 	  0.1037 
	 20.9100 	 9.086250e-01 	 220.1553 	  1.2717 	 2.991986e+22 	 1.894813e+20 	 1.183492e-04 	 5.306017e-06 	  4.5878 	  0.4840 	  0.8448 	  0.1036 
	 21.0540 	 8.971204e-01 	 219.9578 	  1.2598 	 2.956747e+22 	 1.859724e+20 	 1.191036e-04 	 5.444692e-06 	  4.5941 	  0.4824 	  0.8442 	  0.1036 
	 21.5990 	 8.549356e-01 	 219.0434 	  1.1898 	 2.829446e+22 	 1.704599e+20 	 1.205160e-04 	 5.973510e-06 	  4.6216 	  0.5093 	  0.8448 	  0.1062 
	 21.7430 	 8.441270e-01 	 218.7660 	  1.1683 	 2.797218e+22 	 1.661671e+20 	 1.206267e-04 	 6.095329e-06 	  4.6300 	  0.5228 	  0.8454 	  0.1077 
	 21.8870 	 8.334492e-01 	 218.4778 	  1.1474 	 2.765485e+22 	 1.619998e+20 	 1.207075e-04 	 6.205356e-06 	  4.6388 	  0.5375 	  0.8460 	  0.1093 
	 22.0300 	 8.229698e-01 	 218.1830 	  1.1282 	 2.734412e+22 	 1.580917e+20 	 1.208010e-04 	 6.301544e-06 	  4.6483 	  0.5526 	  0.8466 	  0.1110 
	 22.1740 	 8.125369e-01 	 217.8796 	  1.1114 	 2.703517e+22 	 1.544945e+20 	 1.209490e-04 	 6.382893e-06 	  4.6593 	  0.5671 	  0.8474 	  0.1126 
	 22.7290 	 7.733905e-01 	 216.6825 	  1.0760 	 2.587490e+22 	 1.444372e+20 	 1.222234e-04 	 6.554670e-06 	  4.7177 	  0.6125 	  0.8557 	  0.1168 
	 22.8730 	 7.635068e-01 	 216.3716 	  1.0721 	 2.558092e+22 	 1.425203e+20 	 1.225676e-04 	 6.572007e-06 	  4.7388 	  0.6197 	  0.8602 	  0.1176 
	 23.0170 	 7.537353e-01 	 216.0632 	  1.0691 	 2.528957e+22 	 1.407365e+20 	 1.228271e-04 	 6.581399e-06 	  4.7629 	  0.6255 	  0.8660 	  0.1184 
	 23.1600 	 7.441426e-01 	 215.7609 	  1.0664 	 2.500268e+22 	 1.390198e+20 	 1.229587e-04 	 6.584986e-06 	  4.7897 	  0.6303 	  0.8732 	  0.1192 
	 23.3040 	 7.345943e-01 	 215.4618 	  1.0632 	 2.471610e+22 	 1.372685e+20 	 1.229293e-04 	 6.586349e-06 	  4.8187 	  0.6350 	  0.8818 	  0.1203 
	 23.8420 	 6.999036e-01 	 214.4197 	  1.0428 	 2.366315e+22 	 1.298729e+20 	 1.212758e-04 	 6.587224e-06 	  4.9328 	  0.6521 	  0.9238 	  0.1260 
	 23.9860 	 6.908781e-01 	 214.1700 	  1.0354 	 2.338523e+22 	 1.277091e+20 	 1.205363e-04 	 6.577557e-06 	  4.9622 	  0.6530 	  0.9369 	  0.1273 
	 24.1290 	 6.820223e-01 	 213.9382 	  1.0275 	 2.311052e+22 	 1.255143e+20 	 1.197327e-04 	 6.559265e-06 	  4.9898 	  0.6508 	  0.9503 	  0.1280 
	 24.2730 	 6.732117e-01 	 213.7230 	  1.0191 	 2.283499e+22 	 1.232740e+20 	 1.188834e-04 	 6.529815e-06 	  5.0156 	  0.6451 	  0.9638 	  0.1280 
	 24.4160 	 6.645677e-01 	 213.5294 	  1.0105 	 2.256228e+22 	 1.210355e+20 	 1.180254e-04 	 6.486534e-06 	  5.0389 	  0.6352 	  0.9772 	  0.1273 
	 24.9720 	 6.319462e-01 	 212.9818 	  0.9762 	 2.150991e+22 	 1.124229e+20 	 1.147824e-04 	 6.141015e-06 	  5.1085 	  0.5611 	  1.0232 	  0.1169 
	 25.1160 	 6.237510e-01 	 212.8885 	  0.9673 	 2.124023e+22 	 1.102453e+20 	 1.139681e-04 	 5.999973e-06 	  5.1213 	  0.5358 	  1.0326 	  0.1128 
	 25.2590 	 6.157148e-01 	 212.8130 	  0.9585 	 2.097399e+22 	 1.081144e+20 	 1.131696e-04 	 5.835036e-06 	  5.1324 	  0.5093 	  1.0404 	  0.1084 
	 25.4030 	 6.077250e-01 	 212.7530 	  0.9498 	 2.070766e+22 	 1.060057e+20 	 1.123721e-04 	 5.639477e-06 	  5.1425 	  0.4815 	  1.0468 	  0.1037 
	 25.5460 	 5.998918e-01 	 212.7082 	  0.9413 	 2.044516e+22 	 1.039536e+20 	 1.115851e-04 	 5.410392e-06 	  5.1522 	  0.4531 	  1.0516 	  0.0989 
	 26.0960 	 5.706862e-01 	 212.6100 	  0.9124 	 1.945965e+22 	 9.664688e+19 	 1.094025e-04 	 4.279159e-06 	  5.1913 	  0.3543 	  1.0562 	  0.0847 
	 26.2390 	 5.633247e-01 	 212.5739 	  0.9070 	 1.921193e+22 	 9.498608e+19 	 1.100765e-04 	 4.287285e-06 	  5.2031 	  0.3525 	  1.0544 	  0.0857 
	 26.3820 	 5.560555e-01 	 212.5202 	  0.9030 	 1.896869e+22 	 9.346197e+19 	 1.109036e-04 	 4.303193e-06 	  5.2155 	  0.3509 	  1.0516 	  0.0868 
	 26.5250 	 5.488769e-01 	 212.4422 	  0.9006 	 1.873043e+22 	 9.209409e+19 	 1.118958e-04 	 4.327757e-06 	  5.2277 	  0.3495 	  1.0478 	  0.0878 
	 26.6680 	 5.417870e-01 	 212.3330 	  0.9001 	 1.849765e+22 	 9.090199e+19 	 1.130627e-04 	 4.361278e-06 	  5.2391 	  0.3577 	  1.0433 	  0.0886 
	 27.2090 	 5.157428e-01 	 211.6199 	  0.9142 	 1.766690e+22 	 8.785351e+19 	 1.198840e-04 	 4.988381e-06 	  5.2578 	  0.4106 	  1.0201 	  0.0931 
	 27.3520 	 5.090597e-01 	 211.3810 	  0.9195 	 1.745774e+22 	 8.724177e+19 	 1.220866e-04 	 5.147364e-06 	  5.2506 	  0.4152 	  1.0121 	  0.0935 
	 27.4940 	 5.025048e-01 	 211.1369 	  0.9243 	 1.725304e+22 	 8.662546e+19 	 1.243398e-04 	 5.228593e-06 	  5.2367 	  0.4104 	  1.0035 	  0.0928 
	 27.6370 	 4.959846e-01 	 210.8916 	  0.9281 	 1.704925e+22 	 8.594937e+19 	 1.266913e-04 	 5.240362e-06 	  5.2162 	  0.3973 	  0.9943 	  0.0911 
	 27.7800 	 4.895448e-01 	 210.6539 	  0.9301 	 1.684711e+22 	 8.517096e+19 	 1.291156e-04 	 5.183649e-06 	  5.1902 	  0.3769 	  0.9850 	  0.0886 
	 28.3290 	 4.655471e-01 	 209.9030 	  0.9268 	 1.607862e+22 	 8.141518e+19 	 1.387328e-04 	 5.040730e-06 	  5.0724 	  0.3140 	  0.9573 	  0.0798 
	 28.4720 	 4.594791e-01 	 209.7577 	  0.9299 	 1.587995e+22 	 8.064315e+19 	 1.408678e-04 	 5.090874e-06 	  5.0478 	  0.3111 	  0.9546 	  0.0784 
	 28.6140 	 4.535256e-01 	 209.6364 	  0.9378 	 1.568320e+22 	 8.015033e+19 	 1.425775e-04 	 5.137854e-06 	  5.0302 	  0.3094 	  0.9547 	  0.0775 
	 28.7570 	 4.476014e-01 	 209.5386 	  0.9522 	 1.548557e+22 	 8.002777e+19 	 1.438035e-04 	 5.182514e-06 	  5.0208 	  0.3090 	  0.9577 	  0.0769 
	 28.9000 	 4.417473e-01 	 209.4664 	  0.9747 	 1.528838e+22 	 8.037855e+19 	 1.444754e-04 	 5.224527e-06 	  5.0206 	  0.3101 	  0.9639 	  0.0769 
	 29.4390 	 4.203033e-01 	 209.3783 	  1.1266 	 1.455298e+22 	 8.561428e+19 	 1.421723e-04 	 5.343661e-06 	  5.1038 	  0.3256 	  1.0140 	  0.0817 
	 29.5820 	 4.147816e-01 	 209.3686 	  1.1714 	 1.436245e+22 	 8.726893e+19 	 1.413802e-04 	 5.745710e-06 	  5.1460 	  0.3487 	  1.0338 	  0.0865 
	 29.7240 	 4.093695e-01 	 209.3488 	  1.2116 	 1.417627e+22 	 8.866094e+19 	 1.407526e-04 	 6.221099e-06 	  5.1941 	  0.3792 	  1.0557 	  0.0928 
	 29.8670 	 4.039915e-01 	 209.3103 	  1.2445 	 1.399241e+22 	 8.962089e+19 	 1.399766e-04 	 6.567790e-06 	  5.2459 	  0.4070 	  1.0794 	  0.0988 
	 30.0100 	 3.986867e-01 	 209.2448 	  1.2665 	 1.381279e+22 	 8.994774e+19 	 1.391889e-04 	 6.804273e-06 	  5.2977 	  0.4309 	  1.1038 	  0.1043 
	 30.5560 	 3.790936e-01 	 208.6636 	  1.2345 	 1.317046e+22 	 8.442094e+19 	 1.380210e-04 	 7.128554e-06 	  5.4430 	  0.4864 	  1.1861 	  0.1178 
	 30.6980 	 3.741579e-01 	 208.4283 	  1.2059 	 1.301376e+22 	 8.182944e+19 	 1.384476e-04 	 7.182828e-06 	  5.4544 	  0.4954 	  1.1995 	  0.1199 
	 30.8400 	 3.692826e-01 	 208.1604 	  1.1742 	 1.286081e+22 	 7.906801e+19 	 1.391594e-04 	 7.251514e-06 	  5.4514 	  0.5032 	  1.2078 	  0.1214 
	 30.9810 	 3.644986e-01 	 207.8635 	  1.1420 	 1.271237e+22 	 7.631332e+19 	 1.400401e-04 	 7.333854e-06 	  5.4353 	  0.5097 	  1.2109 	  0.1225 
	 31.1230 	 3.597354e-01 	 207.5344 	  1.1116 	 1.256606e+22 	 7.368282e+19 	 1.409266e-04 	 7.422165e-06 	  5.4082 	  0.5143 	  1.2093 	  0.1229 
	 31.6660 	 3.419961e-01 	 206.0400 	  1.0382 	 1.203170e+22 	 6.641316e+19 	 1.424788e-04 	 7.722200e-06 	  5.2485 	  0.5092 	  1.1736 	  0.1188 
	 31.8080 	 3.374802e-01 	 205.6058 	  1.0288 	 1.189749e+22 	 6.515755e+19 	 1.423765e-04 	 7.774449e-06 	  5.2044 	  0.5030 	  1.1607 	  0.1166 
	 31.9500 	 3.330154e-01 	 205.1616 	  1.0223 	 1.176515e+22 	 6.410449e+19 	 1.420792e-04 	 7.802359e-06 	  5.1639 	  0.4950 	  1.1480 	  0.1140 
	 32.0910 	 3.286325e-01 	 204.7149 	  1.0184 	 1.163538e+22 	 6.322611e+19 	 1.416289e-04 	 7.801281e-06 	  5.1283 	  0.4853 	  1.1358 	  0.1110 
	 32.2330 	 3.242694e-01 	 204.2633 	  1.0162 	 1.150613e+22 	 6.247658e+19 	 1.410820e-04 	 7.771141e-06 	  5.0971 	  0.4742 	  1.1243 	  0.1078 
	 33.8500 	 2.781729e-01 	 200.2438 	  0.9601 	 1.007142e+22 	 5.347582e+19 	 1.399839e-04 	 5.676951e-06 	  4.9958 	  0.3381 	  1.0552 	  0.0858 
	 33.9910 	 2.744554e-01 	 200.0412 	  0.9467 	 9.946829e+21 	 5.223896e+19 	 1.407835e-04 	 5.683232e-06 	  5.0027 	  0.3381 	  1.0553 	  0.0886 
	 34.1320 	 2.707812e-01 	 199.8496 	  0.9341 	 9.822928e+21 	 5.102922e+19 	 1.415742e-04 	 5.679654e-06 	  5.0112 	  0.3374 	  1.0565 	  0.0916 
	 34.2730 	 2.671487e-01 	 199.6637 	  0.9233 	 9.699972e+21 	 4.988828e+19 	 1.423526e-04 	 5.669108e-06 	  5.0211 	  0.3362 	  1.0586 	  0.0946 
	 34.4150 	 2.635311e-01 	 199.4770 	  0.9149 	 9.577358e+21 	 4.885104e+19 	 1.431247e-04 	 5.655582e-06 	  5.0315 	  0.3344 	  1.0614 	  0.0975 
	 34.9700 	 2.497659e-01 	 198.6810 	  0.9138 	 9.113152e+21 	 4.624552e+19 	 1.461117e-04 	 5.645066e-06 	  5.0607 	  0.3255 	  1.0738 	  0.1057 
	 35.1110 	 2.463641e-01 	 198.4551 	  0.9200 	 8.999287e+21 	 4.589033e+19 	 1.468967e-04 	 5.664933e-06 	  5.0603 	  0.3236 	  1.0757 	  0.1065 
	 35.2520 	 2.430014e-01 	 198.2175 	  0.9279 	 8.887131e+21 	 4.562365e+19 	 1.477067e-04 	 5.697179e-06 	  5.0548 	  0.3222 	  1.0768 	  0.1068 
	 35.3930 	 2.396781e-01 	 197.9674 	  0.9372 	 8.776717e+21 	 4.542735e+19 	 1.485431e-04 	 5.741935e-06 	  5.0437 	  0.3212 	  1.0768 	  0.1066 
	 35.5350 	 2.363712e-01 	 197.7017 	  0.9474 	 8.667311e+21 	 4.528242e+19 	 1.494061e-04 	 5.798827e-06 	  5.0273 	  0.3207 	  1.0760 	  0.1060 
	 37.1430 	 2.017916e-01 	 193.4536 	  0.9931 	 7.561648e+21 	 4.193802e+19 	 1.568373e-04 	 6.642540e-06 	  4.7166 	  0.3301 	  1.0399 	  0.0922 
	 37.2840 	 1.990039e-01 	 192.9835 	  0.9872 	 7.475347e+21 	 4.131258e+19 	 1.569790e-04 	 6.618887e-06 	  4.6999 	  0.3285 	  1.0380 	  0.0908 
	 37.4250 	 1.962500e-01 	 192.5122 	  0.9818 	 7.389981e+21 	 4.070833e+19 	 1.570613e-04 	 6.570309e-06 	  4.6880 	  0.3263 	  1.0368 	  0.0894 
	 37.5660 	 1.935281e-01 	 192.0443 	  0.9777 	 7.305305e+21 	 4.015430e+19 	 1.570639e-04 	 6.556556e-06 	  4.6813 	  0.3251 	  1.0363 	  0.0882 
	 37.7070 	 1.908365e-01 	 191.5846 	  0.9757 	 7.221070e+21 	 3.967952e+19 	 1.570310e-04 	 6.535326e-06 	  4.6794 	  0.3237 	  1.0364 	  0.0868 
	 38.2570 	 1.806064e-01 	 189.9093 	  0.9940 	 6.894493e+21 	 3.878301e+19 	 1.567212e-04 	 6.440015e-06 	  4.7047 	  0.3177 	  1.0394 	  0.0801 
	 38.3970 	 1.780704e-01 	 189.5053 	  1.0034 	 6.812178e+21 	 3.872380e+19 	 1.565228e-04 	 6.421884e-06 	  4.7157 	  0.3168 	  1.0404 	  0.0785 
	 38.5370 	 1.755623e-01 	 189.1060 	  1.0137 	 6.730379e+21 	 3.869440e+19 	 1.562293e-04 	 6.408629e-06 	  4.7275 	  0.3164 	  1.0413 	  0.0771 
	 38.6780 	 1.730645e-01 	 188.7065 	  1.0245 	 6.648612e+21 	 3.867499e+19 	 1.558100e-04 	 6.400118e-06 	  4.7399 	  0.3167 	  1.0423 	  0.0762 
	 38.8180 	 1.706125e-01 	 188.3102 	  1.0351 	 6.568132e+21 	 3.864609e+19 	 1.552505e-04 	 6.395831e-06 	  4.7524 	  0.3177 	  1.0434 	  0.0760 
	 39.3500 	 1.615541e-01 	 186.8119 	  1.0671 	 6.269020e+21 	 3.819661e+19 	 1.518952e-04 	 6.402981e-06 	  4.8108 	  0.3275 	  1.0517 	  0.0818 
	 39.4900 	 1.592396e-01 	 186.4354 	  1.0720 	 6.191684e+21 	 3.795456e+19 	 1.508053e-04 	 6.407422e-06 	  4.8305 	  0.3314 	  1.0552 	  0.0847 
	 39.6300 	 1.569546e-01 	 186.0737 	  1.0749 	 6.114732e+21 	 3.764858e+19 	 1.497052e-04 	 6.411806e-06 	  4.8521 	  0.3356 	  1.0591 	  0.0878 
	 39.7700 	 1.546991e-01 	 185.7306 	  1.0756 	 6.038065e+21 	 3.727230e+19 	 1.486560e-04 	 6.416311e-06 	  4.8748 	  0.3399 	  1.0631 	  0.0909 
	 39.9100 	 1.524736e-01 	 185.4100 	  1.0737 	 5.961586e+21 	 3.681933e+19 	 1.477132e-04 	 6.421471e-06 	  4.8980 	  0.3441 	  1.0668 	  0.0937 
	 40.4570 	 1.440667e-01 	 184.3901 	  1.0445 	 5.664338e+21 	 3.440054e+19 	 1.457011e-04 	 6.458364e-06 	  4.9741 	  0.3572 	  1.0743 	  0.1008 
	 40.5970 	 1.419883e-01 	 184.1737 	  1.0345 	 5.589180e+21 	 3.371017e+19 	 1.456881e-04 	 6.474134e-06 	  4.9853 	  0.3590 	  1.0736 	  0.1011 
	 40.7370 	 1.399393e-01 	 183.9679 	  1.0250 	 5.514648e+21 	 3.303440e+19 	 1.458780e-04 	 6.492949e-06 	  4.9915 	  0.3601 	  1.0717 	  0.1008 
	 40.8780 	 1.379053e-01 	 183.7676 	  1.0166 	 5.440345e+21 	 3.239106e+19 	 1.462411e-04 	 6.514768e-06 	  4.9929 	  0.3604 	  1.0689 	  0.0996 
	 41.0180 	 1.359150e-01 	 183.5717 	  1.0103 	 5.367454e+21 	 3.181160e+19 	 1.467323e-04 	 6.538790e-06 	  4.9892 	  0.3601 	  1.0653 	  0.0977 
	 41.5600 	 1.284752e-01 	 182.8205 	  1.0090 	 5.094234e+21 	 3.026994e+19 	 1.492881e-04 	 6.646597e-06 	  4.9252 	  0.3535 	  1.0457 	  0.0847 
	 41.7000 	 1.266176e-01 	 182.6396 	  1.0129 	 5.025553e+21 	 2.999702e+19 	 1.500089e-04 	 6.676216e-06 	  4.8953 	  0.3509 	  1.0397 	  0.0808 
	 41.8400 	 1.247845e-01 	 182.4697 	  1.0175 	 4.957433e+21 	 2.974625e+19 	 1.505613e-04 	 6.781726e-06 	  4.8605 	  0.3510 	  1.0335 	  0.0775 
	 41.9800 	 1.229747e-01 	 182.3141 	  1.0223 	 4.889764e+21 	 2.950262e+19 	 1.508977e-04 	 6.940980e-06 	  4.8217 	  0.3531 	  1.0273 	  0.0758 
	 42.1200 	 1.211874e-01 	 182.1754 	  1.0269 	 4.822437e+21 	 2.925116e+19 	 1.510306e-04 	 7.116552e-06 	  4.7799 	  0.3581 	  1.0213 	  0.0766 
	 42.6530 	 1.145794e-01 	 181.8088 	  1.0392 	 4.568899e+21 	 2.812008e+19 	 1.499776e-04 	 7.661637e-06 	  4.6246 	  0.3743 	  1.0040 	  0.0803 
	 42.7930 	 1.128966e-01 	 181.7397 	  1.0422 	 4.503502e+21 	 2.780671e+19 	 1.495834e-04 	 7.694981e-06 	  4.5930 	  0.3716 	  1.0018 	  0.0807 
	 42.9330 	 1.112364e-01 	 181.6745 	  1.0457 	 4.438833e+21 	 2.750238e+19 	 1.492068e-04 	 7.686015e-06 	  4.5677 	  0.3687 	  1.0006 	  0.0807 
	 43.0720 	 1.096109e-01 	 181.6101 	  1.0500 	 4.375465e+21 	 2.721725e+19 	 1.488406e-04 	 7.652848e-06 	  4.5489 	  0.3671 	  1.0004 	  0.0805 
	 43.2120 	 1.079969e-01 	 181.5416 	  1.0555 	 4.312602e+21 	 2.695534e+19 	 1.484653e-04 	 7.613419e-06 	  4.5361 	  0.3654 	  1.0007 	  0.0803 
	 43.7530 	 1.019813e-01 	 181.1989 	  1.0890 	 4.079968e+21 	 2.623535e+19 	 1.467893e-04 	 7.678810e-06 	  4.5311 	  0.3696 	  1.0044 	  0.0814 
	 43.8930 	 1.004805e-01 	 181.0873 	  1.0998 	 4.022402e+21 	 2.610432e+19 	 1.463300e-04 	 7.793733e-06 	  4.5372 	  0.3752 	  1.0052 	  0.0825 
	 44.0330 	 9.900197e-02 	 180.9658 	  1.1108 	 3.965884e+21 	 2.598532e+19 	 1.459209e-04 	 7.946936e-06 	  4.5450 	  0.3827 	  1.0056 	  0.0841 
	 44.1720 	 9.755571e-02 	 180.8351 	  1.1218 	 3.910789e+21 	 2.587367e+19 	 1.456048e-04 	 8.124781e-06 	  4.5539 	  0.3915 	  1.0057 	  0.0861 
	 44.3120 	 9.612057e-02 	 180.6930 	  1.1326 	 3.856307e+21 	 2.576229e+19 	 1.454139e-04 	 8.313957e-06 	  4.5636 	  0.4010 	  1.0056 	  0.0892 
	 45.9200 	 8.107071e-02 	 178.2611 	  1.1519 	 3.296814e+21 	 2.291299e+19 	 1.497209e-04 	 9.401251e-06 	  4.6808 	  0.4661 	  0.9992 	  0.1076 
	 46.0590 	 7.988036e-02 	 178.0017 	  1.1429 	 3.253132e+21 	 2.249170e+19 	 1.502145e-04 	 9.356354e-06 	  4.6883 	  0.4654 	  0.9996 	  0.1092 
	 46.1980 	 7.870430e-02 	 177.7467 	  1.1342 	 3.209849e+21 	 2.207369e+19 	 1.506870e-04 	 9.294464e-06 	  4.6952 	  0.4635 	  1.0005 	  0.1112 
	 46.3370 	 7.754167e-02 	 177.4997 	  1.1262 	 3.166868e+21 	 2.167031e+19 	 1.511332e-04 	 9.218126e-06 	  4.7016 	  0.4603 	  1.0017 	  0.1135 
	 46.4750 	 7.639984e-02 	 177.2661 	  1.1197 	 3.124397e+21 	 2.129552e+19 	 1.515439e-04 	 9.132195e-06 	  4.7071 	  0.4559 	  1.0032 	  0.1162 
	 47.0100 	 7.208679e-02 	 176.4714 	  1.1137 	 2.961475e+21 	 2.017924e+19 	 1.529968e-04 	 8.676717e-06 	  4.7141 	  0.4265 	  1.0085 	  0.1275 
	 47.1490 	 7.099924e-02 	 176.2708 	  1.1161 	 2.920116e+21 	 1.996268e+19 	 1.534266e-04 	 8.489978e-06 	  4.7092 	  0.4148 	  1.0089 	  0.1297 
	 47.2880 	 6.992705e-02 	 176.0616 	  1.1195 	 2.879409e+21 	 1.976798e+19 	 1.538823e-04 	 8.269906e-06 	  4.6998 	  0.4020 	  1.0084 	  0.1312 
	 47.4270 	 6.887109e-02 	 175.8381 	  1.1238 	 2.839484e+21 	 1.959080e+19 	 1.543385e-04 	 8.024654e-06 	  4.6856 	  0.3888 	  1.0069 	  0.1322 
	 47.5650 	 6.783966e-02 	 175.5965 	  1.1285 	 2.800748e+21 	 1.942793e+19 	 1.547601e-04 	 7.769749e-06 	  4.6667 	  0.3762 	  1.0043 	  0.1328 
	 48.1000 	 6.400302e-02 	 174.4483 	  1.1473 	 2.659597e+21 	 1.885363e+19 	 1.556052e-04 	 7.011880e-06 	  4.5702 	  0.3434 	  0.9872 	  0.1293 
	 48.2390 	 6.304425e-02 	 174.1155 	  1.1518 	 2.624773e+21 	 1.870670e+19 	 1.555913e-04 	 6.951913e-06 	  4.5475 	  0.3407 	  0.9820 	  0.1265 
	 48.3780 	 6.209916e-02 	 173.7787 	  1.1559 	 2.590462e+21 	 1.855583e+19 	 1.555062e-04 	 6.961899e-06 	  4.5298 	  0.3405 	  0.9770 	  0.1228 
	 48.5170 	 6.116671e-02 	 173.4432 	  1.1595 	 2.556537e+21 	 1.839850e+19 	 1.553679e-04 	 7.039059e-06 	  4.5189 	  0.3430 	  0.9728 	  0.1184 
	 48.6550 	 6.025246e-02 	 173.1167 	  1.1625 	 2.523112e+21 	 1.823346e+19 	 1.552012e-04 	 7.172120e-06 	  4.5169 	  0.3479 	  0.9698 	  0.1135 
	 49.1900 	 5.680695e-02 	 171.9731 	  1.1670 	 2.394676e+21 	 1.748577e+19 	 1.550466e-04 	 7.931888e-06 	  4.6109 	  0.3854 	  0.9739 	  0.0962 
	 49.3290 	 5.593839e-02 	 171.7116 	  1.1663 	 2.361644e+21 	 1.726446e+19 	 1.553541e-04 	 8.119806e-06 	  4.6641 	  0.3979 	  0.9797 	  0.0934 
	 49.4680 	 5.508141e-02 	 171.4654 	  1.1647 	 2.328792e+21 	 1.703290e+19 	 1.558715e-04 	 8.284859e-06 	  4.7291 	  0.4104 	  0.9874 	  0.0915 
	 49.6070 	 5.423631e-02 	 171.2350 	  1.1623 	 2.296142e+21 	 1.679155e+19 	 1.566287e-04 	 8.422328e-06 	  4.8044 	  0.4224 	  0.9967 	  0.0901 
	 49.7450 	 5.340935e-02 	 171.0223 	  1.1591 	 2.263946e+21 	 1.654273e+19 	 1.576412e-04 	 8.530933e-06 	  4.8861 	  0.4332 	  1.0069 	  0.0891 
	 50.2840 	 5.029544e-02 	 170.3278 	  1.1407 	 2.140700e+21 	 1.551435e+19 	 1.640523e-04 	 8.797581e-06 	  5.1993 	  0.4604 	  1.0415 	  0.0916 
	 50.4220 	 4.952648e-02 	 170.1728 	  1.1357 	 2.109895e+21 	 1.525273e+19 	 1.662724e-04 	 8.865054e-06 	  5.2581 	  0.4639 	  1.0458 	  0.0917 
	 50.5600 	 4.876836e-02 	 170.0217 	  1.1313 	 2.079441e+21 	 1.499895e+19 	 1.687127e-04 	 8.942491e-06 	  5.3006 	  0.4660 	  1.0471 	  0.0916 
	 50.6990 	 4.801535e-02 	 169.8704 	  1.1277 	 2.049143e+21 	 1.475492e+19 	 1.713334e-04 	 9.037461e-06 	  5.3258 	  0.4673 	  1.0452 	  0.0913 
	 50.8370 	 4.727793e-02 	 169.7184 	  1.1251 	 2.019460e+21 	 1.452783e+19 	 1.740707e-04 	 9.133866e-06 	  5.3340 	  0.4671 	  1.0404 	  0.0915 
	 51.3740 	 4.450146e-02 	 169.0840 	  1.1276 	 1.907942e+21 	 1.380918e+19 	 1.848522e-04 	 9.249348e-06 	  5.2614 	  0.4464 	  1.0064 	  0.0967 
	 51.5120 	 4.381212e-02 	 168.9126 	  1.1304 	 1.880293e+21 	 1.365587e+19 	 1.870965e-04 	 9.151827e-06 	  5.2343 	  0.4362 	  0.9973 	  0.0972 
	 51.6500 	 4.313284e-02 	 168.7396 	  1.1337 	 1.853044e+21 	 1.350974e+19 	 1.888756e-04 	 8.970490e-06 	  5.2114 	  0.4243 	  0.9894 	  0.0972 
	 51.7890 	 4.245892e-02 	 168.5646 	  1.1373 	 1.825998e+21 	 1.336690e+19 	 1.900581e-04 	 8.690518e-06 	  5.1958 	  0.4110 	  0.9834 	  0.0969 
	 51.9270 	 4.180012e-02 	 168.3909 	  1.1408 	 1.799537e+21 	 1.322651e+19 	 1.903333e-04 	 8.364632e-06 	  5.1890 	  0.3995 	  0.9795 	  0.0968 
	 52.4510 	 3.939101e-02 	 167.7231 	  1.1520 	 1.702635e+21 	 1.268577e+19 	 1.805686e-04 	 7.809693e-06 	  5.2402 	  0.4056 	  0.9835 	  0.1029 
	 52.5880 	 3.878414e-02 	 167.5350 	  1.1548 	 1.678285e+21 	 1.254725e+19 	 1.758947e-04 	 7.836674e-06 	  5.2689 	  0.4185 	  0.9888 	  0.1058 
	 52.7260 	 3.818195e-02 	 167.3347 	  1.1578 	 1.654196e+21 	 1.241161e+19 	 1.708228e-04 	 7.851587e-06 	  5.3012 	  0.4330 	  0.9955 	  0.1089 
	 52.8630 	 3.759290e-02 	 167.1223 	  1.1611 	 1.630728e+21 	 1.228219e+19 	 1.656633e-04 	 7.824910e-06 	  5.3340 	  0.4471 	  1.0031 	  0.1118 
	 53.0000 	 3.701232e-02 	 166.8938 	  1.1648 	 1.607719e+21 	 1.215937e+19 	 1.605646e-04 	 7.741439e-06 	  5.3648 	  0.4594 	  1.0112 	  0.1146 
	 53.5410 	 3.479783e-02 	 165.8300 	  1.1837 	 1.521161e+21 	 1.174484e+19 	 1.427339e-04 	 6.979119e-06 	  5.4342 	  0.4825 	  1.0426 	  0.1214 
	 53.6780 	 3.425588e-02 	 165.5360 	  1.1893 	 1.500133e+21 	 1.165188e+19 	 1.389810e-04 	 6.763129e-06 	  5.4324 	  0.4847 	  1.0492 	  0.1224 
	 53.8160 	 3.371727e-02 	 165.2376 	  1.1951 	 1.479224e+21 	 1.156022e+19 	 1.355817e-04 	 6.560353e-06 	  5.4215 	  0.4864 	  1.0551 	  0.1230 
	 53.9530 	 3.318964e-02 	 164.9433 	  1.2008 	 1.458691e+21 	 1.146971e+19 	 1.325879e-04 	 6.380558e-06 	  5.4027 	  0.4877 	  1.0603 	  0.1233 
	 54.0900 	 3.266886e-02 	 164.6548 	  1.2066 	 1.438335e+21 	 1.137821e+19 	 1.299539e-04 	 6.223307e-06 	  5.3784 	  0.4891 	  1.0652 	  0.1232 
	 54.6140 	 3.073950e-02 	 163.6563 	  1.2267 	 1.361659e+21 	 1.100119e+19 	 1.223909e-04 	 5.828527e-06 	  5.2703 	  0.4978 	  1.0866 	  0.1225 
	 54.7510 	 3.025213e-02 	 163.4294 	  1.2312 	 1.341928e+21 	 1.089363e+19 	 1.208164e-04 	 5.751750e-06 	  5.2470 	  0.5007 	  1.0941 	  0.1233 
	 54.8880 	 2.977220e-02 	 163.2190 	  1.2352 	 1.322338e+21 	 1.078174e+19 	 1.193468e-04 	 5.651397e-06 	  5.2287 	  0.5027 	  1.1026 	  0.1246 
	 55.0250 	 2.929988e-02 	 163.0263 	  1.2388 	 1.302897e+21 	 1.066520e+19 	 1.179644e-04 	 5.506586e-06 	  5.2155 	  0.5030 	  1.1121 	  0.1260 
	 55.1620 	 2.883536e-02 	 162.8526 	  1.2418 	 1.283608e+21 	 1.054371e+19 	 1.166321e-04 	 5.318796e-06 	  5.2061 	  0.5017 	  1.1221 	  0.1275 
	 55.7010 	 2.708360e-02 	 162.3615 	  1.2480 	 1.209274e+21 	 1.001782e+19 	 1.111356e-04 	 4.608109e-06 	  5.1692 	  0.4974 	  1.1554 	  0.1338 
	 55.8380 	 2.665637e-02 	 162.2828 	  1.2483 	 1.190775e+21 	 9.874294e+18 	 1.096348e-04 	 4.538690e-06 	  5.1499 	  0.4987 	  1.1596 	  0.1349 
	 55.9760 	 2.623282e-02 	 162.2209 	  1.2480 	 1.172300e+21 	 9.726785e+18 	 1.081909e-04 	 4.470117e-06 	  5.1229 	  0.4991 	  1.1611 	  0.1354 
	 56.1130 	 2.581877e-02 	 162.1759 	  1.2473 	 1.154118e+21 	 9.577992e+18 	 1.068458e-04 	 4.404308e-06 	  5.0876 	  0.4983 	  1.1599 	  0.1356 
	 56.2500 	 2.541083e-02 	 162.1466 	  1.2463 	 1.136092e+21 	 9.427411e+18 	 1.056061e-04 	 4.341381e-06 	  5.0440 	  0.4964 	  1.1560 	  0.1359 
	 56.7840 	 2.387594e-02 	 162.1452 	  1.2413 	 1.067513e+21 	 8.846625e+18 	 1.020434e-04 	 4.132423e-06 	  4.8154 	  0.4813 	  1.1240 	  0.1397 
	 56.9210 	 2.349633e-02 	 162.1569 	  1.2415 	 1.050465e+21 	 8.709736e+18 	 1.015007e-04 	 4.089768e-06 	  4.7479 	  0.4762 	  1.1138 	  0.1417 
	 57.0580 	 2.312259e-02 	 162.1659 	  1.2430 	 1.033692e+21 	 8.582418e+18 	 1.011140e-04 	 4.051990e-06 	  4.6797 	  0.4708 	  1.1037 	  0.1440 
	 57.1950 	 2.275475e-02 	 162.1685 	  1.2463 	 1.017221e+21 	 8.467026e+18 	 1.008637e-04 	 4.018987e-06 	  4.6124 	  0.4654 	  1.0941 	  0.1465 
	 57.3320 	 2.239284e-02 	 162.1608 	  1.2516 	 1.001078e+21 	 8.365913e+18 	 1.007124e-04 	 3.990555e-06 	  4.5479 	  0.4603 	  1.0855 	  0.1488 
	 57.8580 	 2.105745e-02 	 161.9989 	  1.2929 	 9.423131e+20 	 8.116797e+18 	 1.001451e-04 	 3.915337e-06 	  4.3476 	  0.4461 	  1.0661 	  0.1578 
	 57.9940 	 2.072532e-02 	 161.9243 	  1.3075 	 9.278827e+20 	 8.077506e+18 	 9.974232e-05 	 3.902017e-06 	  4.3127 	  0.4446 	  1.0655 	  0.1611 
	 58.1310 	 2.039581e-02 	 161.8367 	  1.3231 	 9.136287e+20 	 8.043041e+18 	 9.914676e-05 	 3.890610e-06 	  4.2857 	  0.4441 	  1.0670 	  0.1653 
	 58.2670 	 2.007355e-02 	 161.7382 	  1.3391 	 8.997415e+20 	 8.011203e+18 	 9.836973e-05 	 3.881460e-06 	  4.2662 	  0.4446 	  1.0703 	  0.1707 
	 58.4040 	 1.975358e-02 	 161.6281 	  1.3552 	 8.859991e+20 	 7.978790e+18 	 9.743619e-05 	 3.874725e-06 	  4.2527 	  0.4459 	  1.0751 	  0.1775 
	 58.9380 	 1.854932e-02 	 161.1412 	  1.4094 	 8.344397e+20 	 7.796388e+18 	 9.341636e-05 	 3.884331e-06 	  4.2444 	  0.4565 	  1.1027 	  0.2150 
	 59.0740 	 1.825372e-02 	 161.0272 	  1.4172 	 8.217188e+20 	 7.721780e+18 	 9.262218e-05 	 3.899795e-06 	  4.2508 	  0.4601 	 -1000.0000 	 -1000.0000 
	 59.2110 	 1.796062e-02 	 160.9276 	  1.4212 	 8.090313e+20 	 7.629331e+18 	 9.204641e-05 	 3.921408e-06 	  4.2594 	  0.4638 	 -1000.0000 	 -1000.0000 
	 59.3470 	 1.767437e-02 	 160.8493 	  1.4204 	 7.965415e+20 	 7.517504e+18 	 9.175233e-05 	 3.948121e-06 	  4.2693 	  0.4676 	 -1000.0000 	 -1000.0000 
	 59.4840 	 1.739082e-02 	 160.7967 	  1.4141 	 7.840446e+20 	 7.381738e+18 	 9.178049e-05 	 3.979262e-06 	  4.2799 	  0.4711 	 -1000.0000 	 -1000.0000 
	 60.0080 	 1.635055e-02 	 160.8562 	  1.3405 	 7.369685e+20 	 6.662426e+18 	 9.522927e-05 	 4.107696e-06 	  4.2962 	  0.4789 	 -1000.0000 	 -1000.0000 
	 60.1440 	 1.609146e-02 	 160.9147 	  1.3149 	 7.250294e+20 	 6.450251e+18 	 9.695491e-05 	 4.133908e-06 	  4.2883 	  0.4785 	 -1000.0000 	 -1000.0000 
	 60.2810 	 1.583474e-02 	 160.9793 	  1.2894 	 7.131643e+20 	 6.238376e+18 	 9.899741e-05 	 4.154080e-06 	  4.2738 	  0.4769 	 -1000.0000 	 -1000.0000 
	 60.4170 	 1.558400e-02 	 161.0430 	  1.2658 	 7.015696e+20 	 6.036255e+18 	 1.012776e-04 	 4.167636e-06 	  4.2532 	  0.4743 	 -1000.0000 	 -1000.0000 
	 60.5540 	 1.533541e-02 	 161.1006 	  1.2454 	 6.900982e+20 	 5.847339e+18 	 1.037586e-04 	 4.175187e-06 	  4.2276 	  0.4709 	 -1000.0000 	 -1000.0000 
	 61.0810 	 1.441466e-02 	 161.1928 	  1.2120 	 6.481443e+20 	 5.318411e+18 	 1.128990e-04 	 4.632349e-06 	  4.1160 	  0.4675 	 -1000.0000 	 -1000.0000 
	 61.2170 	 1.418592e-02 	 161.1829 	  1.2138 	 6.378625e+20 	 5.228385e+18 	 1.134675e-04 	 5.427676e-06 	  4.0920 	  0.4868 	 -1000.0000 	 -1000.0000 
	 61.3530 	 1.396071e-02 	 161.1600 	  1.2190 	 6.277933e+20 	 5.154210e+18 	 1.138427e-04 	 6.072829e-06 	  4.0734 	  0.5082 	 -1000.0000 	 -1000.0000 
	 61.4900 	 1.373738e-02 	 161.1244 	  1.2273 	 6.178592e+20 	 5.093848e+18 	 1.141694e-04 	 6.580107e-06 	  4.0611 	  0.5298 	 -1000.0000 	 -1000.0000 
	 61.6260 	 1.351913e-02 	 161.0770 	  1.2381 	 6.081996e+20 	 5.046527e+18 	 1.145027e-04 	 6.972538e-06 	  4.0547 	  0.5497 	 -1000.0000 	 -1000.0000 
	 64.2350 	 9.929298e-03 	 158.5265 	  1.3656 	 4.540708e+20 	 4.352783e+18 	 1.074910e-04 	 4.854400e-06 	  4.4467 	  0.5908 	 -1000.0000 	 -1000.0000 
	 64.3700 	 9.771003e-03 	 158.3633 	  1.3476 	 4.472894e+20 	 4.245606e+18 	 1.060400e-04 	 4.766809e-06 	  4.4768 	  0.6063 	 -1000.0000 	 -1000.0000 
	 64.5060 	 9.613984e-03 	 158.2096 	  1.3291 	 4.405272e+20 	 4.136487e+18 	 1.046318e-04 	 4.665257e-06 	  4.5073 	  0.6216 	 -1000.0000 	 -1000.0000 
	 64.6420 	 9.459394e-03 	 158.0697 	  1.3111 	 4.338266e+20 	 4.029274e+18 	 1.033026e-04 	 4.554610e-06 	  4.5377 	  0.6368 	 -1000.0000 	 -1000.0000 
	 64.7770 	 9.308312e-03 	 157.9477 	  1.2947 	 4.272280e+20 	 3.927757e+18 	 1.020893e-04 	 4.441175e-06 	  4.5670 	  0.6517 	 -1000.0000 	 -1000.0000 
	 65.2980 	 8.746842e-03 	 157.6571 	  1.2544 	 4.022034e+20 	 3.610404e+18 	 9.877027e-05 	 4.058184e-06 	  4.6569 	  0.7059 	 -1000.0000 	 -1000.0000 
	 65.4330 	 8.606811e-03 	 157.6217 	  1.2498 	 3.958528e+20 	 3.545691e+18 	 9.831575e-05 	 3.991065e-06 	  4.6702 	  0.7187 	 -1000.0000 	 -1000.0000 
	 65.5690 	 8.467954e-03 	 157.5990 	  1.2472 	 3.895213e+20 	 3.486439e+18 	 9.804434e-05 	 3.942280e-06 	  4.6782 	  0.7308 	 -1000.0000 	 -1000.0000 
	 65.7040 	 8.332283e-03 	 157.5874 	  1.2467 	 3.833071e+20 	 3.432827e+18 	 9.795588e-05 	 3.912819e-06 	  4.6812 	  0.7421 	 -1000.0000 	 -1000.0000 
	 65.8390 	 8.198740e-03 	 157.5848 	  1.2480 	 3.771688e+20 	 3.383714e+18 	 9.802541e-05 	 3.900627e-06 	  4.6806 	  0.7526 	 -1000.0000 	 -1000.0000 
	 66.3680 	 7.695585e-03 	 157.6276 	  1.2697 	 3.539325e+20 	 3.225944e+18 	 9.948413e-05 	 3.970237e-06 	  4.6614 	  0.7926 	 -1000.0000 	 -1000.0000 
	 66.5030 	 7.572301e-03 	 157.6435 	  1.2794 	 3.482284e+20 	 3.193876e+18 	 1.001105e-04 	 4.003024e-06 	  4.6551 	  0.8038 	 -1000.0000 	 -1000.0000 
	 66.6390 	 7.450206e-03 	 157.6580 	  1.2908 	 3.425815e+20 	 3.164783e+18 	 1.008218e-04 	 4.036569e-06 	  4.6493 	  0.8155 	 -1000.0000 	 -1000.0000 
	 66.7740 	 7.331095e-03 	 157.6691 	  1.3038 	 3.370785e+20 	 3.139014e+18 	 1.015893e-04 	 4.068696e-06 	  4.6446 	  0.8274 	 -1000.0000 	 -1000.0000 
	 66.9090 	 7.214060e-03 	 157.6753 	  1.3184 	 3.316806e+20 	 3.116265e+18 	 1.024106e-04 	 4.099236e-06 	  4.6406 	  0.8393 	 -1000.0000 	 -1000.0000 
	 67.4250 	 6.785158e-03 	 157.6593 	  1.3827 	 3.119783e+20 	 3.044877e+18 	 1.056094e-04 	 4.200733e-06 	  4.6281 	  0.8858 	 -1000.0000 	 -1000.0000 
	 67.5600 	 6.677342e-03 	 157.6594 	  1.3974 	 3.070210e+20 	 3.023274e+18 	 1.062581e-04 	 4.222892e-06 	  4.6269 	  0.8993 	 -1000.0000 	 -1000.0000 
	 67.6940 	 6.571940e-03 	 157.6680 	  1.4094 	 3.021603e+20 	 2.997519e+18 	 1.067399e-04 	 4.242595e-06 	  4.6273 	  0.9138 	 -1000.0000 	 -1000.0000 
	 67.8280 	 6.468048e-03 	 157.6886 	  1.4176 	 2.973486e+20 	 2.965874e+18 	 1.070270e-04 	 4.259429e-06 	  4.6292 	  0.9298 	 -1000.0000 	 -1000.0000 
	 67.9630 	 6.364812e-03 	 157.7250 	  1.4213 	 2.925396e+20 	 2.926426e+18 	 1.070836e-04 	 4.272441e-06 	  4.6333 	  0.9477 	 -1000.0000 	 -1000.0000 
	 68.4950 	 5.971252e-03 	 158.0623 	  1.3864 	 2.738733e+20 	 2.691547e+18 	 1.049805e-04 	 4.477209e-06 	  4.6770 	  1.0302 	 -1000.0000 	 -1000.0000 
	 68.6300 	 5.875014e-03 	 158.1967 	  1.3698 	 2.692295e+20 	 2.619966e+18 	 1.040436e-04 	 4.701551e-06 	  4.6932 	  1.0534 	 -1000.0000 	 -1000.0000 
	 68.7640 	 5.781081e-03 	 158.3488 	  1.3526 	 2.646689e+20 	 2.548107e+18 	 1.030167e-04 	 4.870792e-06 	  4.7106 	  1.0758 	 -1000.0000 	 -1000.0000 
	 68.8980 	 5.688805e-03 	 158.5191 	  1.3358 	 2.601628e+20 	 2.477445e+18 	 1.019378e-04 	 4.990148e-06 	  4.7284 	  1.0983 	 -1000.0000 	 -1000.0000 
	 69.0330 	 5.597586e-03 	 158.7085 	  1.3204 	 2.556840e+20 	 2.409490e+18 	 1.008517e-04 	 5.065824e-06 	  4.7458 	  1.1212 	 -1000.0000 	 -1000.0000 
	 69.5450 	 5.267819e-03 	 159.5781 	  1.2841 	 2.393095e+20 	 2.195902e+18 	 9.793604e-05 	 5.143235e-06 	 -1000.0000 	 -1000.0000 	 -1000.0000 	 -1000.0000 
	 69.6800 	 5.184874e-03 	 159.8428 	  1.2779 	 2.351515e+20 	 2.147868e+18 	 9.788743e-05 	 5.170865e-06 	 -1000.0000 	 -1000.0000 	 -1000.0000 	 -1000.0000 
	 69.8140 	 5.104064e-03 	 160.1183 	  1.2718 	 2.310884e+20 	 2.101770e+18 	 9.827947e-05 	 5.206888e-06 	 -1000.0000 	 -1000.0000 	 -1000.0000 	 -1000.0000 
	 69.9480 	 5.024705e-03 	 160.4053 	  1.2651 	 2.270881e+20 	 2.056302e+18 	 9.913975e-05 	 5.233327e-06 	 -1000.0000 	 -1000.0000 	 -1000.0000 	 -1000.0000 
	 70.0830 	 4.946152e-03 	 160.7053 	  1.2570 	 2.231205e+20 	 2.010175e+18 	 1.004893e-04 	 5.223444e-06 	 -1000.0000 	 -1000.0000 	 -1000.0000 	 -1000.0000 
	 70.6090 	 4.652557e-03 	 161.9585 	  1.2099 	 2.082540e+20 	 1.821007e+18 	 1.095552e-04 	 4.619041e-06 	 -1000.0000 	 -1000.0000 	 -1000.0000 	 -1000.0000 
	 70.7430 	 4.580833e-03 	 162.2945 	  1.1967 	 2.046192e+20 	 1.773011e+18 	 1.125571e-04 	 4.654032e-06 	 -1000.0000 	 -1000.0000 	 -1000.0000 	 -1000.0000 
	 70.8770 	 4.510324e-03 	 162.6353 	  1.1843 	 2.010471e+20 	 1.726454e+18 	 1.155798e-04 	 4.679514e-06 	 -1000.0000 	 -1000.0000 	 -1000.0000 	 -1000.0000 
	 71.0100 	 4.441526e-03 	 162.9774 	  1.1736 	 1.975644e+20 	 1.682347e+18 	 1.184764e-04 	 4.696260e-06 	 -1000.0000 	 -1000.0000 	 -1000.0000 	 -1000.0000 
	 71.1440 	 4.373389e-03 	 163.3251 	  1.1650 	 1.941191e+20 	 1.640714e+18 	 1.211652e-04 	 4.707152e-06 	 -1000.0000 	 -1000.0000 	 -1000.0000 	 -1000.0000 
	 71.6720 	 4.116097e-03 	 164.7079 	  1.1583 	 1.811658e+20 	 1.509585e+18 	 1.278934e-04 	 4.749586e-06 	 -1000.0000 	 -1000.0000 	 -1000.0000 	 -1000.0000 
	 71.8060 	 4.053551e-03 	 165.0595 	  1.1617 	 1.780333e+20 	 1.483197e+18 	 1.285012e-04 	 4.771151e-06 	 -1000.0000 	 -1000.0000 	 -1000.0000 	 -1000.0000 
	 71.9390 	 3.992540e-03 	 165.4079 	  1.1662 	 1.749846e+20 	 1.458964e+18 	 1.286593e-04 	 4.799782e-06 	 -1000.0000 	 -1000.0000 	 -1000.0000 	 -1000.0000 
	 72.0730 	 3.932127e-03 	 165.7577 	  1.1715 	 1.719733e+20 	 1.436115e+18 	 1.283849e-04 	 4.835801e-06 	 -1000.0000 	 -1000.0000 	 -1000.0000 	 -1000.0000 
	 72.2060 	 3.873196e-03 	 166.1033 	  1.1769 	 1.690435e+20 	 1.414589e+18 	 1.277065e-04 	 4.877155e-06 	 -1000.0000 	 -1000.0000 	 -1000.0000 	 -1000.0000 
	 73.7520 	 3.257714e-03 	 169.8311 	  1.1110 	 1.390625e+20 	 1.123376e+18 	 1.011364e-04 	 4.817547e-06 	 -1000.0000 	 -1000.0000 	 -1000.0000 	 -1000.0000 
	 73.8860 	 3.209867e-03 	 170.1036 	  1.0909 	 1.368008e+20 	 1.090981e+18 	 9.827433e-05 	 4.711531e-06 	 -1000.0000 	 -1000.0000 	 -1000.0000 	 -1000.0000 
	 74.0190 	 3.163153e-03 	 170.3582 	  1.0717 	 1.346080e+20 	 1.059734e+18 	 9.556484e-05 	 4.597718e-06 	 -1000.0000 	 -1000.0000 	 -1000.0000 	 -1000.0000 
	 74.1530 	 3.116848e-03 	 170.5965 	  1.0538 	 1.324512e+20 	 1.029930e+18 	 9.303465e-05 	 4.480644e-06 	 -1000.0000 	 -1000.0000 	 -1000.0000 	 -1000.0000 
	 74.2860 	 3.071623e-03 	 170.8128 	  1.0387 	 1.303625e+20 	 1.002775e+18 	 9.078829e-05 	 4.369069e-06 	 -1000.0000 	 -1000.0000 	 -1000.0000 	 -1000.0000 
	 74.8020 	 2.902728e-03 	 171.4500 	  1.0120 	 1.227301e+20 	 9.253836e+17 	 8.518745e-05 	 4.063693e-06 	 -1000.0000 	 -1000.0000 	 -1000.0000 	 -1000.0000 
	 74.9360 	 2.860497e-03 	 171.5704 	  1.0110 	 1.208594e+20 	 9.107484e+17 	 8.448451e-05 	 4.020385e-06 	 -1000.0000 	 -1000.0000 	 -1000.0000 	 -1000.0000 
	 75.0690 	 2.819216e-03 	 171.6753 	  1.0113 	 1.190431e+20 	 8.975018e+17 	 8.403892e-05 	 3.990265e-06 	 -1000.0000 	 -1000.0000 	 -1000.0000 	 -1000.0000 
	 75.2030 	 2.778247e-03 	 171.7682 	  1.0121 	 1.172514e+20 	 8.849550e+17 	 8.379867e-05 	 3.970494e-06 	 -1000.0000 	 -1000.0000 	 -1000.0000 	 -1000.0000 
	 75.3360 	 2.738185e-03 	 171.8496 	  1.0130 	 1.155083e+20 	 8.728106e+17 	 8.376812e-05 	 4.036437e-06 	 -1000.0000 	 -1000.0000 	 -1000.0000 	 -1000.0000 
	 75.8560 	 2.587083e-03 	 172.0404 	  1.0103 	 1.090220e+20 	 8.236290e+17 	 8.433293e-05 	 4.318151e-06 	 -1000.0000 	 -1000.0000 	 -1000.0000 	 -1000.0000 
	 75.9890 	 2.549813e-03 	 172.0288 	  1.0083 	 1.074588e+20 	 8.110210e+17 	 8.442489e-05 	 4.350203e-06 	 -1000.0000 	 -1000.0000 	 -1000.0000 	 -1000.0000 
	 76.1220 	 2.513092e-03 	 171.9797 	  1.0061 	 1.059403e+20 	 7.986791e+17 	 8.443096e-05 	 4.364859e-06 	 -1000.0000 	 -1000.0000 	 -1000.0000 	 -1000.0000 
	 76.2550 	 2.476913e-03 	 171.8866 	  1.0038 	 1.044695e+20 	 7.867448e+17 	 8.433378e-05 	 4.365389e-06 	 -1000.0000 	 -1000.0000 	 -1000.0000 	 -1000.0000 
	 76.3880 	 2.441269e-03 	 171.7430 	  1.0015 	 1.030493e+20 	 7.753595e+17 	 8.412593e-05 	 4.358516e-06 	 -1000.0000 	 -1000.0000 	 -1000.0000 	 -1000.0000 
	 76.8990 	 2.309049e-03 	 170.7232 	  0.9944 	 9.804187e+19 	 7.375914e+17 	 8.246629e-05 	 4.326166e-06 	 -1000.0000 	 -1000.0000 	 -1000.0000 	 -1000.0000 
	 77.0320 	 2.275755e-03 	 170.3783 	  0.9931 	 9.682430e+19 	 7.289512e+17 	 8.195029e-05 	 4.316908e-06 	 -1000.0000 	 -1000.0000 	 -1000.0000 	 -1000.0000 
	 77.1640 	 2.243118e-03 	 170.0235 	  0.9920 	 9.563645e+19 	 7.206738e+17 	 8.146322e-05 	 4.305061e-06 	 -1000.0000 	 -1000.0000 	 -1000.0000 	 -1000.0000 
	 77.2970 	 2.210621e-03 	 169.6639 	  0.9911 	 9.445285e+19 	 7.125365e+17 	 8.102192e-05 	 4.287660e-06 	 -1000.0000 	 -1000.0000 	 -1000.0000 	 -1000.0000 
	 77.4300 	 2.178487e-03 	 169.3126 	  0.9905 	 9.327507e+19 	 7.045051e+17 	 8.064982e-05 	 4.260728e-06 	 -1000.0000 	 -1000.0000 	 -1000.0000 	 -1000.0000 
	 77.9590 	 2.054073e-03 	 168.1526 	  0.9901 	 8.855383e+19 	 6.721773e+17 	 7.946977e-05 	 4.046672e-06 	 -1000.0000 	 -1000.0000 	 -1000.0000 	 -1000.0000 
	 78.0920 	 2.023719e-03 	 167.9411 	  0.9902 	 8.735426e+19 	 6.637804e+17 	 7.885203e-05 	 3.973740e-06 	 -1000.0000 	 -1000.0000 	 -1000.0000 	 -1000.0000 
	 78.2240 	 1.993998e-03 	 167.7698 	  0.9903 	 8.615894e+19 	 6.552856e+17 	 7.793670e-05 	 3.897445e-06 	 -1000.0000 	 -1000.0000 	 -1000.0000 	 -1000.0000 
	 78.3570 	 1.964477e-03 	 167.6395 	  0.9902 	 8.494989e+19 	 6.465370e+17 	 7.663147e-05 	 3.819198e-06 	 -1000.0000 	 -1000.0000 	 -1000.0000 	 -1000.0000 
	 78.4900 	 1.935404e-03 	 167.5548 	  0.9900 	 8.373628e+19 	 6.375708e+17 	 7.487389e-05 	 3.743630e-06 	 -1000.0000 	 -1000.0000 	 -1000.0000 	 -1000.0000 
	 79.0090 	 1.826357e-03 	 167.6405 	  0.9865 	 7.898553e+19 	 6.005856e+17 	 6.370870e-05 	 3.467692e-06 	 -1000.0000 	 -1000.0000 	 -1000.0000 	 -1000.0000 
	 79.1420 	 1.799496e-03 	 167.7325 	  0.9850 	 7.778120e+19 	 5.908341e+17 	 6.029803e-05 	 3.391290e-06 	 -1000.0000 	 -1000.0000 	 -1000.0000 	 -1000.0000 
	 79.2740 	 1.773249e-03 	 167.8352 	  0.9832 	 7.659870e+19 	 5.811569e+17 	 5.698490e-05 	 3.314171e-06 	 -1000.0000 	 -1000.0000 	 -1000.0000 	 -1000.0000 
	 79.4070 	 1.747208e-03 	 167.9415 	  0.9812 	 7.542396e+19 	 5.714644e+17 	 5.387631e-05 	 3.237508e-06 	 -1000.0000 	 -1000.0000 	 -1000.0000 	 -1000.0000 
	 79.5400 	 1.721559e-03 	 168.0419 	  0.9789 	 7.426984e+19 	 5.618872e+17 	 5.114905e-05 	 3.163912e-06 	 -1000.0000 	 -1000.0000 	 -1000.0000 	 -1000.0000 
	 80.0460 	 1.627396e-03 	 168.2842 	  0.9687 	 7.010177e+19 	 5.271442e+17 	 4.541616e-05 	 2.957491e-06 	 -1000.0000 	 -1000.0000 	 -1000.0000 	 -1000.0000 
	 80.1780 	 1.603696e-03 	 168.3121 	  0.9659 	 6.906960e+19 	 5.185581e+17 	 4.497870e-05 	 2.934568e-06 	 -1000.0000 	 -1000.0000 	 -1000.0000 	 -1000.0000 
	 80.3100 	 1.580343e-03 	 168.3274 	  0.9630 	 6.805829e+19 	 5.101758e+17 	 4.489163e-05 	 2.924106e-06 	 -1000.0000 	 -1000.0000 	 -1000.0000 	 -1000.0000 
	 80.4410 	 1.557506e-03 	 168.3312 	  0.9601 	 6.707426e+19 	 5.020618e+17 	 4.509934e-05 	 2.923502e-06 	 -1000.0000 	 -1000.0000 	 -1000.0000 	 -1000.0000 
	 80.5730 	 1.534831e-03 	 168.3245 	  0.9574 	 6.610149e+19 	 4.940953e+17 	 4.554576e-05 	 2.929499e-06 	 -1000.0000 	 -1000.0000 	 -1000.0000 	 -1000.0000 
	 81.0960 	 1.448192e-03 	 168.1920 	  0.9483 	 6.242185e+19 	 4.646877e+17 	 4.849545e-05 	 2.977052e-06 	 -1000.0000 	 -1000.0000 	 -1000.0000 	 -1000.0000 
	 81.2280 	 1.427100e-03 	 168.1229 	  0.9465 	 6.153791e+19 	 4.578417e+17 	 4.927315e-05 	 2.988812e-06 	 -1000.0000 	 -1000.0000 	 -1000.0000 	 -1000.0000 
	 81.3600 	 1.406305e-03 	 168.0352 	  0.9450 	 6.067257e+19 	 4.512415e+17 	 4.996357e-05 	 2.999318e-06 	 -1000.0000 	 -1000.0000 	 -1000.0000 	 -1000.0000 
	 81.4910 	 1.385956e-03 	 167.9276 	  0.9438 	 5.983244e+19 	 4.449412e+17 	 5.051568e-05 	 3.008202e-06 	 -1000.0000 	 -1000.0000 	 -1000.0000 	 -1000.0000 
	 81.6230 	 1.365735e-03 	 167.7964 	  0.9429 	 5.900496e+19 	 4.388513e+17 	 5.089250e-05 	 3.015450e-06 	 -1000.0000 	 -1000.0000 	 -1000.0000 	 -1000.0000 
	 82.1360 	 1.289727e-03 	 167.0539 	  0.9426 	 5.596774e+19 	 4.175912e+17 	 5.040407e-05 	 3.022291e-06 	 -1000.0000 	 -1000.0000 	 -1000.0000 	 -1000.0000 
	 82.2680 	 1.270812e-03 	 166.8075 	  0.9431 	 5.522850e+19 	 4.126602e+17 	 4.993674e-05 	 3.018501e-06 	 -1000.0000 	 -1000.0000 	 -1000.0000 	 -1000.0000 
	 82.4000 	 1.252150e-03 	 166.5410 	  0.9438 	 5.450482e+19 	 4.079126e+17 	 4.941403e-05 	 3.012858e-06 	 -1000.0000 	 -1000.0000 	 -1000.0000 	 -1000.0000 
	 82.5310 	 1.233876e-03 	 166.2578 	  0.9447 	 5.380115e+19 	 4.033636e+17 	 4.888384e-05 	 3.005741e-06 	 -1000.0000 	 -1000.0000 	 -1000.0000 	 -1000.0000 
	 82.6630 	 1.215707e-03 	 165.9549 	  0.9457 	 5.310588e+19 	 3.989246e+17 	 4.838147e-05 	 2.997297e-06 	 -1000.0000 	 -1000.0000 	 -1000.0000 	 -1000.0000 
	 83.1800 	 1.146808e-03 	 164.6327 	  0.9508 	 5.049791e+19 	 3.826911e+17 	 4.708594e-05 	 2.956800e-06 	 -1000.0000 	 -1000.0000 	 -1000.0000 	 -1000.0000 
	 83.3110 	 1.129894e-03 	 164.2753 	  0.9526 	 4.986129e+19 	 3.788477e+17 	 4.685093e-05 	 2.945549e-06 	 -1000.0000 	 -1000.0000 	 -1000.0000 	 -1000.0000 
	 83.4420 	 1.113188e-03 	 163.9140 	  0.9546 	 4.923244e+19 	 3.751076e+17 	 4.660930e-05 	 2.934021e-06 	 -1000.0000 	 -1000.0000 	 -1000.0000 	 -1000.0000 
	 83.5730 	 1.096686e-03 	 163.5513 	  0.9569 	 4.861033e+19 	 3.714681e+17 	 4.633812e-05 	 2.922187e-06 	 -1000.0000 	 -1000.0000 	 -1000.0000 	 -1000.0000 
	 83.7050 	 1.080256e-03 	 163.1871 	  0.9597 	 4.798925e+19 	 3.678995e+17 	 4.601170e-05 	 2.909934e-06 	 -1000.0000 	 -1000.0000 	 -1000.0000 	 -1000.0000 
	 84.2130 	 1.018836e-03 	 161.8175 	  0.9726 	 4.564500e+19 	 3.547993e+17 	 4.415017e-05 	 2.860499e-06 	 -1000.0000 	 -1000.0000 	 -1000.0000 	 -1000.0000 
	 84.3440 	 1.003472e-03 	 161.4680 	  0.9757 	 4.505398e+19 	 3.514252e+17 	 4.360137e-05 	 2.847962e-06 	 -1000.0000 	 -1000.0000 	 -1000.0000 	 -1000.0000 
	 84.4750 	 9.883056e-04 	 161.1175 	  0.9783 	 4.446945e+19 	 3.479817e+17 	 4.306860e-05 	 2.835985e-06 	 -1000.0000 	 -1000.0000 	 -1000.0000 	 -1000.0000 
	 84.6060 	 9.733404e-04 	 160.7647 	  0.9802 	 4.389189e+19 	 3.444327e+17 	 4.257470e-05 	 2.824845e-06 	 -1000.0000 	 -1000.0000 	 -1000.0000 	 -1000.0000 
	 84.7370 	 9.585784e-04 	 160.4083 	  0.9813 	 4.332180e+19 	 3.407418e+17 	 4.214249e-05 	 2.814808e-06 	 -1000.0000 	 -1000.0000 	 -1000.0000 	 -1000.0000 
	 85.2530 	 9.024231e-04 	 158.9888 	  0.9749 	 4.114616e+19 	 3.244746e+17 	 4.122167e-05 	 2.788464e-06 	 -1000.0000 	 -1000.0000 	 -1000.0000 	 -1000.0000 
	 85.3840 	 8.886650e-04 	 158.6456 	  0.9710 	 4.060652e+19 	 3.199440e+17 	 4.113808e-05 	 2.784715e-06 	 -1000.0000 	 -1000.0000 	 -1000.0000 	 -1000.0000 
	 85.5150 	 8.751052e-04 	 158.3191 	  0.9664 	 4.006966e+19 	 3.152760e+17 	 4.108856e-05 	 2.781868e-06 	 -1000.0000 	 -1000.0000 	 -1000.0000 	 -1000.0000 
	 85.6460 	 8.617418e-04 	 158.0142 	  0.9611 	 3.953437e+19 	 3.104832e+17 	 4.105940e-05 	 2.779760e-06 	 -1000.0000 	 -1000.0000 	 -1000.0000 	 -1000.0000 
	 85.7770 	 8.485730e-04 	 157.7359 	  0.9552 	 3.899946e+19 	 3.055781e+17 	 4.103686e-05 	 2.778224e-06 	 -1000.0000 	 -1000.0000 	 -1000.0000 	 -1000.0000 
	 86.2970 	 7.981743e-04 	 156.9465 	  0.9293 	 3.686843e+19 	 2.854324e+17 	 4.087843e-05 	 2.777301e-06 	 -1000.0000 	 -1000.0000 	 -1000.0000 	 -1000.0000 
	 86.4270 	 7.860284e-04 	 156.8251 	  0.9230 	 3.633535e+19 	 2.804028e+17 	 4.083902e-05 	 2.779343e-06 	 -1000.0000 	 -1000.0000 	 -1000.0000 	 -1000.0000 
	 86.5570 	 7.740581e-04 	 156.7318 	  0.9172 	 3.580311e+19 	 2.754513e+17 	 4.081057e-05 	 2.782775e-06 	 -1000.0000 	 -1000.0000 	 -1000.0000 	 -1000.0000 
	 86.6880 	 7.621704e-04 	 156.6649 	  0.9121 	 3.526814e+19 	 2.705789e+17 	 4.079850e-05 	 2.787888e-06 	 -1000.0000 	 -1000.0000 	 -1000.0000 	 -1000.0000 
	 86.8180 	 7.505438e-04 	 156.6243 	  0.9078 	 3.473909e+19 	 2.658979e+17 	 4.080841e-05 	 2.794846e-06 	 -1000.0000 	 -1000.0000 	 -1000.0000 	 -1000.0000 
	 87.3270 	 7.066080e-04 	 156.6715 	  0.9008 	 3.269674e+19 	 2.493387e+17 	 4.107393e-05 	 2.840288e-06 	 -1000.0000 	 -1000.0000 	 -1000.0000 	 -1000.0000 
	 87.4570 	 6.957839e-04 	 156.7192 	  0.9009 	 3.218615e+19 	 2.454847e+17 	 4.117370e-05 	 2.854940e-06 	 -1000.0000 	 -1000.0000 	 -1000.0000 	 -1000.0000 
	 87.5870 	 6.851182e-04 	 156.7739 	  0.9014 	 3.168157e+19 	 2.417417e+17 	 4.127374e-05 	 2.870041e-06 	 -1000.0000 	 -1000.0000 	 -1000.0000 	 -1000.0000 
	 87.7180 	 6.745291e-04 	 156.8323 	  0.9022 	 3.117997e+19 	 2.380609e+17 	 4.136827e-05 	 2.885296e-06 	 -1000.0000 	 -1000.0000 	 -1000.0000 	 -1000.0000 
	 87.8480 	 6.641769e-04 	 156.8898 	  0.9031 	 3.068979e+19 	 2.344772e+17 	 4.144934e-05 	 2.900064e-06 	 -1000.0000 	 -1000.0000 	 -1000.0000 	 -1000.0000 
	 88.3670 	 6.243730e-04 	 157.0706 	  0.9053 	 2.881665e+19 	 2.204967e+17 	 4.158807e-05 	 2.948381e-06 	 -1000.0000 	 -1000.0000 	 -1000.0000 	 -1000.0000 
	 88.4970 	 6.147824e-04 	 157.1040 	  0.9047 	 2.836805e+19 	 2.170108e+17 	 4.158740e-05 	 2.956549e-06 	 -1000.0000 	 -1000.0000 	 -1000.0000 	 -1000.0000 
	 88.6270 	 6.053430e-04 	 157.1337 	  0.9035 	 2.792735e+19 	 2.135067e+17 	 4.157891e-05 	 2.962692e-06 	 -1000.0000 	 -1000.0000 	 -1000.0000 	 -1000.0000 
	 88.7580 	 5.959836e-04 	 157.1603 	  0.9014 	 2.749106e+19 	 2.099446e+17 	 4.156580e-05 	 2.966617e-06 	 -1000.0000 	 -1000.0000 	 -1000.0000 	 -1000.0000 
	 88.8880 	 5.868467e-04 	 157.1840 	  0.8983 	 2.706567e+19 	 2.063666e+17 	 4.155161e-05 	 2.968048e-06 	 -1000.0000 	 -1000.0000 	 -1000.0000 	 -1000.0000 
	 89.3900 	 5.529515e-04 	 157.2568 	  0.8785 	 2.549067e+19 	 1.922934e+17 	 4.154753e-05 	 2.958261e-06 	 -1000.0000 	 -1000.0000 	 -1000.0000 	 -1000.0000 
	 89.5200 	 5.445205e-04 	 157.2718 	  0.8731 	 2.509957e+19 	 1.887508e+17 	 4.157596e-05 	 2.957837e-06 	 -1000.0000 	 -1000.0000 	 -1000.0000 	 -1000.0000 
	 89.6500 	 5.362266e-04 	 157.2855 	  0.8683 	 2.471507e+19 	 1.853281e+17 	 4.162329e-05 	 2.961055e-06 	 -1000.0000 	 -1000.0000 	 -1000.0000 	 -1000.0000 
	 89.7800 	 5.280669e-04 	 157.2981 	  0.8646 	 2.433700e+19 	 1.820653e+17 	 4.169290e-05 	 2.969337e-06 	 -1000.0000 	 -1000.0000 	 -1000.0000 	 -1000.0000 
	 89.9100 	 5.200384e-04 	 157.3099 	  0.8623 	 2.396522e+19 	 1.790023e+17 	 4.178817e-05 	 2.984103e-06 	 -1000.0000 	 -1000.0000 	 -1000.0000 	 -1000.0000 
	 90.4230 	 4.895819e-04 	 157.3468 	  0.8706 	 2.255671e+19 	 1.691401e+17 	 4.241498e-05 	 3.113789e-06 	 -1000.0000 	 -1000.0000 	 -1000.0000 	 -1000.0000 
	 90.5530 	 4.821597e-04 	 157.3523 	  0.8758 	 2.221406e+19 	 1.670900e+17 	 4.261353e-05 	 3.159603e-06 	 -1000.0000 	 -1000.0000 	 -1000.0000 	 -1000.0000 
	 90.6830 	 4.748512e-04 	 157.3556 	  0.8818 	 2.187698e+19 	 1.651610e+17 	 4.281663e-05 	 3.208022e-06 	 -1000.0000 	 -1000.0000 	 -1000.0000 	 -1000.0000 
	 90.8120 	 4.677082e-04 	 157.3562 	  0.8881 	 2.154787e+19 	 1.633365e+17 	 4.301696e-05 	 3.257330e-06 	 -1000.0000 	 -1000.0000 	 -1000.0000 	 -1000.0000 
	 90.9420 	 4.606172e-04 	 157.3539 	  0.8945 	 2.122152e+19 	 1.615579e+17 	 4.321193e-05 	 3.306974e-06 	 -1000.0000 	 -1000.0000 	 -1000.0000 	 -1000.0000 
	 92.4530 	 3.851420e-04 	 157.0013 	  0.8786 	 1.778363e+19 	 1.357650e+17 	 4.328383e-05 	 3.471164e-06 	 -1000.0000 	 -1000.0000 	 -1000.0000 	 -1000.0000 
	 92.5830 	 3.792005e-04 	 156.9429 	  0.8672 	 1.751586e+19 	 1.328370e+17 	 4.312961e-05 	 3.444087e-06 	 -1000.0000 	 -1000.0000 	 -1000.0000 	 -1000.0000 
	 92.7130 	 3.733527e-04 	 156.8834 	  0.8560 	 1.725234e+19 	 1.299556e+17 	 4.301782e-05 	 3.420453e-06 	 -1000.0000 	 -1000.0000 	 -1000.0000 	 -1000.0000 
	 92.8420 	 3.676455e-04 	 156.8244 	  0.8457 	 1.699503e+19 	 1.272006e+17 	 4.297122e-05 	 3.403887e-06 	 -1000.0000 	 -1000.0000 	 -1000.0000 	 -1000.0000 
	 92.9720 	 3.619934e-04 	 156.7661 	  0.8369 	 1.673991e+19 	 1.245882e+17 	 4.301172e-05 	 3.397652e-06 	 -1000.0000 	 -1000.0000 	 -1000.0000 	 -1000.0000 
	 93.4770 	 3.409905e-04 	 156.5769 	  0.8218 	 1.578679e+19 	 1.164105e+17 	 4.419009e-05 	 3.494726e-06 	 -1000.0000 	 -1000.0000 	 -1000.0000 	 -1000.0000 
	 93.6060 	 3.358534e-04 	 156.5460 	  0.8212 	 1.555189e+19 	 1.146809e+17 	 4.471505e-05 	 3.540128e-06 	 -1000.0000 	 -1000.0000 	 -1000.0000 	 -1000.0000 
	 93.7350 	 3.308018e-04 	 156.5257 	  0.8211 	 1.531998e+19 	 1.130218e+17 	 4.531032e-05 	 3.588540e-06 	 -1000.0000 	 -1000.0000 	 -1000.0000 	 -1000.0000 
	 93.8640 	 3.258319e-04 	 156.5176 	  0.8210 	 1.509081e+19 	 1.113947e+17 	 4.596507e-05 	 3.637201e-06 	 -1000.0000 	 -1000.0000 	 -1000.0000 	 -1000.0000 
	 93.9930 	 3.209399e-04 	 156.5235 	  0.8206 	 1.486413e+19 	 1.097610e+17 	 4.666825e-05 	 3.683337e-06 	 -1000.0000 	 -1000.0000 	 -1000.0000 	 -1000.0000 
