	 height_(km) 	 press_(mbar) 	 temp_(K) 	 temperr_(K) 	 numdens_(m-3) 	 numdenserr_(m-3) 	 H2Ovmr_() 	 H2Ovmrerr_() 	 D/H_(VSMOW) 	 D/Herr_(VSMOW) 	 18O/16O_(VSMOW) 	 18O/16Oerr_(VSMOW) 
	  8.9690 	 1.907811e+00 	 166.5066 	  5.3717 	 8.203059e+22 	 2.590710e+21 	 7.558802e-06 	 4.788043e-06 	 -1000.0000 	 -1000.0000 	 -1000.0000 	 -1000.0000 
	  9.1020 	 1.878289e+00 	 167.0201 	  5.1662 	 8.068540e+22 	 2.457868e+21 	 8.266989e-06 	 4.693469e-06 	 -1000.0000 	 -1000.0000 	 -1000.0000 	 -1000.0000 
	  9.2350 	 1.849262e+00 	 167.5082 	  4.9666 	 7.935933e+22 	 2.330291e+21 	 8.330912e-06 	 4.169283e-06 	 -1000.0000 	 -1000.0000 	 -1000.0000 	 -1000.0000 
	  9.3680 	 1.820725e+00 	 167.9730 	  4.7729 	 7.805214e+22 	 2.207867e+21 	 7.362781e-06 	 3.030856e-06 	 -1000.0000 	 -1000.0000 	 -1000.0000 	 -1000.0000 
	 10.9290 	 1.520458e+00 	 172.4380 	  2.9123 	 6.403025e+22 	 1.117379e+21 	 1.298689e-05 	 1.610379e-06 	  3.0386 	  0.7880 	 -1000.0000 	 -1000.0000 
	 11.0620 	 1.497659e+00 	 172.7980 	  2.7871 	 6.294041e+22 	 1.050680e+21 	 1.326550e-05 	 1.610128e-06 	  3.0253 	  0.7689 	 -1000.0000 	 -1000.0000 
	 11.1940 	 1.475438e+00 	 173.1620 	  2.6676 	 6.187386e+22 	 9.880384e+20 	 1.350199e-05 	 1.614008e-06 	  3.0143 	  0.7530 	 -1000.0000 	 -1000.0000 
	 11.3270 	 1.453452e+00 	 173.5377 	  2.5520 	 6.081418e+22 	 9.283946e+20 	 1.370884e-05 	 1.621158e-06 	  3.0052 	  0.7393 	 -1000.0000 	 -1000.0000 
	 11.4600 	 1.431864e+00 	 173.9247 	  2.4412 	 5.976923e+22 	 8.721227e+20 	 1.389281e-05 	 1.630818e-06 	  2.9980 	  0.7273 	 -1000.0000 	 -1000.0000 
	 13.0220 	 1.206226e+00 	 180.0585 	  1.4737 	 4.851020e+22 	 4.247800e+20 	 1.667342e-05 	 1.813241e-06 	  3.0322 	  0.6125 	 -1000.0000 	 -1000.0000 
	 13.1540 	 1.189345e+00 	 180.7745 	  1.4182 	 4.763671e+22 	 4.017347e+20 	 1.714661e-05 	 1.827498e-06 	  3.0433 	  0.5995 	 -1000.0000 	 -1000.0000 
	 13.2870 	 1.172656e+00 	 181.5371 	  1.3660 	 4.676769e+22 	 3.803246e+20 	 1.769494e-05 	 1.840108e-06 	  3.0556 	  0.5850 	 -1000.0000 	 -1000.0000 
	 13.4190 	 1.156402e+00 	 182.3370 	  1.3180 	 4.591597e+22 	 3.607603e+20 	 1.831351e-05 	 1.851224e-06 	  3.0687 	  0.5696 	 -1000.0000 	 -1000.0000 
	 13.5510 	 1.140452e+00 	 183.1819 	  1.2736 	 4.507469e+22 	 3.427635e+20 	 1.900838e-05 	 1.861378e-06 	  3.0828 	  0.5535 	 -1000.0000 	 -1000.0000 
	 15.1250 	 9.716322e-01 	 197.1758 	  0.9972 	 3.579138e+22 	 2.113559e+20 	 3.304673e-05 	 1.884662e-06 	  3.3536 	  0.3743 	  0.9922 	  0.1132 
	 15.2570 	 9.591046e-01 	 198.5907 	  0.9912 	 3.508456e+22 	 2.049537e+20 	 3.450018e-05 	 1.881735e-06 	  3.3860 	  0.3642 	  0.9919 	  0.1069 
	 15.3890 	 9.468052e-01 	 200.0068 	  0.9869 	 3.439272e+22 	 1.990447e+20 	 3.593268e-05 	 1.876899e-06 	  3.4201 	  0.3549 	  0.9917 	  0.1012 
	 15.5210 	 9.347288e-01 	 201.4148 	  0.9840 	 3.371684e+22 	 1.935901e+20 	 3.732277e-05 	 1.866959e-06 	  3.4558 	  0.3462 	  0.9916 	  0.0959 
	 15.6530 	 9.228702e-01 	 202.8055 	  0.9825 	 3.305791e+22 	 1.885512e+20 	 3.864808e-05 	 1.848951e-06 	  3.4931 	  0.3377 	  0.9916 	  0.0910 
	 17.2080 	 7.978041e-01 	 215.0280 	  0.9907 	 2.685648e+22 	 1.480017e+20 	 4.889544e-05 	 1.898740e-06 	  3.9762 	  0.3133 	  0.9945 	  0.0748 
	 17.3400 	 7.882799e-01 	 215.5975 	  0.9903 	 2.646394e+22 	 1.454687e+20 	 4.921751e-05 	 1.911092e-06 	  4.0153 	  0.3149 	  0.9949 	  0.0748 
	 17.4710 	 7.789738e-01 	 216.0951 	  0.9896 	 2.609125e+22 	 1.430551e+20 	 4.945346e-05 	 1.922671e-06 	  4.0528 	  0.3170 	  0.9953 	  0.0748 
	 17.6030 	 7.697388e-01 	 216.5311 	  0.9887 	 2.573162e+22 	 1.407195e+20 	 4.961219e-05 	 1.933624e-06 	  4.0892 	  0.3193 	  0.9957 	  0.0750 
	 17.7340 	 7.607097e-01 	 216.9013 	  0.9876 	 2.538943e+22 	 1.384924e+20 	 4.969782e-05 	 1.943762e-06 	  4.1237 	  0.3219 	  0.9961 	  0.0752 
	 19.2980 	 6.616816e-01 	 217.4162 	  0.9632 	 2.207096e+22 	 1.172749e+20 	 4.815525e-05 	 2.022010e-06 	  4.3734 	  0.3566 	  0.9945 	  0.0795 
	 19.4300 	 6.539537e-01 	 217.2157 	  0.9607 	 2.183290e+22 	 1.158228e+20 	 4.804293e-05 	 2.026735e-06 	  4.3783 	  0.3585 	  0.9936 	  0.0797 
	 19.5610 	 6.463700e-01 	 216.9941 	  0.9581 	 2.160106e+22 	 1.144201e+20 	 4.796471e-05 	 2.031487e-06 	  4.3803 	  0.3600 	  0.9926 	  0.0799 
	 19.6930 	 6.388128e-01 	 216.7514 	  0.9555 	 2.137154e+22 	 1.130426e+20 	 4.792267e-05 	 2.036432e-06 	  4.3796 	  0.3611 	  0.9915 	  0.0801 
	 19.8240 	 6.313944e-01 	 216.4945 	  0.9530 	 2.114746e+22 	 1.117085e+20 	 4.791898e-05 	 2.041570e-06 	  4.3762 	  0.3618 	  0.9903 	  0.0801 
	 21.3810 	 5.487858e-01 	 213.2780 	  0.9294 	 1.865336e+22 	 9.749235e+19 	 5.030926e-05 	 2.132286e-06 	  4.2407 	  0.3538 	  0.9817 	  0.0793 
	 21.5120 	 5.422726e-01 	 213.0379 	  0.9282 	 1.845290e+22 	 9.639590e+19 	 5.064123e-05 	 2.142736e-06 	  4.2298 	  0.3528 	  0.9825 	  0.0792 
	 21.6430 	 5.358269e-01 	 212.8014 	  0.9272 	 1.825398e+22 	 9.531522e+19 	 5.097727e-05 	 2.153586e-06 	  4.2202 	  0.3520 	  0.9837 	  0.0792 
	 21.7740 	 5.294490e-01 	 212.5678 	  0.9262 	 1.805667e+22 	 9.425075e+19 	 5.131392e-05 	 2.164807e-06 	  4.2121 	  0.3512 	  0.9853 	  0.0792 
	 21.9060 	 5.230912e-01 	 212.3346 	  0.9254 	 1.785955e+22 	 9.319501e+19 	 5.165087e-05 	 2.176460e-06 	  4.2053 	  0.3507 	  0.9873 	  0.0793 
	 23.4640 	 4.532987e-01 	 209.5232 	  0.9247 	 1.568246e+22 	 8.213809e+19 	 5.485278e-05 	 2.327254e-06 	  4.2076 	  0.3527 	  1.0331 	  0.0820 
	 23.5950 	 4.478594e-01 	 209.2788 	  0.9254 	 1.551215e+22 	 8.132329e+19 	 5.503831e-05 	 2.340187e-06 	  4.2121 	  0.3534 	  1.0381 	  0.0823 
	 23.7260 	 4.424819e-01 	 209.0355 	  0.9262 	 1.534357e+22 	 8.052337e+19 	 5.521387e-05 	 2.353084e-06 	  4.2168 	  0.3542 	  1.0432 	  0.0827 
	 23.8560 	 4.372055e-01 	 208.7959 	  0.9271 	 1.517791e+22 	 7.974347e+19 	 5.538053e-05 	 2.365855e-06 	  4.2217 	  0.3550 	  1.0483 	  0.0831 
	 23.9870 	 4.319479e-01 	 208.5568 	  0.9282 	 1.501255e+22 	 7.897083e+19 	 5.554385e-05 	 2.378713e-06 	  4.2270 	  0.3559 	  1.0534 	  0.0835 
	 25.5370 	 3.738751e-01 	 206.0833 	  0.9491 	 1.315510e+22 	 7.058321e+19 	 5.833859e-05 	 2.542169e-06 	  4.2779 	  0.3634 	  1.1044 	  0.0870 
	 25.6670 	 3.693288e-01 	 205.8912 	  0.9513 	 1.300765e+22 	 6.992984e+19 	 5.873543e-05 	 2.557949e-06 	  4.2788 	  0.3634 	  1.1069 	  0.0871 
	 25.7980 	 3.647966e-01 	 205.6928 	  0.9535 	 1.286070e+22 	 6.927875e+19 	 5.917173e-05 	 2.574348e-06 	  4.2789 	  0.3631 	  1.1089 	  0.0871 
	 25.9280 	 3.603474e-01 	 205.4890 	  0.9557 	 1.271658e+22 	 6.863984e+19 	 5.964105e-05 	 2.591139e-06 	  4.2779 	  0.3628 	  1.1106 	  0.0871 
	 26.0590 	 3.559125e-01 	 205.2748 	  0.9579 	 1.257316e+22 	 6.800327e+19 	 6.014931e-05 	 2.608587e-06 	  4.2760 	  0.3622 	  1.1118 	  0.0870 
	 27.6100 	 3.070151e-01 	 201.5573 	  0.9747 	 1.103733e+22 	 6.097880e+19 	 6.739264e-05 	 2.845995e-06 	  4.2388 	  0.3539 	  1.1120 	  0.0848 
	 27.7400 	 3.032099e-01 	 201.1704 	  0.9752 	 1.092093e+22 	 6.041713e+19 	 6.794768e-05 	 2.866862e-06 	  4.2394 	  0.3539 	  1.1124 	  0.0847 
	 27.8700 	 2.994485e-01 	 200.7875 	  0.9756 	 1.080565e+22 	 5.985496e+19 	 6.846797e-05 	 2.887468e-06 	  4.2413 	  0.3541 	  1.1132 	  0.0848 
	 28.0000 	 2.957304e-01 	 200.4127 	  0.9760 	 1.069130e+22 	 5.929114e+19 	 6.894896e-05 	 2.907641e-06 	  4.2447 	  0.3545 	  1.1143 	  0.0848 
	 28.1300 	 2.920553e-01 	 200.0501 	  0.9762 	 1.057766e+22 	 5.872452e+19 	 6.938759e-05 	 2.927174e-06 	  4.2495 	  0.3552 	  1.1158 	  0.0850 
	 29.6730 	 2.515865e-01 	 197.9000 	  0.9776 	 9.222361e+21 	 5.147137e+19 	 7.151919e-05 	 3.023593e-06 	  4.3761 	  0.3701 	  1.1547 	  0.0884 
	 29.8030 	 2.484303e-01 	 197.9105 	  0.9780 	 9.106806e+21 	 5.082616e+19 	 7.148051e-05 	 3.014180e-06 	  4.3887 	  0.3709 	  1.1588 	  0.0886 
	 29.9320 	 2.453352e-01 	 197.9356 	  0.9786 	 8.992579e+21 	 5.018883e+19 	 7.141675e-05 	 3.001634e-06 	  4.4009 	  0.3715 	  1.1627 	  0.0887 
	 30.0620 	 2.422529e-01 	 197.9712 	  0.9793 	 8.878098e+21 	 4.955167e+19 	 7.132828e-05 	 2.985904e-06 	  4.4128 	  0.3720 	  1.1667 	  0.0887 
	 30.1910 	 2.392302e-01 	 198.0126 	  0.9803 	 8.765312e+21 	 4.892665e+19 	 7.121731e-05 	 2.967499e-06 	  4.4241 	  0.3722 	  1.1705 	  0.0887 
	 31.7460 	 2.054473e-01 	 197.5715 	  1.0106 	 7.531644e+21 	 4.266068e+19 	 6.891728e-05 	 3.350046e-06 	  4.4962 	  0.4036 	  1.2023 	  0.0970 
	 31.8750 	 2.028523e-01 	 197.3933 	  1.0146 	 7.442215e+21 	 4.226811e+19 	 6.864398e-05 	 3.431436e-06 	  4.4947 	  0.4098 	  1.2033 	  0.0988 
	 32.0040 	 2.002873e-01 	 197.1933 	  1.0189 	 7.354658e+21 	 4.189187e+19 	 6.834302e-05 	 3.500913e-06 	  4.4916 	  0.4156 	  1.2039 	  0.1004 
	 32.1340 	 1.977325e-01 	 196.9705 	  1.0232 	 7.268262e+21 	 4.152812e+19 	 6.801493e-05 	 3.558803e-06 	  4.4870 	  0.4210 	  1.2042 	  0.1019 
	 32.2630 	 1.952268e-01 	 196.7288 	  1.0276 	 7.184304e+21 	 4.118137e+19 	 6.766877e-05 	 3.604338e-06 	  4.4808 	  0.4257 	  1.2040 	  0.1032 
	 35.8590 	 1.357367e-01 	 184.2111 	  1.0811 	 5.342265e+21 	 3.292366e+19 	 6.092437e-05 	 2.888799e-06 	  4.1403 	  0.4416 	  1.1509 	  0.1048 
	 35.9880 	 1.339253e-01 	 183.6601 	  1.0781 	 5.286700e+21 	 3.256251e+19 	 6.101621e-05 	 2.878390e-06 	  4.1415 	  0.4416 	  1.1517 	  0.1046 
	 36.1170 	 1.321336e-01 	 183.1142 	  1.0750 	 5.231422e+21 	 3.219957e+19 	 6.114469e-05 	 2.865120e-06 	  4.1449 	  0.4412 	  1.1530 	  0.1044 
	 36.2460 	 1.303615e-01 	 182.5750 	  1.0717 	 5.176394e+21 	 3.183628e+19 	 6.131186e-05 	 2.849070e-06 	  4.1504 	  0.4405 	  1.1548 	  0.1041 
	 36.3740 	 1.286223e-01 	 182.0483 	  1.0686 	 5.122005e+21 	 3.147690e+19 	 6.151823e-05 	 2.830584e-06 	  4.1578 	  0.4395 	  1.1570 	  0.1036 
	 37.9220 	 1.090411e-01 	 176.8717 	  1.0498 	 4.469949e+21 	 2.768426e+19 	 6.808579e-05 	 2.536033e-06 	  4.2051 	  0.4017 	  1.1683 	  0.0911 
	 38.0500 	 1.075382e-01 	 176.5467 	  1.0504 	 4.416545e+21 	 2.743032e+19 	 6.900437e-05 	 2.514880e-06 	  4.1878 	  0.3967 	  1.1633 	  0.0896 
	 38.1790 	 1.060410e-01 	 176.2284 	  1.0512 	 4.362983e+21 	 2.718123e+19 	 6.998564e-05 	 2.495026e-06 	  4.1647 	  0.3916 	  1.1567 	  0.0881 
	 38.3070 	 1.045728e-01 	 175.9201 	  1.0522 	 4.310142e+21 	 2.694005e+19 	 7.100625e-05 	 2.476684e-06 	  4.1358 	  0.3863 	  1.1485 	  0.0866 
	 38.4360 	 1.031105e-01 	 175.6149 	  1.0534 	 4.257245e+21 	 2.670223e+19 	 7.206731e-05 	 2.459276e-06 	  4.1012 	  0.3891 	  1.1387 	  0.0851 
	 39.9720 	 8.701196e-02 	 171.8170 	  1.0646 	 3.670638e+21 	 2.402598e+19 	 7.452805e-05 	 3.357274e-06 	  3.6474 	  0.4958 	  1.0072 	  0.0865 
	 40.1000 	 8.577605e-02 	 171.4662 	  1.0653 	 3.625858e+21 	 2.380968e+19 	 7.312803e-05 	 3.306082e-06 	  3.6372 	  0.5040 	  1.0035 	  0.0870 
	 40.2290 	 8.454613e-02 	 171.1094 	  1.0660 	 3.581299e+21 	 2.359440e+19 	 7.146833e-05 	 3.215988e-06 	  3.6358 	  0.5117 	  1.0020 	  0.0874 
	 40.3570 	 8.334109e-02 	 170.7530 	  1.0668 	 3.537628e+21 	 2.338401e+19 	 6.961020e-05 	 3.084699e-06 	  3.6439 	  0.5188 	  1.0030 	  0.0876 
	 40.4860 	 8.214190e-02 	 170.3920 	  1.0678 	 3.494141e+21 	 2.317574e+19 	 6.754584e-05 	 2.916339e-06 	  3.6617 	  0.5261 	  1.0065 	  0.0877 
	 42.0250 	 6.895293e-02 	 166.2105 	  1.1048 	 3.008009e+21 	 2.114150e+19 	 3.822018e-05 	 1.768960e-06 	  4.3397 	  0.7333 	  1.1593 	  0.1195 
	 42.1530 	 6.794418e-02 	 165.8856 	  1.1101 	 2.969894e+21 	 2.101108e+19 	 3.643112e-05 	 1.852869e-06 	  4.4068 	  0.7658 	  1.1731 	  0.1271 
	 42.2810 	 6.694837e-02 	 165.5646 	  1.1156 	 2.932121e+21 	 2.088466e+19 	 3.483230e-05 	 1.927225e-06 	  4.4707 	  0.8001 	  1.1857 	  0.1353 
	 42.4090 	 6.596540e-02 	 165.2472 	  1.1213 	 2.894688e+21 	 2.076169e+19 	 3.340201e-05 	 1.987310e-06 	  4.5304 	  0.8351 	  1.1970 	  0.1437 
	 42.5370 	 6.499513e-02 	 164.9337 	  1.1271 	 2.857596e+21 	 2.064162e+19 	 3.211432e-05 	 2.031243e-06 	  4.5854 	  0.8692 	  1.2067 	  0.1519 
	 46.0910 	 4.265845e-02 	 157.5819 	  1.1939 	 1.962226e+21 	 1.632847e+19 	 1.999250e-05 	 1.515431e-06 	 -1000.0000 	 -1000.0000 	 -1000.0000 	 -1000.0000 
	 46.2180 	 4.200818e-02 	 157.3672 	  1.1899 	 1.934932e+21 	 1.609187e+19 	 1.995971e-05 	 1.484826e-06 	 -1000.0000 	 -1000.0000 	 -1000.0000 	 -1000.0000 
	 46.3460 	 4.136206e-02 	 157.1554 	  1.1858 	 1.907727e+21 	 1.585243e+19 	 1.992927e-05 	 1.454468e-06 	 -1000.0000 	 -1000.0000 	 -1000.0000 	 -1000.0000 
	 46.4730 	 4.073008e-02 	 156.9500 	  1.1819 	 1.881034e+21 	 1.561527e+19 	 1.989767e-05 	 1.424500e-06 	 -1000.0000 	 -1000.0000 	 -1000.0000 	 -1000.0000 
	 46.6000 	 4.010707e-02 	 156.7497 	  1.1781 	 1.854634e+21 	 1.537989e+19 	 1.986031e-05 	 1.394331e-06 	 -1000.0000 	 -1000.0000 	 -1000.0000 	 -1000.0000 
	 48.1340 	 3.325416e-02 	 154.7999 	  1.1828 	 1.557612e+21 	 1.311629e+19 	 1.758253e-05 	 9.918101e-07 	 -1000.0000 	 -1000.0000 	 -1000.0000 	 -1000.0000 
	 48.2610 	 3.273929e-02 	 154.6729 	  1.1880 	 1.534789e+21 	 1.298757e+19 	 1.719198e-05 	 9.590830e-07 	 -1000.0000 	 -1000.0000 	 -1000.0000 	 -1000.0000 
	 48.3880 	 3.223192e-02 	 154.5485 	  1.1936 	 1.512243e+21 	 1.286476e+19 	 1.677433e-05 	 9.272440e-07 	 -1000.0000 	 -1000.0000 	 -1000.0000 	 -1000.0000 
	 48.5150 	 3.173193e-02 	 154.4261 	  1.1996 	 1.489976e+21 	 1.274694e+19 	 1.633365e-05 	 8.967505e-07 	 -1000.0000 	 -1000.0000 	 -1000.0000 	 -1000.0000 
	 48.6420 	 3.123922e-02 	 154.3051 	  1.2058 	 1.467989e+21 	 1.263316e+19 	 1.587682e-05 	 8.689569e-07 	 -1000.0000 	 -1000.0000 	 -1000.0000 	 -1000.0000 
	 50.1670 	 2.585112e-02 	 152.7801 	  1.2706 	 1.226244e+21 	 1.126813e+19 	 1.100234e-05 	 7.412873e-07 	 -1000.0000 	 -1000.0000 	 -1000.0000 	 -1000.0000 
	 50.2930 	 2.544713e-02 	 152.6609 	  1.2739 	 1.207985e+21 	 1.114152e+19 	 1.072386e-05 	 7.337309e-07 	 -1000.0000 	 -1000.0000 	 -1000.0000 	 -1000.0000 
	 50.4200 	 2.504607e-02 	 152.5489 	  1.2771 	 1.189799e+21 	 1.101181e+19 	 1.047284e-05 	 7.279897e-07 	 -1000.0000 	 -1000.0000 	 -1000.0000 	 -1000.0000 
	 50.5470 	 2.465113e-02 	 152.4466 	  1.2800 	 1.171819e+21 	 1.088015e+19 	 1.027006e-05 	 7.305418e-07 	 -1000.0000 	 -1000.0000 	 -1000.0000 	 -1000.0000 
	 50.6730 	 2.426532e-02 	 152.3568 	  1.2827 	 1.154173e+21 	 1.074774e+19 	 1.009761e-05 	 7.345254e-07 	 -1000.0000 	 -1000.0000 	 -1000.0000 	 -1000.0000 
	 52.2000 	 2.005084e-02 	 152.7774 	  1.3087 	 9.516704e+20 	 9.052294e+18 	 9.743466e-06 	 8.417930e-07 	 -1000.0000 	 -1000.0000 	 -1000.0000 	 -1000.0000 
	 52.3260 	 1.973961e-02 	 152.9598 	  1.3104 	 9.357919e+20 	 8.907755e+18 	 9.806709e-06 	 8.509373e-07 	 -1000.0000 	 -1000.0000 	 -1000.0000 	 -1000.0000 
	 52.4520 	 1.943367e-02 	 153.1634 	  1.3118 	 9.200627e+20 	 8.762700e+18 	 9.873122e-06 	 8.594144e-07 	 -1000.0000 	 -1000.0000 	 -1000.0000 	 -1000.0000 
	 52.5790 	 1.913058e-02 	 153.3895 	  1.3129 	 9.043668e+20 	 8.615998e+18 	 9.940813e-06 	 8.672307e-07 	 -1000.0000 	 -1000.0000 	 -1000.0000 	 -1000.0000 
	 52.7050 	 1.883505e-02 	 153.6341 	  1.3138 	 8.889588e+20 	 8.469986e+18 	 1.000644e-05 	 8.742440e-07 	 -1000.0000 	 -1000.0000 	 -1000.0000 	 -1000.0000 
	 54.2330 	 1.563667e-02 	 157.9596 	  1.2923 	 7.176796e+20 	 6.678068e+18 	 1.005170e-05 	 9.051729e-07 	 -1000.0000 	 -1000.0000 	 -1000.0000 	 -1000.0000 
	 54.3590 	 1.540248e-02 	 158.3968 	  1.2876 	 7.049909e+20 	 6.532312e+18 	 9.984715e-06 	 9.044503e-07 	 -1000.0000 	 -1000.0000 	 -1000.0000 	 -1000.0000 
	 54.4840 	 1.517423e-02 	 158.8357 	  1.2825 	 6.926309e+20 	 6.389025e+18 	 9.912599e-06 	 9.033023e-07 	 -1000.0000 	 -1000.0000 	 -1000.0000 	 -1000.0000 
	 54.6100 	 1.494818e-02 	 159.2819 	  1.2770 	 6.804037e+20 	 6.246160e+18 	 9.835456e-06 	 9.016442e-07 	 -1000.0000 	 -1000.0000 	 -1000.0000 	 -1000.0000 
	 54.7360 	 1.472609e-02 	 159.7301 	  1.2711 	 6.684110e+20 	 6.105114e+18 	 9.755705e-06 	 8.995224e-07 	 -1000.0000 	 -1000.0000 	 -1000.0000 	 -1000.0000 
	 56.2560 	 1.232863e-02 	 164.7074 	  1.1826 	 5.427335e+20 	 4.631248e+18 	 9.222256e-06 	 8.535940e-07 	 -1000.0000 	 -1000.0000 	 -1000.0000 	 -1000.0000 
	 56.3810 	 1.215218e-02 	 165.0335 	  1.1751 	 5.339327e+20 	 4.533082e+18 	 9.234160e-06 	 8.492459e-07 	 -1000.0000 	 -1000.0000 	 -1000.0000 	 -1000.0000 
	 56.5070 	 1.197713e-02 	 165.3422 	  1.1678 	 5.252806e+20 	 4.437862e+18 	 9.252458e-06 	 8.450349e-07 	 -1000.0000 	 -1000.0000 	 -1000.0000 	 -1000.0000 
	 56.6320 	 1.180620e-02 	 165.6270 	  1.1610 	 5.169101e+20 	 4.347109e+18 	 9.276211e-06 	 8.411482e-07 	 -1000.0000 	 -1000.0000 	 -1000.0000 	 -1000.0000 
	 56.7580 	 1.163656e-02 	 165.8911 	  1.1544 	 5.086829e+20 	 4.259382e+18 	 9.304448e-06 	 8.375378e-07 	 -1000.0000 	 -1000.0000 	 -1000.0000 	 -1000.0000 
	 58.2790 	 9.772437e-03 	 166.7683 	  1.1298 	 4.243610e+20 	 3.495577e+18 	 9.536258e-06 	 8.341666e-07 	 -1000.0000 	 -1000.0000 	 -1000.0000 	 -1000.0000 
	 58.4040 	 9.632660e-03 	 166.6435 	  1.1325 	 4.185165e+20 	 3.454641e+18 	 9.542873e-06 	 8.401902e-07 	 -1000.0000 	 -1000.0000 	 -1000.0000 	 -1000.0000 
	 58.5290 	 9.494775e-03 	 166.4938 	  1.1357 	 4.128130e+20 	 3.416245e+18 	 9.543247e-06 	 8.463634e-07 	 -1000.0000 	 -1000.0000 	 -1000.0000 	 -1000.0000 
	 58.6540 	 9.358760e-03 	 166.3206 	  1.1393 	 4.072453e+20 	 3.380197e+18 	 9.537729e-06 	 8.526538e-07 	 -1000.0000 	 -1000.0000 	 -1000.0000 	 -1000.0000 
	 58.7790 	 9.224589e-03 	 166.1252 	  1.1432 	 4.018082e+20 	 3.346307e+18 	 9.526724e-06 	 8.590306e-07 	 -1000.0000 	 -1000.0000 	 -1000.0000 	 -1000.0000 
	 62.2810 	 6.117953e-03 	 157.4375 	  1.1203 	 2.817835e+20 	 2.511504e+18 	 8.804318e-06 	 9.735294e-07 	 -1000.0000 	 -1000.0000 	 -1000.0000 	 -1000.0000 
	 62.4060 	 6.027108e-03 	 157.2054 	  1.1084 	 2.780028e+20 	 2.465579e+18 	 8.818010e-06 	 9.732407e-07 	 -1000.0000 	 -1000.0000 	 -1000.0000 	 -1000.0000 
	 62.5310 	 5.937488e-03 	 156.9883 	  1.0963 	 2.742382e+20 	 2.419111e+18 	 8.836642e-06 	 9.728928e-07 	 -1000.0000 	 -1000.0000 	 -1000.0000 	 -1000.0000 
	 62.6560 	 5.849086e-03 	 156.7867 	  1.0841 	 2.704909e+20 	 2.372374e+18 	 8.860328e-06 	 9.725717e-07 	 -1000.0000 	 -1000.0000 	 -1000.0000 	 -1000.0000 
	 62.7810 	 5.761893e-03 	 156.6011 	  1.0720 	 2.667617e+20 	 2.325643e+18 	 8.889182e-06 	 9.723693e-07 	 -1000.0000 	 -1000.0000 	 -1000.0000 	 -1000.0000 
	 64.2840 	 4.804953e-03 	 155.7070 	  0.9838 	 2.238046e+20 	 1.854524e+18 	 9.678326e-06 	 1.017162e-06 	 -1000.0000 	 -1000.0000 	 -1000.0000 	 -1000.0000 
	 64.4090 	 4.732607e-03 	 155.7035 	  0.9827 	 2.204538e+20 	 1.826189e+18 	 9.775350e-06 	 1.026066e-06 	 -1000.0000 	 -1000.0000 	 -1000.0000 	 -1000.0000 
	 64.5330 	 4.661864e-03 	 155.6962 	  0.9822 	 2.171784e+20 	 1.799465e+18 	 9.873615e-06 	 1.035411e-06 	 -1000.0000 	 -1000.0000 	 -1000.0000 	 -1000.0000 
	 64.6580 	 4.591567e-03 	 155.6813 	  0.9822 	 2.139291e+20 	 1.773816e+18 	 9.973915e-06 	 1.045241e-06 	 -1000.0000 	 -1000.0000 	 -1000.0000 	 -1000.0000 
	 64.7820 	 4.522824e-03 	 155.6552 	  0.9826 	 2.107613e+20 	 1.749548e+18 	 1.007384e-05 	 1.055293e-06 	 -1000.0000 	 -1000.0000 	 -1000.0000 	 -1000.0000 
	 66.2970 	 3.756299e-03 	 153.2263 	  0.9884 	 1.776259e+20 	 1.510331e+18 	 1.102897e-05 	 1.161381e-06 	 -1000.0000 	 -1000.0000 	 -1000.0000 	 -1000.0000 
	 66.4210 	 3.699074e-03 	 152.8293 	  0.9873 	 1.753685e+20 	 1.493241e+18 	 1.106982e-05 	 1.166747e-06 	 -1000.0000 	 -1000.0000 	 -1000.0000 	 -1000.0000 
	 66.5460 	 3.642162e-03 	 152.4084 	  0.9859 	 1.731454e+20 	 1.476217e+18 	 1.110479e-05 	 1.171649e-06 	 -1000.0000 	 -1000.0000 	 -1000.0000 	 -1000.0000 
	 66.6700 	 3.586460e-03 	 151.9735 	  0.9843 	 1.709875e+20 	 1.459503e+18 	 1.113339e-05 	 1.176033e-06 	 -1000.0000 	 -1000.0000 	 -1000.0000 	 -1000.0000 
	 66.7940 	 3.531494e-03 	 151.5240 	  0.9824 	 1.688721e+20 	 1.442937e+18 	 1.115605e-05 	 1.179970e-06 	 -1000.0000 	 -1000.0000 	 -1000.0000 	 -1000.0000 
	 68.2900 	 2.921440e-03 	 145.9544 	  0.9451 	 1.451268e+20 	 1.245941e+18 	 1.102821e-05 	 1.204880e-06 	 -1000.0000 	 -1000.0000 	 -1000.0000 	 -1000.0000 
	 68.4140 	 2.874996e-03 	 145.5330 	  0.9413 	 1.432317e+20 	 1.229637e+18 	 1.099397e-05 	 1.205952e-06 	 -1000.0000 	 -1000.0000 	 -1000.0000 	 -1000.0000 
	 68.5380 	 2.829164e-03 	 145.1203 	  0.9375 	 1.413469e+20 	 1.213397e+18 	 1.095827e-05 	 1.206966e-06 	 -1000.0000 	 -1000.0000 	 -1000.0000 	 -1000.0000 
	 68.6610 	 2.784305e-03 	 144.7197 	  0.9338 	 1.394878e+20 	 1.197369e+18 	 1.092186e-05 	 1.207931e-06 	 -1000.0000 	 -1000.0000 	 -1000.0000 	 -1000.0000 
	 68.7850 	 2.739686e-03 	 144.3248 	  0.9301 	 1.376246e+20 	 1.181312e+18 	 1.088463e-05 	 1.208875e-06 	 -1000.0000 	 -1000.0000 	 -1000.0000 	 -1000.0000 
	 70.2930 	 2.244600e-03 	 140.2645 	  0.8998 	 1.160337e+20 	 1.000775e+18 	 1.053421e-05 	 1.221800e-06 	 -1000.0000 	 -1000.0000 	 -1000.0000 	 -1000.0000 
	 70.4170 	 2.207629e-03 	 139.9725 	  0.8988 	 1.143644e+20 	 9.874891e+17 	 1.051746e-05 	 1.223250e-06 	 -1000.0000 	 -1000.0000 	 -1000.0000 	 -1000.0000 
	 70.5400 	 2.171478e-03 	 139.6825 	  0.8980 	 1.127281e+20 	 9.745602e+17 	 1.050171e-05 	 1.224785e-06 	 -1000.0000 	 -1000.0000 	 -1000.0000 	 -1000.0000 
	 70.6630 	 2.135837e-03 	 139.3906 	  0.8973 	 1.111117e+20 	 9.618817e+17 	 1.048653e-05 	 1.226427e-06 	 -1000.0000 	 -1000.0000 	 -1000.0000 	 -1000.0000 
	 70.7870 	 2.100414e-03 	 139.0926 	  0.8968 	 1.095034e+20 	 9.493546e+17 	 1.047153e-05 	 1.228201e-06 	 -1000.0000 	 -1000.0000 	 -1000.0000 	 -1000.0000 
	 72.2860 	 1.709133e-03 	 134.6760 	  0.8962 	 9.196870e+19 	 8.181559e+17 	 1.023609e-05 	 1.263222e-06 	 -1000.0000 	 -1000.0000 	 -1000.0000 	 -1000.0000 
	 72.4090 	 1.679860e-03 	 134.2431 	  0.8965 	 9.068234e+19 	 8.088866e+17 	 1.021499e-05 	 1.267092e-06 	 -1000.0000 	 -1000.0000 	 -1000.0000 	 -1000.0000 
	 72.5320 	 1.651003e-03 	 133.8061 	  0.8969 	 8.941421e+19 	 7.997890e+17 	 1.019566e-05 	 1.271004e-06 	 -1000.0000 	 -1000.0000 	 -1000.0000 	 -1000.0000 
	 72.6550 	 1.622557e-03 	 133.3669 	  0.8974 	 8.816301e+19 	 7.908497e+17 	 1.017859e-05 	 1.274928e-06 	 -1000.0000 	 -1000.0000 	 -1000.0000 	 -1000.0000 
	 72.7780 	 1.594522e-03 	 132.9274 	  0.8980 	 8.692742e+19 	 7.820549e+17 	 1.016432e-05 	 1.278832e-06 	 -1000.0000 	 -1000.0000 	 -1000.0000 	 -1000.0000 
	 74.2790 	 1.284473e-03 	 128.1847 	  0.9180 	 7.265764e+19 	 6.817881e+17 	 1.036531e-05 	 1.313166e-06 	 -1000.0000 	 -1000.0000 	 -1000.0000 	 -1000.0000 
	 74.4020 	 1.261592e-03 	 127.8733 	  0.9210 	 7.153749e+19 	 6.740155e+17 	 1.041085e-05 	 1.315136e-06 	 -1000.0000 	 -1000.0000 	 -1000.0000 	 -1000.0000 
	 74.5240 	 1.239256e-03 	 127.5750 	  0.9243 	 7.043489e+19 	 6.663965e+17 	 1.045765e-05 	 1.317261e-06 	 -1000.0000 	 -1000.0000 	 -1000.0000 	 -1000.0000 
	 74.6470 	 1.217094e-03 	 127.2845 	  0.9278 	 6.933220e+19 	 6.588143e+17 	 1.050576e-05 	 1.319664e-06 	 -1000.0000 	 -1000.0000 	 -1000.0000 	 -1000.0000 
	 74.7700 	 1.195286e-03 	 127.0037 	  0.9316 	 6.823898e+19 	 6.513397e+17 	 1.055407e-05 	 1.322423e-06 	 -1000.0000 	 -1000.0000 	 -1000.0000 	 -1000.0000 
	 76.2620 	 9.572747e-04 	 124.1854 	  1.0027 	 5.589148e+19 	 5.718182e+17 	 1.092424e-05 	 1.417565e-06 	 -1000.0000 	 -1000.0000 	 -1000.0000 	 -1000.0000 
	 76.3840 	 9.398499e-04 	 123.9906 	  1.0104 	 5.496363e+19 	 5.662611e+17 	 1.092948e-05 	 1.431299e-06 	 -1000.0000 	 -1000.0000 	 -1000.0000 	 -1000.0000 
	 76.5070 	 9.225754e-04 	 123.7984 	  1.0185 	 5.404069e+19 	 5.607756e+17 	 1.093186e-05 	 1.445832e-06 	 -1000.0000 	 -1000.0000 	 -1000.0000 	 -1000.0000 
	 76.6290 	 9.057281e-04 	 123.6115 	  1.0266 	 5.313760e+19 	 5.554432e+17 	 1.093166e-05 	 1.460855e-06 	 -1000.0000 	 -1000.0000 	 -1000.0000 	 -1000.0000 
	 76.7510 	 8.891627e-04 	 123.4283 	  1.0350 	 5.224674e+19 	 5.502109e+17 	 1.092923e-05 	 1.476410e-06 	 -1000.0000 	 -1000.0000 	 -1000.0000 	 -1000.0000 
	 80.1650 	 5.244225e-04 	 118.7839 	  1.2539 	 3.198844e+19 	 4.132673e+17 	 1.117104e-05 	 1.847070e-06 	 -1000.0000 	 -1000.0000 	 -1000.0000 	 -1000.0000 
	 80.2870 	 5.144026e-04 	 118.6265 	  1.2589 	 3.141728e+19 	 4.078107e+17 	 1.121953e-05 	 1.850896e-06 	 -1000.0000 	 -1000.0000 	 -1000.0000 	 -1000.0000 
	 80.4090 	 5.045648e-04 	 118.4764 	  1.2639 	 3.085459e+19 	 4.023123e+17 	 1.126934e-05 	 1.854473e-06 	 -1000.0000 	 -1000.0000 	 -1000.0000 	 -1000.0000 
	 80.5310 	 4.949076e-04 	 118.3348 	  1.2687 	 3.030005e+19 	 3.967784e+17 	 1.131996e-05 	 1.857953e-06 	 -1000.0000 	 -1000.0000 	 -1000.0000 	 -1000.0000 
	 80.6530 	 4.854296e-04 	 118.2034 	  1.2734 	 2.975332e+19 	 3.912152e+17 	 1.137090e-05 	 1.861486e-06 	 -1000.0000 	 -1000.0000 	 -1000.0000 	 -1000.0000 
	 82.1280 	 3.844152e-04 	 117.8916 	  1.3331 	 2.365232e+19 	 3.237445e+17 	 1.183043e-05 	 1.960012e-06 	 -1000.0000 	 -1000.0000 	 -1000.0000 	 -1000.0000 
	 82.2500 	 3.771151e-04 	 117.9863 	  1.3379 	 2.318578e+19 	 3.182262e+17 	 1.184167e-05 	 1.973745e-06 	 -1000.0000 	 -1000.0000 	 -1000.0000 	 -1000.0000 
	 82.3710 	 3.700204e-04 	 118.0962 	  1.3424 	 2.272912e+19 	 3.127575e+17 	 1.184680e-05 	 1.987720e-06 	 -1000.0000 	 -1000.0000 	 -1000.0000 	 -1000.0000 
	 82.4930 	 3.630108e-04 	 118.2223 	  1.3466 	 2.227492e+19 	 3.072459e+17 	 1.184549e-05 	 2.002019e-06 	 -1000.0000 	 -1000.0000 	 -1000.0000 	 -1000.0000 
	 82.6140 	 3.561981e-04 	 118.3618 	  1.3505 	 2.183075e+19 	 3.017794e+17 	 1.183734e-05 	 2.016260e-06 	 -1000.0000 	 -1000.0000 	 -1000.0000 	 -1000.0000 
	 84.1110 	 2.822337e-04 	 121.0168 	  1.3479 	 1.689731e+19 	 2.336123e+17 	 1.104329e-05 	 2.145685e-06 	 -1000.0000 	 -1000.0000 	 -1000.0000 	 -1000.0000 
	 84.2320 	 2.770167e-04 	 121.3044 	  1.3435 	 1.654474e+19 	 2.281414e+17 	 1.092577e-05 	 2.150838e-06 	 -1000.0000 	 -1000.0000 	 -1000.0000 	 -1000.0000 
	 84.3530 	 2.719065e-04 	 121.6060 	  1.3387 	 1.619869e+19 	 2.227121e+17 	 1.080314e-05 	 2.155465e-06 	 -1000.0000 	 -1000.0000 	 -1000.0000 	 -1000.0000 
	 84.4740 	 2.669020e-04 	 121.9225 	  1.3336 	 1.585907e+19 	 2.173332e+17 	 1.067617e-05 	 2.159658e-06 	 -1000.0000 	 -1000.0000 	 -1000.0000 	 -1000.0000 
	 84.5960 	 2.619619e-04 	 122.2575 	  1.3282 	 1.552303e+19 	 2.119702e+17 	 1.054454e-05 	 2.163536e-06 	 -1000.0000 	 -1000.0000 	 -1000.0000 	 -1000.0000 
	 86.0710 	 2.101490e-04 	 127.8132 	  1.2661 	 1.193021e+19 	 1.550366e+17 	 8.935804e-06 	 2.213493e-06 	 -1000.0000 	 -1000.0000 	 -1000.0000 	 -1000.0000 
	 86.1920 	 2.064942e-04 	 128.3730 	  1.2623 	 1.167264e+19 	 1.511495e+17 	 8.814695e-06 	 2.218772e-06 	 -1000.0000 	 -1000.0000 	 -1000.0000 	 -1000.0000 
	 86.3130 	 2.029192e-04 	 128.9385 	  1.2587 	 1.142082e+19 	 1.473795e+17 	 8.695279e-06 	 2.224077e-06 	 -1000.0000 	 -1000.0000 	 -1000.0000 	 -1000.0000 
	 86.4340 	 1.994217e-04 	 129.5072 	  1.2552 	 1.117477e+19 	 1.437250e+17 	 8.577444e-06 	 2.229354e-06 	 -1000.0000 	 -1000.0000 	 -1000.0000 	 -1000.0000 
	 86.5560 	 1.959713e-04 	 130.0812 	  1.2518 	 1.093260e+19 	 1.401553e+17 	 8.460121e-06 	 2.234596e-06 	 -1000.0000 	 -1000.0000 	 -1000.0000 	 -1000.0000 
	 88.0370 	 1.593000e-04 	 136.1647 	  1.2167 	 8.476066e+18 	 1.053381e+17 	 7.117653e-06 	 2.274995e-06 	 -1000.0000 	 -1000.0000 	 -1000.0000 	 -1000.0000 
	 88.1570 	 1.566927e-04 	 136.5342 	  1.2142 	 8.314576e+18 	 1.031401e+17 	 7.015885e-06 	 2.276403e-06 	 -1000.0000 	 -1000.0000 	 -1000.0000 	 -1000.0000 
	 88.2780 	 1.541127e-04 	 136.8845 	  1.2119 	 8.156753e+18 	 1.010065e+17 	 6.915037e-06 	 2.277799e-06 	 -1000.0000 	 -1000.0000 	 -1000.0000 	 -1000.0000 
	 88.3980 	 1.516014e-04 	 137.2095 	  1.2096 	 8.005032e+18 	 9.897007e+16 	 6.816965e-06 	 2.279230e-06 	 -1000.0000 	 -1000.0000 	 -1000.0000 	 -1000.0000 
	 88.5190 	 1.491158e-04 	 137.5141 	  1.2075 	 7.856711e+18 	 9.699418e+16 	 6.720232e-06 	 2.280795e-06 	 -1000.0000 	 -1000.0000 	 -1000.0000 	 -1000.0000 
	 89.9900 	 1.222113e-04 	 139.2386 	  1.1978 	 6.363559e+18 	 7.820798e+16 	 5.782402e-06 	 2.335195e-06 	 -1000.0000 	 -1000.0000 	 -1000.0000 	 -1000.0000 
	 90.1100 	 1.202567e-04 	 139.2255 	  1.1983 	 6.262356e+18 	 7.702005e+16 	 5.726480e-06 	 2.343544e-06 	 -1000.0000 	 -1000.0000 	 -1000.0000 	 -1000.0000 
	 90.2300 	 1.183347e-04 	 139.1937 	  1.1989 	 6.163666e+18 	 7.587147e+16 	 5.673070e-06 	 2.352436e-06 	 -1000.0000 	 -1000.0000 	 -1000.0000 	 -1000.0000 
	 90.3500 	 1.164447e-04 	 139.1442 	  1.1997 	 6.067374e+18 	 7.475957e+16 	 5.621993e-06 	 2.361848e-06 	 -1000.0000 	 -1000.0000 	 -1000.0000 	 -1000.0000 
	 90.4700 	 1.145860e-04 	 139.0783 	  1.2004 	 5.973359e+18 	 7.368169e+16 	 5.573065e-06 	 2.371754e-06 	 -1000.0000 	 -1000.0000 	 -1000.0000 	 -1000.0000 
	 91.9500 	 9.397454e-05 	 137.3867 	  1.2098 	 4.956341e+18 	 6.219484e+16 	 5.077366e-06 	 2.523482e-06 	 -1000.0000 	 -1000.0000 	 -1000.0000 	 -1000.0000 
	 92.0700 	 9.247327e-05 	 137.2294 	  1.2105 	 4.882374e+18 	 6.135406e+16 	 5.042202e-06 	 2.537465e-06 	 -1000.0000 	 -1000.0000 	 -1000.0000 	 -1000.0000 
	 92.1900 	 9.099553e-05 	 137.0789 	  1.2114 	 4.809331e+18 	 6.052301e+16 	 5.007591e-06 	 2.551631e-06 	 -1000.0000 	 -1000.0000 	 -1000.0000 	 -1000.0000 
	 92.3100 	 8.954094e-05 	 136.9375 	  1.2125 	 4.737144e+18 	 5.970116e+16 	 4.973519e-06 	 2.565969e-06 	 -1000.0000 	 -1000.0000 	 -1000.0000 	 -1000.0000 
	 92.4300 	 8.810914e-05 	 136.8075 	  1.2137 	 4.665747e+18 	 5.888799e+16 	 4.939970e-06 	 2.580469e-06 	 -1000.0000 	 -1000.0000 	 -1000.0000 	 -1000.0000 
	 93.9130 	 7.215435e-05 	 136.9076 	  1.2556 	 3.825088e+18 	 4.938296e+16 	 4.566175e-06 	 2.772323e-06 	 -1000.0000 	 -1000.0000 	 -1000.0000 	 -1000.0000 
	 94.0330 	 7.099441e-05 	 137.0730 	  1.2619 	 3.759669e+18 	 4.865723e+16 	 4.539724e-06 	 2.789748e-06 	 -1000.0000 	 -1000.0000 	 -1000.0000 	 -1000.0000 
