	 height_(km) 	 press_(mbar) 	 temp_(K) 	 temperr_(K) 	 numdens_(m-3) 	 numdenserr_(m-3) 	 H2Ovmr_() 	 H2Ovmrerr_() 	 D/H_(VSMOW) 	 D/Herr_(VSMOW) 	 18O/16O_(VSMOW) 	 18O/16Oerr_(VSMOW) 
	  9.8850 	 1.171644e+00 	 165.2572 	  1.6498 	 5.160797e+22 	 6.661864e+20 	 7.278027e-05 	 1.832408e-05 	  3.4475 	  1.0221 	 -1000.0000 	 -1000.0000 
	 10.0480 	 1.149324e+00 	 165.7530 	  1.8053 	 5.041747e+22 	 6.634440e+20 	 5.900084e-05 	 1.470747e-05 	  3.4338 	  1.0062 	 -1000.0000 	 -1000.0000 
	 10.2110 	 1.127520e+00 	 166.2999 	  1.9337 	 4.925369e+22 	 6.575725e+20 	 4.969894e-05 	 1.218427e-05 	  3.4154 	  0.9835 	 -1000.0000 	 -1000.0000 
	 10.3740 	 1.106221e+00 	 166.8937 	  2.0367 	 4.811643e+22 	 6.488058e+20 	 4.337768e-05 	 1.038393e-05 	  3.3934 	  0.9544 	 -1000.0000 	 -1000.0000 
	 10.5370 	 1.085415e+00 	 167.5302 	  2.1159 	 4.700548e+22 	 6.373779e+20 	 3.912033e-05 	 9.075457e-06 	  3.3687 	  0.9196 	 -1000.0000 	 -1000.0000 
	 11.3880 	 9.843693e-01 	 171.3833 	  2.2050 	 4.162403e+22 	 5.436370e+20 	 3.480818e-05 	 6.030149e-06 	  3.2309 	  0.6800 	 -1000.0000 	 -1000.0000 
	 11.5510 	 9.663839e-01 	 172.1915 	  2.1720 	 4.067186e+22 	 5.209057e+20 	 3.614562e-05 	 5.777517e-06 	  3.2087 	  0.6306 	 -1000.0000 	 -1000.0000 
	 11.7140 	 9.488119e-01 	 173.0122 	  2.1266 	 3.974443e+22 	 4.972016e+20 	 3.801109e-05 	 5.565435e-06 	  3.1896 	  0.5824 	 -1000.0000 	 -1000.0000 
	 11.8760 	 9.317464e-01 	 173.8361 	  2.0710 	 3.884701e+22 	 4.729104e+20 	 4.035235e-05 	 5.381290e-06 	  3.1744 	  0.5366 	 -1000.0000 	 -1000.0000 
	 12.0390 	 9.149656e-01 	 174.6692 	  2.0060 	 3.796829e+22 	 4.479649e+20 	 4.315720e-05 	 5.214343e-06 	  3.1635 	  0.4934 	 -1000.0000 	 -1000.0000 
	 12.8680 	 8.352715e-01 	 178.8174 	  1.5934 	 3.386775e+22 	 3.218055e+20 	 6.125670e-05 	 4.714088e-06 	  3.2049 	  0.3423 	 -1000.0000 	 -1000.0000 
	 13.0310 	 8.206333e-01 	 179.5854 	  1.5077 	 3.313241e+22 	 2.988202e+20 	 6.444246e-05 	 4.718150e-06 	  3.2380 	  0.3280 	 -1000.0000 	 -1000.0000 
	 13.1940 	 8.063079e-01 	 180.3280 	  1.4243 	 3.241986e+22 	 2.769856e+20 	 6.699344e-05 	 4.678843e-06 	  3.2816 	  0.3160 	  1.0650 	  0.1022 
	 13.3560 	 7.923695e-01 	 181.0365 	  1.3452 	 3.173406e+22 	 2.566562e+20 	 6.871812e-05 	 4.492866e-06 	  3.3354 	  0.3028 	  1.0757 	  0.0982 
	 13.5190 	 7.786347e-01 	 181.7157 	  1.2710 	 3.106633e+22 	 2.378137e+20 	 6.955036e-05 	 4.128878e-06 	  3.3995 	  0.2873 	  1.0883 	  0.0933 
	 14.3620 	 7.118438e-01 	 184.5573 	  1.0238 	 2.795803e+22 	 1.728967e+20 	 6.289350e-05 	 2.811800e-06 	  3.8090 	  0.2605 	  1.1602 	  0.0863 
	 14.5240 	 6.997664e-01 	 184.9726 	  1.0023 	 2.742172e+22 	 1.662216e+20 	 6.049642e-05 	 2.739257e-06 	  3.8868 	  0.2657 	  1.1707 	  0.0877 
	 14.6860 	 6.879198e-01 	 185.3506 	  0.9870 	 2.690269e+22 	 1.608565e+20 	 5.803949e-05 	 2.852775e-06 	  3.9594 	  0.2805 	  1.1790 	  0.0906 
	 14.8490 	 6.762277e-01 	 185.6957 	  0.9766 	 2.639685e+22 	 1.565224e+20 	 5.562601e-05 	 2.924170e-06 	  4.0260 	  0.2950 	  1.1849 	  0.0922 
	 15.0110 	 6.648281e-01 	 186.0059 	  0.9703 	 2.590936e+22 	 1.530160e+20 	 5.338206e-05 	 2.932171e-06 	  4.0851 	  0.3069 	  1.1886 	  0.0920 
	 15.8350 	 6.100620e-01 	 187.1708 	  0.9638 	 2.362902e+22 	 1.393460e+20 	 4.630048e-05 	 2.473029e-06 	  4.2736 	  0.3221 	  1.1820 	  0.0892 
	 15.9970 	 5.998949e-01 	 187.3412 	  0.9640 	 2.321403e+22 	 1.367654e+20 	 4.602101e-05 	 2.351862e-06 	  4.2890 	  0.3168 	  1.1778 	  0.0872 
	 16.1590 	 5.899154e-01 	 187.5010 	  0.9643 	 2.280836e+22 	 1.341964e+20 	 4.616217e-05 	 2.269089e-06 	  4.2978 	  0.3118 	  1.1731 	  0.0853 
	 16.3210 	 5.801196e-01 	 187.6538 	  0.9646 	 2.241135e+22 	 1.316398e+20 	 4.670781e-05 	 2.279975e-06 	  4.3009 	  0.3105 	  1.1684 	  0.0845 
	 16.4830 	 5.705034e-01 	 187.8032 	  0.9647 	 2.202233e+22 	 1.290963e+20 	 4.761967e-05 	 2.300049e-06 	  4.2991 	  0.3080 	  1.1637 	  0.0835 
	 17.3250 	 5.232645e-01 	 188.6696 	  0.9585 	 2.010440e+22 	 1.161079e+20 	 5.582314e-05 	 2.670915e-06 	  4.2529 	  0.2961 	  1.1459 	  0.0796 
	 17.4870 	 5.146752e-01 	 188.8819 	  0.9558 	 1.975177e+22 	 1.136514e+20 	 5.746873e-05 	 2.842031e-06 	  4.2444 	  0.2992 	  1.1445 	  0.0804 
	 17.6490 	 5.062384e-01 	 189.1181 	  0.9526 	 1.940351e+22 	 1.112064e+20 	 5.892614e-05 	 3.035926e-06 	  4.2379 	  0.3043 	  1.1439 	  0.0818 
	 17.8110 	 4.979503e-01 	 189.3823 	  0.9490 	 1.905926e+22 	 1.087721e+20 	 6.014440e-05 	 3.233508e-06 	  4.2341 	  0.3106 	  1.1441 	  0.0835 
	 17.9730 	 4.898074e-01 	 189.6783 	  0.9451 	 1.871865e+22 	 1.063474e+20 	 6.110697e-05 	 3.423553e-06 	  4.2328 	  0.3176 	  1.1451 	  0.0855 
	 18.7990 	 4.504260e-01 	 191.7801 	  0.9213 	 1.702914e+22 	 9.417004e+19 	 6.309776e-05 	 3.946205e-06 	  4.2652 	  0.3430 	  1.1591 	  0.1013 
	 18.9600 	 4.431536e-01 	 192.2893 	  0.9170 	 1.671031e+22 	 9.189514e+19 	 6.323085e-05 	 3.932704e-06 	  4.2783 	  0.3431 	  1.1630 	  0.1049 
	 19.1220 	 4.359674e-01 	 192.8209 	  0.9133 	 1.639413e+22 	 8.967242e+19 	 6.338666e-05 	 3.899200e-06 	  4.2935 	  0.3421 	  1.1671 	  0.1082 
	 19.2830 	 4.289555e-01 	 193.3622 	  0.9105 	 1.608503e+22 	 8.754414e+19 	 6.359448e-05 	 3.865776e-06 	  4.3101 	  0.3408 	  1.1712 	  0.1113 
	 19.4450 	 4.220303e-01 	 193.9139 	  0.9087 	 1.577970e+22 	 8.549883e+19 	 6.387433e-05 	 3.842142e-06 	  4.3281 	  0.3397 	  1.1754 	  0.1138 
	 20.2830 	 3.882619e-01 	 196.6708 	  0.9238 	 1.430866e+22 	 7.690990e+19 	 6.633113e-05 	 3.712527e-06 	  4.4231 	  0.3299 	  1.1933 	  0.1164 
	 20.4440 	 3.821538e-01 	 197.1640 	  0.9310 	 1.404756e+22 	 7.563114e+19 	 6.693607e-05 	 3.650481e-06 	  4.4378 	  0.3259 	  1.1955 	  0.1154 
	 20.6050 	 3.761614e-01 	 197.6448 	  0.9390 	 1.379299e+22 	 7.444516e+19 	 6.755850e-05 	 3.567739e-06 	  4.4500 	  0.3210 	  1.1972 	  0.1140 
	 20.7650 	 3.703178e-01 	 198.1106 	  0.9477 	 1.354629e+22 	 7.334614e+19 	 6.817923e-05 	 3.464208e-06 	  4.4595 	  0.3154 	  1.1982 	  0.1125 
	 20.9260 	 3.645471e-01 	 198.5672 	  0.9569 	 1.330418e+22 	 7.230793e+19 	 6.879217e-05 	 3.339644e-06 	  4.4663 	  0.3092 	  1.1987 	  0.1109 
	 23.3160 	 2.898634e-01 	 203.9552 	  1.0020 	 1.030374e+22 	 5.682024e+19 	 7.246947e-05 	 3.460363e-06 	  4.3286 	  0.3205 	  1.1537 	  0.0973 
	 23.4770 	 2.854570e-01 	 204.2136 	  0.9930 	 1.013431e+22 	 5.542559e+19 	 7.206697e-05 	 3.549837e-06 	  4.3115 	  0.3244 	  1.1489 	  0.0949 
	 23.6370 	 2.811488e-01 	 204.4495 	  0.9837 	 9.969790e+21 	 5.404776e+19 	 7.156162e-05 	 3.611809e-06 	  4.2948 	  0.3272 	  1.1443 	  0.0921 
	 23.7980 	 2.768847e-01 	 204.6634 	  0.9746 	 9.808194e+21 	 5.269463e+19 	 7.096507e-05 	 3.645619e-06 	  4.2783 	  0.3289 	  1.1397 	  0.0890 
	 23.9580 	 2.727177e-01 	 204.8500 	  0.9662 	 9.651600e+21 	 5.140791e+19 	 7.030900e-05 	 3.653923e-06 	  4.2624 	  0.3295 	  1.1354 	  0.0864 
	 24.7900 	 2.521641e-01 	 205.3192 	  0.9497 	 8.903219e+21 	 4.641576e+19 	 6.686117e-05 	 3.278577e-06 	  4.1979 	  0.3149 	  1.1199 	  0.0823 
	 24.9500 	 2.484116e-01 	 205.3029 	  0.9515 	 8.771448e+21 	 4.577704e+19 	 6.636128e-05 	 3.099677e-06 	  4.1908 	  0.3077 	  1.1190 	  0.0803 
	 25.1100 	 2.447164e-01 	 205.2506 	  0.9542 	 8.643222e+21 	 4.520350e+19 	 6.594778e-05 	 2.898779e-06 	  4.1862 	  0.2999 	  1.1190 	  0.0782 
	 25.2700 	 2.410754e-01 	 205.1617 	  0.9574 	 8.518375e+21 	 4.467715e+19 	 6.561424e-05 	 2.691669e-06 	  4.1841 	  0.2922 	  1.1199 	  0.0761 
	 25.4300 	 2.374855e-01 	 205.0355 	  0.9606 	 8.396742e+21 	 4.418001e+19 	 6.534899e-05 	 2.489461e-06 	  4.1843 	  0.2852 	  1.1217 	  0.0742 
	 26.2500 	 2.197882e-01 	 203.8046 	  0.9664 	 7.817641e+21 	 4.152408e+19 	 6.461514e-05 	 2.411381e-06 	  4.2094 	  0.2866 	  1.1385 	  0.0747 
	 26.4100 	 2.164658e-01 	 203.4683 	  0.9650 	 7.712112e+21 	 4.095603e+19 	 6.451232e-05 	 2.407932e-06 	  4.2163 	  0.2876 	  1.1424 	  0.0750 
	 26.5700 	 2.131872e-01 	 203.1106 	  0.9632 	 7.608647e+21 	 4.038163e+19 	 6.440898e-05 	 2.404853e-06 	  4.2227 	  0.2886 	  1.1460 	  0.0753 
	 26.7300 	 2.099530e-01 	 202.7361 	  0.9610 	 7.507088e+21 	 3.980603e+19 	 6.431463e-05 	 2.401751e-06 	  4.2280 	  0.2896 	  1.1491 	  0.0756 
	 26.8900 	 2.067639e-01 	 202.3491 	  0.9586 	 7.407277e+21 	 3.923440e+19 	 6.424105e-05 	 2.398454e-06 	  4.2318 	  0.2904 	  1.1516 	  0.0758 
	 27.7200 	 1.909589e-01 	 200.2795 	  0.9491 	 6.912402e+21 	 3.651352e+19 	 6.446355e-05 	 2.878874e-06 	  4.2118 	  0.3103 	  1.1504 	  0.0812 
	 27.8800 	 1.880490e-01 	 199.8680 	  0.9485 	 6.821128e+21 	 3.605698e+19 	 6.465613e-05 	 2.982880e-06 	  4.1979 	  0.3139 	  1.1469 	  0.0821 
	 28.0400 	 1.851796e-01 	 199.4459 	  0.9484 	 6.731262e+21 	 3.562578e+19 	 6.489210e-05 	 3.048345e-06 	  4.1804 	  0.3155 	  1.1424 	  0.0825 
	 28.2000 	 1.823491e-01 	 199.0100 	  0.9489 	 6.642845e+21 	 3.522116e+19 	 6.515203e-05 	 3.080767e-06 	  4.1599 	  0.3157 	  1.1371 	  0.0825 
	 28.3600 	 1.795557e-01 	 198.5573 	  0.9500 	 6.555918e+21 	 3.484433e+19 	 6.541120e-05 	 3.084052e-06 	  4.1370 	  0.3145 	  1.1312 	  0.0821 
	 29.1940 	 1.655403e-01 	 195.8326 	  0.9673 	 6.127820e+21 	 3.334451e+19 	 6.582065e-05 	 2.772454e-06 	  4.0170 	  0.3001 	  1.1036 	  0.0778 
	 29.3530 	 1.629674e-01 	 195.2491 	  0.9720 	 6.050595e+21 	 3.312311e+19 	 6.555028e-05 	 2.673611e-06 	  4.0011 	  0.2976 	  1.1009 	  0.0770 
	 29.5130 	 1.604102e-01 	 194.6484 	  0.9769 	 5.974053e+21 	 3.290696e+19 	 6.512959e-05 	 2.566717e-06 	  3.9891 	  0.2956 	  1.0995 	  0.0764 
	 29.6720 	 1.579009e-01 	 194.0416 	  0.9815 	 5.899038e+21 	 3.269256e+19 	 6.456834e-05 	 2.449521e-06 	  3.9814 	  0.2939 	  1.0995 	  0.0759 
	 29.8320 	 1.554079e-01 	 193.4241 	  0.9859 	 5.824496e+21 	 3.247095e+19 	 6.387458e-05 	 2.326308e-06 	  3.9781 	  0.2927 	  1.1009 	  0.0773 
	 30.6440 	 1.432521e-01 	 190.3063 	  0.9971 	 5.456885e+21 	 3.106553e+19 	 5.917275e-05 	 2.152218e-06 	  4.0137 	  0.3069 	  1.1264 	  0.1027 
	 30.8030 	 1.409671e-01 	 189.7209 	  0.9971 	 5.386371e+21 	 3.072789e+19 	 5.817061e-05 	 2.129526e-06 	  4.0279 	  0.3109 	  1.1345 	  0.1099 
	 30.9630 	 1.386982e-01 	 189.1469 	  0.9965 	 5.315728e+21 	 3.037197e+19 	 5.717734e-05 	 2.107358e-06 	  4.0437 	  0.3150 	  1.1434 	  0.1179 
	 31.1220 	 1.364733e-01 	 188.5945 	  0.9955 	 5.245768e+21 	 3.000448e+19 	 5.622339e-05 	 2.086307e-06 	  4.0596 	  0.3192 	  1.1527 	  0.1264 
	 31.2820 	 1.342639e-01 	 188.0596 	  0.9941 	 5.175539e+21 	 2.962302e+19 	 5.531217e-05 	 2.066275e-06 	  4.0748 	  0.3234 	  1.1621 	  0.1354 
	 32.1070 	 1.233270e-01 	 185.7142 	  0.9849 	 4.814340e+21 	 2.755884e+19 	 5.172897e-05 	 1.980442e-06 	  4.1045 	  0.3409 	 -1000.0000 	 -1000.0000 
	 32.2660 	 1.213060e-01 	 185.3310 	  0.9833 	 4.745271e+21 	 2.716110e+19 	 5.130487e-05 	 1.967011e-06 	  4.0950 	  0.3428 	 -1000.0000 	 -1000.0000 
	 32.4250 	 1.193132e-01 	 184.9605 	  0.9820 	 4.676668e+21 	 2.676991e+19 	 5.097597e-05 	 1.954407e-06 	  4.0794 	  0.3442 	 -1000.0000 	 -1000.0000 
	 32.5850 	 1.173365e-01 	 184.5962 	  0.9810 	 4.608236e+21 	 2.638566e+19 	 5.073230e-05 	 1.942374e-06 	  4.0579 	  0.3449 	 -1000.0000 	 -1000.0000 
	 32.7440 	 1.154008e-01 	 184.2382 	  0.9804 	 4.540960e+21 	 2.601589e+19 	 5.056297e-05 	 1.930917e-06 	  4.0318 	  0.3451 	 -1000.0000 	 -1000.0000 
	 33.5510 	 1.060161e-01 	 182.3448 	  0.9858 	 4.214767e+21 	 2.440528e+19 	 5.019899e-05 	 1.877459e-06 	  3.8655 	  0.3430 	 -1000.0000 	 -1000.0000 
	 33.7100 	 1.042519e-01 	 181.9439 	  0.9885 	 4.153767e+21 	 2.414078e+19 	 5.009875e-05 	 1.867375e-06 	  3.8334 	  0.3428 	 -1000.0000 	 -1000.0000 
	 33.8680 	 1.025254e-01 	 181.5356 	  0.9915 	 4.094177e+21 	 2.389174e+19 	 4.995338e-05 	 1.857462e-06 	  3.8036 	  0.3428 	 -1000.0000 	 -1000.0000 
	 34.0270 	 1.008142e-01 	 181.1144 	  0.9949 	 4.035222e+21 	 2.365336e+19 	 4.975245e-05 	 1.847658e-06 	  3.7763 	  0.3432 	 -1000.0000 	 -1000.0000 
	 34.1850 	 9.913938e-02 	 180.6856 	  0.9985 	 3.977619e+21 	 2.342702e+19 	 4.949418e-05 	 1.838086e-06 	  3.7521 	  0.3439 	 -1000.0000 	 -1000.0000 
	 35.0110 	 9.077942e-02 	 178.2751 	  1.0197 	 3.691434e+21 	 2.235015e+19 	 4.732475e-05 	 1.788879e-06 	  3.6811 	  0.3772 	 -1000.0000 	 -1000.0000 
	 35.1700 	 8.924266e-02 	 177.7837 	  1.0237 	 3.638963e+21 	 2.215021e+19 	 4.679063e-05 	 1.779310e-06 	  3.6786 	  0.3916 	 -1000.0000 	 -1000.0000 
	 35.3280 	 8.773751e-02 	 177.2894 	  1.0274 	 3.587555e+21 	 2.194950e+19 	 4.624239e-05 	 1.769688e-06 	  3.6795 	  0.4068 	 -1000.0000 	 -1000.0000 
	 35.4870 	 8.624439e-02 	 176.7874 	  1.0308 	 3.536517e+21 	 2.174363e+19 	 4.569174e-05 	 1.759865e-06 	  3.6829 	  0.4225 	 -1000.0000 	 -1000.0000 
	 35.6450 	 8.478157e-02 	 176.2852 	  1.0337 	 3.486447e+21 	 2.153336e+19 	 4.516570e-05 	 1.844822e-06 	  3.6874 	  0.4411 	 -1000.0000 	 -1000.0000 
	 36.4550 	 7.759272e-02 	 173.6989 	  1.0404 	 3.238460e+21 	 2.031982e+19 	 4.325861e-05 	 2.468507e-06 	  3.6916 	  0.5435 	 -1000.0000 	 -1000.0000 
	 36.6130 	 7.624938e-02 	 173.1955 	  1.0404 	 3.191665e+21 	 2.006435e+19 	 4.310346e-05 	 2.451950e-06 	  3.6827 	  0.5578 	 -1000.0000 	 -1000.0000 
	 36.7710 	 7.492515e-02 	 172.6925 	  1.0402 	 3.145383e+21 	 1.980921e+19 	 4.302425e-05 	 2.369248e-06 	  3.6695 	  0.5694 	 -1000.0000 	 -1000.0000 
	 36.9290 	 7.361999e-02 	 172.1899 	  1.0401 	 3.099615e+21 	 1.955730e+19 	 4.300112e-05 	 2.234812e-06 	  3.6528 	  0.5787 	 -1000.0000 	 -1000.0000 
	 37.0870 	 7.233386e-02 	 171.6876 	  1.0402 	 3.054362e+21 	 1.931155e+19 	 4.300576e-05 	 2.063480e-06 	  3.6336 	  0.5865 	 -1000.0000 	 -1000.0000 
	 37.9080 	 6.595531e-02 	 169.1103 	  1.0467 	 2.827128e+21 	 1.821699e+19 	 4.225286e-05 	 1.616104e-06 	  3.5339 	  0.6282 	 -1000.0000 	 -1000.0000 
	 38.0660 	 6.478545e-02 	 168.6499 	  1.0491 	 2.784518e+21 	 1.803414e+19 	 4.171649e-05 	 1.605599e-06 	  3.5233 	  0.6365 	 -1000.0000 	 -1000.0000 
	 38.2240 	 6.363378e-02 	 168.2161 	  1.0515 	 2.742061e+21 	 1.785228e+19 	 4.099887e-05 	 1.594286e-06 	  3.5172 	  0.6447 	 -1000.0000 	 -1000.0000 
	 38.3810 	 6.250725e-02 	 167.8179 	  1.0539 	 2.699933e+21 	 1.766895e+19 	 4.011543e-05 	 1.581763e-06 	  3.5154 	  0.6530 	 -1000.0000 	 -1000.0000 
	 38.5390 	 6.139132e-02 	 167.4570 	  1.0561 	 2.657507e+21 	 1.747820e+19 	 3.907511e-05 	 1.567220e-06 	  3.5170 	  0.6617 	 -1000.0000 	 -1000.0000 
	 39.3580 	 5.588688e-02 	 166.4305 	  1.0617 	 2.434485e+21 	 1.628249e+19 	 3.303449e-05 	 1.393874e-06 	  3.5583 	  0.7078 	 -1000.0000 	 -1000.0000 
	 39.5160 	 5.487886e-02 	 166.3968 	  1.0622 	 2.391054e+21 	 1.601739e+19 	 3.162674e-05 	 1.386496e-06 	  3.5685 	  0.7158 	 -1000.0000 	 -1000.0000 
	 39.6740 	 5.388845e-02 	 166.4074 	  1.0630 	 2.347722e+21 	 1.574921e+19 	 3.019431e-05 	 1.358782e-06 	  3.5785 	  0.7222 	 -1000.0000 	 -1000.0000 
	 39.8310 	 5.292184e-02 	 166.4577 	  1.0644 	 2.304868e+21 	 1.548334e+19 	 2.877286e-05 	 1.313676e-06 	  3.5885 	  0.7271 	 -1000.0000 	 -1000.0000 
	 39.9890 	 5.196681e-02 	 166.5443 	  1.0664 	 2.262050e+21 	 1.522006e+19 	 2.737558e-05 	 1.254303e-06 	  3.5986 	  0.7307 	 -1000.0000 	 -1000.0000 
	 40.7920 	 4.738938e-02 	 167.3955 	  1.0940 	 2.052648e+21 	 1.405917e+19 	 2.174038e-05 	 9.381566e-07 	  3.6471 	  0.7418 	 -1000.0000 	 -1000.0000 
	 40.9490 	 4.654708e-02 	 167.6188 	  1.1024 	 2.013645e+21 	 1.386954e+19 	 2.099314e-05 	 9.176034e-07 	  3.6549 	  0.7457 	 -1000.0000 	 -1000.0000 
	 41.1060 	 4.572121e-02 	 167.8542 	  1.1113 	 1.975307e+21 	 1.368860e+19 	 2.035232e-05 	 9.017552e-07 	  3.6617 	  0.7500 	 -1000.0000 	 -1000.0000 
	 41.2640 	 4.490633e-02 	 168.1007 	  1.1206 	 1.937406e+21 	 1.351355e+19 	 1.980758e-05 	 8.903748e-07 	  3.6672 	  0.7543 	 -1000.0000 	 -1000.0000 
	 41.4210 	 4.411239e-02 	 168.3524 	  1.1299 	 1.900431e+21 	 1.334488e+19 	 1.935631e-05 	 8.832328e-07 	  3.6711 	  0.7582 	 -1000.0000 	 -1000.0000 
	 43.6690 	 3.426144e-02 	 171.1153 	  1.1515 	 1.451328e+21 	 1.051199e+19 	 1.718099e-05 	 1.224424e-06 	  3.6405 	  0.8767 	 -1000.0000 	 -1000.0000 
	 43.8250 	 3.366941e-02 	 171.1570 	  1.1403 	 1.425896e+21 	 1.024766e+19 	 1.690000e-05 	 1.200349e-06 	  3.6431 	  0.8839 	 -1000.0000 	 -1000.0000 
	 43.9820 	 3.308420e-02 	 171.1759 	  1.1285 	 1.400973e+21 	 9.982366e+18 	 1.657803e-05 	 1.169428e-06 	  3.6479 	  0.8903 	 -1000.0000 	 -1000.0000 
	 44.1380 	 3.251305e-02 	 171.1726 	  1.1167 	 1.376846e+21 	 9.723573e+18 	 1.622665e-05 	 1.134962e-06 	  3.6548 	  0.8967 	 -1000.0000 	 -1000.0000 
	 44.2950 	 3.194846e-02 	 171.1479 	  1.1053 	 1.353173e+21 	 9.472103e+18 	 1.584921e-05 	 1.098790e-06 	  3.6638 	  0.9038 	 -1000.0000 	 -1000.0000 
	 45.1090 	 2.917782e-02 	 170.7139 	  1.0690 	 1.239060e+21 	 8.442584e+18 	 1.380257e-05 	 9.349936e-07 	  3.7340 	  0.9457 	 -1000.0000 	 -1000.0000 
	 45.2650 	 2.867514e-02 	 170.5860 	  1.0669 	 1.218621e+21 	 8.299134e+18 	 1.343911e-05 	 9.106126e-07 	  3.7504 	  0.9539 	 -1000.0000 	 -1000.0000 
	 45.4220 	 2.817785e-02 	 170.4487 	  1.0660 	 1.198446e+21 	 8.166968e+18 	 1.309451e-05 	 8.875214e-07 	  3.7674 	  0.9619 	 -1000.0000 	 -1000.0000 
	 45.5780 	 2.769201e-02 	 170.3066 	  1.0659 	 1.178762e+21 	 8.045282e+18 	 1.277705e-05 	 8.653209e-07 	  3.7843 	  0.9692 	 -1000.0000 	 -1000.0000 
	 45.7350 	 2.721116e-02 	 170.1602 	  1.0665 	 1.159288e+21 	 7.930006e+18 	 1.248585e-05 	 8.431924e-07 	  3.8015 	  0.9763 	 -1000.0000 	 -1000.0000 
	 46.5390 	 2.486768e-02 	 169.4490 	  1.0725 	 1.063880e+21 	 7.369562e+18 	 1.148919e-05 	 7.324660e-07 	  3.8946 	  1.0103 	 -1000.0000 	 -1000.0000 
	 46.6950 	 2.443516e-02 	 169.3299 	  1.0732 	 1.046107e+21 	 7.258854e+18 	 1.138532e-05 	 7.145664e-07 	  3.9144 	  1.0181 	 -1000.0000 	 -1000.0000 
	 46.8520 	 2.400703e-02 	 169.2184 	  1.0737 	 1.028453e+21 	 7.146244e+18 	 1.130536e-05 	 6.988506e-07 	  3.9354 	  1.0275 	 -1000.0000 	 -1000.0000 
	 47.0080 	 2.358871e-02 	 169.1170 	  1.0737 	 1.011139e+21 	 7.033043e+18 	 1.124811e-05 	 6.855354e-07 	  3.9576 	  1.0384 	 -1000.0000 	 -1000.0000 
	 47.1650 	 2.317481e-02 	 169.0252 	  1.0733 	 9.939397e+20 	 6.917673e+18 	 1.121078e-05 	 6.743821e-07 	  3.9815 	  1.0508 	 -1000.0000 	 -1000.0000 
	 47.9730 	 2.115546e-02 	 168.7344 	  1.0620 	 9.089444e+20 	 6.300435e+18 	 1.128520e-05 	 6.597543e-07 	  4.1348 	  1.1378 	 -1000.0000 	 -1000.0000 
	 48.1290 	 2.078630e-02 	 168.7048 	  1.0586 	 8.932436e+20 	 6.179940e+18 	 1.134644e-05 	 6.642557e-07 	  4.1716 	  1.1595 	 -1000.0000 	 -1000.0000 
	 48.2850 	 2.042356e-02 	 168.6783 	  1.0551 	 8.777925e+20 	 6.060847e+18 	 1.142244e-05 	 6.694727e-07 	  4.2111 	  1.1825 	 -1000.0000 	 -1000.0000 
	 48.4400 	 2.006939e-02 	 168.6524 	  1.0516 	 8.626964e+20 	 5.944702e+18 	 1.151286e-05 	 6.753142e-07 	  4.2530 	  1.2067 	 -1000.0000 	 -1000.0000 
	 48.5960 	 1.971908e-02 	 168.6245 	  1.0484 	 8.477696e+20 	 5.830809e+18 	 1.161925e-05 	 6.818044e-07 	  4.2974 	  1.2320 	 -1000.0000 	 -1000.0000 
	 49.3930 	 1.802122e-02 	 168.3629 	  1.0397 	 7.759638e+20 	 5.320228e+18 	 1.239962e-05 	 7.224243e-07 	 -1000.0000 	 -1000.0000 	 -1000.0000 	 -1000.0000 
	 49.5490 	 1.770600e-02 	 168.2740 	  1.0397 	 7.627985e+20 	 5.234700e+18 	 1.258701e-05 	 7.314582e-07 	 -1000.0000 	 -1000.0000 	 -1000.0000 	 -1000.0000 
	 49.7050 	 1.739612e-02 	 168.1686 	  1.0399 	 7.499213e+20 	 5.153029e+18 	 1.277868e-05 	 7.407222e-07 	 -1000.0000 	 -1000.0000 	 -1000.0000 	 -1000.0000 
	 49.8600 	 1.709338e-02 	 168.0460 	  1.0404 	 7.374102e+20 	 5.075289e+18 	 1.296975e-05 	 7.500881e-07 	 -1000.0000 	 -1000.0000 	 -1000.0000 	 -1000.0000 
	 50.0160 	 1.679377e-02 	 167.9029 	  1.0411 	 7.251021e+20 	 5.000065e+18 	 1.315885e-05 	 7.595996e-07 	 -1000.0000 	 -1000.0000 	 -1000.0000 	 -1000.0000 
	 50.8260 	 1.531576e-02 	 166.7988 	  1.0448 	 6.656314e+20 	 4.643874e+18 	 1.396462e-05 	 8.074820e-07 	 -1000.0000 	 -1000.0000 	 -1000.0000 	 -1000.0000 
	 50.9820 	 1.504539e-02 	 166.5259 	  1.0454 	 6.549499e+20 	 4.580529e+18 	 1.407927e-05 	 8.159271e-07 	 -1000.0000 	 -1000.0000 	 -1000.0000 	 -1000.0000 
	 51.1370 	 1.478114e-02 	 166.2428 	  1.0462 	 6.445440e+20 	 4.519163e+18 	 1.418290e-05 	 8.239466e-07 	 -1000.0000 	 -1000.0000 	 -1000.0000 	 -1000.0000 
	 51.2930 	 1.451954e-02 	 165.9490 	  1.0471 	 6.342621e+20 	 4.458958e+18 	 1.427899e-05 	 8.316333e-07 	 -1000.0000 	 -1000.0000 	 -1000.0000 	 -1000.0000 
	 51.4480 	 1.426385e-02 	 165.6515 	  1.0482 	 6.242188e+20 	 4.400659e+18 	 1.436876e-05 	 8.389028e-07 	 -1000.0000 	 -1000.0000 	 -1000.0000 	 -1000.0000 
	 52.2400 	 1.302079e-02 	 164.1574 	  1.0579 	 5.750029e+20 	 4.124134e+18 	 1.483576e-05 	 8.721190e-07 	 -1000.0000 	 -1000.0000 	 -1000.0000 	 -1000.0000 
	 52.3950 	 1.278942e-02 	 163.8879 	  1.0603 	 5.657079e+20 	 4.072718e+18 	 1.494325e-05 	 8.785497e-07 	 -1000.0000 	 -1000.0000 	 -1000.0000 	 -1000.0000 
	 52.5500 	 1.256180e-02 	 163.6307 	  1.0628 	 5.565082e+20 	 4.021462e+18 	 1.505943e-05 	 8.852563e-07 	 -1000.0000 	 -1000.0000 	 -1000.0000 	 -1000.0000 
	 52.7050 	 1.233785e-02 	 163.3877 	  1.0652 	 5.473979e+20 	 3.970047e+18 	 1.518523e-05 	 8.923395e-07 	 -1000.0000 	 -1000.0000 	 -1000.0000 	 -1000.0000 
	 52.8600 	 1.211750e-02 	 163.1609 	  1.0674 	 5.383710e+20 	 3.918153e+18 	 1.532135e-05 	 8.998829e-07 	 -1000.0000 	 -1000.0000 	 -1000.0000 	 -1000.0000 
	 53.6640 	 1.103020e-02 	 162.2895 	  1.0736 	 4.927568e+20 	 3.632634e+18 	 1.620201e-05 	 9.482101e-07 	 -1000.0000 	 -1000.0000 	 -1000.0000 	 -1000.0000 
	 53.8180 	 1.083240e-02 	 162.1647 	  1.0740 	 4.843005e+20 	 3.575972e+18 	 1.640229e-05 	 9.589956e-07 	 -1000.0000 	 -1000.0000 	 -1000.0000 	 -1000.0000 
	 53.9730 	 1.063670e-02 	 162.0415 	  1.0744 	 4.759146e+20 	 3.519356e+18 	 1.661253e-05 	 9.701311e-07 	 -1000.0000 	 -1000.0000 	 -1000.0000 	 -1000.0000 
	 54.1270 	 1.044565e-02 	 161.9166 	  1.0748 	 4.677222e+20 	 3.463992e+18 	 1.682919e-05 	 9.813896e-07 	 -1000.0000 	 -1000.0000 	 -1000.0000 	 -1000.0000 
	 54.2820 	 1.025676e-02 	 161.7833 	  1.0754 	 4.596323e+20 	 3.409634e+18 	 1.705424e-05 	 9.928334e-07 	 -1000.0000 	 -1000.0000 	 -1000.0000 	 -1000.0000 
	 55.0840 	 9.333416e-03 	 160.8131 	  1.0843 	 4.207204e+20 	 3.164307e+18 	 1.830193e-05 	 1.051368e-06 	 -1000.0000 	 -1000.0000 	 -1000.0000 	 -1000.0000 
	 55.2380 	 9.165931e-03 	 160.5683 	  1.0868 	 4.137994e+20 	 3.123419e+18 	 1.855464e-05 	 1.062502e-06 	 -1000.0000 	 -1000.0000 	 -1000.0000 	 -1000.0000 
	 55.3930 	 9.000262e-03 	 160.3076 	  1.0891 	 4.069834e+20 	 3.083257e+18 	 1.881301e-05 	 1.073792e-06 	 -1000.0000 	 -1000.0000 	 -1000.0000 	 -1000.0000 
	 55.5470 	 8.838421e-03 	 160.0367 	  1.0913 	 4.003469e+20 	 3.043872e+18 	 1.907335e-05 	 1.085119e-06 	 -1000.0000 	 -1000.0000 	 -1000.0000 	 -1000.0000 
	 55.7020 	 8.678180e-03 	 159.7543 	  1.0930 	 3.937903e+20 	 3.004279e+18 	 1.933839e-05 	 1.096645e-06 	 -1000.0000 	 -1000.0000 	 -1000.0000 	 -1000.0000 
	 56.4940 	 7.896859e-03 	 158.2444 	  1.0914 	 3.617625e+20 	 2.788538e+18 	 2.069087e-05 	 1.157193e-06 	 -1000.0000 	 -1000.0000 	 -1000.0000 	 -1000.0000 
	 56.6480 	 7.751940e-03 	 157.9540 	  1.0892 	 3.557733e+20 	 2.743894e+18 	 2.092999e-05 	 1.168634e-06 	 -1000.0000 	 -1000.0000 	 -1000.0000 	 -1000.0000 
	 56.8030 	 7.608415e-03 	 157.6680 	  1.0868 	 3.498173e+20 	 2.698680e+18 	 2.115166e-05 	 1.179681e-06 	 -1000.0000 	 -1000.0000 	 -1000.0000 	 -1000.0000 
	 56.9570 	 7.468156e-03 	 157.3924 	  1.0842 	 3.439692e+20 	 2.653765e+18 	 2.134850e-05 	 1.190052e-06 	 -1000.0000 	 -1000.0000 	 -1000.0000 	 -1000.0000 
	 57.1120 	 7.329362e-03 	 157.1257 	  1.0816 	 3.381508e+20 	 2.608852e+18 	 2.151890e-05 	 1.199752e-06 	 -1000.0000 	 -1000.0000 	 -1000.0000 	 -1000.0000 
	 57.9110 	 6.652177e-03 	 155.9821 	  1.0734 	 3.091825e+20 	 2.392174e+18 	 2.183817e-05 	 1.233870e-06 	 -1000.0000 	 -1000.0000 	 -1000.0000 	 -1000.0000 
	 58.0650 	 6.528885e-03 	 155.7996 	  1.0736 	 3.038099e+20 	 2.354617e+18 	 2.179402e-05 	 1.237277e-06 	 -1000.0000 	 -1000.0000 	 -1000.0000 	 -1000.0000 
	 58.2180 	 6.408608e-03 	 155.6239 	  1.0745 	 2.985496e+20 	 2.318935e+18 	 2.172374e-05 	 1.239810e-06 	 -1000.0000 	 -1000.0000 	 -1000.0000 	 -1000.0000 
	 58.3720 	 6.289729e-03 	 155.4497 	  1.0761 	 2.933374e+20 	 2.284773e+18 	 2.163073e-05 	 1.241620e-06 	 -1000.0000 	 -1000.0000 	 -1000.0000 	 -1000.0000 
	 58.5250 	 6.173746e-03 	 155.2764 	  1.0787 	 2.882454e+20 	 2.252686e+18 	 2.152084e-05 	 1.242816e-06 	 -1000.0000 	 -1000.0000 	 -1000.0000 	 -1000.0000 
	 59.3110 	 5.609624e-03 	 154.2826 	  1.1070 	 2.635797e+20 	 2.119811e+18 	 2.113773e-05 	 1.616864e-06 	 -1000.0000 	 -1000.0000 	 -1000.0000 	 -1000.0000 
	 59.4650 	 5.504972e-03 	 154.0564 	  1.1154 	 2.590428e+20 	 2.099590e+18 	 2.100347e-05 	 1.615313e-06 	 -1000.0000 	 -1000.0000 	 -1000.0000 	 -1000.0000 
	 59.6180 	 5.402791e-03 	 153.8198 	  1.1244 	 2.546267e+20 	 2.081001e+18 	 2.087804e-05 	 1.613990e-06 	 -1000.0000 	 -1000.0000 	 -1000.0000 	 -1000.0000 
	 59.7720 	 5.301696e-03 	 153.5690 	  1.1341 	 2.502714e+20 	 2.063626e+18 	 2.076193e-05 	 1.612923e-06 	 -1000.0000 	 -1000.0000 	 -1000.0000 	 -1000.0000 
	 59.9250 	 5.202952e-03 	 153.3067 	  1.1442 	 2.460314e+20 	 2.047518e+18 	 2.065874e-05 	 1.612171e-06 	 -1000.0000 	 -1000.0000 	 -1000.0000 	 -1000.0000 
	 60.7310 	 4.708864e-03 	 151.6943 	  1.2034 	 2.250323e+20 	 1.975497e+18 	 2.038656e-05 	 1.614645e-06 	 -1000.0000 	 -1000.0000 	 -1000.0000 	 -1000.0000 
	 60.8850 	 4.619230e-03 	 151.3475 	  1.2158 	 2.212542e+20 	 1.963652e+18 	 2.038989e-05 	 1.616291e-06 	 -1000.0000 	 -1000.0000 	 -1000.0000 	 -1000.0000 
	 61.0380 	 4.531651e-03 	 150.9943 	  1.2284 	 2.175671e+20 	 1.952474e+18 	 2.040941e-05 	 1.618202e-06 	 -1000.0000 	 -1000.0000 	 -1000.0000 	 -1000.0000 
	 61.1920 	 4.444968e-03 	 150.6317 	  1.2415 	 2.139195e+20 	 1.941817e+18 	 2.044468e-05 	 1.620360e-06 	 -1000.0000 	 -1000.0000 	 -1000.0000 	 -1000.0000 
	 61.3450 	 4.360290e-03 	 150.2662 	  1.2551 	 2.103556e+20 	 1.931820e+18 	 2.049454e-05 	 1.622693e-06 	 -1000.0000 	 -1000.0000 	 -1000.0000 	 -1000.0000 
	 62.1380 	 3.943856e-03 	 148.3554 	  1.3337 	 1.927133e+20 	 1.888355e+18 	 2.095540e-05 	 1.636786e-06 	 -1000.0000 	 -1000.0000 	 -1000.0000 	 -1000.0000 
	 62.2910 	 3.867729e-03 	 148.0030 	  1.3500 	 1.894427e+20 	 1.880489e+18 	 2.107072e-05 	 1.640228e-06 	 -1000.0000 	 -1000.0000 	 -1000.0000 	 -1000.0000 
	 62.4440 	 3.792929e-03 	 147.6636 	  1.3663 	 1.862062e+20 	 1.872226e+18 	 2.118903e-05 	 1.644142e-06 	 -1000.0000 	 -1000.0000 	 -1000.0000 	 -1000.0000 
	 62.5960 	 3.719918e-03 	 147.3425 	  1.3824 	 1.830207e+20 	 1.863380e+18 	 2.130716e-05 	 1.648600e-06 	 -1000.0000 	 -1000.0000 	 -1000.0000 	 -1000.0000 
	 62.7490 	 3.647720e-03 	 147.0388 	  1.3983 	 1.798406e+20 	 1.853588e+18 	 2.142429e-05 	 1.653768e-06 	 -1000.0000 	 -1000.0000 	 -1000.0000 	 -1000.0000 
	 63.5350 	 3.296750e-03 	 145.9042 	  1.4707 	 1.637951e+20 	 1.781245e+18 	 2.193175e-05 	 1.693841e-06 	 -1000.0000 	 -1000.0000 	 -1000.0000 	 -1000.0000 
	 63.6880 	 3.232240e-03 	 145.7841 	  1.4824 	 1.607197e+20 	 1.762302e+18 	 2.201786e-05 	 1.703886e-06 	 -1000.0000 	 -1000.0000 	 -1000.0000 	 -1000.0000 
	 63.8410 	 3.168957e-03 	 145.7017 	  1.4933 	 1.576605e+20 	 1.741821e+18 	 2.210607e-05 	 1.714318e-06 	 -1000.0000 	 -1000.0000 	 -1000.0000 	 -1000.0000 
	 63.9940 	 3.106895e-03 	 145.6587 	  1.5034 	 1.546182e+20 	 1.719835e+18 	 2.219922e-05 	 1.724980e-06 	 -1000.0000 	 -1000.0000 	 -1000.0000 	 -1000.0000 
	 64.1470 	 3.046048e-03 	 145.6571 	  1.5125 	 1.515931e+20 	 1.696375e+18 	 2.230013e-05 	 1.735717e-06 	 -1000.0000 	 -1000.0000 	 -1000.0000 	 -1000.0000 
	 64.9380 	 2.750562e-03 	 146.3495 	  1.5451 	 1.362681e+20 	 1.553633e+18 	 2.303214e-05 	 1.787526e-06 	 -1000.0000 	 -1000.0000 	 -1000.0000 	 -1000.0000 
	 65.0910 	 2.697003e-03 	 146.6006 	  1.5488 	 1.333889e+20 	 1.522949e+18 	 2.321372e-05 	 1.796742e-06 	 -1000.0000 	 -1000.0000 	 -1000.0000 	 -1000.0000 
	 65.2440 	 2.644566e-03 	 146.8774 	  1.5519 	 1.305492e+20 	 1.491781e+18 	 2.340387e-05 	 1.805873e-06 	 -1000.0000 	 -1000.0000 	 -1000.0000 	 -1000.0000 
	 65.3960 	 2.593565e-03 	 147.1726 	  1.5544 	 1.277722e+20 	 1.460557e+18 	 2.359922e-05 	 1.814944e-06 	 -1000.0000 	 -1000.0000 	 -1000.0000 	 -1000.0000 
	 65.5490 	 2.543311e-03 	 147.4846 	  1.5564 	 1.250265e+20 	 1.429087e+18 	 2.380031e-05 	 1.824158e-06 	 -1000.0000 	 -1000.0000 	 -1000.0000 	 -1000.0000 
	 66.3320 	 2.302433e-03 	 149.1341 	  1.5613 	 1.119155e+20 	 1.274531e+18 	 2.483047e-05 	 1.874995e-06 	 -1000.0000 	 -1000.0000 	 -1000.0000 	 -1000.0000 
	 66.4840 	 2.258681e-03 	 149.4468 	  1.5613 	 1.095598e+20 	 1.246280e+18 	 2.502333e-05 	 1.885451e-06 	 -1000.0000 	 -1000.0000 	 -1000.0000 	 -1000.0000 
	 66.6360 	 2.215855e-03 	 149.7554 	  1.5608 	 1.072623e+20 	 1.218548e+18 	 2.521292e-05 	 1.895917e-06 	 -1000.0000 	 -1000.0000 	 -1000.0000 	 -1000.0000 
	 66.7890 	 2.173658e-03 	 150.0612 	  1.5598 	 1.050069e+20 	 1.191126e+18 	 2.540012e-05 	 1.906377e-06 	 -1000.0000 	 -1000.0000 	 -1000.0000 	 -1000.0000 
	 66.9410 	 2.132619e-03 	 150.3598 	  1.5582 	 1.028212e+20 	 1.164339e+18 	 2.558215e-05 	 1.916612e-06 	 -1000.0000 	 -1000.0000 	 -1000.0000 	 -1000.0000 
	 67.7320 	 1.932428e-03 	 151.8338 	  1.5406 	 9.225894e+19 	 1.031172e+18 	 2.644789e-05 	 1.965772e-06 	 -1000.0000 	 -1000.0000 	 -1000.0000 	 -1000.0000 
	 67.8840 	 1.896400e-03 	 152.1218 	  1.5357 	 9.036621e+19 	 1.006664e+18 	 2.659093e-05 	 1.975439e-06 	 -1000.0000 	 -1000.0000 	 -1000.0000 	 -1000.0000 
	 68.0360 	 1.861126e-03 	 152.4225 	  1.5307 	 8.851020e+19 	 9.824917e+17 	 2.672299e-05 	 1.985816e-06 	 -1000.0000 	 -1000.0000 	 -1000.0000 	 -1000.0000 
	 68.1890 	 1.826367e-03 	 152.7428 	  1.5256 	 8.667589e+19 	 9.584954e+17 	 2.684330e-05 	 1.997263e-06 	 -1000.0000 	 -1000.0000 	 -1000.0000 	 -1000.0000 
	 68.3410 	 1.792565e-03 	 153.0836 	  1.5207 	 8.488408e+19 	 9.349843e+17 	 2.694880e-05 	 2.009915e-06 	 -1000.0000 	 -1000.0000 	 -1000.0000 	 -1000.0000 
	 69.1250 	 1.629268e-03 	 155.3674 	  1.4991 	 7.602081e+19 	 8.184333e+17 	 2.725819e-05 	 2.101854e-06 	 -1000.0000 	 -1000.0000 	 -1000.0000 	 -1000.0000 
	 69.2770 	 1.599675e-03 	 155.9340 	  1.4944 	 7.436772e+19 	 7.964032e+17 	 2.730529e-05 	 2.122682e-06 	 -1000.0000 	 -1000.0000 	 -1000.0000 	 -1000.0000 
	 69.4290 	 1.570733e-03 	 156.5453 	  1.4886 	 7.273609e+19 	 7.743830e+17 	 2.736717e-05 	 2.142964e-06 	 -1000.0000 	 -1000.0000 	 -1000.0000 	 -1000.0000 
	 69.5810 	 1.542433e-03 	 157.2029 	  1.4813 	 7.112619e+19 	 7.522968e+17 	 2.745223e-05 	 2.162021e-06 	 -1000.0000 	 -1000.0000 	 -1000.0000 	 -1000.0000 
	 69.7330 	 1.514768e-03 	 157.9086 	  1.4722 	 6.953825e+19 	 7.300683e+17 	 2.756886e-05 	 2.179173e-06 	 -1000.0000 	 -1000.0000 	 -1000.0000 	 -1000.0000 
	 70.5090 	 1.383085e-03 	 162.2901 	  1.3878 	 6.178972e+19 	 6.128835e+17 	 2.887563e-05 	 2.220669e-06 	 -1000.0000 	 -1000.0000 	 -1000.0000 	 -1000.0000 
	 70.6600 	 1.359234e-03 	 163.2741 	  1.3665 	 6.035958e+19 	 5.901094e+17 	 2.923981e-05 	 2.223447e-06 	 -1000.0000 	 -1000.0000 	 -1000.0000 	 -1000.0000 
	 70.8120 	 1.335777e-03 	 164.2951 	  1.3454 	 5.894933e+19 	 5.676872e+17 	 2.961633e-05 	 2.227334e-06 	 -1000.0000 	 -1000.0000 	 -1000.0000 	 -1000.0000 
	 70.9630 	 1.313007e-03 	 165.3339 	  1.3254 	 5.757917e+19 	 5.461307e+17 	 2.998841e-05 	 2.233545e-06 	 -1000.0000 	 -1000.0000 	 -1000.0000 	 -1000.0000 
	 71.1150 	 1.290610e-03 	 166.3988 	  1.3071 	 5.623261e+19 	 5.253751e+17 	 3.034904e-05 	 2.243441e-06 	 -1000.0000 	 -1000.0000 	 -1000.0000 	 -1000.0000 
	 71.9030 	 1.182392e-03 	 172.0161 	  1.2686 	 4.983137e+19 	 4.399351e+17 	 3.159952e-05 	 2.391803e-06 	 -1000.0000 	 -1000.0000 	 -1000.0000 	 -1000.0000 
	 72.0540 	 1.163072e-03 	 173.0784 	  1.2722 	 4.871790e+19 	 4.279257e+17 	 3.169657e-05 	 2.437527e-06 	 -1000.0000 	 -1000.0000 	 -1000.0000 	 -1000.0000 
	 72.2050 	 1.144178e-03 	 174.1273 	  1.2781 	 4.763957e+19 	 4.170640e+17 	 3.175251e-05 	 2.486312e-06 	 -1000.0000 	 -1000.0000 	 -1000.0000 	 -1000.0000 
	 72.3550 	 1.125820e-03 	 175.1526 	  1.2858 	 4.660256e+19 	 4.072901e+17 	 3.177000e-05 	 2.536663e-06 	 -1000.0000 	 -1000.0000 	 -1000.0000 	 -1000.0000 
	 72.5060 	 1.107742e-03 	 176.1644 	  1.2949 	 4.559241e+19 	 3.983525e+17 	 3.175191e-05 	 2.588107e-06 	 -1000.0000 	 -1000.0000 	 -1000.0000 	 -1000.0000 
	 74.6560 	 8.871702e-04 	 186.3236 	  1.2692 	 3.451351e+19 	 2.988036e+17 	 2.916238e-05 	 2.743826e-06 	 -1000.0000 	 -1000.0000 	 -1000.0000 	 -1000.0000 
	 74.8070 	 8.737919e-04 	 186.6337 	  1.2437 	 3.393610e+19 	 2.902089e+17 	 2.892653e-05 	 2.688419e-06 	 -1000.0000 	 -1000.0000 	 -1000.0000 	 -1000.0000 
	 74.9570 	 8.607215e-04 	 186.8941 	  1.2176 	 3.338205e+19 	 2.816690e+17 	 2.869978e-05 	 2.631179e-06 	 -1000.0000 	 -1000.0000 	 -1000.0000 	 -1000.0000 
	 75.1080 	 8.477756e-04 	 187.1119 	  1.1917 	 3.284233e+19 	 2.732168e+17 	 2.848185e-05 	 2.574125e-06 	 -1000.0000 	 -1000.0000 	 -1000.0000 	 -1000.0000 
	 75.2580 	 8.351164e-04 	 187.2882 	  1.1675 	 3.232251e+19 	 2.651097e+17 	 2.827834e-05 	 2.520767e-06 	 -1000.0000 	 -1000.0000 	 -1000.0000 	 -1000.0000 
	 76.0400 	 7.720400e-04 	 187.6898 	  1.0988 	 2.981989e+19 	 2.322862e+17 	 2.751318e-05 	 2.386690e-06 	 -1000.0000 	 -1000.0000 	 -1000.0000 	 -1000.0000 
	 76.1900 	 7.604635e-04 	 187.6790 	  1.0984 	 2.937390e+19 	 2.280312e+17 	 2.742419e-05 	 2.393000e-06 	 -1000.0000 	 -1000.0000 	 -1000.0000 	 -1000.0000 
	 76.3400 	 7.490488e-04 	 187.6404 	  1.1012 	 2.893822e+19 	 2.243419e+17 	 2.735042e-05 	 2.407904e-06 	 -1000.0000 	 -1000.0000 	 -1000.0000 	 -1000.0000 
	 76.4900 	 7.377939e-04 	 187.5740 	  1.1071 	 2.851265e+19 	 2.211716e+17 	 2.729026e-05 	 2.430519e-06 	 -1000.0000 	 -1000.0000 	 -1000.0000 	 -1000.0000 
	 76.6400 	 7.266963e-04 	 187.4796 	  1.1155 	 2.809699e+19 	 2.184732e+17 	 2.724208e-05 	 2.459964e-06 	 -1000.0000 	 -1000.0000 	 -1000.0000 	 -1000.0000 
	 80.1140 	 5.083837e-04 	 177.5101 	  1.1516 	 2.076214e+19 	 1.788708e+17 	 2.573660e-05 	 2.999477e-06 	 -1000.0000 	 -1000.0000 	 -1000.0000 	 -1000.0000 
	 80.2630 	 5.004527e-04 	 176.7848 	  1.1176 	 2.052202e+19 	 1.743725e+17 	 2.553412e-05 	 2.947739e-06 	 -1000.0000 	 -1000.0000 	 -1000.0000 	 -1000.0000 
	 80.4130 	 4.925692e-04 	 176.0523 	  1.0831 	 2.028274e+19 	 1.697881e+17 	 2.533023e-05 	 2.894228e-06 	 -1000.0000 	 -1000.0000 	 -1000.0000 	 -1000.0000 
	 80.5620 	 4.848364e-04 	 175.3288 	  1.0497 	 2.004672e+19 	 1.652930e+17 	 2.513310e-05 	 2.842228e-06 	 -1000.0000 	 -1000.0000 	 -1000.0000 	 -1000.0000 
	 80.7120 	 4.771485e-04 	 174.6109 	  1.0182 	 1.980999e+19 	 1.609426e+17 	 2.494557e-05 	 2.793634e-06 	 -1000.0000 	 -1000.0000 	 -1000.0000 	 -1000.0000 
	 81.4770 	 4.393858e-04 	 171.3228 	  0.9280 	 1.859174e+19 	 1.449087e+17 	 2.432054e-05 	 2.681847e-06 	 -1000.0000 	 -1000.0000 	 -1000.0000 	 -1000.0000 
	 81.6260 	 4.323081e-04 	 170.7741 	  0.9242 	 1.835082e+19 	 1.429852e+17 	 2.426132e-05 	 2.687057e-06 	 -1000.0000 	 -1000.0000 	 -1000.0000 	 -1000.0000 
	 81.7750 	 4.253216e-04 	 170.2563 	  0.9231 	 1.810900e+19 	 1.412964e+17 	 2.421398e-05 	 2.697792e-06 	 -1000.0000 	 -1000.0000 	 -1000.0000 	 -1000.0000 
	 81.9250 	 4.183808e-04 	 169.7665 	  0.9240 	 1.786481e+19 	 1.397584e+17 	 2.417429e-05 	 2.712605e-06 	 -1000.0000 	 -1000.0000 	 -1000.0000 	 -1000.0000 
	 82.0740 	 4.115787e-04 	 169.3114 	  0.9260 	 1.762167e+19 	 1.383174e+17 	 2.413879e-05 	 2.729738e-06 	 -1000.0000 	 -1000.0000 	 -1000.0000 	 -1000.0000 
	 82.8470 	 3.777785e-04 	 167.4168 	  0.9280 	 1.636040e+19 	 1.298403e+17 	 2.389180e-05 	 2.805781e-06 	 -1000.0000 	 -1000.0000 	 -1000.0000 	 -1000.0000 
	 82.9960 	 3.715478e-04 	 167.0996 	  0.9250 	 1.612152e+19 	 1.279134e+17 	 2.382999e-05 	 2.814635e-06 	 -1000.0000 	 -1000.0000 	 -1000.0000 	 -1000.0000 
	 83.1450 	 3.654072e-04 	 166.7758 	  0.9213 	 1.588597e+19 	 1.259461e+17 	 2.376820e-05 	 2.822119e-06 	 -1000.0000 	 -1000.0000 	 -1000.0000 	 -1000.0000 
	 83.2950 	 3.593156e-04 	 166.4337 	  0.9170 	 1.565304e+19 	 1.239523e+17 	 2.370826e-05 	 2.828566e-06 	 -1000.0000 	 -1000.0000 	 -1000.0000 	 -1000.0000 
	 83.4440 	 3.533532e-04 	 166.0681 	  0.9123 	 1.542670e+19 	 1.219859e+17 	 2.365317e-05 	 2.834186e-06 	 -1000.0000 	 -1000.0000 	 -1000.0000 	 -1000.0000 
	 84.2070 	 3.241663e-04 	 163.5187 	  0.8869 	 1.436964e+19 	 1.129708e+17 	 2.350854e-05 	 2.860803e-06 	 -1000.0000 	 -1000.0000 	 -1000.0000 	 -1000.0000 
	 84.3560 	 3.187146e-04 	 162.8998 	  0.8821 	 1.418145e+19 	 1.114385e+17 	 2.350911e-05 	 2.866849e-06 	 -1000.0000 	 -1000.0000 	 -1000.0000 	 -1000.0000 
	 84.5050 	 3.133374e-04 	 162.2604 	  0.8774 	 1.399718e+19 	 1.099549e+17 	 2.351710e-05 	 2.873424e-06 	 -1000.0000 	 -1000.0000 	 -1000.0000 	 -1000.0000 
	 84.6550 	 3.079966e-04 	 161.6047 	  0.8727 	 1.381470e+19 	 1.084979e+17 	 2.353165e-05 	 2.880677e-06 	 -1000.0000 	 -1000.0000 	 -1000.0000 	 -1000.0000 
	 84.8040 	 3.027606e-04 	 160.9504 	  0.8681 	 1.363551e+19 	 1.070742e+17 	 2.355157e-05 	 2.888608e-06 	 -1000.0000 	 -1000.0000 	 -1000.0000 	 -1000.0000 
	 85.5750 	 2.766799e-04 	 157.8058 	  0.8447 	 1.271102e+19 	 9.969538e+16 	 2.370591e-05 	 2.944064e-06 	 -1000.0000 	 -1000.0000 	 -1000.0000 	 -1000.0000 
	 85.7230 	 2.718655e-04 	 157.2675 	  0.8408 	 1.253257e+19 	 9.827604e+16 	 2.373974e-05 	 2.957310e-06 	 -1000.0000 	 -1000.0000 	 -1000.0000 	 -1000.0000 
	 85.8710 	 2.671158e-04 	 156.7478 	  0.8373 	 1.235435e+19 	 9.687322e+16 	 2.377343e-05 	 2.971173e-06 	 -1000.0000 	 -1000.0000 	 -1000.0000 	 -1000.0000 
	 86.0190 	 2.624320e-04 	 156.2451 	  0.8344 	 1.217663e+19 	 9.549511e+16 	 2.380635e-05 	 2.985549e-06 	 -1000.0000 	 -1000.0000 	 -1000.0000 	 -1000.0000 
	 86.1670 	 2.578156e-04 	 155.7579 	  0.8322 	 1.199969e+19 	 9.414993e+16 	 2.383790e-05 	 3.000339e-06 	 -1000.0000 	 -1000.0000 	 -1000.0000 	 -1000.0000 
	 86.9350 	 2.349806e-04 	 153.4114 	  0.8340 	 1.110425e+19 	 8.794677e+16 	 2.395904e-05 	 3.080345e-06 	 -1000.0000 	 -1000.0000 	 -1000.0000 	 -1000.0000 
	 87.0830 	 2.307926e-04 	 152.9745 	  0.8365 	 1.093758e+19 	 8.689616e+16 	 2.397269e-05 	 3.096160e-06 	 -1000.0000 	 -1000.0000 	 -1000.0000 	 -1000.0000 
	 87.2310 	 2.266695e-04 	 152.5347 	  0.8394 	 1.077322e+19 	 8.587809e+16 	 2.398331e-05 	 3.112130e-06 	 -1000.0000 	 -1000.0000 	 -1000.0000 	 -1000.0000 
	 87.3790 	 2.226097e-04 	 152.0884 	  0.8424 	 1.061129e+19 	 8.488596e+16 	 2.399096e-05 	 3.128269e-06 	 -1000.0000 	 -1000.0000 	 -1000.0000 	 -1000.0000 
	 87.5270 	 2.186116e-04 	 151.6323 	  0.8455 	 1.045198e+19 	 8.391316e+16 	 2.399572e-05 	 3.144595e-06 	 -1000.0000 	 -1000.0000 	 -1000.0000 	 -1000.0000 
	 88.2880 	 1.989684e-04 	 149.0322 	  0.8557 	 9.678048e+18 	 7.899948e+16 	 2.398828e-05 	 3.232133e-06 	 -1000.0000 	 -1000.0000 	 -1000.0000 	 -1000.0000 
	 88.4360 	 1.953187e-04 	 148.4804 	  0.8564 	 9.535787e+18 	 7.804393e+16 	 2.399204e-05 	 3.250031e-06 	 -1000.0000 	 -1000.0000 	 -1000.0000 	 -1000.0000 
	 88.5840 	 1.917231e-04 	 147.9201 	  0.8568 	 9.395712e+18 	 7.708880e+16 	 2.400329e-05 	 3.268282e-06 	 -1000.0000 	 -1000.0000 	 -1000.0000 	 -1000.0000 
	 88.7310 	 1.882046e-04 	 147.3582 	  0.8569 	 9.258525e+18 	 7.614099e+16 	 2.402439e-05 	 3.286786e-06 	 -1000.0000 	 -1000.0000 	 -1000.0000 	 -1000.0000 
	 88.8790 	 1.847149e-04 	 146.7901 	  0.8568 	 9.122131e+18 	 7.518810e+16 	 2.405815e-05 	 3.305825e-06 	 -1000.0000 	 -1000.0000 	 -1000.0000 	 -1000.0000 
	 89.6480 	 1.674123e-04 	 143.9042 	  0.8549 	 8.433619e+18 	 7.028050e+16 	 2.450056e-05 	 3.412219e-06 	 -1000.0000 	 -1000.0000 	 -1000.0000 	 -1000.0000 
	 89.7960 	 1.642383e-04 	 143.3726 	  0.8546 	 8.304337e+18 	 6.935124e+16 	 2.462292e-05 	 3.434091e-06 	 -1000.0000 	 -1000.0000 	 -1000.0000 	 -1000.0000 
	 89.9440 	 1.611136e-04 	 142.8501 	  0.8545 	 8.176085e+18 	 6.842975e+16 	 2.474629e-05 	 3.456351e-06 	 -1000.0000 	 -1000.0000 	 -1000.0000 	 -1000.0000 
	 90.0910 	 1.580585e-04 	 142.3404 	  0.8544 	 8.049727e+18 	 6.752339e+16 	 2.486496e-05 	 3.478814e-06 	 -1000.0000 	 -1000.0000 	 -1000.0000 	 -1000.0000 
	 90.2390 	 1.550308e-04 	 141.8372 	  0.8546 	 7.923549e+18 	 6.662106e+16 	 2.497564e-05 	 3.501758e-06 	 -1000.0000 	 -1000.0000 	 -1000.0000 	 -1000.0000 
	 90.9920 	 1.403596e-04 	 139.4255 	  0.8593 	 7.298658e+18 	 6.222950e+16 	 2.526510e-05 	 3.622851e-06 	 -1000.0000 	 -1000.0000 	 -1000.0000 	 -1000.0000 
	 91.1390 	 1.376340e-04 	 138.9663 	  0.8609 	 7.180733e+18 	 6.141614e+16 	 2.527545e-05 	 3.647445e-06 	 -1000.0000 	 -1000.0000 	 -1000.0000 	 -1000.0000 
	 91.2860 	 1.349518e-04 	 138.5013 	  0.8625 	 7.064504e+18 	 6.061812e+16 	 2.528102e-05 	 3.672444e-06 	 -1000.0000 	 -1000.0000 	 -1000.0000 	 -1000.0000 
	 91.4340 	 1.322945e-04 	 138.0230 	  0.8642 	 6.949362e+18 	 5.983054e+16 	 2.528660e-05 	 3.698064e-06 	 -1000.0000 	 -1000.0000 	 -1000.0000 	 -1000.0000 
	 91.5810 	 1.296973e-04 	 137.5337 	  0.8659 	 6.837026e+18 	 5.906443e+16 	 2.529689e-05 	 3.724003e-06 	 -1000.0000 	 -1000.0000 	 -1000.0000 	 -1000.0000 
	 92.3450 	 1.168477e-04 	 134.6479 	  0.8727 	 6.289962e+18 	 5.533941e+16 	 2.557374e-05 	 3.867861e-06 	 -1000.0000 	 -1000.0000 	 -1000.0000 	 -1000.0000 
	 92.4920 	 1.144971e-04 	 134.0447 	  0.8735 	 6.190961e+18 	 5.465818e+16 	 2.566930e-05 	 3.897135e-06 	 -1000.0000 	 -1000.0000 	 -1000.0000 	 -1000.0000 
	 92.6390 	 1.121853e-04 	 133.4412 	  0.8743 	 6.093324e+18 	 5.398068e+16 	 2.577129e-05 	 3.926786e-06 	 -1000.0000 	 -1000.0000 	 -1000.0000 	 -1000.0000 
	 92.7860 	 1.099121e-04 	 132.8446 	  0.8749 	 5.996755e+18 	 5.330352e+16 	 2.587634e-05 	 3.956752e-06 	 -1000.0000 	 -1000.0000 	 -1000.0000 	 -1000.0000 
	 92.9330 	 1.076772e-04 	 132.2616 	  0.8754 	 5.900960e+18 	 5.262328e+16 	 2.598106e-05 	 3.986972e-06 	 -1000.0000 	 -1000.0000 	 -1000.0000 	 -1000.0000 
	 93.6850 	 9.683536e-05 	 129.6830 	  0.8769 	 5.414643e+18 	 4.899801e+16 	 2.641447e-05 	 4.144307e-06 	 -1000.0000 	 -1000.0000 	 -1000.0000 	 -1000.0000 
	 93.8320 	 9.482735e-05 	 129.2425 	  0.8769 	 5.320704e+18 	 4.826433e+16 	 2.648265e-05 	 4.176202e-06 	 -1000.0000 	 -1000.0000 	 -1000.0000 	 -1000.0000 
	 93.9790 	 9.285387e-05 	 128.8053 	  0.8766 	 5.227742e+18 	 4.752890e+16 	 2.655184e-05 	 4.208867e-06 	 -1000.0000 	 -1000.0000 	 -1000.0000 	 -1000.0000 
