	 height_(km) 	 press_(mbar) 	 temp_(K) 	 temperr_(K) 	 numdens_(m-3) 	 numdenserr_(m-3) 	 H2Ovmr_() 	 H2Ovmrerr_() 	 D/H_(VSMOW) 	 D/Herr_(VSMOW) 	 18O/16O_(VSMOW) 	 18O/16Oerr_(VSMOW) 
	  6.8200 	 2.687086e+00 	 195.9632 	  5.1698 	 9.937920e+22 	 2.616245e+21 	 4.870792e-04 	 8.252842e-05 	  4.2491 	  0.9355 	  0.8592 	  0.2119 
	  6.9800 	 2.643938e+00 	 195.6324 	  4.9940 	 9.795743e+22 	 2.508545e+21 	 4.434510e-04 	 6.150695e-05 	  4.3952 	  0.8556 	  0.8851 	  0.1921 
	  7.1400 	 2.601507e+00 	 195.2911 	  4.8316 	 9.656056e+22 	 2.406954e+21 	 4.108427e-04 	 4.678539e-05 	  4.5145 	  0.7935 	  0.9058 	  0.1754 
	  7.3000 	 2.559779e+00 	 194.9403 	  4.6812 	 9.518776e+22 	 2.311006e+21 	 3.864966e-04 	 3.675042e-05 	  4.6095 	  0.7505 	  0.9219 	  0.1623 
	  7.4600 	 2.518736e+00 	 194.5808 	  4.5416 	 9.383817e+22 	 2.220234e+21 	 3.684675e-04 	 3.031164e-05 	  4.6825 	  0.7248 	  0.9340 	  0.1528 
	  8.0100 	 2.382645e+00 	 193.2919 	  4.1252 	 8.936420e+22 	 1.941230e+21 	 3.378805e-04 	 2.437894e-05 	  4.7955 	  0.7116 	  0.9523 	  0.1404 
	  8.1700 	 2.344441e+00 	 192.9053 	  4.0172 	 8.810734e+22 	 1.867795e+21 	 3.348739e-04 	 2.473420e-05 	  4.7956 	  0.7139 	  0.9526 	  0.1402 
	  8.3300 	 2.306833e+00 	 192.5152 	  3.9128 	 8.686907e+22 	 1.796998e+21 	 3.334667e-04 	 2.529945e-05 	  4.7836 	  0.7145 	  0.9514 	  0.1406 
	  8.4900 	 2.269802e+00 	 192.1224 	  3.8105 	 8.564852e+22 	 1.728371e+21 	 3.331880e-04 	 2.590632e-05 	  4.7609 	  0.7122 	  0.9488 	  0.1414 
	  8.6500 	 2.233333e+00 	 191.7279 	  3.7091 	 8.444487e+22 	 1.661449e+21 	 3.335941e-04 	 2.646145e-05 	  4.7287 	  0.7067 	  0.9453 	  0.1422 
	  9.2140 	 2.109014e+00 	 190.3377 	  3.3389 	 8.032414e+22 	 1.432285e+21 	 3.341325e-04 	 2.732782e-05 	  4.5562 	  0.6599 	  0.9284 	  0.1450 
	  9.3730 	 2.075091e+00 	 189.9497 	  3.2255 	 7.919332e+22 	 1.367649e+21 	 3.322593e-04 	 2.708861e-05 	  4.4959 	  0.6390 	  0.9234 	  0.1454 
	  9.5330 	 2.041422e+00 	 189.5628 	  3.1049 	 7.806754e+22 	 1.301736e+21 	 3.288212e-04 	 2.643455e-05 	  4.4324 	  0.6123 	  0.9188 	  0.1448 
	  9.6920 	 2.008413e+00 	 189.1826 	  2.9773 	 7.696004e+22 	 1.234909e+21 	 3.237746e-04 	 2.538295e-05 	  4.3678 	  0.5818 	  0.9145 	  0.1425 
	  9.8520 	 1.975631e+00 	 188.8054 	  2.8399 	 7.585602e+22 	 1.165865e+21 	 3.172456e-04 	 2.401687e-05 	  4.3022 	  0.5502 	  0.9105 	  0.1382 
	 10.4240 	 1.861848e+00 	 187.4933 	  2.2797 	 7.199219e+22 	 9.063414e+20 	 2.907567e-04 	 1.919459e-05 	  4.0686 	  0.4766 	  0.9014 	  0.1110 
	 10.5830 	 1.831168e+00 	 187.1252 	  2.1202 	 7.094578e+22 	 8.360944e+20 	 2.852042e-04 	 1.888842e-05 	  4.0038 	  0.4798 	  0.9014 	  0.1041 
	 10.7430 	 1.800720e+00 	 186.7462 	  1.9665 	 6.990754e+22 	 7.691489e+20 	 2.813322e-04 	 1.937379e-05 	  3.9382 	  0.4943 	  0.9031 	  0.0999 
	 10.9020 	 1.770886e+00 	 186.3571 	  1.8247 	 6.889182e+22 	 7.078984e+20 	 2.793826e-04 	 2.036003e-05 	  3.8726 	  0.5109 	  0.9070 	  0.0994 
	 11.0620 	 1.741295e+00 	 185.9492 	  1.6977 	 6.788726e+22 	 6.531423e+20 	 2.792458e-04 	 2.139528e-05 	  3.8060 	  0.5200 	  0.9138 	  0.1023 
	 11.6070 	 1.643783e+00 	 184.4666 	  1.4115 	 6.459129e+22 	 5.275460e+20 	 2.855052e-04 	 2.307131e-05 	  3.5696 	  0.4749 	  0.9551 	  0.1247 
	 11.7660 	 1.616296e+00 	 184.0561 	  1.3636 	 6.365193e+22 	 5.052652e+20 	 2.864833e-04 	 2.286842e-05 	  3.4958 	  0.4485 	  0.9692 	  0.1305 
	 11.9250 	 1.589247e+00 	 183.6816 	  1.3273 	 6.271493e+22 	 4.873775e+20 	 2.856997e-04 	 2.222263e-05 	  3.4192 	  0.4190 	  0.9827 	  0.1338 
	 12.0850 	 1.562470e+00 	 183.3556 	  1.2998 	 6.177010e+22 	 4.726387e+20 	 2.824631e-04 	 2.119176e-05 	  3.3394 	  0.3901 	  0.9943 	  0.1336 
	 12.2440 	 1.536302e+00 	 183.0968 	  1.2788 	 6.082498e+22 	 4.600671e+20 	 2.764647e-04 	 2.007391e-05 	  3.2578 	  0.3683 	  1.0028 	  0.1293 
	 12.8070 	 1.447134e+00 	 182.7725 	  1.2263 	 5.740877e+22 	 4.199594e+20 	 2.375417e-04 	 1.909131e-05 	  2.9726 	  0.3904 	  1.0111 	  0.1081 
	 12.9660 	 1.422893e+00 	 182.7927 	  1.2140 	 5.644132e+22 	 4.090556e+20 	 2.238902e-04 	 1.933925e-05 	  2.8996 	  0.4106 	  1.0106 	  0.1125 
	 13.1250 	 1.399041e+00 	 182.8297 	  1.2016 	 5.548256e+22 	 3.982521e+20 	 2.101499e-04 	 1.916954e-05 	  2.8320 	  0.4241 	  1.0108 	  0.1162 
	 13.2850 	 1.375421e+00 	 182.8662 	  1.1884 	 5.453196e+22 	 3.874366e+20 	 1.968480e-04 	 1.848010e-05 	  2.7697 	  0.4276 	  1.0125 	  0.1184 
	 13.4440 	 1.352314e+00 	 182.8841 	  1.1741 	 5.360679e+22 	 3.766995e+20 	 1.846144e-04 	 1.731558e-05 	  2.7134 	  0.4191 	  1.0160 	  0.1185 
	 13.9970 	 1.274684e+00 	 182.6646 	  1.1110 	 5.058254e+22 	 3.394597e+20 	 1.516882e-04 	 1.202193e-05 	  2.5485 	  0.3330 	  1.0401 	  0.1123 
	 14.1560 	 1.253160e+00 	 182.5370 	  1.0910 	 4.976340e+22 	 3.291214e+20 	 1.448761e-04 	 1.067095e-05 	  2.5067 	  0.3085 	  1.0477 	  0.1122 
	 14.3150 	 1.232001e+00 	 182.3935 	  1.0713 	 4.896274e+22 	 3.191324e+20 	 1.389933e-04 	 9.598380e-06 	  2.4661 	  0.2920 	  1.0543 	  0.1112 
	 14.4750 	 1.211080e+00 	 182.2404 	  1.0524 	 4.817344e+22 	 3.095352e+20 	 1.337214e-04 	 8.864800e-06 	  2.4257 	  0.2852 	  1.0594 	  0.1098 
	 14.6340 	 1.190665e+00 	 182.0866 	  1.0352 	 4.740314e+22 	 3.005517e+20 	 1.288340e-04 	 8.512469e-06 	  2.3856 	  0.2888 	  1.0628 	  0.1084 
	 15.1910 	 1.122062e+00 	 181.6110 	  0.9901 	 4.479048e+22 	 2.737290e+20 	 1.118284e-04 	 9.398335e-06 	  2.2413 	  0.3497 	  1.0623 	  0.1125 
	 15.3500 	 1.103249e+00 	 181.5003 	  0.9791 	 4.406594e+22 	 2.668768e+20 	 1.065531e-04 	 9.535164e-06 	  2.1983 	  0.3620 	  1.0599 	  0.1159 
	 15.5080 	 1.084861e+00 	 181.4032 	  0.9675 	 4.335428e+22 	 2.601311e+20 	 1.010945e-04 	 9.346146e-06 	  2.1551 	  0.3658 	  1.0576 	  0.1183 
	 15.6670 	 1.066648e+00 	 181.3192 	  0.9544 	 4.264594e+22 	 2.532467e+20 	 9.552068e-05 	 8.880816e-06 	  2.1118 	  0.3628 	  1.0553 	  0.1186 
	 15.8250 	 1.048822e+00 	 181.2503 	  0.9392 	 4.194925e+22 	 2.461519e+20 	 9.007316e-05 	 8.242265e-06 	  2.0691 	  0.3551 	  1.0528 	  0.1173 
	 16.3910 	 9.870221e-01 	 181.0899 	  0.8635 	 3.951540e+22 	 2.179370e+20 	 7.326604e-05 	 5.725521e-06 	  1.9266 	  0.3161 	  1.0414 	  0.1095 
	 16.5500 	 9.702455e-01 	 181.0346 	  0.8400 	 3.885597e+22 	 2.099141e+20 	 6.962623e-05 	 5.204863e-06 	  1.8913 	  0.3092 	  1.0372 	  0.1084 
	 16.7080 	 9.538359e-01 	 180.9574 	  0.8176 	 3.821486e+22 	 2.022949e+20 	 6.651528e-05 	 4.835102e-06 	  1.8588 	  0.3064 	  1.0323 	  0.1075 
	 16.8670 	 9.375900e-01 	 180.8477 	  0.7972 	 3.758595e+22 	 1.951981e+20 	 6.384643e-05 	 4.580790e-06 	  1.8285 	  0.3064 	  1.0271 	  0.1066 
	 17.0250 	 9.217162e-01 	 180.6975 	  0.7802 	 3.697909e+22 	 1.889264e+20 	 6.158474e-05 	 4.398771e-06 	  1.8009 	  0.3078 	  1.0219 	  0.1054 
	 17.5750 	 8.685587e-01 	 179.8020 	  0.7537 	 3.501608e+22 	 1.744698e+20 	 5.573290e-05 	 4.038994e-06 	  1.7215 	  0.3154 	  1.0058 	  0.1015 
	 17.7330 	 8.538610e-01 	 179.4653 	  0.7533 	 3.448798e+22 	 1.719419e+20 	 5.438221e-05 	 3.973461e-06 	  1.7025 	  0.3175 	  1.0017 	  0.1007 
	 17.8910 	 8.394026e-01 	 179.1096 	  0.7548 	 3.397176e+22 	 1.698341e+20 	 5.309405e-05 	 3.911469e-06 	  1.6849 	  0.3194 	  0.9979 	  0.1001 
	 18.0490 	 8.251747e-01 	 178.7439 	  0.7573 	 3.346516e+22 	 1.679788e+20 	 5.184058e-05 	 3.856285e-06 	  1.6685 	  0.3214 	  0.9942 	  0.0997 
	 18.2070 	 8.111681e-01 	 178.3773 	  0.7601 	 3.296591e+22 	 1.662082e+20 	 5.060266e-05 	 3.813505e-06 	  1.6532 	  0.3240 	  0.9904 	  0.0998 
	 18.7680 	 7.631104e-01 	 177.1434 	  0.7654 	 3.123173e+22 	 1.590022e+20 	 4.616715e-05 	 3.755407e-06 	  1.6093 	  0.3378 	  0.9778 	  0.1028 
	 18.9260 	 7.500254e-01 	 176.8048 	  0.7655 	 3.075503e+22 	 1.567378e+20 	 4.487551e-05 	 3.758671e-06 	  1.6003 	  0.3429 	  0.9748 	  0.1045 
	 19.0840 	 7.371296e-01 	 176.4624 	  0.7652 	 3.028459e+22 	 1.544316e+20 	 4.355277e-05 	 3.767622e-06 	  1.5931 	  0.3483 	  0.9723 	  0.1065 
	 19.2410 	 7.244986e-01 	 176.1141 	  0.7648 	 2.982393e+22 	 1.521320e+20 	 4.219769e-05 	 3.774333e-06 	  1.5880 	  0.3539 	  0.9706 	  0.1088 
	 19.3990 	 7.119668e-01 	 175.7512 	  0.7642 	 2.936778e+22 	 1.498431e+20 	 4.078393e-05 	 3.770404e-06 	  1.5853 	  0.3598 	  0.9699 	  0.1116 
	 19.9480 	 6.697969e-01 	 174.3774 	  0.7624 	 2.784373e+22 	 1.423679e+20 	 3.539354e-05 	 3.585720e-06 	  1.5956 	  0.3812 	  0.9766 	  0.1221 
	 20.1060 	 6.580669e-01 	 173.9669 	  0.7620 	 2.742057e+22 	 1.403349e+20 	 3.369461e-05 	 3.465971e-06 	  1.6046 	  0.3880 	  0.9816 	  0.1250 
	 20.2640 	 6.465251e-01 	 173.5595 	  0.7616 	 2.700309e+22 	 1.383362e+20 	 3.193826e-05 	 3.314706e-06 	  1.6165 	  0.3951 	  0.9880 	  0.1276 
	 20.4210 	 6.352464e-01 	 173.1633 	  0.7613 	 2.659322e+22 	 1.363740e+20 	 3.015434e-05 	 3.148228e-06 	  1.6307 	  0.4032 	  0.9957 	  0.1301 
	 20.5790 	 6.240909e-01 	 172.7785 	  0.7610 	 2.618507e+22 	 1.344131e+20 	 2.834410e-05 	 2.980464e-06 	  1.6474 	  0.4129 	  1.0046 	  0.1327 
	 21.1380 	 5.861877e-01 	 171.5651 	  0.7600 	 2.477062e+22 	 1.275366e+20 	 2.224171e-05 	 2.429901e-06 	  1.7182 	  0.4558 	  1.0419 	  0.1421 
	 21.2960 	 5.758837e-01 	 171.2494 	  0.7601 	 2.438013e+22 	 1.256490e+20 	 2.070250e-05 	 2.280458e-06 	  1.7395 	  0.4676 	  1.0537 	  0.1447 
	 21.4540 	 5.657422e-01 	 170.9367 	  0.7604 	 2.399439e+22 	 1.238088e+20 	 1.927525e-05 	 2.129577e-06 	  1.7605 	  0.4779 	  1.0658 	  0.1476 
	 21.6110 	 5.558163e-01 	 170.6241 	  0.7611 	 2.361618e+22 	 1.220395e+20 	 1.797779e-05 	 1.977204e-06 	  1.7806 	  0.4862 	  1.0780 	  0.1500 
	 21.7690 	 5.459699e-01 	 170.3029 	  0.7621 	 2.324103e+22 	 1.203307e+20 	 1.679823e-05 	 1.821417e-06 	  1.8000 	  0.4923 	  1.0903 	  0.1515 
	 22.3320 	 5.119631e-01 	 169.0658 	  0.7695 	 2.195170e+22 	 1.148996e+20 	 1.356448e-05 	 1.321105e-06 	  1.8610 	  0.5032 	 -1000.0000 	 -1000.0000 
	 22.4890 	 5.027892e-01 	 168.7032 	  0.7723 	 2.160472e+22 	 1.135279e+20 	 1.290305e-05 	 1.217732e-06 	  1.8760 	  0.5069 	 -1000.0000 	 -1000.0000 
	 22.6460 	 4.937575e-01 	 168.3385 	  0.7753 	 2.126277e+22 	 1.121942e+20 	 1.233051e-05 	 1.135084e-06 	  1.8903 	  0.5122 	 -1000.0000 	 -1000.0000 
	 22.8040 	 4.848160e-01 	 167.9723 	  0.7784 	 2.092349e+22 	 1.108773e+20 	 1.183200e-05 	 1.069923e-06 	  1.9038 	  0.5188 	 -1000.0000 	 -1000.0000 
	 22.9610 	 4.760818e-01 	 167.6124 	  0.7815 	 2.059093e+22 	 1.095807e+20 	 1.140192e-05 	 1.018908e-06 	  1.9164 	  0.5261 	 -1000.0000 	 -1000.0000 
	 23.5050 	 4.469946e-01 	 166.4287 	  0.7916 	 1.947064e+22 	 1.050625e+20 	 1.028344e-05 	 8.976738e-07 	  1.9518 	  0.5513 	 -1000.0000 	 -1000.0000 
	 23.6620 	 4.389218e-01 	 166.1100 	  0.7944 	 1.915562e+22 	 1.037506e+20 	 1.003902e-05 	 8.658442e-07 	  1.9591 	  0.5566 	 -1000.0000 	 -1000.0000 
	 23.8190 	 4.309833e-01 	 165.8031 	  0.7972 	 1.884390e+22 	 1.024382e+20 	 9.821333e-06 	 8.315647e-07 	  1.9649 	  0.5603 	 -1000.0000 	 -1000.0000 
	 23.9760 	 4.231734e-01 	 165.5091 	  0.8000 	 1.853526e+22 	 1.011271e+20 	 9.629505e-06 	 7.956939e-07 	  1.9689 	  0.5628 	 -1000.0000 	 -1000.0000 
	 24.1330 	 4.154867e-01 	 165.2286 	  0.8029 	 1.822946e+22 	 9.981900e+19 	 9.463942e-06 	 7.599887e-07 	  1.9709 	  0.5643 	 -1000.0000 	 -1000.0000 
	 24.6950 	 3.889278e-01 	 164.3342 	  0.8138 	 1.715738e+22 	 9.519300e+19 	 9.094803e-06 	 6.599840e-07 	  1.9612 	  0.5657 	 -1000.0000 	 -1000.0000 
	 24.8520 	 3.817774e-01 	 164.1058 	  0.8170 	 1.686541e+22 	 9.392908e+19 	 9.055893e-06 	 6.474189e-07 	  1.9539 	  0.5660 	 -1000.0000 	 -1000.0000 
	 25.0090 	 3.747471e-01 	 163.8817 	  0.8204 	 1.657744e+22 	 9.268343e+19 	 9.043487e-06 	 6.436772e-07 	  1.9449 	  0.5664 	 -1000.0000 	 -1000.0000 
	 25.1660 	 3.678384e-01 	 163.6595 	  0.8239 	 1.629384e+22 	 9.145920e+19 	 9.052930e-06 	 6.464946e-07 	  1.9348 	  0.5665 	 -1000.0000 	 -1000.0000 
	 25.3230 	 3.610526e-01 	 163.4364 	  0.8274 	 1.601499e+22 	 9.025956e+19 	 9.077029e-06 	 6.513164e-07 	  1.9242 	  0.5660 	 -1000.0000 	 -1000.0000 
	 25.8650 	 3.385687e-01 	 162.6361 	  0.8404 	 1.509144e+22 	 8.631639e+19 	 9.138637e-06 	 6.500627e-07 	  1.8982 	  0.5622 	 -1000.0000 	 -1000.0000 
	 26.0220 	 3.323166e-01 	 162.3959 	  0.8442 	 1.483469e+22 	 8.521671e+19 	 9.107981e-06 	 6.394437e-07 	  1.8975 	  0.5621 	 -1000.0000 	 -1000.0000 
	 26.1790 	 3.261751e-01 	 162.1528 	  0.8479 	 1.458238e+22 	 8.412773e+19 	 9.038939e-06 	 6.227943e-07 	  1.9014 	  0.5632 	 -1000.0000 	 -1000.0000 
	 26.3360 	 3.201405e-01 	 161.9073 	  0.8515 	 1.433431e+22 	 8.304482e+19 	 8.926659e-06 	 6.020429e-07 	  1.9104 	  0.5663 	 -1000.0000 	 -1000.0000 
	 26.4930 	 3.142092e-01 	 161.6598 	  0.8549 	 1.409028e+22 	 8.196336e+19 	 8.770424e-06 	 5.823006e-07 	  1.9246 	  0.5721 	 -1000.0000 	 -1000.0000 
	 27.0490 	 2.939942e-01 	 160.7805 	  0.8654 	 1.325563e+22 	 7.809961e+19 	 7.932571e-06 	 5.298524e-07 	  2.0127 	  0.6106 	 -1000.0000 	 -1000.0000 
	 27.2050 	 2.885393e-01 	 160.5399 	  0.8679 	 1.302915e+22 	 7.700560e+19 	 7.645684e-06 	 5.128953e-07 	  2.0459 	  0.6237 	 -1000.0000 	 -1000.0000 
	 27.3620 	 2.831443e-01 	 160.3038 	  0.8703 	 1.280438e+22 	 7.590128e+19 	 7.347328e-06 	 4.919052e-07 	  2.0820 	  0.6367 	 -1000.0000 	 -1000.0000 
	 27.5180 	 2.778773e-01 	 160.0772 	  0.8725 	 1.258406e+22 	 7.480135e+19 	 7.048943e-06 	 4.669549e-07 	  2.1199 	  0.6490 	 -1000.0000 	 -1000.0000 
	 27.6750 	 2.726700e-01 	 159.8589 	  0.8746 	 1.236523e+22 	 7.369231e+19 	 6.753524e-06 	 4.381130e-07 	  2.1593 	  0.6605 	 -1000.0000 	 -1000.0000 
	 28.2230 	 2.552128e-01 	 159.1817 	  0.8810 	 1.162330e+22 	 6.980212e+19 	 5.822546e-06 	 3.528869e-07 	  2.2965 	  0.6963 	 -1000.0000 	 -1000.0000 
	 28.3790 	 2.504389e-01 	 159.0057 	  0.8823 	 1.141854e+22 	 6.868228e+19 	 5.596460e-06 	 3.448921e-07 	  2.3329 	  0.7068 	 -1000.0000 	 -1000.0000 
	 28.5350 	 2.457474e-01 	 158.8328 	  0.8832 	 1.121679e+22 	 6.755323e+19 	 5.389624e-06 	 3.375050e-07 	  2.3672 	  0.7173 	 -1000.0000 	 -1000.0000 
	 28.6900 	 2.411653e-01 	 158.6619 	  0.8837 	 1.101939e+22 	 6.642031e+19 	 5.202633e-06 	 3.307847e-07 	  2.3989 	  0.7278 	 -1000.0000 	 -1000.0000 
	 28.8460 	 2.366313e-01 	 158.4885 	  0.8837 	 1.082389e+22 	 6.526686e+19 	 5.032129e-06 	 3.246435e-07 	  2.4286 	  0.7385 	 -1000.0000 	 -1000.0000 
	 29.4030 	 2.210553e-01 	 157.8467 	  0.8792 	 1.015193e+22 	 6.104036e+19 	 4.491358e-06 	 2.660110e-07 	  2.5192 	  0.7770 	 -1000.0000 	 -1000.0000 
	 29.5590 	 2.168648e-01 	 157.6708 	  0.8770 	 9.970559e+21 	 5.984255e+19 	 4.395170e-06 	 2.628592e-07 	  2.5414 	  0.7871 	 -1000.0000 	 -1000.0000 
	 29.7150 	 2.127505e-01 	 157.5023 	  0.8746 	 9.791912e+21 	 5.864740e+19 	 4.312740e-06 	 2.602497e-07 	  2.5627 	  0.7963 	 -1000.0000 	 -1000.0000 
	 29.8700 	 2.087384e-01 	 157.3453 	  0.8720 	 9.616960e+21 	 5.746728e+19 	 4.244125e-06 	 2.581923e-07 	  2.5831 	  0.8039 	 -1000.0000 	 -1000.0000 
	 30.0260 	 2.047772e-01 	 157.2010 	  0.8693 	 9.443301e+21 	 5.629169e+19 	 4.187694e-06 	 2.566377e-07 	  2.6029 	  0.8095 	 -1000.0000 	 -1000.0000 
	 30.5830 	 1.912550e-01 	 156.8169 	  0.8607 	 8.841880e+21 	 5.226215e+19 	 4.063853e-06 	 2.542923e-07 	  2.6719 	  0.8198 	 -1000.0000 	 -1000.0000 
	 30.7390 	 1.876320e-01 	 156.7365 	  0.8589 	 8.678848e+21 	 5.119776e+19 	 4.040569e-06 	 2.541126e-07 	  2.6918 	  0.8229 	 -1000.0000 	 -1000.0000 
	 30.8950 	 1.840757e-01 	 156.6623 	  0.8575 	 8.518326e+21 	 5.016873e+19 	 4.017533e-06 	 2.539419e-07 	  2.7123 	  0.8274 	 -1000.0000 	 -1000.0000 
	 31.0500 	 1.806055e-01 	 156.5915 	  0.8565 	 8.361393e+21 	 4.918519e+19 	 3.992565e-06 	 2.536785e-07 	  2.7332 	  0.8339 	 -1000.0000 	 -1000.0000 
	 31.2060 	 1.771739e-01 	 156.5202 	  0.8561 	 8.206102e+21 	 4.823836e+19 	 3.743962e-06 	 4.668533e-07 	  2.7548 	  0.8425 	 -1000.0000 	 -1000.0000 
	 31.7530 	 1.656003e-01 	 156.2440 	  0.8593 	 7.683256e+21 	 4.527238e+19 	 3.558657e-06 	 4.463935e-07 	  2.8299 	  0.8809 	 -1000.0000 	 -1000.0000 
	 31.9090 	 1.624322e-01 	 156.1610 	  0.8612 	 7.540265e+21 	 4.450845e+19 	 3.492735e-06 	 4.395230e-07 	  2.8498 	  0.8960 	 -1000.0000 	 -1000.0000 
	 32.0650 	 1.593244e-01 	 156.0786 	  0.8634 	 7.399940e+21 	 4.377014e+19 	 3.425628e-06 	 4.325338e-07 	  2.8683 	  0.9124 	 -1000.0000 	 -1000.0000 
	 32.2200 	 1.562971e-01 	 155.9987 	  0.8657 	 7.263127e+21 	 4.305616e+19 	 3.360271e-06 	 4.256560e-07 	  2.8855 	  0.9285 	 -1000.0000 	 -1000.0000 
	 32.3760 	 1.533123e-01 	 155.9217 	  0.8680 	 7.128032e+21 	 4.235144e+19 	 3.298333e-06 	 4.189862e-07 	  2.9014 	  0.9445 	 -1000.0000 	 -1000.0000 
	 32.9260 	 1.432791e-01 	 155.6867 	  0.8757 	 6.671838e+21 	 3.992657e+19 	 3.130433e-06 	 3.990607e-07 	  2.9477 	  0.9991 	 -1000.0000 	 -1000.0000 
	 33.0820 	 1.405620e-01 	 155.6285 	  0.8778 	 6.547779e+21 	 3.925942e+19 	 3.093613e-06 	 3.942593e-07 	 -1000.0000 	 -1000.0000 	 -1000.0000 	 -1000.0000 
	 33.2370 	 1.379131e-01 	 155.5727 	  0.8801 	 6.426673e+21 	 3.860908e+19 	 3.059268e-06 	 3.897233e-07 	 -1000.0000 	 -1000.0000 	 -1000.0000 	 -1000.0000 
	 33.3930 	 1.352954e-01 	 155.5181 	  0.8826 	 6.306860e+21 	 3.796912e+19 	 3.025591e-06 	 3.853187e-07 	 -1000.0000 	 -1000.0000 	 -1000.0000 	 -1000.0000 
	 33.5480 	 1.327392e-01 	 155.4644 	  0.8852 	 6.189780e+21 	 3.734966e+19 	 2.991660e-06 	 3.810269e-07 	 -1000.0000 	 -1000.0000 	 -1000.0000 	 -1000.0000 
	 34.0960 	 1.240336e-01 	 155.2791 	  0.8967 	 5.790510e+21 	 3.530079e+19 	 2.861354e-06 	 3.662136e-07 	 -1000.0000 	 -1000.0000 	 -1000.0000 	 -1000.0000 
	 34.2520 	 1.216509e-01 	 155.2334 	  0.9005 	 5.680932e+21 	 3.475127e+19 	 2.826414e-06 	 3.624207e-07 	 -1000.0000 	 -1000.0000 	 -1000.0000 	 -1000.0000 
	 34.4070 	 1.193268e-01 	 155.1941 	  0.9044 	 5.573824e+21 	 3.421626e+19 	 2.795601e-06 	 3.590215e-07 	 -1000.0000 	 -1000.0000 	 -1000.0000 	 -1000.0000 
	 34.5630 	 1.170322e-01 	 155.1624 	  0.9084 	 5.467794e+21 	 3.368673e+19 	 2.770140e-06 	 3.560727e-07 	 -1000.0000 	 -1000.0000 	 -1000.0000 	 -1000.0000 
	 34.7180 	 1.147971e-01 	 155.1405 	  0.9125 	 5.364187e+21 	 3.316740e+19 	 2.751968e-06 	 3.537119e-07 	 -1000.0000 	 -1000.0000 	 -1000.0000 	 -1000.0000 
	 35.2700 	 1.072021e-01 	 155.1452 	  0.9273 	 5.009334e+21 	 3.135480e+19 	 2.755220e-06 	 3.504135e-07 	 -1000.0000 	 -1000.0000 	 -1000.0000 	 -1000.0000 
	 35.4250 	 1.051673e-01 	 155.1608 	  0.9315 	 4.913759e+21 	 3.085803e+19 	 2.770792e-06 	 3.505378e-07 	 -1000.0000 	 -1000.0000 	 -1000.0000 	 -1000.0000 
	 35.5800 	 1.031729e-01 	 155.1777 	  0.9356 	 4.820022e+21 	 3.036814e+19 	 2.790068e-06 	 3.508981e-07 	 -1000.0000 	 -1000.0000 	 -1000.0000 	 -1000.0000 
	 35.7350 	 1.012174e-01 	 155.1932 	  0.9396 	 4.728152e+21 	 2.988599e+19 	 2.811573e-06 	 3.513728e-07 	 -1000.0000 	 -1000.0000 	 -1000.0000 	 -1000.0000 
	 35.8900 	 9.929953e-02 	 155.2044 	  0.9436 	 4.638180e+21 	 2.941241e+19 	 2.833832e-06 	 3.518403e-07 	 -1000.0000 	 -1000.0000 	 -1000.0000 	 -1000.0000 
	 36.4440 	 9.273327e-02 	 155.1738 	  0.9578 	 4.332343e+21 	 2.781049e+19 	 2.901468e-06 	 3.520605e-07 	 -1000.0000 	 -1000.0000 	 -1000.0000 	 -1000.0000 
	 36.5980 	 9.098441e-02 	 155.1377 	  0.9622 	 4.251647e+21 	 2.740027e+19 	 2.914236e-06 	 3.515737e-07 	 -1000.0000 	 -1000.0000 	 -1000.0000 	 -1000.0000 
	 36.7530 	 8.925627e-02 	 155.0861 	  0.9672 	 4.172290e+21 	 2.700761e+19 	 2.923493e-06 	 3.508057e-07 	 -1000.0000 	 -1000.0000 	 -1000.0000 	 -1000.0000 
	 36.9070 	 8.757037e-02 	 155.0179 	  0.9727 	 4.095278e+21 	 2.664015e+19 	 2.928617e-06 	 3.497467e-07 	 -1000.0000 	 -1000.0000 	 -1000.0000 	 -1000.0000 
	 37.0620 	 8.590401e-02 	 154.9306 	  0.9790 	 4.019591e+21 	 2.629569e+19 	 2.929169e-06 	 3.483632e-07 	 -1000.0000 	 -1000.0000 	 -1000.0000 	 -1000.0000 
	 37.6040 	 8.030749e-02 	 154.4785 	  1.0067 	 3.768576e+21 	 2.528465e+19 	 2.893907e-06 	 3.410656e-07 	 -1000.0000 	 -1000.0000 	 -1000.0000 	 -1000.0000 
	 37.7580 	 7.878047e-02 	 154.3219 	  1.0151 	 3.700664e+21 	 2.502770e+19 	 2.876381e-06 	 3.384778e-07 	 -1000.0000 	 -1000.0000 	 -1000.0000 	 -1000.0000 
	 37.9130 	 7.727082e-02 	 154.1590 	  1.0233 	 3.633603e+21 	 2.476933e+19 	 2.857085e-06 	 3.357427e-07 	 -1000.0000 	 -1000.0000 	 -1000.0000 	 -1000.0000 
	 38.0670 	 7.579754e-02 	 153.9960 	  1.0307 	 3.568132e+21 	 2.450569e+19 	 2.837187e-06 	 3.329495e-07 	 -1000.0000 	 -1000.0000 	 -1000.0000 	 -1000.0000 
	 38.2220 	 7.434097e-02 	 153.8347 	  1.0372 	 3.503276e+21 	 2.422608e+19 	 2.817356e-06 	 3.301162e-07 	 -1000.0000 	 -1000.0000 	 -1000.0000 	 -1000.0000 
	 38.7740 	 6.936410e-02 	 153.3349 	  1.0503 	 3.279427e+21 	 2.306240e+19 	 2.754457e-06 	 3.201601e-07 	 -1000.0000 	 -1000.0000 	 -1000.0000 	 -1000.0000 
	 38.9280 	 6.803513e-02 	 153.2254 	  1.0521 	 3.218885e+21 	 2.270709e+19 	 2.736600e-06 	 3.172392e-07 	 -1000.0000 	 -1000.0000 	 -1000.0000 	 -1000.0000 
	 39.0830 	 6.672437e-02 	 153.1320 	  1.0537 	 3.158790e+21 	 2.234640e+19 	 2.716955e-06 	 3.141276e-07 	 -1000.0000 	 -1000.0000 	 -1000.0000 	 -1000.0000 
	 39.2370 	 6.544905e-02 	 153.0578 	  1.0555 	 3.099916e+21 	 2.199058e+19 	 2.694950e-06 	 3.108072e-07 	 -1000.0000 	 -1000.0000 	 -1000.0000 	 -1000.0000 
	 39.3920 	 6.419295e-02 	 153.0038 	  1.0577 	 3.041500e+21 	 2.164064e+19 	 2.669468e-06 	 3.071761e-07 	 -1000.0000 	 -1000.0000 	 -1000.0000 	 -1000.0000 
	 39.9270 	 6.006601e-02 	 152.9918 	  1.0711 	 2.846189e+21 	 2.053228e+19 	 2.550576e-06 	 2.921029e-07 	 -1000.0000 	 -1000.0000 	 -1000.0000 	 -1000.0000 
	 40.0810 	 5.893309e-02 	 153.0375 	  1.0759 	 2.791666e+21 	 2.023047e+19 	 2.509216e-06 	 2.872051e-07 	 -1000.0000 	 -1000.0000 	 -1000.0000 	 -1000.0000 
	 40.2350 	 5.782215e-02 	 153.1043 	  1.0807 	 2.737840e+21 	 1.992916e+19 	 2.465770e-06 	 2.821596e-07 	 -1000.0000 	 -1000.0000 	 -1000.0000 	 -1000.0000 
	 40.3900 	 5.672474e-02 	 153.1921 	  1.0853 	 2.684335e+21 	 1.962238e+19 	 2.420550e-06 	 2.769889e-07 	 -1000.0000 	 -1000.0000 	 -1000.0000 	 -1000.0000 
	 40.5440 	 5.565359e-02 	 153.2993 	  1.0895 	 2.631809e+21 	 1.931010e+19 	 2.374751e-06 	 2.718159e-07 	 -1000.0000 	 -1000.0000 	 -1000.0000 	 -1000.0000 
	 41.1010 	 5.192525e-02 	 153.8336 	  1.0987 	 2.447059e+21 	 1.808818e+19 	 2.208641e-06 	 2.534497e-07 	 -1000.0000 	 -1000.0000 	 -1000.0000 	 -1000.0000 
	 41.2550 	 5.093572e-02 	 154.0104 	  1.0999 	 2.397678e+21 	 1.773380e+19 	 2.162989e-06 	 2.485134e-07 	 -1000.0000 	 -1000.0000 	 -1000.0000 	 -1000.0000 
	 41.4080 	 4.997128e-02 	 154.1928 	  1.1007 	 2.349487e+21 	 1.738045e+19 	 2.117758e-06 	 2.436752e-07 	 -1000.0000 	 -1000.0000 	 -1000.0000 	 -1000.0000 
	 41.5620 	 4.901982e-02 	 154.3804 	  1.1012 	 2.301928e+21 	 1.702665e+19 	 2.072357e-06 	 2.388747e-07 	 -1000.0000 	 -1000.0000 	 -1000.0000 	 -1000.0000 
	 41.7150 	 4.809420e-02 	 154.5676 	  1.1016 	 2.255694e+21 	 1.668009e+19 	 2.027378e-06 	 2.341770e-07 	 -1000.0000 	 -1000.0000 	 -1000.0000 	 -1000.0000 
	 42.2650 	 4.493054e-02 	 155.2188 	  1.1032 	 2.098411e+21 	 1.550866e+19 	 1.866861e-06 	 2.179376e-07 	 -1000.0000 	 -1000.0000 	 -1000.0000 	 -1000.0000 
	 42.4180 	 4.409330e-02 	 155.3944 	  1.1039 	 2.056985e+21 	 1.520522e+19 	 1.822621e-06 	 2.136259e-07 	 -1000.0000 	 -1000.0000 	 -1000.0000 	 -1000.0000 
	 42.5710 	 4.327318e-02 	 155.5689 	  1.1048 	 2.016472e+21 	 1.491148e+19 	 1.778605e-06 	 2.094160e-07 	 -1000.0000 	 -1000.0000 	 -1000.0000 	 -1000.0000 
	 42.7240 	 4.246936e-02 	 155.7430 	  1.1060 	 1.976817e+21 	 1.462738e+19 	 1.734835e-06 	 2.053144e-07 	 -1000.0000 	 -1000.0000 	 -1000.0000 	 -1000.0000 
	 42.8770 	 4.168102e-02 	 155.9172 	  1.1076 	 1.937968e+21 	 1.435290e+19 	 1.691336e-06 	 2.013275e-07 	 -1000.0000 	 -1000.0000 	 -1000.0000 	 -1000.0000 
	 43.4210 	 3.899435e-02 	 156.5504 	  1.1161 	 1.805717e+21 	 1.345011e+19 	 1.540485e-06 	 1.881911e-07 	 -1000.0000 	 -1000.0000 	 -1000.0000 	 -1000.0000 
	 43.5750 	 3.826591e-02 	 156.7383 	  1.1193 	 1.769857e+21 	 1.321185e+19 	 1.499988e-06 	 1.848044e-07 	 -1000.0000 	 -1000.0000 	 -1000.0000 	 -1000.0000 
	 43.7280 	 3.755605e-02 	 156.9310 	  1.1227 	 1.734890e+21 	 1.298099e+19 	 1.461281e-06 	 1.816016e-07 	 -1000.0000 	 -1000.0000 	 -1000.0000 	 -1000.0000 
	 43.8820 	 3.685539e-02 	 157.1321 	  1.1264 	 1.700344e+21 	 1.275356e+19 	 1.424163e-06 	 1.785503e-07 	 -1000.0000 	 -1000.0000 	 -1000.0000 	 -1000.0000 
	 44.0350 	 3.617291e-02 	 157.3402 	  1.1304 	 1.666652e+21 	 1.253159e+19 	 1.389420e-06 	 1.756992e-07 	 -1000.0000 	 -1000.0000 	 -1000.0000 	 -1000.0000 
	 44.5850 	 3.383021e-02 	 158.1648 	  1.1444 	 1.550584e+21 	 1.174788e+19 	 1.284485e-06 	 1.669249e-07 	 -1000.0000 	 -1000.0000 	 -1000.0000 	 -1000.0000 
	 44.7380 	 3.320881e-02 	 158.4121 	  1.1470 	 1.519722e+21 	 1.152636e+19 	 1.260294e-06 	 1.648109e-07 	 -1000.0000 	 -1000.0000 	 -1000.0000 	 -1000.0000 
	 44.8910 	 3.260037e-02 	 158.6651 	  1.1484 	 1.489496e+21 	 1.129982e+19 	 1.237906e-06 	 1.627940e-07 	 -1000.0000 	 -1000.0000 	 -1000.0000 	 -1000.0000 
	 45.0440 	 3.200479e-02 	 158.9227 	  1.1482 	 1.459914e+21 	 1.106638e+19 	 1.217120e-06 	 1.608501e-07 	 -1000.0000 	 -1000.0000 	 -1000.0000 	 -1000.0000 
	 45.1970 	 3.142194e-02 	 159.1839 	  1.1461 	 1.430984e+21 	 1.082416e+19 	 1.197737e-06 	 1.589548e-07 	 -1000.0000 	 -1000.0000 	 -1000.0000 	 -1000.0000 
	 45.7350 	 2.946997e-02 	 160.0951 	  1.1236 	 1.334547e+21 	 9.908958e+18 	 1.137930e-06 	 1.526230e-07 	 -1000.0000 	 -1000.0000 	 -1000.0000 	 -1000.0000 
	 45.8880 	 2.894059e-02 	 160.3327 	  1.1155 	 1.308645e+21 	 9.649641e+18 	 1.122587e-06 	 1.510559e-07 	 -1000.0000 	 -1000.0000 	 -1000.0000 	 -1000.0000 
	 46.0410 	 2.842163e-02 	 160.5510 	  1.1082 	 1.283426e+21 	 9.400917e+18 	 1.107675e-06 	 1.496694e-07 	 -1000.0000 	 -1000.0000 	 -1000.0000 	 -1000.0000 
	 46.1940 	 2.791254e-02 	 160.7449 	  1.1024 	 1.258893e+21 	 9.168328e+18 	 1.093027e-06 	 1.485056e-07 	 -1000.0000 	 -1000.0000 	 -1000.0000 	 -1000.0000 
	 46.3470 	 2.741279e-02 	 160.9090 	  1.0989 	 1.235052e+21 	 8.957415e+18 	 1.078477e-06 	 1.476067e-07 	 -1000.0000 	 -1000.0000 	 -1000.0000 	 -1000.0000 
	 46.8980 	 2.568392e-02 	 161.2025 	  1.1114 	 1.154849e+21 	 8.421332e+18 	 1.025139e-06 	 1.467958e-07 	 -1000.0000 	 -1000.0000 	 -1000.0000 	 -1000.0000 
	 47.0510 	 2.522267e-02 	 161.2033 	  1.1203 	 1.134055e+21 	 8.324062e+18 	 1.010031e-06 	 1.470827e-07 	 -1000.0000 	 -1000.0000 	 -1000.0000 	 -1000.0000 
	 47.2040 	 2.476932e-02 	 161.1718 	  1.1305 	 1.113855e+21 	 8.242128e+18 	 9.948280e-07 	 1.474964e-07 	 -1000.0000 	 -1000.0000 	 -1000.0000 	 -1000.0000 
	 47.3560 	 2.432662e-02 	 161.1098 	  1.1414 	 1.094348e+21 	 8.172140e+18 	 9.796488e-07 	 1.479822e-07 	 -1000.0000 	 -1000.0000 	 -1000.0000 	 -1000.0000 
	 47.5090 	 2.388862e-02 	 161.0181 	  1.1525 	 1.075251e+21 	 8.109379e+18 	 9.643125e-07 	 1.484952e-07 	 -1000.0000 	 -1000.0000 	 -1000.0000 	 -1000.0000 
	 49.1820 	 1.955666e-02 	 158.5327 	  1.1336 	 8.942567e+20 	 6.895739e+18 	 7.986118e-07 	 1.418953e-07 	 -1000.0000 	 -1000.0000 	 -1000.0000 	 -1000.0000 
	 49.3340 	 1.920134e-02 	 158.2480 	  1.1133 	 8.795769e+20 	 6.691387e+18 	 7.847550e-07 	 1.396941e-07 	 -1000.0000 	 -1000.0000 	 -1000.0000 	 -1000.0000 
	 49.4860 	 1.885200e-02 	 157.9818 	  1.0924 	 8.650279e+20 	 6.484234e+18 	 7.714820e-07 	 1.374734e-07 	 -1000.0000 	 -1000.0000 	 -1000.0000 	 -1000.0000 
	 49.6390 	 1.850631e-02 	 157.7410 	  1.0718 	 8.504719e+20 	 6.278779e+18 	 7.588309e-07 	 1.353221e-07 	 -1000.0000 	 -1000.0000 	 -1000.0000 	 -1000.0000 
	 49.7910 	 1.816873e-02 	 157.5375 	  1.0529 	 8.360565e+20 	 6.083556e+18 	 7.470861e-07 	 1.333716e-07 	 -1000.0000 	 -1000.0000 	 -1000.0000 	 -1000.0000 
	 50.3220 	 1.703445e-02 	 157.1585 	  1.0071 	 7.858260e+20 	 5.519430e+18 	 7.132240e-07 	 1.288358e-07 	 -1000.0000 	 -1000.0000 	 -1000.0000 	 -1000.0000 
	 50.4740 	 1.672261e-02 	 157.1231 	  0.9990 	 7.716167e+20 	 5.387530e+18 	 7.052920e-07 	 1.280883e-07 	 -1000.0000 	 -1000.0000 	 -1000.0000 	 -1000.0000 
	 50.6260 	 1.641649e-02 	 157.1067 	  0.9924 	 7.575611e+20 	 5.265165e+18 	 6.979652e-07 	 1.275078e-07 	 -1000.0000 	 -1000.0000 	 -1000.0000 	 -1000.0000 
	 50.7790 	 1.611413e-02 	 157.1021 	  0.9868 	 7.436120e+20 	 5.149608e+18 	 6.911024e-07 	 1.270486e-07 	 -1000.0000 	 -1000.0000 	 -1000.0000 	 -1000.0000 
	 50.9310 	 1.581948e-02 	 157.1020 	  0.9820 	 7.299947e+20 	 5.040363e+18 	 6.846950e-07 	 1.266737e-07 	 -1000.0000 	 -1000.0000 	 -1000.0000 	 -1000.0000 
	 51.4750 	 1.481079e-02 	 157.0477 	  0.9666 	 6.836635e+20 	 4.674677e+18 	 6.641170e-07 	 1.255698e-07 	 -1000.0000 	 -1000.0000 	 -1000.0000 	 -1000.0000 
	 51.6270 	 1.454092e-02 	 157.0043 	  0.9628 	 6.713956e+20 	 4.579490e+18 	 6.590109e-07 	 1.253323e-07 	 -1000.0000 	 -1000.0000 	 -1000.0000 	 -1000.0000 
	 51.7790 	 1.427585e-02 	 156.9441 	  0.9593 	 6.594136e+20 	 4.487929e+18 	 6.542089e-07 	 1.251413e-07 	 -1000.0000 	 -1000.0000 	 -1000.0000 	 -1000.0000 
	 51.9310 	 1.401536e-02 	 156.8647 	  0.9563 	 6.477118e+20 	 4.400308e+18 	 6.497235e-07 	 1.250050e-07 	 -1000.0000 	 -1000.0000 	 -1000.0000 	 -1000.0000 
	 52.0830 	 1.375921e-02 	 156.7637 	  0.9537 	 6.362845e+20 	 4.316941e+18 	 6.455673e-07 	 1.249320e-07 	 -1000.0000 	 -1000.0000 	 -1000.0000 	 -1000.0000 
	 52.6290 	 1.287265e-02 	 156.2025 	  0.9489 	 5.974147e+20 	 4.054150e+18 	 6.331615e-07 	 1.252153e-07 	 -1000.0000 	 -1000.0000 	 -1000.0000 	 -1000.0000 
	 52.7800 	 1.263677e-02 	 155.9962 	  0.9486 	 5.872425e+20 	 3.990306e+18 	 6.301674e-07 	 1.253940e-07 	 -1000.0000 	 -1000.0000 	 -1000.0000 	 -1000.0000 
	 52.9320 	 1.240350e-02 	 155.7685 	  0.9486 	 5.772451e+20 	 3.929140e+18 	 6.272073e-07 	 1.255895e-07 	 -1000.0000 	 -1000.0000 	 -1000.0000 	 -1000.0000 
	 53.0830 	 1.217594e-02 	 155.5241 	  0.9488 	 5.675485e+20 	 3.871050e+18 	 6.242472e-07 	 1.257841e-07 	 -1000.0000 	 -1000.0000 	 -1000.0000 	 -1000.0000 
	 53.2350 	 1.195115e-02 	 155.2609 	  0.9492 	 5.580186e+20 	 3.814856e+18 	 6.211741e-07 	 1.259650e-07 	 -1000.0000 	 -1000.0000 	 -1000.0000 	 -1000.0000 
	 53.7690 	 1.119482e-02 	 154.2131 	  0.9514 	 5.262667e+20 	 3.631643e+18 	 6.089621e-07 	 1.263328e-07 	 -1000.0000 	 -1000.0000 	 -1000.0000 	 -1000.0000 
	 53.9200 	 1.098958e-02 	 153.8817 	  0.9524 	 5.177320e+20 	 3.583812e+18 	 6.051303e-07 	 1.263579e-07 	 -1000.0000 	 -1000.0000 	 -1000.0000 	 -1000.0000 
	 54.0720 	 1.078639e-02 	 153.5317 	  0.9537 	 5.093173e+20 	 3.537533e+18 	 6.011361e-07 	 1.263505e-07 	 -1000.0000 	 -1000.0000 	 -1000.0000 	 -1000.0000 
	 54.2230 	 1.058770e-02 	 153.1677 	  0.9552 	 5.011219e+20 	 3.493468e+18 	 5.970492e-07 	 1.263123e-07 	 -1000.0000 	 -1000.0000 	 -1000.0000 	 -1000.0000 
	 54.3750 	 1.039064e-02 	 152.7843 	  0.9571 	 4.930259e+20 	 3.451087e+18 	 5.928328e-07 	 1.262440e-07 	 -1000.0000 	 -1000.0000 	 -1000.0000 	 -1000.0000 
	 54.9230 	 9.702496e-03 	 151.2668 	  0.9670 	 4.649781e+20 	 3.314169e+18 	 5.771155e-07 	 1.257966e-07 	 -1000.0000 	 -1000.0000 	 -1000.0000 	 -1000.0000 
	 55.0740 	 9.519152e-03 	 150.8183 	  0.9703 	 4.575470e+20 	 3.279873e+18 	 5.727727e-07 	 1.256440e-07 	 -1000.0000 	 -1000.0000 	 -1000.0000 	 -1000.0000 
	 55.2250 	 9.338660e-03 	 150.3604 	  0.9737 	 4.502397e+20 	 3.246567e+18 	 5.684850e-07 	 1.254916e-07 	 -1000.0000 	 -1000.0000 	 -1000.0000 	 -1000.0000 
	 55.3750 	 9.162265e-03 	 149.8979 	  0.9772 	 4.431009e+20 	 3.214202e+18 	 5.643120e-07 	 1.253470e-07 	 -1000.0000 	 -1000.0000 	 -1000.0000 	 -1000.0000 
	 55.5260 	 8.987690e-03 	 149.4268 	  0.9808 	 4.360332e+20 	 3.182083e+18 	 5.602302e-07 	 1.252150e-07 	 -1000.0000 	 -1000.0000 	 -1000.0000 	 -1000.0000 
	 56.0630 	 8.391453e-03 	 147.7217 	  0.9922 	 4.118206e+20 	 3.068122e+18 	 5.470018e-07 	 1.249251e-07 	 -1000.0000 	 -1000.0000 	 -1000.0000 	 -1000.0000 
	 56.2140 	 8.230301e-03 	 147.2315 	  0.9947 	 4.052577e+20 	 3.035401e+18 	 5.436495e-07 	 1.248953e-07 	 -1000.0000 	 -1000.0000 	 -1000.0000 	 -1000.0000 
	 56.3650 	 8.071771e-03 	 146.7348 	  0.9968 	 3.987962e+20 	 3.002080e+18 	 5.404518e-07 	 1.248868e-07 	 -1000.0000 	 -1000.0000 	 -1000.0000 	 -1000.0000 
	 56.5150 	 7.916764e-03 	 146.2341 	  0.9983 	 3.924745e+20 	 2.968222e+18 	 5.374246e-07 	 1.248988e-07 	 -1000.0000 	 -1000.0000 	 -1000.0000 	 -1000.0000 
	 56.6660 	 7.763086e-03 	 145.7217 	  0.9993 	 3.862048e+20 	 2.933214e+18 	 5.345240e-07 	 1.249306e-07 	 -1000.0000 	 -1000.0000 	 -1000.0000 	 -1000.0000 
	 57.2130 	 7.225022e-03 	 143.7993 	  0.9973 	 3.642230e+20 	 2.798675e+18 	 5.252867e-07 	 1.252280e-07 	 -1000.0000 	 -1000.0000 	 -1000.0000 	 -1000.0000 
	 57.3640 	 7.081707e-03 	 143.2620 	  0.9961 	 3.583358e+20 	 2.760834e+18 	 5.231498e-07 	 1.253797e-07 	 -1000.0000 	 -1000.0000 	 -1000.0000 	 -1000.0000 
	 57.5150 	 6.940728e-03 	 142.7281 	  0.9950 	 3.525175e+20 	 2.723470e+18 	 5.212246e-07 	 1.255716e-07 	 -1000.0000 	 -1000.0000 	 -1000.0000 	 -1000.0000 
	 57.6650 	 6.803037e-03 	 142.2043 	  0.9943 	 3.468009e+20 	 2.687237e+18 	 5.195391e-07 	 1.258073e-07 	 -1000.0000 	 -1000.0000 	 -1000.0000 	 -1000.0000 
	 57.8160 	 6.666840e-03 	 141.6869 	  0.9941 	 3.411048e+20 	 2.652068e+18 	 5.180884e-07 	 1.260953e-07 	 -1000.0000 	 -1000.0000 	 -1000.0000 	 -1000.0000 
	 58.3560 	 6.199632e-03 	 139.9401 	  1.0007 	 3.211785e+20 	 2.542024e+18 	 5.150265e-07 	 1.275911e-07 	 -1000.0000 	 -1000.0000 	 -1000.0000 	 -1000.0000 
	 58.5070 	 6.074233e-03 	 139.4710 	  1.0050 	 3.157409e+20 	 2.516340e+18 	 5.147081e-07 	 1.281361e-07 	 -1000.0000 	 -1000.0000 	 -1000.0000 	 -1000.0000 
	 58.6570 	 5.951768e-03 	 139.0077 	  1.0105 	 3.104044e+20 	 2.493248e+18 	 5.145905e-07 	 1.287290e-07 	 -1000.0000 	 -1000.0000 	 -1000.0000 	 -1000.0000 
	 58.8080 	 5.830514e-03 	 138.5407 	  1.0173 	 3.051013e+20 	 2.472559e+18 	 5.146536e-07 	 1.293757e-07 	 -1000.0000 	 -1000.0000 	 -1000.0000 	 -1000.0000 
	 58.9580 	 5.711988e-03 	 138.0732 	  1.0254 	 2.999056e+20 	 2.454662e+18 	 5.148784e-07 	 1.300659e-07 	 -1000.0000 	 -1000.0000 	 -1000.0000 	 -1000.0000 
	 59.4900 	 5.306342e-03 	 136.3655 	  1.0644 	 2.820843e+20 	 2.411382e+18 	 5.167925e-07 	 1.328930e-07 	 -1000.0000 	 -1000.0000 	 -1000.0000 	 -1000.0000 
	 59.6400 	 5.196228e-03 	 135.8778 	  1.0775 	 2.772226e+20 	 2.403028e+18 	 5.176405e-07 	 1.338078e-07 	 -1000.0000 	 -1000.0000 	 -1000.0000 	 -1000.0000 
	 59.7900 	 5.088069e-03 	 135.3923 	  1.0912 	 2.724278e+20 	 2.395396e+18 	 5.186261e-07 	 1.347803e-07 	 -1000.0000 	 -1000.0000 	 -1000.0000 	 -1000.0000 
	 59.9400 	 4.981908e-03 	 134.9116 	  1.1050 	 2.676969e+20 	 2.387959e+18 	 5.197503e-07 	 1.358139e-07 	 -1000.0000 	 -1000.0000 	 -1000.0000 	 -1000.0000 
	 60.0900 	 4.877789e-03 	 134.4383 	  1.1190 	 2.630274e+20 	 2.380190e+18 	 5.210142e-07 	 1.369118e-07 	 -1000.0000 	 -1000.0000 	 -1000.0000 	 -1000.0000 
	 60.6300 	 4.519969e-03 	 132.8430 	  1.1669 	 2.466563e+20 	 2.343319e+18 	 5.265602e-07 	 1.414046e-07 	 -1000.0000 	 -1000.0000 	 -1000.0000 	 -1000.0000 
	 60.7800 	 4.425019e-03 	 132.4461 	  1.1796 	 2.421974e+20 	 2.329958e+18 	 5.282377e-07 	 1.427821e-07 	 -1000.0000 	 -1000.0000 	 -1000.0000 	 -1000.0000 
	 60.9300 	 4.331846e-03 	 132.0768 	  1.1919 	 2.377608e+20 	 2.315079e+18 	 5.299032e-07 	 1.442044e-07 	 -1000.0000 	 -1000.0000 	 -1000.0000 	 -1000.0000 
	 61.0800 	 4.240366e-03 	 131.7388 	  1.2041 	 2.333381e+20 	 2.298596e+18 	 5.315186e-07 	 1.456653e-07 	 -1000.0000 	 -1000.0000 	 -1000.0000 	 -1000.0000 
	 61.2300 	 4.150495e-03 	 131.4362 	  1.2161 	 2.289204e+20 	 2.280422e+18 	 5.330456e-07 	 1.471586e-07 	 -1000.0000 	 -1000.0000 	 -1000.0000 	 -1000.0000 
	 61.7640 	 3.842931e-03 	 130.6867 	  1.2566 	 2.131761e+20 	 2.200714e+18 	 5.372492e-07 	 1.526454e-07 	 -1000.0000 	 -1000.0000 	 -1000.0000 	 -1000.0000 
	 61.9130 	 3.760676e-03 	 130.5700 	  1.2667 	 2.087994e+20 	 2.173937e+18 	 5.379687e-07 	 1.541980e-07 	 -1000.0000 	 -1000.0000 	 -1000.0000 	 -1000.0000 
	 62.0630 	 3.679521e-03 	 130.4928 	  1.2761 	 2.044139e+20 	 2.144826e+18 	 5.384482e-07 	 1.557593e-07 	 -1000.0000 	 -1000.0000 	 -1000.0000 	 -1000.0000 
	 62.2120 	 3.600595e-03 	 130.4556 	  1.2845 	 2.000854e+20 	 2.113686e+18 	 5.386573e-07 	 1.573023e-07 	 -1000.0000 	 -1000.0000 	 -1000.0000 	 -1000.0000 
	 62.3620 	 3.522883e-03 	 130.4578 	  1.2918 	 1.957630e+20 	 2.080014e+18 	 5.385746e-07 	 1.588416e-07 	 -1000.0000 	 -1000.0000 	 -1000.0000 	 -1000.0000 
	 62.9040 	 3.256975e-03 	 130.7909 	  1.3069 	 1.805268e+20 	 1.938979e+18 	 5.356730e-07 	 1.642266e-07 	 -1000.0000 	 -1000.0000 	 -1000.0000 	 -1000.0000 
	 63.0530 	 3.187835e-03 	 130.9695 	  1.3079 	 1.764535e+20 	 1.895644e+18 	 5.342421e-07 	 1.656617e-07 	 -1000.0000 	 -1000.0000 	 -1000.0000 	 -1000.0000 
	 63.2030 	 3.119874e-03 	 131.1863 	  1.3076 	 1.724062e+20 	 1.850443e+18 	 5.325752e-07 	 1.670904e-07 	 -1000.0000 	 -1000.0000 	 -1000.0000 	 -1000.0000 
	 63.3520 	 3.053958e-03 	 131.4378 	  1.3059 	 1.684403e+20 	 1.804197e+18 	 5.307209e-07 	 1.684955e-07 	 -1000.0000 	 -1000.0000 	 -1000.0000 	 -1000.0000 
	 63.5020 	 2.989157e-03 	 131.7268 	  1.3029 	 1.645041e+20 	 1.756507e+18 	 5.286809e-07 	 1.698980e-07 	 -1000.0000 	 -1000.0000 	 -1000.0000 	 -1000.0000 
	 64.0340 	 2.771345e-03 	 133.0262 	  1.2822 	 1.510283e+20 	 1.581728e+18 	 5.203232e-07 	 1.747775e-07 	 -1000.0000 	 -1000.0000 	 -1000.0000 	 -1000.0000 
	 64.1830 	 2.713566e-03 	 133.4585 	  1.2741 	 1.474001e+20 	 1.532310e+18 	 5.176856e-07 	 1.761049e-07 	 -1000.0000 	 -1000.0000 	 -1000.0000 	 -1000.0000 
	 64.3330 	 2.656767e-03 	 133.9197 	  1.2651 	 1.438169e+20 	 1.482859e+18 	 5.149003e-07 	 1.774168e-07 	 -1000.0000 	 -1000.0000 	 -1000.0000 	 -1000.0000 
	 64.4820 	 2.601677e-03 	 134.4015 	  1.2555 	 1.403292e+20 	 1.434302e+18 	 5.120046e-07 	 1.786919e-07 	 -1000.0000 	 -1000.0000 	 -1000.0000 	 -1000.0000 
	 64.6320 	 2.547525e-03 	 134.9080 	  1.2453 	 1.368928e+20 	 1.386261e+18 	 5.089603e-07 	 1.799434e-07 	 -1000.0000 	 -1000.0000 	 -1000.0000 	 -1000.0000 
	 65.1740 	 2.362338e-03 	 136.8614 	  1.2062 	 1.251445e+20 	 1.223431e+18 	 4.970111e-07 	 1.841898e-07 	 -1000.0000 	 -1000.0000 	 -1000.0000 	 -1000.0000 
	 65.3230 	 2.314195e-03 	 137.4042 	  1.1956 	 1.221115e+20 	 1.182347e+18 	 4.935681e-07 	 1.853085e-07 	 -1000.0000 	 -1000.0000 	 -1000.0000 	 -1000.0000 
	 65.4730 	 2.266888e-03 	 137.9398 	  1.1854 	 1.191497e+20 	 1.142873e+18 	 4.900856e-07 	 1.864285e-07 	 -1000.0000 	 -1000.0000 	 -1000.0000 	 -1000.0000 
	 65.6220 	 2.221023e-03 	 138.4539 	  1.1759 	 1.163018e+20 	 1.105686e+18 	 4.866375e-07 	 1.875429e-07 	 -1000.0000 	 -1000.0000 	 -1000.0000 	 -1000.0000 
	 65.7720 	 2.175959e-03 	 138.9460 	  1.1672 	 1.135326e+20 	 1.070437e+18 	 4.832057e-07 	 1.886747e-07 	 -1000.0000 	 -1000.0000 	 -1000.0000 	 -1000.0000 
	 66.3070 	 2.023906e-03 	 140.4441 	  1.1444 	 1.044556e+20 	 9.631723e+17 	 4.715896e-07 	 1.928797e-07 	 -1000.0000 	 -1000.0000 	 -1000.0000 	 -1000.0000 
	 66.4560 	 1.983860e-03 	 140.8076 	  1.1402 	 1.021245e+20 	 9.376786e+17 	 4.685464e-07 	 1.941028e-07 	 -1000.0000 	 -1000.0000 	 -1000.0000 	 -1000.0000 
	 66.6050 	 1.944766e-03 	 141.1590 	  1.1368 	 9.986530e+19 	 9.136648e+17 	 4.655878e-07 	 1.953489e-07 	 -1000.0000 	 -1000.0000 	 -1000.0000 	 -1000.0000 
	 66.7550 	 1.906347e-03 	 141.5066 	  1.1341 	 9.765601e+19 	 8.907511e+17 	 4.626949e-07 	 1.966265e-07 	 -1000.0000 	 -1000.0000 	 -1000.0000 	 -1000.0000 
	 66.9040 	 1.869086e-03 	 141.8520 	  1.1321 	 9.551856e+19 	 8.690109e+17 	 4.599068e-07 	 1.979188e-07 	 -1000.0000 	 -1000.0000 	 -1000.0000 	 -1000.0000 
	 67.4310 	 1.744079e-03 	 143.1403 	  1.1283 	 8.833073e+19 	 7.975062e+17 	 4.506850e-07 	 2.026564e-07 	 -1000.0000 	 -1000.0000 	 -1000.0000 	 -1000.0000 
	 67.5800 	 1.710499e-03 	 143.5294 	  1.1275 	 8.639376e+19 	 7.783700e+17 	 4.482200e-07 	 2.040276e-07 	 -1000.0000 	 -1000.0000 	 -1000.0000 	 -1000.0000 
	 67.7280 	 1.677846e-03 	 143.9281 	  1.1265 	 8.450849e+19 	 7.596764e+17 	 4.458141e-07 	 2.053956e-07 	 -1000.0000 	 -1000.0000 	 -1000.0000 	 -1000.0000 
	 67.8770 	 1.645640e-03 	 144.3425 	  1.1251 	 8.264786e+19 	 7.410871e+17 	 4.434241e-07 	 2.067746e-07 	 -1000.0000 	 -1000.0000 	 -1000.0000 	 -1000.0000 
	 68.0250 	 1.614276e-03 	 144.7677 	  1.1232 	 8.083530e+19 	 7.227668e+17 	 4.410717e-07 	 2.081419e-07 	 -1000.0000 	 -1000.0000 	 -1000.0000 	 -1000.0000 
	 68.5710 	 1.503579e-03 	 146.4120 	  1.1102 	 7.445814e+19 	 6.560231e+17 	 4.325320e-07 	 2.131504e-07 	 -1000.0000 	 -1000.0000 	 -1000.0000 	 -1000.0000 
	 68.7200 	 1.474759e-03 	 146.8404 	  1.1054 	 7.281895e+19 	 6.384762e+17 	 4.302971e-07 	 2.145340e-07 	 -1000.0000 	 -1000.0000 	 -1000.0000 	 -1000.0000 
	 68.8680 	 1.446745e-03 	 147.2366 	  1.1003 	 7.124247e+19 	 6.215794e+17 	 4.281504e-07 	 2.159303e-07 	 -1000.0000 	 -1000.0000 	 -1000.0000 	 -1000.0000 
	 69.0170 	 1.419170e-03 	 147.5947 	  1.0950 	 6.971213e+19 	 6.052376e+17 	 4.260802e-07 	 2.173660e-07 	 -1000.0000 	 -1000.0000 	 -1000.0000 	 -1000.0000 
	 69.1650 	 1.392416e-03 	 147.8989 	  1.0897 	 6.825313e+19 	 5.898026e+17 	 4.241318e-07 	 2.188299e-07 	 -1000.0000 	 -1000.0000 	 -1000.0000 	 -1000.0000 
	 69.6850 	 1.303371e-03 	 148.4733 	  1.0728 	 6.363047e+19 	 5.429460e+17 	 4.183220e-07 	 2.243671e-07 	 -1000.0000 	 -1000.0000 	 -1000.0000 	 -1000.0000 
	 69.8330 	 1.279288e-03 	 148.5083 	  1.0689 	 6.244002e+19 	 5.315836e+17 	 4.169810e-07 	 2.260735e-07 	 -1000.0000 	 -1000.0000 	 -1000.0000 	 -1000.0000 
	 69.9810 	 1.255684e-03 	 148.4955 	  1.0657 	 6.129460e+19 	 5.209966e+17 	 4.157829e-07 	 2.278448e-07 	 -1000.0000 	 -1000.0000 	 -1000.0000 	 -1000.0000 
	 70.1290 	 1.232516e-03 	 148.4401 	  1.0631 	 6.018853e+19 	 5.111310e+17 	 4.147301e-07 	 2.296849e-07 	 -1000.0000 	 -1000.0000 	 -1000.0000 	 -1000.0000 
	 70.2770 	 1.209742e-03 	 148.3469 	  1.0614 	 5.911609e+19 	 5.019323e+17 	 4.138250e-07 	 2.315976e-07 	 -1000.0000 	 -1000.0000 	 -1000.0000 	 -1000.0000 
	 70.8180 	 1.129368e-03 	 147.7560 	  1.0628 	 5.541274e+19 	 4.730745e+17 	 4.117829e-07 	 2.392538e-07 	 -1000.0000 	 -1000.0000 	 -1000.0000 	 -1000.0000 
	 70.9660 	 1.108165e-03 	 147.5391 	  1.0648 	 5.445213e+19 	 4.662133e+17 	 4.115585e-07 	 2.415337e-07 	 -1000.0000 	 -1000.0000 	 -1000.0000 	 -1000.0000 
	 71.1140 	 1.087312e-03 	 147.3035 	  1.0673 	 5.351257e+19 	 4.596772e+17 	 4.114706e-07 	 2.438938e-07 	 -1000.0000 	 -1000.0000 	 -1000.0000 	 -1000.0000 
	 71.2610 	 1.066955e-03 	 147.0536 	  1.0700 	 5.259945e+19 	 4.534448e+17 	 4.115147e-07 	 2.463177e-07 	 -1000.0000 	 -1000.0000 	 -1000.0000 	 -1000.0000 
	 71.4090 	 1.046823e-03 	 146.7887 	  1.0730 	 5.169955e+19 	 4.473685e+17 	 4.116876e-07 	 2.488386e-07 	 -1000.0000 	 -1000.0000 	 -1000.0000 	 -1000.0000 
	 71.9480 	 9.766337e-04 	 145.7635 	  1.0833 	 4.856969e+19 	 4.260912e+17 	 4.133589e-07 	 2.587121e-07 	 -1000.0000 	 -1000.0000 	 -1000.0000 	 -1000.0000 
	 72.0960 	 9.581873e-04 	 145.4856 	  1.0859 	 4.774319e+19 	 4.203469e+17 	 4.140964e-07 	 2.616191e-07 	 -1000.0000 	 -1000.0000 	 -1000.0000 	 -1000.0000 
	 72.2440 	 9.400780e-04 	 145.2185 	  1.0884 	 4.692727e+19 	 4.145971e+17 	 4.149514e-07 	 2.646134e-07 	 -1000.0000 	 -1000.0000 	 -1000.0000 	 -1000.0000 
	 72.3910 	 9.224148e-04 	 144.9689 	  1.0908 	 4.612545e+19 	 4.088558e+17 	 4.159157e-07 	 2.676753e-07 	 -1000.0000 	 -1000.0000 	 -1000.0000 	 -1000.0000 
	 72.5390 	 9.049472e-04 	 144.7384 	  1.0931 	 4.532492e+19 	 4.030198e+17 	 4.170011e-07 	 2.708480e-07 	 -1000.0000 	 -1000.0000 	 -1000.0000 	 -1000.0000 
	 73.0680 	 8.449776e-04 	 144.1317 	  1.1000 	 4.250138e+19 	 3.814882e+17 	 4.217442e-07 	 2.829103e-07 	 -1000.0000 	 -1000.0000 	 -1000.0000 	 -1000.0000 
	 73.2160 	 8.288697e-04 	 144.0206 	  1.1017 	 4.172329e+19 	 3.753058e+17 	 4.232618e-07 	 2.864620e-07 	 -1000.0000 	 -1000.0000 	 -1000.0000 	 -1000.0000 
	 73.3640 	 8.130479e-04 	 143.9325 	  1.1031 	 4.095164e+19 	 3.690769e+17 	 4.248371e-07 	 2.900778e-07 	 -1000.0000 	 -1000.0000 	 -1000.0000 	 -1000.0000 
	 73.5110 	 7.976123e-04 	 143.8664 	  1.1045 	 4.019223e+19 	 3.628561e+17 	 4.264454e-07 	 2.937256e-07 	 -1000.0000 	 -1000.0000 	 -1000.0000 	 -1000.0000 
	 73.6590 	 7.823493e-04 	 143.8201 	  1.1057 	 3.943540e+19 	 3.565710e+17 	 4.280948e-07 	 2.974479e-07 	 -1000.0000 	 -1000.0000 	 -1000.0000 	 -1000.0000 
	 74.1920 	 7.296502e-04 	 143.8017 	  1.1088 	 3.678338e+19 	 3.339119e+17 	 4.341591e-07 	 3.112049e-07 	 -1000.0000 	 -1000.0000 	 -1000.0000 	 -1000.0000 
	 74.3390 	 7.157392e-04 	 143.8338 	  1.1093 	 3.607411e+19 	 3.276817e+17 	 4.358779e-07 	 3.151052e-07 	 -1000.0000 	 -1000.0000 	 -1000.0000 	 -1000.0000 
	 74.4860 	 7.020983e-04 	 143.8805 	  1.1095 	 3.537515e+19 	 3.214688e+17 	 4.376273e-07 	 3.190583e-07 	 -1000.0000 	 -1000.0000 	 -1000.0000 	 -1000.0000 
	 74.6340 	 6.886376e-04 	 143.9415 	  1.1095 	 3.468225e+19 	 3.152361e+17 	 4.394251e-07 	 3.230955e-07 	 -1000.0000 	 -1000.0000 	 -1000.0000 	 -1000.0000 
	 74.7810 	 6.755394e-04 	 144.0153 	  1.1093 	 3.400517e+19 	 3.090728e+17 	 4.412527e-07 	 3.271661e-07 	 -1000.0000 	 -1000.0000 	 -1000.0000 	 -1000.0000 
	 75.3050 	 6.310208e-04 	 144.3724 	  1.1061 	 3.168577e+19 	 2.873962e+17 	 4.481900e-07 	 3.422283e-07 	 -1000.0000 	 -1000.0000 	 -1000.0000 	 -1000.0000 
	 75.4520 	 6.191145e-04 	 144.4953 	  1.1045 	 3.106146e+19 	 2.814170e+17 	 4.502762e-07 	 3.466284e-07 	 -1000.0000 	 -1000.0000 	 -1000.0000 	 -1000.0000 
	 75.5990 	 6.074499e-04 	 144.6263 	  1.1027 	 3.044855e+19 	 2.754912e+17 	 4.524330e-07 	 3.511140e-07 	 -1000.0000 	 -1000.0000 	 -1000.0000 	 -1000.0000 
	 75.7460 	 5.960197e-04 	 144.7647 	  1.1005 	 2.984698e+19 	 2.696231e+17 	 4.546653e-07 	 3.556898e-07 	 -1000.0000 	 -1000.0000 	 -1000.0000 	 -1000.0000 
	 75.8930 	 5.848165e-04 	 144.9095 	  1.0981 	 2.925666e+19 	 2.638176e+17 	 4.569783e-07 	 3.603607e-07 	 -1000.0000 	 -1000.0000 	 -1000.0000 	 -1000.0000 
	 76.4250 	 5.460715e-04 	 145.4661 	  1.0870 	 2.721430e+19 	 2.434570e+17 	 4.660848e-07 	 3.781259e-07 	 -1000.0000 	 -1000.0000 	 -1000.0000 	 -1000.0000 
	 76.5720 	 5.358453e-04 	 145.6194 	  1.0837 	 2.667659e+19 	 2.380764e+17 	 4.688135e-07 	 3.832864e-07 	 -1000.0000 	 -1000.0000 	 -1000.0000 	 -1000.0000 
	 76.7190 	 5.258202e-04 	 145.7680 	  1.0804 	 2.615076e+19 	 2.328339e+17 	 4.716370e-07 	 3.885612e-07 	 -1000.0000 	 -1000.0000 	 -1000.0000 	 -1000.0000 
	 76.8660 	 5.159926e-04 	 145.9095 	  1.0772 	 2.563700e+19 	 2.277466e+17 	 4.745570e-07 	 3.939532e-07 	 -1000.0000 	 -1000.0000 	 -1000.0000 	 -1000.0000 
	 77.0130 	 5.063592e-04 	 146.0414 	  1.0743 	 2.513551e+19 	 2.228316e+17 	 4.775751e-07 	 3.994654e-07 	 -1000.0000 	 -1000.0000 	 -1000.0000 	 -1000.0000 
	 77.5490 	 4.728103e-04 	 146.4038 	  1.0668 	 2.341220e+19 	 2.065654e+17 	 4.894636e-07 	 4.206564e-07 	 -1000.0000 	 -1000.0000 	 -1000.0000 	 -1000.0000 
	 77.6950 	 4.640771e-04 	 146.4606 	  1.0659 	 2.297091e+19 	 2.025961e+17 	 4.929727e-07 	 4.267616e-07 	 -1000.0000 	 -1000.0000 	 -1000.0000 	 -1000.0000 
	 77.8420 	 4.554481e-04 	 146.4954 	  1.0656 	 2.253842e+19 	 1.987992e+17 	 4.966379e-07 	 4.330702e-07 	 -1000.0000 	 -1000.0000 	 -1000.0000 	 -1000.0000 
	 77.9880 	 4.470350e-04 	 146.5058 	  1.0659 	 2.212046e+19 	 1.952261e+17 	 5.004175e-07 	 4.395055e-07 	 -1000.0000 	 -1000.0000 	 -1000.0000 	 -1000.0000 
	 78.1350 	 4.387167e-04 	 146.4895 	  1.0669 	 2.171111e+19 	 1.918278e+17 	 5.043710e-07 	 4.461648e-07 	 -1000.0000 	 -1000.0000 	 -1000.0000 	 -1000.0000 
	 78.6590 	 4.102342e-04 	 146.1994 	  1.0753 	 2.034125e+19 	 1.811815e+17 	 5.196990e-07 	 4.714350e-07 	 -1000.0000 	 -1000.0000 	 -1000.0000 	 -1000.0000 
	 78.8050 	 4.026106e-04 	 146.0602 	  1.0781 	 1.998226e+19 	 1.784951e+17 	 5.242701e-07 	 4.788777e-07 	 -1000.0000 	 -1000.0000 	 -1000.0000 	 -1000.0000 
	 78.9520 	 3.950674e-04 	 145.8981 	  1.0807 	 1.962976e+19 	 1.758478e+17 	 5.289803e-07 	 4.865328e-07 	 -1000.0000 	 -1000.0000 	 -1000.0000 	 -1000.0000 
	 79.0980 	 3.877047e-04 	 145.7174 	  1.0826 	 1.928797e+19 	 1.732405e+17 	 5.337521e-07 	 4.942880e-07 	 -1000.0000 	 -1000.0000 	 -1000.0000 	 -1000.0000 
	 79.2450 	 3.804189e-04 	 145.5176 	  1.0838 	 1.895165e+19 	 1.706020e+17 	 5.386376e-07 	 5.022412e-07 	 -1000.0000 	 -1000.0000 	 -1000.0000 	 -1000.0000 
	 79.7790 	 3.549978e-04 	 144.6728 	  1.0790 	 1.778844e+19 	 1.606000e+17 	 5.569390e-07 	 5.322859e-07 	 -1000.0000 	 -1000.0000 	 -1000.0000 	 -1000.0000 
	 79.9250 	 3.483308e-04 	 144.4168 	  1.0758 	 1.748525e+19 	 1.578096e+17 	 5.621021e-07 	 5.408301e-07 	 -1000.0000 	 -1000.0000 	 -1000.0000 	 -1000.0000 
	 80.0720 	 3.417407e-04 	 144.1515 	  1.0723 	 1.718601e+19 	 1.550178e+17 	 5.673784e-07 	 5.495864e-07 	 -1000.0000 	 -1000.0000 	 -1000.0000 	 -1000.0000 
	 80.2180 	 3.353172e-04 	 143.8819 	  1.0686 	 1.689460e+19 	 1.522847e+17 	 5.727008e-07 	 5.584411e-07 	 -1000.0000 	 -1000.0000 	 -1000.0000 	 -1000.0000 
	 80.3650 	 3.289722e-04 	 143.6062 	  1.0649 	 1.660682e+19 	 1.495953e+17 	 5.781468e-07 	 5.675211e-07 	 -1000.0000 	 -1000.0000 	 -1000.0000 	 -1000.0000 
	 80.8830 	 3.075663e-04 	 142.6138 	  1.0555 	 1.563464e+19 	 1.408929e+17 	 5.981326e-07 	 6.009563e-07 	 -1000.0000 	 -1000.0000 	 -1000.0000 	 -1000.0000 
	 81.0290 	 3.017804e-04 	 142.3259 	  1.0546 	 1.537158e+19 	 1.387066e+17 	 6.040322e-07 	 6.108398e-07 	 -1000.0000 	 -1000.0000 	 -1000.0000 	 -1000.0000 
	 81.1750 	 2.960927e-04 	 142.0329 	  1.0549 	 1.511297e+19 	 1.366558e+17 	 6.100694e-07 	 6.209518e-07 	 -1000.0000 	 -1000.0000 	 -1000.0000 	 -1000.0000 
	 81.3200 	 2.905357e-04 	 141.7359 	  1.0566 	 1.486035e+19 	 1.347629e+17 	 6.162123e-07 	 6.312347e-07 	 -1000.0000 	 -1000.0000 	 -1000.0000 	 -1000.0000 
	 81.4660 	 2.850269e-04 	 141.4299 	  1.0597 	 1.461003e+19 	 1.330114e+17 	 6.225566e-07 	 6.418444e-07 	 -1000.0000 	 -1000.0000 	 -1000.0000 	 -1000.0000 
	 82.0030 	 2.654547e-04 	 140.2440 	  1.0850 	 1.372148e+19 	 1.278751e+17 	 6.474005e-07 	 6.832780e-07 	 -1000.0000 	 -1000.0000 	 -1000.0000 	 -1000.0000 
	 82.1490 	 2.603238e-04 	 139.9125 	  1.0944 	 1.348814e+19 	 1.267211e+17 	 6.545780e-07 	 6.952359e-07 	 -1000.0000 	 -1000.0000 	 -1000.0000 	 -1000.0000 
	 82.2950 	 2.552777e-04 	 139.5810 	  1.1042 	 1.325815e+19 	 1.256103e+17 	 6.619389e-07 	 7.075041e-07 	 -1000.0000 	 -1000.0000 	 -1000.0000 	 -1000.0000 
	 82.4400 	 2.503520e-04 	 139.2540 	  1.1140 	 1.303295e+19 	 1.245181e+17 	 6.694323e-07 	 7.200028e-07 	 -1000.0000 	 -1000.0000 	 -1000.0000 	 -1000.0000 
	 82.5860 	 2.454806e-04 	 138.9290 	  1.1236 	 1.280934e+19 	 1.233975e+17 	 6.771628e-07 	 7.329116e-07 	 -1000.0000 	 -1000.0000 	 -1000.0000 	 -1000.0000 
	 83.1160 	 2.285529e-04 	 137.8147 	  1.1522 	 1.202245e+19 	 1.188375e+17 	 7.068522e-07 	 7.826733e-07 	 -1000.0000 	 -1000.0000 	 -1000.0000 	 -1000.0000 
	 83.2620 	 2.240913e-04 	 137.5317 	  1.1587 	 1.181197e+19 	 1.174632e+17 	 7.155196e-07 	 7.972553e-07 	 -1000.0000 	 -1000.0000 	 -1000.0000 	 -1000.0000 
	 83.4070 	 2.197423e-04 	 137.2631 	  1.1649 	 1.160538e+19 	 1.160674e+17 	 7.243567e-07 	 8.121466e-07 	 -1000.0000 	 -1000.0000 	 -1000.0000 	 -1000.0000 
	 83.5530 	 2.154437e-04 	 137.0065 	  1.1709 	 1.139968e+19 	 1.146414e+17 	 7.334962e-07 	 8.275713e-07 	 -1000.0000 	 -1000.0000 	 -1000.0000 	 -1000.0000 
	 83.6980 	 2.112524e-04 	 136.7664 	  1.1768 	 1.119758e+19 	 1.132152e+17 	 7.428234e-07 	 8.433371e-07 	 -1000.0000 	 -1000.0000 	 -1000.0000 	 -1000.0000 
	 84.2200 	 1.967749e-04 	 136.0276 	  1.1991 	 1.048715e+19 	 1.081190e+17 	 7.784670e-07 	 9.039035e-07 	 -1000.0000 	 -1000.0000 	 -1000.0000 	 -1000.0000 
	 84.3650 	 1.929163e-04 	 135.8495 	  1.2057 	 1.029501e+19 	 1.067259e+17 	 7.888527e-07 	 9.217312e-07 	 -1000.0000 	 -1000.0000 	 -1000.0000 	 -1000.0000 
	 84.5100 	 1.891258e-04 	 135.6789 	  1.2124 	 1.010538e+19 	 1.053453e+17 	 7.994006e-07 	 9.399619e-07 	 -1000.0000 	 -1000.0000 	 -1000.0000 	 -1000.0000 
	 84.6550 	 1.854019e-04 	 135.5135 	  1.2192 	 9.918406e+18 	 1.039786e+17 	 8.100847e-07 	 9.585774e-07 	 -1000.0000 	 -1000.0000 	 -1000.0000 	 -1000.0000 
	 84.8000 	 1.817430e-04 	 135.3510 	  1.2262 	 9.734227e+18 	 1.026273e+17 	 8.208788e-07 	 9.775598e-07 	 -1000.0000 	 -1000.0000 	 -1000.0000 	 -1000.0000 
	 85.3300 	 1.689081e-04 	 134.7558 	  1.2524 	 9.086530e+18 	 9.782729e+16 	 8.609965e-07 	 1.049914e-06 	 -1000.0000 	 -1000.0000 	 -1000.0000 	 -1000.0000 
	 85.4750 	 1.655455e-04 	 134.5915 	  1.2596 	 8.916512e+18 	 9.654630e+16 	 8.721587e-07 	 1.070557e-06 	 -1000.0000 	 -1000.0000 	 -1000.0000 	 -1000.0000 
	 85.6200 	 1.622479e-04 	 134.4268 	  1.2666 	 8.749636e+18 	 9.527568e+16 	 8.834127e-07 	 1.091588e-06 	 -1000.0000 	 -1000.0000 	 -1000.0000 	 -1000.0000 
	 85.7650 	 1.590161e-04 	 134.2619 	  1.2734 	 8.585932e+18 	 9.401359e+16 	 8.947645e-07 	 1.113020e-06 	 -1000.0000 	 -1000.0000 	 -1000.0000 	 -1000.0000 
	 85.9100 	 1.558506e-04 	 134.0968 	  1.2801 	 8.425428e+18 	 9.275817e+16 	 9.062205e-07 	 1.134866e-06 	 -1000.0000 	 -1000.0000 	 -1000.0000 	 -1000.0000 
	 86.4300 	 1.450363e-04 	 133.5028 	  1.3017 	 7.875842e+18 	 8.830967e+16 	 9.483890e-07 	 1.217052e-06 	 -1000.0000 	 -1000.0000 	 -1000.0000 	 -1000.0000 
	 86.5750 	 1.421594e-04 	 133.3348 	  1.3076 	 7.729352e+18 	 8.709833e+16 	 9.605850e-07 	 1.241290e-06 	 -1000.0000 	 -1000.0000 	 -1000.0000 	 -1000.0000 
	 86.7200 	 1.393370e-04 	 133.1649 	  1.3136 	 7.585552e+18 	 8.590744e+16 	 9.730385e-07 	 1.266227e-06 	 -1000.0000 	 -1000.0000 	 -1000.0000 	 -1000.0000 
	 86.8650 	 1.365659e-04 	 132.9924 	  1.3198 	 7.444302e+18 	 8.474117e+16 	 9.857854e-07 	 1.291929e-06 	 -1000.0000 	 -1000.0000 	 -1000.0000 	 -1000.0000 
	 87.0100 	 1.338429e-04 	 132.8170 	  1.3264 	 7.305461e+18 	 8.360370e+16 	 9.988615e-07 	 1.318463e-06 	 -1000.0000 	 -1000.0000 	 -1000.0000 	 -1000.0000 
	 87.5440 	 1.241944e-04 	 132.1400 	  1.3540 	 6.813424e+18 	 7.966556e+16 	 1.049975e-06 	 1.423752e-06 	 -1000.0000 	 -1000.0000 	 -1000.0000 	 -1000.0000 
	 87.6880 	 1.216956e-04 	 131.9496 	  1.3614 	 6.685960e+18 	 7.863544e+16 	 1.064327e-06 	 1.453915e-06 	 -1000.0000 	 -1000.0000 	 -1000.0000 	 -1000.0000 
	 87.8330 	 1.192251e-04 	 131.7548 	  1.3683 	 6.559917e+18 	 7.759211e+16 	 1.078895e-06 	 1.484886e-06 	 -1000.0000 	 -1000.0000 	 -1000.0000 	 -1000.0000 
	 87.9770 	 1.168179e-04 	 131.5587 	  1.3743 	 6.437067e+18 	 7.653961e+16 	 1.093409e-06 	 1.516154e-06 	 -1000.0000 	 -1000.0000 	 -1000.0000 	 -1000.0000 
	 88.1220 	 1.144413e-04 	 131.3586 	  1.3794 	 6.315738e+18 	 7.545285e+16 	 1.108002e-06 	 1.548068e-06 	 -1000.0000 	 -1000.0000 	 -1000.0000 	 -1000.0000 
	 88.6340 	 1.064309e-04 	 130.6343 	  1.3865 	 5.906351e+18 	 7.132416e+16 	 1.159775e-06 	 1.665258e-06 	 -1000.0000 	 -1000.0000 	 -1000.0000 	 -1000.0000 
	 88.7780 	 1.042802e-04 	 130.4260 	  1.3859 	 5.796258e+18 	 7.010152e+16 	 1.175260e-06 	 1.700984e-06 	 -1000.0000 	 -1000.0000 	 -1000.0000 	 -1000.0000 
	 88.9230 	 1.021570e-04 	 130.2144 	  1.3845 	 5.687478e+18 	 6.885656e+16 	 1.191719e-06 	 1.738981e-06 	 -1000.0000 	 -1000.0000 	 -1000.0000 	 -1000.0000 
	 89.0670 	 1.000891e-04 	 130.0024 	  1.3823 	 5.581423e+18 	 6.761367e+16 	 1.209172e-06 	 1.779152e-06 	 -1000.0000 	 -1000.0000 	 -1000.0000 	 -1000.0000 
	 89.2120 	 9.804637e-05 	 129.7873 	  1.3796 	 5.476534e+18 	 6.636291e+16 	 1.228110e-06 	 1.822485e-06 	 -1000.0000 	 -1000.0000 	 -1000.0000 	 -1000.0000 
	 89.7440 	 9.087173e-05 	 129.0017 	  1.3673 	 5.106428e+18 	 6.187317e+16 	 1.308395e-06 	 2.005397e-06 	 -1000.0000 	 -1000.0000 	 -1000.0000 	 -1000.0000 
	 89.8880 	 8.901414e-05 	 128.8043 	  1.3639 	 5.009689e+18 	 6.069552e+16 	 1.330066e-06 	 2.056798e-06 	 -1000.0000 	 -1000.0000 	 -1000.0000 	 -1000.0000 
	 90.0330 	 8.717947e-05 	 128.6193 	  1.3608 	 4.913513e+18 	 5.952880e+16 	 1.350253e-06 	 2.106880e-06 	 -1000.0000 	 -1000.0000 	 -1000.0000 	 -1000.0000 
	 90.1770 	 8.539274e-05 	 128.4532 	  1.3580 	 4.819099e+18 	 5.839063e+16 	 1.367829e-06 	 2.153644e-06 	 -1000.0000 	 -1000.0000 	 -1000.0000 	 -1000.0000 
	 90.3220 	 8.362886e-05 	 128.3074 	  1.3558 	 4.725005e+18 	 5.726672e+16 	 1.382185e-06 	 2.196417e-06 	 -1000.0000 	 -1000.0000 	 -1000.0000 	 -1000.0000 
	 90.8470 	 7.753354e-05 	 127.9999 	  1.3541 	 4.391329e+18 	 5.340823e+16 	 1.398002e-06 	 2.301627e-06 	 -1000.0000 	 -1000.0000 	 -1000.0000 	 -1000.0000 
	 90.9910 	 7.593985e-05 	 127.9756 	  1.3559 	 4.301875e+18 	 5.241473e+16 	 1.393148e-06 	 2.317246e-06 	 -1000.0000 	 -1000.0000 	 -1000.0000 	 -1000.0000 
	 91.1350 	 7.437910e-05 	 127.9757 	  1.3588 	 4.213431e+18 	 5.145221e+16 	 1.384984e-06 	 2.327791e-06 	 -1000.0000 	 -1000.0000 	 -1000.0000 	 -1000.0000 
	 91.2800 	 7.284042e-05 	 127.9997 	  1.3629 	 4.125456e+18 	 5.051598e+16 	 1.373768e-06 	 2.333621e-06 	 -1000.0000 	 -1000.0000 	 -1000.0000 	 -1000.0000 
	 91.4240 	 7.134465e-05 	 128.0465 	  1.3684 	 4.039228e+18 	 4.962061e+16 	 1.360004e-06 	 2.334995e-06 	 -1000.0000 	 -1000.0000 	 -1000.0000 	 -1000.0000 
	 91.9410 	 6.623257e-05 	 128.3898 	  1.3981 	 3.739781e+18 	 4.666318e+16 	 1.293767e-06 	 2.309191e-06 	 -1000.0000 	 -1000.0000 	 -1000.0000 	 -1000.0000 
	 92.0850 	 6.487789e-05 	 128.5301 	  1.4075 	 3.659298e+18 	 4.587686e+16 	 1.271632e-06 	 2.295178e-06 	 -1000.0000 	 -1000.0000 	 -1000.0000 	 -1000.0000 
	 92.2280 	 6.356120e-05 	 128.6870 	  1.4164 	 3.580663e+18 	 4.509442e+16 	 1.248457e-06 	 2.279087e-06 	 -1000.0000 	 -1000.0000 	 -1000.0000 	 -1000.0000 
	 92.3720 	 6.226340e-05 	 128.8616 	  1.4244 	 3.502794e+18 	 4.429530e+16 	 1.224131e-06 	 2.261109e-06 	 -1000.0000 	 -1000.0000 	 -1000.0000 	 -1000.0000 
	 92.5150 	 6.100185e-05 	 129.0504 	  1.4311 	 3.426787e+18 	 4.348111e+16 	 1.199202e-06 	 2.241904e-06 	 -1000.0000 	 -1000.0000 	 -1000.0000 	 -1000.0000 
	 93.0410 	 5.658607e-05 	 129.8712 	  1.4403 	 3.158642e+18 	 4.023760e+16 	 1.100243e-06 	 2.155729e-06 	 -1000.0000 	 -1000.0000 	 -1000.0000 	 -1000.0000 
	 93.1850 	 5.543734e-05 	 130.1332 	  1.4400 	 3.088300e+18 	 3.930720e+16 	 1.068729e-06 	 2.120935e-06 	 -1000.0000 	 -1000.0000 	 -1000.0000 	 -1000.0000 
	 93.3280 	 5.432171e-05 	 130.4111 	  1.4395 	 3.019713e+18 	 3.838143e+16 	 1.034257e-06 	 2.077986e-06 	 -1000.0000 	 -1000.0000 	 -1000.0000 	 -1000.0000 
	 93.4720 	 5.322330e-05 	 130.7096 	  1.4391 	 2.951899e+18 	 3.745602e+16 	 9.956511e-07 	 2.024335e-06 	 -1000.0000 	 -1000.0000 	 -1000.0000 	 -1000.0000 
	 93.6150 	 5.215712e-05 	 131.0256 	  1.4393 	 2.885781e+18 	 3.655247e+16 	 9.527604e-07 	 1.958801e-06 	 -1000.0000 	 -1000.0000 	 -1000.0000 	 -1000.0000 
