	 height_(km) 	 press_(mbar) 	 temp_(K) 	 temperr_(K) 	 numdens_(m-3) 	 numdenserr_(m-3) 	 H2Ovmr_() 	 H2Ovmrerr_() 	 D/H_(VSMOW) 	 D/Herr_(VSMOW) 	 18O/16O_(VSMOW) 	 18O/16Oerr_(VSMOW) 
	 19.8800 	 6.198121e-01 	 177.5930 	  3.0217 	 2.533016e+22 	 4.951993e+20 	 1.133900e-04 	 3.081523e-05 	  2.4714 	  1.0583 	 -1000.0000 	 -1000.0000 
	 20.0020 	 6.116221e-01 	 177.2187 	  2.9897 	 2.503768e+22 	 4.823623e+20 	 1.113696e-04 	 2.974227e-05 	  2.4544 	  1.0350 	 -1000.0000 	 -1000.0000 
	 20.2840 	 5.930760e-01 	 176.5312 	  2.8943 	 2.435661e+22 	 4.527033e+20 	 1.071472e-04 	 2.746652e-05 	  2.4168 	  0.9838 	 -1000.0000 	 -1000.0000 
	 20.4060 	 5.852171e-01 	 176.3040 	  2.8450 	 2.406050e+22 	 4.399478e+20 	 1.054965e-04 	 2.656388e-05 	  2.4011 	  0.9628 	 -1000.0000 	 -1000.0000 
	 20.5280 	 5.774563e-01 	 176.1152 	  2.7918 	 2.376392e+22 	 4.272800e+20 	 1.039423e-04 	 2.570719e-05 	  2.3857 	  0.9424 	 -1000.0000 	 -1000.0000 
	 20.6500 	 5.697928e-01 	 175.9618 	  2.7351 	 2.346716e+22 	 4.147294e+20 	 1.024784e-04 	 2.489432e-05 	  2.3707 	  0.9227 	 -1000.0000 	 -1000.0000 
	 20.7720 	 5.622258e-01 	 175.8412 	  2.6755 	 2.317051e+22 	 4.023252e+20 	 1.010990e-04 	 2.412329e-05 	  2.3559 	  0.9036 	 -1000.0000 	 -1000.0000 
	 21.0640 	 5.445011e-01 	 175.6682 	  2.5248 	 2.246272e+22 	 3.734057e+20 	 9.810831e-05 	 2.243761e-05 	  2.3215 	  0.8603 	 -1000.0000 	 -1000.0000 
	 21.1860 	 5.372549e-01 	 175.6373 	  2.4597 	 2.216864e+22 	 3.617171e+20 	 9.697644e-05 	 2.179637e-05 	  2.3075 	  0.8432 	 -1000.0000 	 -1000.0000 
	 21.5520 	 5.160692e-01 	 175.6546 	  2.2645 	 2.129594e+22 	 3.284201e+20 	 9.394003e-05 	 2.007992e-05 	  2.2663 	  0.7953 	 -1000.0000 	 -1000.0000 
	 22.6170 	 4.589518e-01 	 176.0278 	  1.8184 	 1.890131e+22 	 2.529952e+20 	 8.738026e-05 	 1.650294e-05 	  2.1507 	  0.6803 	 -1000.0000 	 -1000.0000 
	 22.7390 	 4.528215e-01 	 176.0429 	  1.7905 	 1.864675e+22 	 2.469960e+20 	 8.678137e-05 	 1.618765e-05 	  2.1375 	  0.6688 	 -1000.0000 	 -1000.0000 
	 22.8600 	 4.468221e-01 	 176.0446 	  1.7688 	 1.839903e+22 	 2.416387e+20 	 8.620876e-05 	 1.588788e-05 	  2.1243 	  0.6577 	 -1000.0000 	 -1000.0000 
	 22.9820 	 4.408535e-01 	 176.0333 	  1.7526 	 1.815394e+22 	 2.367951e+20 	 8.565043e-05 	 1.559703e-05 	  2.1109 	  0.6466 	 -1000.0000 	 -1000.0000 
	 23.1030 	 4.350125e-01 	 176.0098 	  1.7418 	 1.791536e+22 	 2.325047e+20 	 8.511308e-05 	 1.531834e-05 	  2.0974 	  0.6359 	 -1000.0000 	 -1000.0000 
	 23.5190 	 4.155147e-01 	 175.8431 	  1.7377 	 1.712762e+22 	 2.211083e+20 	 8.335186e-05 	 1.441503e-05 	  2.0494 	  0.5999 	 -1000.0000 	 -1000.0000 
	 23.6400 	 4.100093e-01 	 175.7718 	  1.7445 	 1.690745e+22 	 2.186101e+20 	 8.285237e-05 	 1.416308e-05 	  2.0347 	  0.5896 	 -1000.0000 	 -1000.0000 
	 23.7620 	 4.045321e-01 	 175.6904 	  1.7542 	 1.668931e+22 	 2.163913e+20 	 8.234919e-05 	 1.391180e-05 	  2.0195 	  0.5793 	 -1000.0000 	 -1000.0000 
	 23.8830 	 3.991721e-01 	 175.6009 	  1.7663 	 1.647665e+22 	 2.144483e+20 	 8.184778e-05 	 1.366398e-05 	  2.0040 	  0.5691 	 -1000.0000 	 -1000.0000 
	 25.7500 	 3.248588e-01 	 173.6829 	  1.9594 	 1.355931e+22 	 1.895128e+20 	 7.223307e-05 	 9.325135e-06 	  1.7625 	  0.4167 	  0.6801 	  0.1335 
	 25.8710 	 3.205449e-01 	 173.6317 	  1.9597 	 1.338332e+22 	 1.870632e+20 	 7.140573e-05 	 8.979564e-06 	  1.7492 	  0.4071 	  0.6801 	  0.1310 
	 25.9920 	 3.162878e-01 	 173.6095 	  1.9584 	 1.320737e+22 	 1.845015e+20 	 7.054976e-05 	 8.626143e-06 	  1.7365 	  0.3976 	  0.6802 	  0.1300 
	 26.1140 	 3.120516e-01 	 173.6116 	  1.9559 	 1.303038e+22 	 1.818361e+20 	 6.966137e-05 	 8.264250e-06 	  1.7244 	  0.3880 	  0.6804 	  0.1290 
	 26.2350 	 3.079047e-01 	 173.6329 	  1.9524 	 1.285563e+22 	 1.791419e+20 	 6.876024e-05 	 7.903419e-06 	  1.7133 	  0.3788 	  0.6809 	  0.1281 
	 26.5400 	 2.976842e-01 	 173.7392 	  1.9418 	 1.242111e+22 	 1.723329e+20 	 6.643565e-05 	 7.015518e-06 	  1.6904 	  0.3575 	  0.6833 	  0.1263 
	 26.6610 	 2.937185e-01 	 173.7893 	  1.9378 	 1.225208e+22 	 1.697056e+20 	 6.550446e-05 	 6.685244e-06 	  1.6837 	  0.3501 	  0.6849 	  0.1259 
	 26.7820 	 2.898020e-01 	 173.8377 	  1.9342 	 1.208536e+22 	 1.671490e+20 	 6.457104e-05 	 6.372905e-06 	  1.6787 	  0.3435 	  0.6869 	  0.1257 
	 26.9040 	 2.859025e-01 	 173.8827 	  1.9311 	 1.191971e+22 	 1.646420e+20 	 6.362732e-05 	 6.078682e-06 	  1.6753 	  0.3377 	  0.6894 	  0.1257 
	 27.0250 	 2.820835e-01 	 173.9212 	  1.9286 	 1.175793e+22 	 1.622242e+20 	 6.268690e-05 	 5.809410e-06 	  1.6734 	  0.3328 	  0.6923 	  0.1260 
	 27.4540 	 2.689282e-01 	 173.9743 	  1.9242 	 1.120601e+22 	 1.541800e+20 	 5.932494e-05 	 5.042087e-06 	  1.6739 	  0.3211 	  0.7045 	  0.1298 
	 27.5740 	 2.653543e-01 	 173.9579 	  1.9243 	 1.105798e+22 	 1.520679e+20 	 5.838673e-05 	 4.876308e-06 	  1.6746 	  0.3191 	  0.7080 	  0.1315 
	 27.6950 	 2.617966e-01 	 173.9270 	  1.9248 	 1.091150e+22 	 1.499898e+20 	 5.744562e-05 	 4.728813e-06 	  1.6751 	  0.3176 	  0.7115 	  0.1335 
	 27.8160 	 2.582849e-01 	 173.8818 	  1.9254 	 1.076775e+22 	 1.479565e+20 	 5.651319e-05 	 4.598575e-06 	  1.6753 	  0.3165 	  0.7147 	  0.1355 
	 28.1230 	 2.495783e-01 	 173.7066 	  1.9266 	 1.041489e+22 	 1.429528e+20 	 5.419867e-05 	 4.330672e-06 	  1.6733 	  0.3150 	  0.7217 	  0.1412 
	 28.4850 	 2.396796e-01 	 173.3953 	  1.9238 	 1.001956e+22 	 1.372154e+20 	 5.153918e-05 	 4.109912e-06 	  1.6676 	  0.3157 	  0.7278 	  0.1480 
	 28.6060 	 2.364579e-01 	 173.2678 	  1.9210 	 9.892154e+21 	 1.353072e+20 	 5.066072e-05 	 4.056074e-06 	  1.6651 	  0.3165 	  0.7293 	  0.1502 
	 30.4850 	 1.916109e-01 	 170.2402 	  1.6535 	 8.159440e+21 	 1.022341e+20 	 3.859901e-05 	 3.557110e-06 	  1.6180 	  0.3464 	  0.7333 	  0.1731 
	 30.6060 	 1.890006e-01 	 170.0514 	  1.6347 	 8.057236e+21 	 1.002942e+20 	 3.800696e-05 	 3.496530e-06 	  1.6142 	  0.3477 	  0.7328 	  0.1740 
	 30.7270 	 1.864138e-01 	 169.8788 	  1.6201 	 7.955040e+21 	 9.852126e+19 	 3.744494e-05 	 3.428520e-06 	  1.6104 	  0.3488 	  0.7322 	  0.1750 
	 30.8470 	 1.838744e-01 	 169.7227 	  1.6093 	 7.853889e+21 	 9.691119e+19 	 3.691960e-05 	 3.353683e-06 	  1.6065 	  0.3495 	  0.7317 	  0.1759 
	 30.9680 	 1.813433e-01 	 169.5797 	  1.6017 	 7.752303e+21 	 9.541872e+19 	 3.642759e-05 	 3.272138e-06 	  1.6024 	  0.3500 	  0.7311 	  0.1767 
	 31.5290 	 1.700811e-01 	 169.0744 	  1.5959 	 7.292622e+21 	 8.968806e+19 	 3.487196e-05 	 2.893903e-06 	  1.5758 	  0.3492 	  0.7245 	  0.1787 
	 31.6490 	 1.677824e-01 	 168.9912 	  1.5987 	 7.197627e+21 	 8.862753e+19 	 3.475104e-05 	 2.833476e-06 	  1.5670 	  0.3484 	  0.7214 	  0.1784 
	 31.7690 	 1.655187e-01 	 168.9117 	  1.6027 	 7.103871e+21 	 8.761217e+19 	 3.472046e-05 	 2.785327e-06 	  1.5568 	  0.3475 	  0.7173 	  0.1778 
	 32.0880 	 1.596508e-01 	 168.7000 	  1.6183 	 6.860566e+21 	 8.510996e+19 	 3.508798e-05 	 2.718398e-06 	  1.5240 	  0.3443 	  0.7028 	  0.1748 
	 32.2090 	 1.574739e-01 	 168.6123 	  1.6259 	 6.770498e+21 	 8.422706e+19 	 3.539451e-05 	 2.714333e-06 	  1.5103 	  0.3431 	  0.6964 	  0.1735 
	 32.4490 	 1.532265e-01 	 168.4180 	  1.6433 	 6.595418e+21 	 8.256241e+19 	 3.627168e-05 	 2.830756e-06 	  1.4829 	  0.3420 	  0.6830 	  0.1716 
	 32.5690 	 1.511386e-01 	 168.3110 	  1.6526 	 6.509656e+21 	 8.176351e+19 	 3.684578e-05 	 3.020461e-06 	  1.4694 	  0.3432 	  0.6762 	  0.1716 
	 32.8980 	 1.455398e-01 	 167.9866 	  1.6787 	 6.280601e+21 	 7.963942e+19 	 3.889175e-05 	 3.473586e-06 	  1.4329 	  0.3448 	  0.6571 	  0.1705 
	 33.0190 	 1.435281e-01 	 167.8566 	  1.6878 	 6.198597e+21 	 7.886797e+19 	 3.981774e-05 	 3.579444e-06 	  1.4197 	  0.3443 	  0.6500 	  0.1691 
	 33.1390 	 1.415588e-01 	 167.7224 	  1.6963 	 6.118458e+21 	 7.810029e+19 	 4.081865e-05 	 3.639235e-06 	  1.4067 	  0.3431 	  0.6429 	  0.1672 
	 34.4810 	 1.213193e-01 	 166.0206 	  1.7137 	 5.297479e+21 	 6.831545e+19 	 4.992950e-05 	 3.623450e-06 	  1.3087 	  0.3417 	  0.5776 	  0.1388 
	 34.6010 	 1.196504e-01 	 165.8913 	  1.7110 	 5.228701e+21 	 6.737934e+19 	 4.960476e-05 	 3.605010e-06 	  1.3080 	  0.3447 	  0.5747 	  0.1379 
	 34.7210 	 1.179996e-01 	 165.7745 	  1.7088 	 5.160208e+21 	 6.645743e+19 	 4.896075e-05 	 3.563450e-06 	  1.3089 	  0.3481 	  0.5725 	  0.1373 
	 34.8410 	 1.163678e-01 	 165.6694 	  1.7071 	 5.092087e+21 	 6.555100e+19 	 4.800353e-05 	 3.497943e-06 	  1.3117 	  0.3521 	  0.5709 	  0.1369 
	 34.9610 	 1.147560e-01 	 165.5746 	  1.7059 	 5.024436e+21 	 6.466111e+19 	 4.676045e-05 	 3.410258e-06 	  1.3161 	  0.3567 	  0.5699 	  0.1364 
	 35.4110 	 1.089078e-01 	 165.2896 	  1.7058 	 4.776582e+21 	 6.148881e+19 	 4.033391e-05 	 2.955054e-06 	  1.3455 	  0.3783 	  0.5709 	  0.1339 
	 35.5310 	 1.074044e-01 	 165.2265 	  1.7069 	 4.712446e+21 	 6.069027e+19 	 3.838790e-05 	 2.823138e-06 	  1.3551 	  0.3849 	  0.5718 	  0.1329 
	 35.6510 	 1.059239e-01 	 165.1661 	  1.7084 	 4.649193e+21 	 5.990995e+19 	 3.643164e-05 	 2.694689e-06 	  1.3646 	  0.3916 	  0.5727 	  0.1317 
	 35.7710 	 1.044649e-01 	 165.1066 	  1.7101 	 4.586811e+21 	 5.914572e+19 	 3.450018e-05 	 2.571095e-06 	  1.3739 	  0.3985 	  0.5735 	  0.1303 
	 36.1010 	 1.005535e-01 	 164.9347 	  1.7154 	 4.419658e+21 	 5.710968e+19 	 2.953967e-05 	 2.259162e-06 	  1.3986 	  0.4178 	  0.5752 	  0.1264 
	 36.4610 	 9.643288e-02 	 164.7034 	  1.7205 	 4.244492e+21 	 5.496730e+19 	 2.507042e-05 	 1.966879e-06 	  1.4236 	  0.4392 	  0.5764 	  0.1248 
	 36.5810 	 9.509176e-02 	 164.6122 	  1.7223 	 4.187786e+21 	 5.427682e+19 	 2.385341e-05 	 1.883637e-06 	  1.4310 	  0.4462 	  0.5765 	  0.1254 
	 36.9210 	 9.138316e-02 	 164.3103 	  1.7293 	 4.031858e+21 	 5.242510e+19 	 2.117778e-05 	 1.695191e-06 	  1.4463 	  0.4644 	  0.5747 	  0.1291 
	 37.0410 	 9.010727e-02 	 164.1871 	  1.7329 	 3.978540e+21 	 5.181862e+19 	 2.048621e-05 	 1.646379e-06 	  1.4498 	  0.4703 	  0.5733 	  0.1304 
	 37.1610 	 8.884886e-02 	 164.0553 	  1.7374 	 3.926115e+21 	 5.123966e+19 	 1.990759e-05 	 1.605766e-06 	  1.4527 	  0.4761 	  0.5717 	  0.1316 
	 37.4010 	 8.638365e-02 	 163.7730 	  1.7484 	 3.823743e+21 	 5.015211e+19 	 1.902234e-05 	 1.543831e-06 	  1.4574 	  0.4874 	  0.5680 	  0.1338 
	 37.7340 	 8.307426e-02 	 163.3632 	  1.7677 	 3.686497e+21 	 4.875621e+19 	 1.817556e-05 	 1.486450e-06 	  1.4627 	  0.5028 	  0.5624 	  0.1368 
	 37.8530 	 8.192211e-02 	 163.2181 	  1.7756 	 3.638613e+21 	 4.827732e+19 	 1.793217e-05 	 1.470760e-06 	  1.4641 	  0.5082 	  0.5603 	  0.1378 
	 37.9730 	 8.077618e-02 	 163.0750 	  1.7840 	 3.590874e+21 	 4.780028e+19 	 1.770230e-05 	 1.456888e-06 	  1.4651 	  0.5136 	  0.5581 	  0.1388 
	 38.0920 	 7.965528e-02 	 162.9364 	  1.7926 	 3.544065e+21 	 4.733124e+19 	 1.748241e-05 	 1.445009e-06 	  1.4659 	  0.5189 	  0.5559 	  0.1398 
	 38.5540 	 7.544503e-02 	 162.4316 	  1.8255 	 3.367182e+21 	 4.551713e+19 	 1.664325e-05 	 1.413090e-06 	  1.4679 	  0.5398 	  0.5471 	  0.1437 
	 38.6730 	 7.439577e-02 	 162.3107 	  1.8331 	 3.322825e+21 	 4.504364e+19 	 1.641929e-05 	 1.407526e-06 	  1.4685 	  0.5453 	  0.5449 	  0.1447 
	 38.7930 	 7.335178e-02 	 162.1927 	  1.8402 	 3.278576e+21 	 4.456027e+19 	 1.618793e-05 	 1.402491e-06 	  1.4693 	  0.5511 	  0.5428 	  0.1458 
	 38.9120 	 7.233019e-02 	 162.0798 	  1.8463 	 3.235165e+21 	 4.407339e+19 	 1.595334e-05 	 1.397756e-06 	  1.4702 	  0.5569 	  0.5408 	  0.1469 
	 39.0320 	 7.131358e-02 	 161.9701 	  1.8516 	 3.191851e+21 	 4.357311e+19 	 1.571259e-05 	 1.392978e-06 	  1.4714 	  0.5629 	  0.5388 	  0.1481 
	 40.1670 	 6.233275e-02 	 161.1738 	  1.8378 	 2.803656e+21 	 3.823858e+19 	 1.345925e-05 	 1.022068e-06 	  1.4992 	  0.6285 	 -1000.0000 	 -1000.0000 
	 40.2860 	 6.145646e-02 	 161.1224 	  1.8320 	 2.765127e+21 	 3.764907e+19 	 1.332616e-05 	 1.011638e-06 	  1.5036 	  0.6361 	 -1000.0000 	 -1000.0000 
	 40.4050 	 6.059256e-02 	 161.0786 	  1.8261 	 2.727003e+21 	 3.706447e+19 	 1.321849e-05 	 1.003062e-06 	  1.5082 	  0.6437 	 -1000.0000 	 -1000.0000 
	 40.5240 	 5.974084e-02 	 161.0420 	  1.8203 	 2.689285e+21 	 3.648556e+19 	 1.313769e-05 	 9.964427e-07 	  1.5130 	  0.6515 	 -1000.0000 	 -1000.0000 
	 40.6430 	 5.890106e-02 	 161.0122 	  1.8144 	 2.651973e+21 	 3.591292e+19 	 1.308458e-05 	 9.917757e-07 	  1.5177 	  0.6592 	 -1000.0000 	 -1000.0000 
	 40.9870 	 5.653829e-02 	 160.9610 	  1.7981 	 2.546390e+21 	 3.429805e+19 	 1.309009e-05 	 9.888201e-07 	  1.5305 	  0.6814 	 -1000.0000 	 -1000.0000 
	 41.1060 	 5.574260e-02 	 160.9542 	  1.7927 	 2.510653e+21 	 3.375526e+19 	 1.314688e-05 	 9.911949e-07 	  1.5347 	  0.6890 	 -1000.0000 	 -1000.0000 
	 41.4630 	 5.342105e-02 	 160.9662 	  1.7775 	 2.405900e+21 	 3.217895e+19 	 1.348238e-05 	 1.008007e-06 	  1.5465 	  0.7119 	 -1000.0000 	 -1000.0000 
	 41.8100 	 5.126179e-02 	 161.0318 	  1.7637 	 2.307719e+21 	 3.071582e+19 	 1.403531e-05 	 1.038837e-06 	  1.5577 	  0.7344 	 -1000.0000 	 -1000.0000 
	 41.9280 	 5.055008e-02 	 161.0680 	  1.7591 	 2.275173e+21 	 3.023240e+19 	 1.427088e-05 	 1.052475e-06 	  1.5618 	  0.7423 	 -1000.0000 	 -1000.0000 
	 42.0470 	 4.984397e-02 	 161.1118 	  1.7545 	 2.242789e+21 	 2.975215e+19 	 1.452836e-05 	 1.067511e-06 	  1.5664 	  0.7505 	 -1000.0000 	 -1000.0000 
	 42.1660 	 4.914897e-02 	 161.1617 	  1.7502 	 2.210836e+21 	 2.928076e+19 	 1.479784e-05 	 1.083071e-06 	  1.5715 	  0.7591 	 -1000.0000 	 -1000.0000 
	 42.6370 	 4.649401e-02 	 161.3919 	  1.7387 	 2.088419e+21 	 2.753636e+19 	 1.578520e-05 	 1.132033e-06 	  1.5977 	  0.7965 	 -1000.0000 	 -1000.0000 
	 42.7560 	 4.584413e-02 	 161.4514 	  1.7382 	 2.058467e+21 	 2.713498e+19 	 1.596189e-05 	 1.136529e-06 	  1.6057 	  0.8069 	 -1000.0000 	 -1000.0000 
	 42.8750 	 4.520155e-02 	 161.5088 	  1.7389 	 2.028899e+21 	 2.675247e+19 	 1.609192e-05 	 1.136370e-06 	  1.6140 	  0.8176 	 -1000.0000 	 -1000.0000 
	 42.9940 	 4.456643e-02 	 161.5625 	  1.7409 	 1.999733e+21 	 2.638853e+19 	 1.617574e-05 	 1.132075e-06 	  1.6226 	  0.8286 	 -1000.0000 	 -1000.0000 
	 43.1130 	 4.393903e-02 	 161.6112 	  1.7441 	 1.970993e+21 	 2.604259e+19 	 1.621755e-05 	 1.124536e-06 	 -1000.0000 	 -1000.0000 	 -1000.0000 	 -1000.0000 
	 43.4700 	 4.210600e-02 	 161.7137 	  1.7608 	 1.887566e+21 	 2.510680e+19 	 1.615461e-05 	 1.093823e-06 	 -1000.0000 	 -1000.0000 	 -1000.0000 	 -1000.0000 
	 43.5880 	 4.151723e-02 	 161.7286 	  1.7685 	 1.860990e+21 	 2.482923e+19 	 1.609728e-05 	 1.085419e-06 	 -1000.0000 	 -1000.0000 	 -1000.0000 	 -1000.0000 
	 43.7070 	 4.093243e-02 	 161.7321 	  1.7774 	 1.834722e+21 	 2.456397e+19 	 1.603232e-05 	 1.079739e-06 	 -1000.0000 	 -1000.0000 	 -1000.0000 	 -1000.0000 
	 43.8260 	 4.035647e-02 	 161.7240 	  1.7871 	 1.808979e+21 	 2.431172e+19 	 1.596312e-05 	 1.076929e-06 	 -1000.0000 	 -1000.0000 	 -1000.0000 	 -1000.0000 
	 43.9450 	 3.978918e-02 	 161.7042 	  1.7975 	 1.783751e+21 	 2.407062e+19 	 1.589132e-05 	 1.076824e-06 	 -1000.0000 	 -1000.0000 	 -1000.0000 	 -1000.0000 
	 44.4110 	 3.764763e-02 	 161.5148 	  1.8390 	 1.689668e+21 	 2.319841e+19 	 1.559854e-05 	 1.097364e-06 	 -1000.0000 	 -1000.0000 	 -1000.0000 	 -1000.0000 
	 44.5290 	 3.712467e-02 	 161.4386 	  1.8487 	 1.666975e+21 	 2.298682e+19 	 1.552196e-05 	 1.106360e-06 	 -1000.0000 	 -1000.0000 	 -1000.0000 	 -1000.0000 
	 44.6480 	 3.660484e-02 	 161.3503 	  1.8576 	 1.644529e+21 	 2.277358e+19 	 1.544373e-05 	 1.116386e-06 	 -1000.0000 	 -1000.0000 	 -1000.0000 	 -1000.0000 
	 44.7660 	 3.609668e-02 	 161.2512 	  1.8655 	 1.622694e+21 	 2.256045e+19 	 1.536489e-05 	 1.126950e-06 	 -1000.0000 	 -1000.0000 	 -1000.0000 	 -1000.0000 
	 46.7850 	 2.836292e-02 	 157.8732 	  1.6523 	 1.302401e+21 	 1.718321e+19 	 1.308511e-05 	 1.015207e-06 	 -1000.0000 	 -1000.0000 	 -1000.0000 	 -1000.0000 
	 46.9030 	 2.796158e-02 	 157.6095 	  1.6253 	 1.286124e+21 	 1.681063e+19 	 1.284231e-05 	 9.856999e-07 	 -1000.0000 	 -1000.0000 	 -1000.0000 	 -1000.0000 
	 47.0210 	 2.756600e-02 	 157.3470 	  1.6006 	 1.270049e+21 	 1.646060e+19 	 1.258408e-05 	 9.594448e-07 	 -1000.0000 	 -1000.0000 	 -1000.0000 	 -1000.0000 
	 47.1400 	 2.717270e-02 	 157.0828 	  1.5780 	 1.254037e+21 	 1.613048e+19 	 1.230980e-05 	 9.363184e-07 	 -1000.0000 	 -1000.0000 	 -1000.0000 	 -1000.0000 
	 47.2580 	 2.678800e-02 	 156.8202 	  1.5579 	 1.238355e+21 	 1.582443e+19 	 1.202604e-05 	 9.161745e-07 	 -1000.0000 	 -1000.0000 	 -1000.0000 	 -1000.0000 
	 47.6250 	 2.562240e-02 	 155.9865 	  1.5093 	 1.190794e+21 	 1.499325e+19 	 1.108681e-05 	 8.633900e-07 	 -1000.0000 	 -1000.0000 	 -1000.0000 	 -1000.0000 
	 47.7430 	 2.525660e-02 	 155.7088 	  1.4979 	 1.175881e+21 	 1.476003e+19 	 1.077073e-05 	 8.466292e-07 	 -1000.0000 	 -1000.0000 	 -1000.0000 	 -1000.0000 
	 47.8610 	 2.489478e-02 	 155.4247 	  1.4885 	 1.161149e+21 	 1.454099e+19 	 1.044915e-05 	 8.285798e-07 	 -1000.0000 	 -1000.0000 	 -1000.0000 	 -1000.0000 
	 47.9800 	 2.453391e-02 	 155.1324 	  1.4809 	 1.146470e+21 	 1.433292e+19 	 1.012102e-05 	 8.091750e-07 	 -1000.0000 	 -1000.0000 	 -1000.0000 	 -1000.0000 
	 48.0980 	 2.418016e-02 	 154.8376 	  1.4748 	 1.132089e+21 	 1.413773e+19 	 9.794202e-06 	 7.890860e-07 	 -1000.0000 	 -1000.0000 	 -1000.0000 	 -1000.0000 
	 48.4650 	 2.310666e-02 	 153.9000 	  1.4627 	 1.088428e+21 	 1.358445e+19 	 8.750201e-06 	 7.309533e-07 	 -1000.0000 	 -1000.0000 	 -1000.0000 	 -1000.0000 
	 48.5830 	 2.277038e-02 	 153.5952 	  1.4602 	 1.074721e+21 	 1.341838e+19 	 8.417831e-06 	 7.140320e-07 	 -1000.0000 	 -1000.0000 	 -1000.0000 	 -1000.0000 
	 48.7010 	 2.243851e-02 	 153.2901 	  1.4580 	 1.061169e+21 	 1.325558e+19 	 8.099543e-06 	 6.975668e-07 	 -1000.0000 	 -1000.0000 	 -1000.0000 	 -1000.0000 
	 48.8200 	 2.210825e-02 	 152.9822 	  1.4559 	 1.047657e+21 	 1.309411e+19 	 7.793901e-06 	 6.815737e-07 	 -1000.0000 	 -1000.0000 	 -1000.0000 	 -1000.0000 
	 48.9380 	 2.178506e-02 	 152.6765 	  1.4540 	 1.034410e+21 	 1.293628e+19 	 7.506445e-06 	 6.663689e-07 	 -1000.0000 	 -1000.0000 	 -1000.0000 	 -1000.0000 
	 49.4230 	 2.050002e-02 	 151.4133 	  1.4453 	 9.815088e+20 	 1.230304e+19 	 6.490390e-06 	 6.111025e-07 	 -1000.0000 	 -1000.0000 	 -1000.0000 	 -1000.0000 
	 49.5410 	 2.019749e-02 	 151.1037 	  1.4427 	 9.690029e+20 	 1.215087e+19 	 6.283020e-06 	 5.993884e-07 	 -1000.0000 	 -1000.0000 	 -1000.0000 	 -1000.0000 
	 49.6600 	 1.989629e-02 	 150.7912 	  1.4399 	 9.565284e+20 	 1.199850e+19 	 6.089973e-06 	 5.882535e-07 	 -1000.0000 	 -1000.0000 	 -1000.0000 	 -1000.0000 
	 49.7780 	 1.960145e-02 	 150.4819 	  1.4373 	 9.442893e+20 	 1.184940e+19 	 5.915065e-06 	 5.779053e-07 	 -1000.0000 	 -1000.0000 	 -1000.0000 	 -1000.0000 
	 50.1480 	 1.870133e-02 	 149.5250 	  1.4323 	 9.066918e+20 	 1.140454e+19 	 5.479622e-06 	 5.500238e-07 	 -1000.0000 	 -1000.0000 	 -1000.0000 	 -1000.0000 
	 50.3840 	 1.814618e-02 	 148.9339 	  1.4338 	 8.832698e+20 	 1.114790e+19 	 5.296742e-06 	 5.358729e-07 	 -1000.0000 	 -1000.0000 	 -1000.0000 	 -1000.0000 
	 50.5010 	 1.787635e-02 	 148.6481 	  1.4362 	 8.718086e+20 	 1.102988e+19 	 5.232833e-06 	 5.301106e-07 	 -1000.0000 	 -1000.0000 	 -1000.0000 	 -1000.0000 
	 50.6190 	 1.760780e-02 	 148.3648 	  1.4399 	 8.603512e+20 	 1.091653e+19 	 5.184640e-06 	 5.253901e-07 	 -1000.0000 	 -1000.0000 	 -1000.0000 	 -1000.0000 
	 50.9880 	 1.679090e-02 	 147.5103 	  1.4585 	 8.251890e+20 	 1.059404e+19 	 5.126911e-06 	 5.196773e-07 	 -1000.0000 	 -1000.0000 	 -1000.0000 	 -1000.0000 
	 51.1060 	 1.653688e-02 	 147.2469 	  1.4666 	 8.141605e+20 	 1.049957e+19 	 5.134705e-06 	 5.213670e-07 	 -1000.0000 	 -1000.0000 	 -1000.0000 	 -1000.0000 
	 51.3410 	 1.604124e-02 	 146.7366 	  1.4856 	 7.925116e+20 	 1.032095e+19 	 5.180874e-06 	 5.305169e-07 	 -1000.0000 	 -1000.0000 	 -1000.0000 	 -1000.0000 
	 51.4590 	 1.579744e-02 	 146.4873 	  1.4960 	 7.817990e+20 	 1.023465e+19 	 5.217152e-06 	 5.376773e-07 	 -1000.0000 	 -1000.0000 	 -1000.0000 	 -1000.0000 
	 51.8380 	 1.503682e-02 	 145.7176 	  1.5305 	 7.481018e+20 	 9.962721e+18 	 5.377272e-06 	 5.691747e-07 	 -1000.0000 	 -1000.0000 	 -1000.0000 	 -1000.0000 
	 51.9560 	 1.480686e-02 	 145.4875 	  1.5405 	 7.378306e+20 	 9.877034e+18 	 5.436471e-06 	 5.808023e-07 	 -1000.0000 	 -1000.0000 	 -1000.0000 	 -1000.0000 
	 52.0740 	 1.458010e-02 	 145.2617 	  1.5499 	 7.276637e+20 	 9.789604e+18 	 5.498188e-06 	 5.928917e-07 	 -1000.0000 	 -1000.0000 	 -1000.0000 	 -1000.0000 
	 54.3510 	 1.078152e-02 	 141.7310 	  1.3039 	 5.514592e+20 	 6.936494e+18 	 5.706926e-06 	 5.958210e-07 	 -1000.0000 	 -1000.0000 	 -1000.0000 	 -1000.0000 
	 54.4680 	 1.061351e-02 	 141.6014 	  1.2788 	 5.433652e+20 	 6.764546e+18 	 5.618071e-06 	 5.816497e-07 	 -1000.0000 	 -1000.0000 	 -1000.0000 	 -1000.0000 
	 54.5860 	 1.044653e-02 	 141.4791 	  1.2582 	 5.352817e+20 	 6.607950e+18 	 5.520124e-06 	 5.688810e-07 	 -1000.0000 	 -1000.0000 	 -1000.0000 	 -1000.0000 
	 54.7030 	 1.028340e-02 	 141.3651 	  1.2422 	 5.273501e+20 	 6.468719e+18 	 5.416599e-06 	 5.577712e-07 	 -1000.0000 	 -1000.0000 	 -1000.0000 	 -1000.0000 
	 54.8200 	 1.012271e-02 	 141.2570 	  1.2300 	 5.195082e+20 	 6.343041e+18 	 5.308963e-06 	 5.480005e-07 	 -1000.0000 	 -1000.0000 	 -1000.0000 	 -1000.0000 
	 55.3210 	 9.462408e-03 	 140.8253 	  1.2022 	 4.871058e+20 	 5.900888e+18 	 4.850628e-06 	 5.162329e-07 	 -1000.0000 	 -1000.0000 	 -1000.0000 	 -1000.0000 
	 55.4380 	 9.314745e-03 	 140.7237 	  1.1976 	 4.798504e+20 	 5.806945e+18 	 4.754442e-06 	 5.099282e-07 	 -1000.0000 	 -1000.0000 	 -1000.0000 	 -1000.0000 
	 55.5550 	 9.169487e-03 	 140.6190 	  1.1928 	 4.727197e+20 	 5.713634e+18 	 4.664305e-06 	 5.037637e-07 	 -1000.0000 	 -1000.0000 	 -1000.0000 	 -1000.0000 
	 55.6720 	 9.026531e-03 	 140.5102 	  1.1879 	 4.657108e+20 	 5.621243e+18 	 4.579565e-06 	 4.977645e-07 	 -1000.0000 	 -1000.0000 	 -1000.0000 	 -1000.0000 
	 56.0540 	 8.574548e-03 	 140.1142 	  1.1721 	 4.436422e+20 	 5.329533e+18 	 4.334881e-06 	 4.797031e-07 	 -1000.0000 	 -1000.0000 	 -1000.0000 	 -1000.0000 
	 56.2880 	 8.307707e-03 	 139.8295 	  1.1632 	 4.307101e+20 	 5.161513e+18 	 4.205673e-06 	 4.701819e-07 	 -1000.0000 	 -1000.0000 	 -1000.0000 	 -1000.0000 
	 56.4050 	 8.176908e-03 	 139.6727 	  1.1593 	 4.244042e+20 	 5.081141e+18 	 4.145925e-06 	 4.659205e-07 	 -1000.0000 	 -1000.0000 	 -1000.0000 	 -1000.0000 
	 56.5220 	 8.047861e-03 	 139.5063 	  1.1556 	 4.182044e+20 	 5.003089e+18 	 4.089507e-06 	 4.619838e-07 	 -1000.0000 	 -1000.0000 	 -1000.0000 	 -1000.0000 
	 56.9140 	 7.628421e-03 	 138.8793 	  1.1449 	 3.981986e+20 	 4.757038e+18 	 3.925672e-06 	 4.510218e-07 	 -1000.0000 	 -1000.0000 	 -1000.0000 	 -1000.0000 
	 57.0310 	 7.507136e-03 	 138.6717 	  1.1423 	 3.924545e+20 	 4.687780e+18 	 3.884348e-06 	 4.483643e-07 	 -1000.0000 	 -1000.0000 	 -1000.0000 	 -1000.0000 
	 57.3820 	 7.154030e-03 	 137.9963 	  1.1354 	 3.758248e+20 	 4.489918e+18 	 3.780701e-06 	 4.418903e-07 	 -1000.0000 	 -1000.0000 	 -1000.0000 	 -1000.0000 
	 57.7670 	 6.784229e-03 	 137.1862 	  1.1294 	 3.585035e+20 	 4.287311e+18 	 3.692917e-06 	 4.367868e-07 	 -1000.0000 	 -1000.0000 	 -1000.0000 	 -1000.0000 
	 57.8830 	 6.676171e-03 	 136.9325 	  1.1278 	 3.534470e+20 	 4.228676e+18 	 3.669996e-06 	 4.355446e-07 	 -1000.0000 	 -1000.0000 	 -1000.0000 	 -1000.0000 
	 58.0000 	 6.568685e-03 	 136.6738 	  1.1263 	 3.484144e+20 	 4.170483e+18 	 3.647808e-06 	 4.343838e-07 	 -1000.0000 	 -1000.0000 	 -1000.0000 	 -1000.0000 
	 58.1170 	 6.462701e-03 	 136.4135 	  1.1249 	 3.434461e+20 	 4.113151e+18 	 3.626086e-06 	 4.332865e-07 	 -1000.0000 	 -1000.0000 	 -1000.0000 	 -1000.0000 
	 58.6270 	 6.018538e-03 	 135.2996 	  1.1189 	 3.224754e+20 	 3.871281e+18 	 3.524808e-06 	 4.284915e-07 	 -1000.0000 	 -1000.0000 	 -1000.0000 	 -1000.0000 
	 58.7430 	 5.921621e-03 	 135.0598 	  1.1176 	 3.178466e+20 	 3.817636e+18 	 3.497585e-06 	 4.272295e-07 	 -1000.0000 	 -1000.0000 	 -1000.0000 	 -1000.0000 
	 58.8600 	 5.825430e-03 	 134.8262 	  1.1162 	 3.132251e+20 	 3.763870e+18 	 3.467703e-06 	 4.258385e-07 	 -1000.0000 	 -1000.0000 	 -1000.0000 	 -1000.0000 
	 58.9770 	 5.730781e-03 	 134.6024 	  1.1148 	 3.086479e+20 	 3.710368e+18 	 3.435479e-06 	 4.243218e-07 	 -1000.0000 	 -1000.0000 	 -1000.0000 	 -1000.0000 
	 59.0930 	 5.638416e-03 	 134.3912 	  1.1133 	 3.041499e+20 	 3.657505e+18 	 3.401546e-06 	 4.226963e-07 	 -1000.0000 	 -1000.0000 	 -1000.0000 	 -1000.0000 
	 59.4870 	 5.335054e-03 	 133.7696 	  1.1072 	 2.891228e+20 	 3.478243e+18 	 3.275460e-06 	 4.162823e-07 	 -1000.0000 	 -1000.0000 	 -1000.0000 	 -1000.0000 
	 59.6030 	 5.248609e-03 	 133.6194 	  1.1051 	 2.847585e+20 	 3.425242e+18 	 3.236128e-06 	 4.141249e-07 	 -1000.0000 	 -1000.0000 	 -1000.0000 	 -1000.0000 
	 59.7200 	 5.162662e-03 	 133.4850 	  1.1027 	 2.803780e+20 	 3.371545e+18 	 3.195960e-06 	 4.118288e-07 	 -1000.0000 	 -1000.0000 	 -1000.0000 	 -1000.0000 
	 59.8370 	 5.077941e-03 	 133.3686 	  1.1000 	 2.760181e+20 	 3.317585e+18 	 3.155608e-06 	 4.094395e-07 	 -1000.0000 	 -1000.0000 	 -1000.0000 	 -1000.0000 
	 59.9530 	 4.995149e-03 	 133.2711 	  1.0971 	 2.717168e+20 	 3.263838e+18 	 3.115716e-06 	 4.070188e-07 	 -1000.0000 	 -1000.0000 	 -1000.0000 	 -1000.0000 
	 60.3500 	 4.720788e-03 	 133.0771 	  1.0854 	 2.571669e+20 	 3.078198e+18 	 2.984079e-06 	 3.988883e-07 	 -1000.0000 	 -1000.0000 	 -1000.0000 	 -1000.0000 
	 60.4660 	 4.643225e-03 	 133.0625 	  1.0814 	 2.529687e+20 	 3.023508e+18 	 2.948199e-06 	 3.967151e-07 	 -1000.0000 	 -1000.0000 	 -1000.0000 	 -1000.0000 
	 60.5820 	 4.566828e-03 	 133.0675 	  1.0771 	 2.487963e+20 	 2.968639e+18 	 2.913884e-06 	 3.946940e-07 	 -1000.0000 	 -1000.0000 	 -1000.0000 	 -1000.0000 
	 60.6980 	 4.491617e-03 	 133.0919 	  1.0725 	 2.446526e+20 	 2.913617e+18 	 2.881084e-06 	 3.928251e-07 	 -1000.0000 	 -1000.0000 	 -1000.0000 	 -1000.0000 
	 60.8150 	 4.416988e-03 	 133.1359 	  1.0674 	 2.405067e+20 	 2.858001e+18 	 2.849342e-06 	 3.910748e-07 	 -1000.0000 	 -1000.0000 	 -1000.0000 	 -1000.0000 
	 61.3280 	 4.105161e-03 	 133.5489 	  1.0371 	 2.228384e+20 	 2.613635e+18 	 2.722069e-06 	 3.845456e-07 	 -1000.0000 	 -1000.0000 	 -1000.0000 	 -1000.0000 
	 61.4440 	 4.038301e-03 	 133.6896 	  1.0279 	 2.189838e+20 	 2.558489e+18 	 2.695251e-06 	 3.832375e-07 	 -1000.0000 	 -1000.0000 	 -1000.0000 	 -1000.0000 
	 61.5600 	 3.972788e-03 	 133.8432 	  1.0181 	 2.151907e+20 	 2.503778e+18 	 2.668948e-06 	 3.819962e-07 	 -1000.0000 	 -1000.0000 	 -1000.0000 	 -1000.0000 
	 61.6760 	 3.908549e-03 	 134.0032 	  1.0082 	 2.114638e+20 	 2.450042e+18 	 2.643115e-06 	 3.808656e-07 	 -1000.0000 	 -1000.0000 	 -1000.0000 	 -1000.0000 
	 62.0800 	 3.693708e-03 	 134.5192 	  0.9811 	 1.990697e+20 	 2.278253e+18 	 2.556047e-06 	 3.784227e-07 	 -1000.0000 	 -1000.0000 	 -1000.0000 	 -1000.0000 
	 62.3120 	 3.575702e-03 	 134.7107 	  0.9777 	 1.924201e+20 	 2.196775e+18 	 2.507416e-06 	 3.785911e-07 	 -1000.0000 	 -1000.0000 	 -1000.0000 	 -1000.0000 
	 62.4280 	 3.517975e-03 	 134.7614 	  0.9804 	 1.892340e+20 	 2.161815e+18 	 2.483283e-06 	 3.791707e-07 	 -1000.0000 	 -1000.0000 	 -1000.0000 	 -1000.0000 
	 62.5450 	 3.460595e-03 	 134.7815 	  0.9855 	 1.861120e+20 	 2.129974e+18 	 2.458980e-06 	 3.800084e-07 	 -1000.0000 	 -1000.0000 	 -1000.0000 	 -1000.0000 
	 62.9420 	 3.272141e-03 	 134.6209 	  1.0144 	 1.761724e+20 	 2.041279e+18 	 2.375824e-06 	 3.837497e-07 	 -1000.0000 	 -1000.0000 	 -1000.0000 	 -1000.0000 
	 63.0580 	 3.218876e-03 	 134.5080 	  1.0240 	 1.734496e+20 	 2.019181e+18 	 2.350988e-06 	 3.848080e-07 	 -1000.0000 	 -1000.0000 	 -1000.0000 	 -1000.0000 
	 63.2900 	 3.114751e-03 	 134.1940 	  1.0418 	 1.682358e+20 	 1.977240e+18 	 2.300322e-06 	 3.864198e-07 	 -1000.0000 	 -1000.0000 	 -1000.0000 	 -1000.0000 
	 63.4060 	 3.063880e-03 	 133.9935 	  1.0489 	 1.657401e+20 	 1.956486e+18 	 2.274476e-06 	 3.868358e-07 	 -1000.0000 	 -1000.0000 	 -1000.0000 	 -1000.0000 
	 64.6720 	 2.557553e-03 	 130.1648 	  0.9548 	 1.424398e+20 	 1.647556e+18 	 1.937390e-06 	 3.594494e-07 	 -1000.0000 	 -1000.0000 	 -1000.0000 	 -1000.0000 
	 64.7880 	 2.515061e-03 	 129.7427 	  0.9413 	 1.405296e+20 	 1.617970e+18 	 1.906267e-06 	 3.555948e-07 	 -1000.0000 	 -1000.0000 	 -1000.0000 	 -1000.0000 
	 64.9040 	 2.473084e-03 	 129.3292 	  0.9314 	 1.386266e+20 	 1.591027e+18 	 1.877631e-06 	 3.521897e-07 	 -1000.0000 	 -1000.0000 	 -1000.0000 	 -1000.0000 
	 65.0200 	 2.431610e-03 	 128.9263 	  0.9251 	 1.367284e+20 	 1.566886e+18 	 1.851562e-06 	 3.492843e-07 	 -1000.0000 	 -1000.0000 	 -1000.0000 	 -1000.0000 
	 65.1360 	 2.390648e-03 	 128.5334 	  0.9221 	 1.348365e+20 	 1.545214e+18 	 1.827916e-06 	 3.468460e-07 	 -1000.0000 	 -1000.0000 	 -1000.0000 	 -1000.0000 
	 65.5450 	 2.250429e-03 	 127.2163 	  0.9316 	 1.282413e+20 	 1.483371e+18 	 1.761464e-06 	 3.414200e-07 	 -1000.0000 	 -1000.0000 	 -1000.0000 	 -1000.0000 
	 65.6610 	 2.211889e-03 	 126.8591 	  0.9382 	 1.263994e+20 	 1.468507e+18 	 1.746703e-06 	 3.406154e-07 	 -1000.0000 	 -1000.0000 	 -1000.0000 	 -1000.0000 
	 65.7760 	 2.174233e-03 	 126.5108 	  0.9456 	 1.245889e+20 	 1.454311e+18 	 1.733552e-06 	 3.400670e-07 	 -1000.0000 	 -1000.0000 	 -1000.0000 	 -1000.0000 
	 65.8920 	 2.136811e-03 	 126.1658 	  0.9537 	 1.227786e+20 	 1.440327e+18 	 1.721636e-06 	 3.397398e-07 	 -1000.0000 	 -1000.0000 	 -1000.0000 	 -1000.0000 
	 66.0080 	 2.099953e-03 	 125.8288 	  0.9623 	 1.209835e+20 	 1.426575e+18 	 1.710941e-06 	 3.396231e-07 	 -1000.0000 	 -1000.0000 	 -1000.0000 	 -1000.0000 
	 66.4150 	 1.975124e-03 	 124.7317 	  0.9938 	 1.147931e+20 	 1.378675e+18 	 1.681124e-06 	 3.406424e-07 	 -1000.0000 	 -1000.0000 	 -1000.0000 	 -1000.0000 
	 66.5310 	 1.940832e-03 	 124.4497 	  1.0025 	 1.130560e+20 	 1.364701e+18 	 1.674287e-06 	 3.412741e-07 	 -1000.0000 	 -1000.0000 	 -1000.0000 	 -1000.0000 
	 66.6460 	 1.907402e-03 	 124.1864 	  1.0107 	 1.113443e+20 	 1.350526e+18 	 1.668005e-06 	 3.420214e-07 	 -1000.0000 	 -1000.0000 	 -1000.0000 	 -1000.0000 
	 66.7620 	 1.874242e-03 	 123.9385 	  1.0185 	 1.096274e+20 	 1.335858e+18 	 1.662058e-06 	 3.428804e-07 	 -1000.0000 	 -1000.0000 	 -1000.0000 	 -1000.0000 
	 66.8780 	 1.841631e-03 	 123.7092 	  1.0258 	 1.079193e+20 	 1.320825e+18 	 1.656399e-06 	 3.438266e-07 	 -1000.0000 	 -1000.0000 	 -1000.0000 	 -1000.0000 
	 67.2880 	 1.730503e-03 	 123.0617 	  1.0487 	 1.019408e+20 	 1.264887e+18 	 1.637273e-06 	 3.476099e-07 	 -1000.0000 	 -1000.0000 	 -1000.0000 	 -1000.0000 
	 67.4030 	 1.700421e-03 	 122.9296 	  1.0545 	 1.002768e+20 	 1.248445e+18 	 1.631766e-06 	 3.487233e-07 	 -1000.0000 	 -1000.0000 	 -1000.0000 	 -1000.0000 
	 67.5190 	 1.670529e-03 	 122.8200 	  1.0600 	 9.860265e+19 	 1.231542e+18 	 1.625985e-06 	 3.498399e-07 	 -1000.0000 	 -1000.0000 	 -1000.0000 	 -1000.0000 
	 67.6340 	 1.641339e-03 	 122.7347 	  1.0652 	 9.694787e+19 	 1.214482e+18 	 1.619977e-06 	 3.509286e-07 	 -1000.0000 	 -1000.0000 	 -1000.0000 	 -1000.0000 
	 67.7490 	 1.612604e-03 	 122.6714 	  1.0702 	 9.530037e+19 	 1.197144e+18 	 1.613668e-06 	 3.519917e-07 	 -1000.0000 	 -1000.0000 	 -1000.0000 	 -1000.0000 
	 68.2830 	 1.485487e-03 	 122.6301 	  1.0879 	 8.781637e+19 	 1.113613e+18 	 1.580068e-06 	 3.564319e-07 	 -1000.0000 	 -1000.0000 	 -1000.0000 	 -1000.0000 
	 68.3990 	 1.459324e-03 	 122.6682 	  1.0902 	 8.624206e+19 	 1.094947e+18 	 1.571776e-06 	 3.572591e-07 	 -1000.0000 	 -1000.0000 	 -1000.0000 	 -1000.0000 
	 68.5140 	 1.433907e-03 	 122.7208 	  1.0919 	 8.470291e+19 	 1.076295e+18 	 1.563230e-06 	 3.580281e-07 	 -1000.0000 	 -1000.0000 	 -1000.0000 	 -1000.0000 
	 68.6290 	 1.408984e-03 	 122.7890 	  1.0930 	 8.318403e+19 	 1.057494e+18 	 1.554435e-06 	 3.587568e-07 	 -1000.0000 	 -1000.0000 	 -1000.0000 	 -1000.0000 
	 69.0410 	 1.323410e-03 	 123.1723 	  1.0912 	 7.788910e+19 	 9.888849e+17 	 1.522146e-06 	 3.612196e-07 	 -1000.0000 	 -1000.0000 	 -1000.0000 	 -1000.0000 
	 69.2710 	 1.277881e-03 	 123.4904 	  1.0862 	 7.501712e+19 	 9.497072e+17 	 1.504632e-06 	 3.626495e-07 	 -1000.0000 	 -1000.0000 	 -1000.0000 	 -1000.0000 
	 69.3860 	 1.255659e-03 	 123.6791 	  1.0826 	 7.360078e+19 	 9.299163e+17 	 1.496303e-06 	 3.634285e-07 	 -1000.0000 	 -1000.0000 	 -1000.0000 	 -1000.0000 
	 69.5000 	 1.233992e-03 	 123.8848 	  1.0785 	 7.221114e+19 	 9.102563e+17 	 1.488462e-06 	 3.642747e-07 	 -1000.0000 	 -1000.0000 	 -1000.0000 	 -1000.0000 
	 69.9210 	 1.157251e-03 	 124.7903 	  1.0603 	 6.722836e+19 	 8.386321e+17 	 1.464701e-06 	 3.684479e-07 	 -1000.0000 	 -1000.0000 	 -1000.0000 	 -1000.0000 
	 70.0360 	 1.137224e-03 	 125.0735 	  1.0551 	 6.591493e+19 	 8.197010e+17 	 1.460061e-06 	 3.699852e-07 	 -1000.0000 	 -1000.0000 	 -1000.0000 	 -1000.0000 
	 70.2660 	 1.098427e-03 	 125.6794 	  1.0451 	 6.335902e+19 	 7.831732e+17 	 1.453740e-06 	 3.737241e-07 	 -1000.0000 	 -1000.0000 	 -1000.0000 	 -1000.0000 
	 70.3800 	 1.079809e-03 	 125.9970 	  1.0405 	 6.212818e+19 	 7.657901e+17 	 1.452113e-06 	 3.759224e-07 	 -1000.0000 	 -1000.0000 	 -1000.0000 	 -1000.0000 
	 70.8010 	 1.014366e-03 	 127.2451 	  1.0276 	 5.779039e+19 	 7.059581e+17 	 1.454575e-06 	 3.860462e-07 	 -1000.0000 	 -1000.0000 	 -1000.0000 	 -1000.0000 
	 70.9160 	 9.973505e-04 	 127.6011 	  1.0254 	 5.666248e+19 	 6.908575e+17 	 1.457500e-06 	 3.893596e-07 	 -1000.0000 	 -1000.0000 	 -1000.0000 	 -1000.0000 
	 71.0310 	 9.806851e-04 	 127.9611 	  1.0240 	 5.555910e+19 	 6.763105e+17 	 1.461361e-06 	 3.929069e-07 	 -1000.0000 	 -1000.0000 	 -1000.0000 	 -1000.0000 
	 71.2600 	 9.484940e-04 	 128.6828 	  1.0233 	 5.343467e+19 	 6.489251e+17 	 1.471627e-06 	 4.006251e-07 	 -1000.0000 	 -1000.0000 	 -1000.0000 	 -1000.0000 
	 71.6810 	 8.924761e-04 	 129.9769 	  1.0264 	 4.977808e+19 	 6.032424e+17 	 1.497604e-06 	 4.166699e-07 	 -1000.0000 	 -1000.0000 	 -1000.0000 	 -1000.0000 
	 71.7960 	 8.778208e-04 	 130.3117 	  1.0276 	 4.883450e+19 	 5.916244e+17 	 1.505881e-06 	 4.213755e-07 	 -1000.0000 	 -1000.0000 	 -1000.0000 	 -1000.0000 
	 71.9110 	 8.634190e-04 	 130.6345 	  1.0289 	 4.791433e+19 	 5.803069e+17 	 1.514516e-06 	 4.261853e-07 	 -1000.0000 	 -1000.0000 	 -1000.0000 	 -1000.0000 
	 72.0260 	 8.492635e-04 	 130.9436 	  1.0300 	 4.701742e+19 	 5.692676e+17 	 1.523448e-06 	 4.310854e-07 	 -1000.0000 	 -1000.0000 	 -1000.0000 	 -1000.0000 
	 72.5640 	 7.863262e-04 	 132.1762 	  1.0328 	 4.312726e+19 	 5.212303e+17 	 1.568167e-06 	 4.549639e-07 	 -1000.0000 	 -1000.0000 	 -1000.0000 	 -1000.0000 
	 72.6780 	 7.736892e-04 	 132.3859 	  1.0327 	 4.236696e+19 	 5.117993e+17 	 1.578059e-06 	 4.601756e-07 	 -1000.0000 	 -1000.0000 	 -1000.0000 	 -1000.0000 
	 72.7930 	 7.611905e-04 	 132.5770 	  1.0323 	 4.162244e+19 	 5.025452e+17 	 1.588113e-06 	 4.654693e-07 	 -1000.0000 	 -1000.0000 	 -1000.0000 	 -1000.0000 
	 72.9070 	 7.490420e-04 	 132.7455 	  1.0317 	 4.090611e+19 	 4.936304e+17 	 1.598122e-06 	 4.707444e-07 	 -1000.0000 	 -1000.0000 	 -1000.0000 	 -1000.0000 
	 73.0220 	 7.370170e-04 	 132.8942 	  1.0310 	 4.020434e+19 	 4.849052e+17 	 1.608225e-06 	 4.760844e-07 	 -1000.0000 	 -1000.0000 	 -1000.0000 	 -1000.0000 
	 73.4470 	 6.943452e-04 	 133.2562 	  1.0292 	 3.777384e+19 	 4.551105e+17 	 1.645067e-06 	 4.958382e-07 	 -1000.0000 	 -1000.0000 	 -1000.0000 	 -1000.0000 
	 73.5610 	 6.833094e-04 	 133.3026 	  1.0296 	 3.716056e+19 	 4.478060e+17 	 1.654677e-06 	 5.011057e-07 	 -1000.0000 	 -1000.0000 	 -1000.0000 	 -1000.0000 
	 73.6750 	 6.724204e-04 	 133.3273 	  1.0306 	 3.656155e+19 	 4.408054e+17 	 1.664115e-06 	 5.063451e-07 	 -1000.0000 	 -1000.0000 	 -1000.0000 	 -1000.0000 
	 73.7890 	 6.616714e-04 	 133.3307 	  1.0323 	 3.597599e+19 	 4.341059e+17 	 1.673367e-06 	 5.115532e-07 	 -1000.0000 	 -1000.0000 	 -1000.0000 	 -1000.0000 
	 73.9030 	 6.510670e-04 	 133.3143 	  1.0346 	 3.540358e+19 	 4.276887e+17 	 1.682452e-06 	 5.167339e-07 	 -1000.0000 	 -1000.0000 	 -1000.0000 	 -1000.0000 
	 74.3370 	 6.121182e-04 	 133.0976 	  1.0477 	 3.333991e+19 	 4.054814e+17 	 1.715878e-06 	 5.362975e-07 	 -1000.0000 	 -1000.0000 	 -1000.0000 	 -1000.0000 
	 74.4510 	 6.022874e-04 	 133.0072 	  1.0520 	 3.282694e+19 	 4.001374e+17 	 1.724454e-06 	 5.414194e-07 	 -1000.0000 	 -1000.0000 	 -1000.0000 	 -1000.0000 
	 74.5650 	 5.926338e-04 	 132.9057 	  1.0565 	 3.232555e+19 	 3.949578e+17 	 1.732987e-06 	 5.465449e-07 	 -1000.0000 	 -1000.0000 	 -1000.0000 	 -1000.0000 
	 74.6790 	 5.831576e-04 	 132.7948 	  1.0611 	 3.183525e+19 	 3.899253e+17 	 1.741511e-06 	 5.516842e-07 	 -1000.0000 	 -1000.0000 	 -1000.0000 	 -1000.0000 
	 74.7930 	 5.738514e-04 	 132.6757 	  1.0660 	 3.135529e+19 	 3.850270e+17 	 1.750072e-06 	 5.568537e-07 	 -1000.0000 	 -1000.0000 	 -1000.0000 	 -1000.0000 
	 75.2170 	 5.406030e-04 	 132.1871 	  1.0852 	 2.964781e+19 	 3.677719e+17 	 1.783046e-06 	 5.766218e-07 	 -1000.0000 	 -1000.0000 	 -1000.0000 	 -1000.0000 
	 75.3310 	 5.319957e-04 	 132.0499 	  1.0907 	 2.920608e+19 	 3.633341e+17 	 1.792434e-06 	 5.821570e-07 	 -1000.0000 	 -1000.0000 	 -1000.0000 	 -1000.0000 
	 75.4450 	 5.235145e-04 	 131.9131 	  1.0962 	 2.877023e+19 	 3.589574e+17 	 1.802132e-06 	 5.878167e-07 	 -1000.0000 	 -1000.0000 	 -1000.0000 	 -1000.0000 
	 75.5590 	 5.151541e-04 	 131.7783 	  1.1018 	 2.833961e+19 	 3.546283e+17 	 1.812168e-06 	 5.936112e-07 	 -1000.0000 	 -1000.0000 	 -1000.0000 	 -1000.0000 
	 75.6730 	 5.069134e-04 	 131.6475 	  1.1075 	 2.791385e+19 	 3.503318e+17 	 1.822531e-06 	 5.995403e-07 	 -1000.0000 	 -1000.0000 	 -1000.0000 	 -1000.0000 
	 76.2230 	 4.688174e-04 	 131.1342 	  1.1327 	 2.591721e+19 	 3.295813e+17 	 1.876605e-06 	 6.299647e-07 	 -1000.0000 	 -1000.0000 	 -1000.0000 	 -1000.0000 
	 76.3370 	 4.612616e-04 	 131.0653 	  1.1370 	 2.551301e+19 	 3.251761e+17 	 1.888541e-06 	 6.366304e-07 	 -1000.0000 	 -1000.0000 	 -1000.0000 	 -1000.0000 
	 76.4510 	 4.538209e-04 	 131.0133 	  1.1409 	 2.511148e+19 	 3.207086e+17 	 1.900685e-06 	 6.434132e-07 	 -1000.0000 	 -1000.0000 	 -1000.0000 	 -1000.0000 
	 76.5650 	 4.464938e-04 	 130.9784 	  1.1445 	 2.471261e+19 	 3.161846e+17 	 1.913020e-06 	 6.503102e-07 	 -1000.0000 	 -1000.0000 	 -1000.0000 	 -1000.0000 
	 76.9990 	 4.196105e-04 	 131.0095 	  1.1549 	 2.321907e+19 	 2.985754e+17 	 1.961416e-06 	 6.775572e-07 	 -1000.0000 	 -1000.0000 	 -1000.0000 	 -1000.0000 
	 77.2270 	 4.061081e-04 	 131.1341 	  1.1589 	 2.245064e+19 	 2.891758e+17 	 1.987526e-06 	 6.924618e-07 	 -1000.0000 	 -1000.0000 	 -1000.0000 	 -1000.0000 
	 77.3410 	 3.995130e-04 	 131.2251 	  1.1606 	 2.207083e+19 	 2.844626e+17 	 2.000716e-06 	 7.000615e-07 	 -1000.0000 	 -1000.0000 	 -1000.0000 	 -1000.0000 
	 77.4550 	 3.930238e-04 	 131.3342 	  1.1621 	 2.169441e+19 	 2.797500e+17 	 2.014018e-06 	 7.077702e-07 	 -1000.0000 	 -1000.0000 	 -1000.0000 	 -1000.0000 
	 77.8890 	 3.693292e-04 	 131.8970 	  1.1664 	 2.029947e+19 	 2.619438e+17 	 2.066173e-06 	 7.383139e-07 	 -1000.0000 	 -1000.0000 	 -1000.0000 	 -1000.0000 
	 78.0030 	 3.633809e-04 	 132.0787 	  1.1672 	 1.994497e+19 	 2.573356e+17 	 2.080399e-06 	 7.467048e-07 	 -1000.0000 	 -1000.0000 	 -1000.0000 	 -1000.0000 
	 78.2310 	 3.518408e-04 	 132.4774 	  1.1682 	 1.925343e+19 	 2.482505e+17 	 2.109692e-06 	 7.640246e-07 	 -1000.0000 	 -1000.0000 	 -1000.0000 	 -1000.0000 
	 78.3450 	 3.462435e-04 	 132.6916 	  1.1683 	 1.891659e+19 	 2.437723e+17 	 2.124793e-06 	 7.729765e-07 	 -1000.0000 	 -1000.0000 	 -1000.0000 	 -1000.0000 
	 78.7790 	 3.258765e-04 	 133.5664 	  1.1638 	 1.768719e+19 	 2.270131e+17 	 2.185264e-06 	 8.090660e-07 	 -1000.0000 	 -1000.0000 	 -1000.0000 	 -1000.0000 
	 78.8930 	 3.207483e-04 	 133.8047 	  1.1607 	 1.737781e+19 	 2.226633e+17 	 2.201975e-06 	 8.191233e-07 	 -1000.0000 	 -1000.0000 	 -1000.0000 	 -1000.0000 
	 79.0070 	 3.157017e-04 	 134.0436 	  1.1566 	 1.707392e+19 	 2.183255e+17 	 2.219048e-06 	 8.294412e-07 	 -1000.0000 	 -1000.0000 	 -1000.0000 	 -1000.0000 
	 79.2350 	 3.058427e-04 	 134.5179 	  1.1460 	 1.648258e+19 	 2.097335e+17 	 2.254237e-06 	 8.508575e-07 	 -1000.0000 	 -1000.0000 	 -1000.0000 	 -1000.0000 
	 79.6720 	 2.878318e-04 	 135.3860 	  1.1279 	 1.541260e+19 	 1.943583e+17 	 2.324829e-06 	 8.945001e-07 	 -1000.0000 	 -1000.0000 	 -1000.0000 	 -1000.0000 
	 79.7860 	 2.833282e-04 	 135.5975 	  1.1262 	 1.514765e+19 	 1.907569e+17 	 2.343757e-06 	 9.063753e-07 	 -1000.0000 	 -1000.0000 	 -1000.0000 	 -1000.0000 
	 79.8990 	 2.789450e-04 	 135.7991 	  1.1267 	 1.489099e+19 	 1.874145e+17 	 2.362670e-06 	 9.183219e-07 	 -1000.0000 	 -1000.0000 	 -1000.0000 	 -1000.0000 
	 80.0130 	 2.746044e-04 	 135.9935 	  1.1296 	 1.463805e+19 	 1.842864e+17 	 2.381878e-06 	 9.305404e-07 	 -1000.0000 	 -1000.0000 	 -1000.0000 	 -1000.0000 
	 80.5650 	 2.546695e-04 	 136.8212 	  1.1671 	 1.349221e+19 	 1.718200e+17 	 2.476269e-06 	 9.918261e-07 	 -1000.0000 	 -1000.0000 	 -1000.0000 	 -1000.0000 
	 80.6780 	 2.507946e-04 	 136.9702 	  1.1772 	 1.327238e+19 	 1.696421e+17 	 2.495790e-06 	 1.004758e-06 	 -1000.0000 	 -1000.0000 	 -1000.0000 	 -1000.0000 
	 80.7910 	 2.469844e-04 	 137.1133 	  1.1874 	 1.305709e+19 	 1.675323e+17 	 2.515350e-06 	 1.017806e-06 	 -1000.0000 	 -1000.0000 	 -1000.0000 	 -1000.0000 
	 80.9040 	 2.432366e-04 	 137.2508 	  1.1972 	 1.284613e+19 	 1.654649e+17 	 2.534938e-06 	 1.030962e-06 	 -1000.0000 	 -1000.0000 	 -1000.0000 	 -1000.0000 
	 81.0180 	 2.395166e-04 	 137.3844 	  1.2065 	 1.263749e+19 	 1.633961e+17 	 2.554716e-06 	 1.044339e-06 	 -1000.0000 	 -1000.0000 	 -1000.0000 	 -1000.0000 
	 82.3350 	 2.003552e-04 	 138.7047 	  1.1784 	 1.047161e+19 	 1.342914e+17 	 2.783448e-06 	 1.205889e-06 	 -1000.0000 	 -1000.0000 	 -1000.0000 	 -1000.0000 
	 82.4480 	 1.973142e-04 	 138.8152 	  1.1663 	 1.030446e+19 	 1.314990e+17 	 2.803637e-06 	 1.220720e-06 	 -1000.0000 	 -1000.0000 	 -1000.0000 	 -1000.0000 
	 82.5610 	 1.943289e-04 	 138.9282 	  1.1543 	 1.014032e+19 	 1.287850e+17 	 2.824088e-06 	 1.235821e-06 	 -1000.0000 	 -1000.0000 	 -1000.0000 	 -1000.0000 
	 82.6740 	 1.913998e-04 	 139.0442 	  1.1427 	 9.979192e+18 	 1.261733e+17 	 2.844829e-06 	 1.251211e-06 	 -1000.0000 	 -1000.0000 	 -1000.0000 	 -1000.0000 
	 82.7880 	 1.884996e-04 	 139.1634 	  1.1319 	 9.819608e+18 	 1.236472e+17 	 2.866047e-06 	 1.267030e-06 	 -1000.0000 	 -1000.0000 	 -1000.0000 	 -1000.0000 
	 83.2280 	 1.777797e-04 	 139.6309 	  1.1030 	 9.230184e+18 	 1.149605e+17 	 2.950530e-06 	 1.330766e-06 	 -1000.0000 	 -1000.0000 	 -1000.0000 	 -1000.0000 
	 83.3410 	 1.751368e-04 	 139.7492 	  1.1002 	 9.085219e+18 	 1.130124e+17 	 2.972847e-06 	 1.347801e-06 	 -1000.0000 	 -1000.0000 	 -1000.0000 	 -1000.0000 
	 83.4530 	 1.725573e-04 	 139.8642 	  1.0999 	 8.943966e+18 	 1.111997e+17 	 2.995200e-06 	 1.364945e-06 	 -1000.0000 	 -1000.0000 	 -1000.0000 	 -1000.0000 
	 83.5660 	 1.699931e-04 	 139.9775 	  1.1022 	 8.803833e+18 	 1.094895e+17 	 3.017979e-06 	 1.382499e-06 	 -1000.0000 	 -1000.0000 	 -1000.0000 	 -1000.0000 
	 83.6790 	 1.674670e-04 	 140.0880 	  1.1070 	 8.666050e+18 	 1.078907e+17 	 3.040980e-06 	 1.400307e-06 	 -1000.0000 	 -1000.0000 	 -1000.0000 	 -1000.0000 
	 84.2410 	 1.554516e-04 	 140.5997 	  1.1573 	 8.014454e+18 	 1.012764e+17 	 3.158506e-06 	 1.492417e-06 	 -1000.0000 	 -1000.0000 	 -1000.0000 	 -1000.0000 
	 84.3530 	 1.531632e-04 	 140.6949 	  1.1707 	 7.891047e+18 	 1.001613e+17 	 3.182518e-06 	 1.511437e-06 	 -1000.0000 	 -1000.0000 	 -1000.0000 	 -1000.0000 
	 84.4660 	 1.508891e-04 	 140.7888 	  1.1849 	 7.768626e+18 	 9.908342e+16 	 3.206932e-06 	 1.530837e-06 	 -1000.0000 	 -1000.0000 	 -1000.0000 	 -1000.0000 
	 84.5790 	 1.486494e-04 	 140.8808 	  1.1994 	 7.648267e+18 	 9.804377e+16 	 3.231532e-06 	 1.550442e-06 	 -1000.0000 	 -1000.0000 	 -1000.0000 	 -1000.0000 
	 86.8310 	 1.105248e-04 	 142.4486 	  1.1828 	 5.624793e+18 	 7.271432e+16 	 3.756321e-06 	 1.976829e-06 	 -1000.0000 	 -1000.0000 	 -1000.0000 	 -1000.0000 
	 86.9430 	 1.089189e-04 	 142.5165 	  1.1679 	 5.540404e+18 	 7.120313e+16 	 3.784158e-06 	 1.999769e-06 	 -1000.0000 	 -1000.0000 	 -1000.0000 	 -1000.0000 
	 87.0560 	 1.073232e-04 	 142.5835 	  1.1558 	 5.456658e+18 	 6.978365e+16 	 3.812458e-06 	 2.023143e-06 	 -1000.0000 	 -1000.0000 	 -1000.0000 	 -1000.0000 
	 87.1680 	 1.057656e-04 	 142.6482 	  1.1474 	 5.375021e+18 	 6.850087e+16 	 3.840733e-06 	 2.046551e-06 	 -1000.0000 	 -1000.0000 	 -1000.0000 	 -1000.0000 
	 87.2800 	 1.042313e-04 	 142.7109 	  1.1422 	 5.294724e+18 	 6.733250e+16 	 3.869255e-06 	 2.070217e-06 	 -1000.0000 	 -1000.0000 	 -1000.0000 	 -1000.0000 
	 87.7340 	 9.824243e-05 	 142.9386 	  1.1451 	 4.982566e+18 	 6.345137e+16 	 3.987861e-06 	 2.169170e-06 	 -1000.0000 	 -1000.0000 	 -1000.0000 	 -1000.0000 
	 87.8460 	 9.681951e-05 	 142.9867 	  1.1494 	 4.908745e+18 	 6.262661e+16 	 4.017976e-06 	 2.194420e-06 	 -1000.0000 	 -1000.0000 	 -1000.0000 	 -1000.0000 
	 87.9580 	 9.541726e-05 	 143.0310 	  1.1542 	 4.836144e+18 	 6.182342e+16 	 4.048476e-06 	 2.220039e-06 	 -1000.0000 	 -1000.0000 	 -1000.0000 	 -1000.0000 
	 88.1820 	 9.267363e-05 	 143.1084 	  1.1640 	 4.694524e+18 	 6.024460e+16 	 4.110683e-06 	 2.272449e-06 	 -1000.0000 	 -1000.0000 	 -1000.0000 	 -1000.0000 
	 88.6340 	 8.738465e-05 	 143.2360 	  1.1850 	 4.422660e+18 	 5.718174e+16 	 4.241044e-06 	 2.383261e-06 	 -1000.0000 	 -1000.0000 	 -1000.0000 	 -1000.0000 
	 88.7460 	 8.612535e-05 	 143.2655 	  1.1906 	 4.358040e+18 	 5.645417e+16 	 4.274328e-06 	 2.411825e-06 	 -1000.0000 	 -1000.0000 	 -1000.0000 	 -1000.0000 
	 88.8580 	 8.488643e-05 	 143.2955 	  1.1964 	 4.294466e+18 	 5.574110e+16 	 4.307996e-06 	 2.440848e-06 	 -1000.0000 	 -1000.0000 	 -1000.0000 	 -1000.0000 
	 88.9700 	 8.366776e-05 	 143.3263 	  1.2023 	 4.231911e+18 	 5.504303e+16 	 4.342049e-06 	 2.470343e-06 	 -1000.0000 	 -1000.0000 	 -1000.0000 	 -1000.0000 
	 89.5440 	 7.770677e-05 	 143.4972 	  1.2334 	 3.925723e+18 	 5.163276e+16 	 4.523469e-06 	 2.629743e-06 	 -1000.0000 	 -1000.0000 	 -1000.0000 	 -1000.0000 
	 89.6560 	 7.659218e-05 	 143.5322 	  1.2390 	 3.868466e+18 	 5.098502e+16 	 4.560398e-06 	 2.662626e-06 	 -1000.0000 	 -1000.0000 	 -1000.0000 	 -1000.0000 
	 89.7680 	 7.549115e-05 	 143.5674 	  1.2443 	 3.811914e+18 	 5.033816e+16 	 4.597887e-06 	 2.696148e-06 	 -1000.0000 	 -1000.0000 	 -1000.0000 	 -1000.0000 
	 89.8800 	 7.440296e-05 	 143.6027 	  1.2493 	 3.756035e+18 	 4.969054e+16 	 4.635964e-06 	 2.730336e-06 	 -1000.0000 	 -1000.0000 	 -1000.0000 	 -1000.0000 
	 89.9920 	 7.332799e-05 	 143.6383 	  1.2539 	 3.700844e+18 	 4.904233e+16 	 4.674650e-06 	 2.765217e-06 	 -1000.0000 	 -1000.0000 	 -1000.0000 	 -1000.0000 
	 90.4540 	 6.904746e-05 	 143.7917 	  1.2684 	 3.481090e+18 	 4.637580e+16 	 4.841189e-06 	 2.917060e-06 	 -1000.0000 	 -1000.0000 	 -1000.0000 	 -1000.0000 
	 90.5660 	 6.805044e-05 	 143.8313 	  1.2708 	 3.429883e+18 	 4.573445e+16 	 4.883373e-06 	 2.955954e-06 	 -1000.0000 	 -1000.0000 	 -1000.0000 	 -1000.0000 
	 90.6780 	 6.707062e-05 	 143.8721 	  1.2728 	 3.379543e+18 	 4.509636e+16 	 4.926314e-06 	 2.995721e-06 	 -1000.0000 	 -1000.0000 	 -1000.0000 	 -1000.0000 
	 90.7900 	 6.610837e-05 	 143.9143 	  1.2743 	 3.330085e+18 	 4.446215e+16 	 4.970025e-06 	 3.036386e-06 	 -1000.0000 	 -1000.0000 	 -1000.0000 	 -1000.0000 
	 90.9020 	 6.516303e-05 	 143.9576 	  1.2754 	 3.281480e+18 	 4.383242e+16 	 5.014491e-06 	 3.077960e-06 	 -1000.0000 	 -1000.0000 	 -1000.0000 	 -1000.0000 
	 91.3560 	 6.148527e-05 	 144.1399 	  1.2770 	 3.092358e+18 	 4.133730e+16 	 5.201983e-06 	 3.255915e-06 	 -1000.0000 	 -1000.0000 	 -1000.0000 	 -1000.0000 
	 91.4680 	 6.061138e-05 	 144.1851 	  1.2770 	 3.047446e+18 	 4.073887e+16 	 5.249892e-06 	 3.302169e-06 	 -1000.0000 	 -1000.0000 	 -1000.0000 	 -1000.0000 
	 91.5800 	 5.974888e-05 	 144.2300 	  1.2770 	 3.003144e+18 	 4.014837e+16 	 5.298404e-06 	 3.349362e-06 	 -1000.0000 	 -1000.0000 	 -1000.0000 	 -1000.0000 
	 91.6910 	 5.890459e-05 	 144.2739 	  1.2771 	 2.959806e+18 	 3.957139e+16 	 5.347046e-06 	 3.397062e-06 	 -1000.0000 	 -1000.0000 	 -1000.0000 	 -1000.0000 
	 91.8030 	 5.806338e-05 	 144.3177 	  1.2772 	 2.916654e+18 	 3.899737e+16 	 5.396635e-06 	 3.446109e-06 	 -1000.0000 	 -1000.0000 	 -1000.0000 	 -1000.0000 
	 92.2660 	 5.470685e-05 	 144.4969 	  1.2771 	 2.744648e+18 	 3.670442e+16 	 5.605594e-06 	 3.658145e-06 	 -1000.0000 	 -1000.0000 	 -1000.0000 	 -1000.0000 
	 92.3780 	 5.392587e-05 	 144.5407 	  1.2768 	 2.704646e+18 	 3.616737e+16 	 5.656755e-06 	 3.711565e-06 	 -1000.0000 	 -1000.0000 	 -1000.0000 	 -1000.0000 
	 92.4900 	 5.315762e-05 	 144.5850 	  1.2762 	 2.665292e+18 	 3.563651e+16 	 5.708020e-06 	 3.765768e-06 	 -1000.0000 	 -1000.0000 	 -1000.0000 	 -1000.0000 
	 92.6010 	 5.240899e-05 	 144.6297 	  1.2754 	 2.626935e+18 	 3.511623e+16 	 5.758868e-06 	 3.820241e-06 	 -1000.0000 	 -1000.0000 	 -1000.0000 	 -1000.0000 
	 92.7130 	 5.166604e-05 	 144.6759 	  1.2744 	 2.588856e+18 	 3.459721e+16 	 5.810172e-06 	 3.875957e-06 	 -1000.0000 	 -1000.0000 	 -1000.0000 	 -1000.0000 
	 93.1790 	 4.869428e-05 	 144.8935 	  1.2694 	 2.436270e+18 	 3.250489e+16 	 6.022704e-06 	 4.115743e-06 	 -1000.0000 	 -1000.0000 	 -1000.0000 	 -1000.0000 
	 93.2910 	 4.800523e-05 	 144.9548 	  1.2682 	 2.400794e+18 	 3.201893e+16 	 6.073336e-06 	 4.175245e-06 	 -1000.0000 	 -1000.0000 	 -1000.0000 	 -1000.0000 
	 93.4020 	 4.733063e-05 	 145.0201 	  1.2673 	 2.366013e+18 	 3.154406e+16 	 6.123257e-06 	 4.234912e-06 	 -1000.0000 	 -1000.0000 	 -1000.0000 	 -1000.0000 
	 93.5130 	 4.666378e-05 	 145.0901 	  1.2665 	 2.331581e+18 	 3.107610e+16 	 6.172869e-06 	 4.295257e-06 	 -1000.0000 	 -1000.0000 	 -1000.0000 	 -1000.0000 
	 93.6250 	 4.599894e-05 	 145.1640 	  1.2660 	 2.297222e+18 	 3.061129e+16 	 6.222507e-06 	 4.356787e-06 	 -1000.0000 	 -1000.0000 	 -1000.0000 	 -1000.0000 
