	 height_(km) 	 press_(mbar) 	 temp_(K) 	 temperr_(K) 	 numdens_(m-3) 	 numdenserr_(m-3) 	 H2Ovmr_() 	 H2Ovmrerr_() 	 D/H_(VSMOW) 	 D/Herr_(VSMOW) 	 18O/16O_(VSMOW) 	 18O/16Oerr_(VSMOW) 
	  4.5170 	 2.798095e+00 	 129.4454 	  2.1576 	 1.579386e+23 	 2.630212e+21 	 3.531946e-08 	 1.617588e-08 	 -1000.0000 	 -1000.0000 	 -1000.0000 	 -1000.0000 
	  4.7380 	 2.707144e+00 	 129.6381 	  1.9933 	 1.521784e+23 	 2.373656e+21 	 3.306225e-08 	 1.472410e-08 	 -1000.0000 	 -1000.0000 	 -1000.0000 	 -1000.0000 
	  4.9580 	 2.619720e+00 	 129.9388 	  1.8421 	 1.466282e+23 	 2.140512e+21 	 3.097822e-08 	 1.340974e-08 	 -1000.0000 	 -1000.0000 	 -1000.0000 	 -1000.0000 
	  5.5420 	 2.402084e+00 	 131.1799 	  1.4971 	 1.327717e+23 	 1.620980e+21 	 2.618566e-08 	 1.048914e-08 	 -1000.0000 	 -1000.0000 	 -1000.0000 	 -1000.0000 
	  5.7620 	 2.325299e+00 	 131.7828 	  1.3869 	 1.278769e+23 	 1.459562e+21 	 2.464105e-08 	 9.580676e-09 	 -1000.0000 	 -1000.0000 	 -1000.0000 	 -1000.0000 
	  5.9810 	 2.251560e+00 	 132.4395 	  1.2873 	 1.231781e+23 	 1.315819e+21 	 2.323621e-08 	 8.769632e-09 	 -1000.0000 	 -1000.0000 	 -1000.0000 	 -1000.0000 
	  6.2010 	 2.180111e+00 	 133.1448 	  1.1968 	 1.186308e+23 	 1.187335e+21 	 2.195299e-08 	 8.042304e-09 	 -1000.0000 	 -1000.0000 	 -1000.0000 	 -1000.0000 
	  6.4210 	 2.111210e+00 	 133.8847 	  1.1155 	 1.142548e+23 	 1.073700e+21 	 2.079314e-08 	 7.396797e-09 	 -1000.0000 	 -1000.0000 	 -1000.0000 	 -1000.0000 
	  7.0170 	 1.936693e+00 	 135.9757 	  0.9375 	 1.032466e+23 	 8.317389e+20 	 1.823503e-08 	 6.017942e-09 	 -1000.0000 	 -1000.0000 	 -1000.0000 	 -1000.0000 
	  7.2360 	 1.876780e+00 	 136.7437 	  0.8862 	 9.950699e+22 	 7.638153e+20 	 1.749694e-08 	 5.633066e-09 	 -1000.0000 	 -1000.0000 	 -1000.0000 	 -1000.0000 
	  7.4550 	 1.819000e+00 	 137.4942 	  0.8417 	 9.592872e+22 	 7.054535e+20 	 1.686069e-08 	 5.306460e-09 	 -1000.0000 	 -1000.0000 	 -1000.0000 	 -1000.0000 
	  7.6740 	 1.763272e+00 	 138.2163 	  0.8037 	 9.250992e+22 	 6.555633e+20 	 1.632180e-08 	 5.033559e-09 	 -1000.0000 	 -1000.0000 	 -1000.0000 	 -1000.0000 
	  7.8930 	 1.709511e+00 	 138.8989 	  0.7715 	 8.924880e+22 	 6.130545e+20 	 1.587508e-08 	 4.809601e-09 	 -1000.0000 	 -1000.0000 	 -1000.0000 	 -1000.0000 
	  8.4770 	 1.575143e+00 	 140.4435 	  0.7111 	 8.130958e+22 	 5.274932e+20 	 1.508720e-08 	 4.412956e-09 	 -1000.0000 	 -1000.0000 	 -1000.0000 	 -1000.0000 
	  8.6960 	 1.527891e+00 	 140.8889 	  0.6966 	 7.861063e+22 	 5.027579e+20 	 1.492235e-08 	 4.324148e-09 	 -1000.0000 	 -1000.0000 	 -1000.0000 	 -1000.0000 
	  8.9150 	 1.482228e+00 	 141.2566 	  0.6858 	 7.605423e+22 	 4.808059e+20 	 1.481029e-08 	 4.259321e-09 	 -1000.0000 	 -1000.0000 	 -1000.0000 	 -1000.0000 
	  9.1340 	 1.438080e+00 	 141.5550 	  0.6780 	 7.362870e+22 	 4.612703e+20 	 1.473282e-08 	 4.212644e-09 	 -1000.0000 	 -1000.0000 	 -1000.0000 	 -1000.0000 
	  9.3530 	 1.395375e+00 	 141.7921 	  0.6726 	 7.132231e+22 	 4.437888e+20 	 1.467160e-08 	 4.178253e-09 	 -1000.0000 	 -1000.0000 	 -1000.0000 	 -1000.0000 
	  9.9470 	 1.286234e+00 	 142.1926 	  0.6659 	 6.557353e+22 	 4.038480e+20 	 1.444916e-08 	 4.102347e-09 	 -1000.0000 	 -1000.0000 	 -1000.0000 	 -1000.0000 
	 10.1660 	 1.248250e+00 	 142.2743 	  0.6646 	 6.360717e+22 	 3.908390e+20 	 1.430068e-08 	 4.065831e-09 	 -1000.0000 	 -1000.0000 	 -1000.0000 	 -1000.0000 
	 10.3850 	 1.211391e+00 	 142.3264 	  0.6635 	 6.171118e+22 	 3.784145e+20 	 1.411315e-08 	 4.022908e-09 	 -1000.0000 	 -1000.0000 	 -1000.0000 	 -1000.0000 
	 10.6040 	 1.175622e+00 	 142.3462 	  0.6625 	 5.988349e+22 	 3.665636e+20 	 1.390337e-08 	 3.977928e-09 	 -1000.0000 	 -1000.0000 	 -1000.0000 	 -1000.0000 
	 10.8230 	 1.140905e+00 	 142.3308 	  0.6618 	 5.812210e+22 	 3.552779e+20 	 1.368883e-08 	 3.935452e-09 	 -1000.0000 	 -1000.0000 	 -1000.0000 	 -1000.0000 
	 11.4120 	 1.052482e+00 	 142.0941 	  0.6615 	 5.369830e+22 	 3.276640e+20 	 1.321969e-08 	 3.867772e-09 	 -1000.0000 	 -1000.0000 	 -1000.0000 	 -1000.0000 
	 11.6310 	 1.021343e+00 	 141.9265 	  0.6621 	 5.216400e+22 	 3.183869e+20 	 1.312967e-08 	 3.871293e-09 	 -1000.0000 	 -1000.0000 	 -1000.0000 	 -1000.0000 
	 11.8490 	 9.912358e-01 	 141.7279 	  0.6632 	 5.068997e+22 	 3.096239e+20 	 1.308799e-08 	 3.890258e-09 	 -1000.0000 	 -1000.0000 	 -1000.0000 	 -1000.0000 
	 12.0680 	 9.618639e-01 	 141.5171 	  0.6646 	 4.925584e+22 	 3.012112e+20 	 1.307738e-08 	 3.919586e-09 	 -1000.0000 	 -1000.0000 	 -1000.0000 	 -1000.0000 
	 12.2860 	 9.334756e-01 	 141.3168 	  0.6663 	 4.786784e+22 	 2.931426e+20 	 1.308049e-08 	 3.953623e-09 	 -1000.0000 	 -1000.0000 	 -1000.0000 	 -1000.0000 
	 12.8670 	 8.618024e-01 	 140.9867 	  0.6719 	 4.430972e+22 	 2.724988e+20 	 1.302703e-08 	 4.028419e-09 	 -1000.0000 	 -1000.0000 	 -1000.0000 	 -1000.0000 
	 13.0850 	 8.363475e-01 	 140.9956 	  0.6741 	 4.300884e+22 	 2.648476e+20 	 1.293985e-08 	 4.036998e-09 	 -1000.0000 	 -1000.0000 	 -1000.0000 	 -1000.0000 
	 13.3030 	 8.116443e-01 	 141.0755 	  0.6765 	 4.172498e+22 	 2.572244e+20 	 1.281281e-08 	 4.033597e-09 	 -1000.0000 	 -1000.0000 	 -1000.0000 	 -1000.0000 
	 13.5210 	 7.876701e-01 	 141.1950 	  0.6790 	 4.046515e+22 	 2.497086e+20 	 1.266172e-08 	 4.022507e-09 	 -1000.0000 	 -1000.0000 	 -1000.0000 	 -1000.0000 
	 13.7390 	 7.644019e-01 	 141.3225 	  0.6818 	 3.923645e+22 	 2.423805e+20 	 1.250291e-08 	 4.008167e-09 	 -1000.0000 	 -1000.0000 	 -1000.0000 	 -1000.0000 
	 14.3270 	 7.049851e-01 	 141.4588 	  0.6906 	 3.613292e+22 	 2.241779e+20 	 1.215523e-08 	 3.985381e-09 	 -1000.0000 	 -1000.0000 	 -1000.0000 	 -1000.0000 
	 14.5450 	 6.841304e-01 	 141.3445 	  0.6946 	 3.508006e+22 	 2.182307e+20 	 1.209443e-08 	 3.992907e-09 	 -1000.0000 	 -1000.0000 	 -1000.0000 	 -1000.0000 
	 14.7630 	 6.638819e-01 	 141.1405 	  0.6988 	 3.408006e+22 	 2.127031e+20 	 1.206881e-08 	 4.008652e-09 	 -1000.0000 	 -1000.0000 	 -1000.0000 	 -1000.0000 
	 14.9810 	 6.442274e-01 	 140.8903 	  0.7030 	 3.312282e+22 	 2.074599e+20 	 1.205838e-08 	 4.027451e-09 	 -1000.0000 	 -1000.0000 	 -1000.0000 	 -1000.0000 
	 15.1990 	 6.251546e-01 	 140.6382 	  0.7068 	 3.219816e+22 	 2.023648e+20 	 1.204374e-08 	 4.044283e-09 	 -1000.0000 	 -1000.0000 	 -1000.0000 	 -1000.0000 
	 15.7730 	 5.776273e-01 	 140.2915 	  0.7130 	 2.984404e+22 	 1.886493e+20 	 1.186626e-08 	 4.049709e-09 	 -1000.0000 	 -1000.0000 	 -1000.0000 	 -1000.0000 
	 15.9900 	 5.606419e-01 	 140.3991 	  0.7131 	 2.895694e+22 	 1.829847e+20 	 1.171610e-08 	 4.030184e-09 	 -1000.0000 	 -1000.0000 	 -1000.0000 	 -1000.0000 
	 16.2070 	 5.441744e-01 	 140.6517 	  0.7121 	 2.806700e+22 	 1.770290e+20 	 1.154115e-08 	 4.003352e-09 	 -1000.0000 	 -1000.0000 	 -1000.0000 	 -1000.0000 
	 16.4240 	 5.282095e-01 	 141.0108 	  0.7106 	 2.718130e+22 	 1.709247e+20 	 1.138497e-08 	 3.978576e-09 	 -1000.0000 	 -1000.0000 	 -1000.0000 	 -1000.0000 
	 16.6410 	 5.127316e-01 	 141.4374 	  0.7092 	 2.630704e+22 	 1.648159e+20 	 1.128760e-08 	 3.964322e-09 	 -1000.0000 	 -1000.0000 	 -1000.0000 	 -1000.0000 
	 17.2330 	 4.728584e-01 	 142.6315 	  0.7113 	 2.403771e+22 	 1.492830e+20 	 1.157550e-08 	 4.024945e-09 	 -1000.0000 	 -1000.0000 	 -1000.0000 	 -1000.0000 
	 17.4500 	 4.590596e-01 	 142.9681 	  0.7159 	 2.326893e+22 	 1.444176e+20 	 1.195337e-08 	 4.092529e-09 	 -1000.0000 	 -1000.0000 	 -1000.0000 	 -1000.0000 
	 17.6670 	 4.456769e-01 	 143.2201 	  0.7228 	 2.253901e+22 	 1.400876e+20 	 1.246562e-08 	 4.180502e-09 	 -1000.0000 	 -1000.0000 	 -1000.0000 	 -1000.0000 
	 17.8840 	 4.326983e-01 	 143.3962 	  0.7316 	 2.184547e+22 	 1.362285e+20 	 1.305982e-08 	 4.278917e-09 	 -1000.0000 	 -1000.0000 	 -1000.0000 	 -1000.0000 
	 18.1010 	 4.201119e-01 	 143.5053 	  0.7418 	 2.118575e+22 	 1.327742e+20 	 1.368391e-08 	 4.378409e-09 	 -1000.0000 	 -1000.0000 	 -1000.0000 	 -1000.0000 
	 20.1230 	 3.195192e-01 	 142.9360 	  0.8228 	 1.620393e+22 	 1.081018e+20 	 1.642043e-08 	 5.901216e-09 	 -1000.0000 	 -1000.0000 	 -1000.0000 	 -1000.0000 
	 20.3390 	 3.103245e-01 	 142.8798 	  0.8211 	 1.574712e+22 	 1.050005e+20 	 1.512770e-08 	 5.728682e-09 	 -1000.0000 	 -1000.0000 	 -1000.0000 	 -1000.0000 
	 20.5550 	 3.013900e-01 	 142.8569 	  0.8167 	 1.529723e+22 	 1.016652e+20 	 1.381603e-08 	 5.517415e-09 	 -1000.0000 	 -1000.0000 	 -1000.0000 	 -1000.0000 
	 20.7710 	 2.927120e-01 	 142.8740 	  0.8107 	 1.485454e+22 	 9.818397e+19 	 1.307142e-08 	 5.377040e-09 	 -1000.0000 	 -1000.0000 	 -1000.0000 	 -1000.0000 
	 20.9870 	 2.842869e-01 	 142.9381 	  0.8042 	 1.441933e+22 	 9.464572e+19 	 1.334409e-08 	 5.379372e-09 	 -1000.0000 	 -1000.0000 	 -1000.0000 	 -1000.0000 
	 21.5580 	 2.632059e-01 	 143.3846 	  0.7926 	 1.330711e+22 	 8.568057e+19 	 2.147725e-08 	 6.350858e-09 	 -1000.0000 	 -1000.0000 	 -1000.0000 	 -1000.0000 
	 21.7730 	 2.557057e-01 	 143.6753 	  0.7934 	 1.290354e+22 	 8.269422e+19 	 2.856197e-08 	 7.323114e-09 	 -1000.0000 	 -1000.0000 	 -1000.0000 	 -1000.0000 
	 21.9890 	 2.484040e-01 	 144.0333 	  0.7976 	 1.250699e+22 	 7.996965e+19 	 3.916031e-08 	 9.085475e-09 	 -1000.0000 	 -1000.0000 	 -1000.0000 	 -1000.0000 
	 22.2040 	 2.413617e-01 	 144.4432 	  0.8047 	 1.212152e+22 	 7.750356e+19 	 5.273847e-08 	 1.127271e-08 	 -1000.0000 	 -1000.0000 	 -1000.0000 	 -1000.0000 
	 22.4190 	 2.345377e-01 	 144.8948 	  0.8140 	 1.174565e+22 	 7.525358e+19 	 6.909098e-08 	 1.382317e-08 	 -1000.0000 	 -1000.0000 	 -1000.0000 	 -1000.0000 
	 24.3930 	 1.809234e-01 	 148.8959 	  0.9108 	 8.809798e+21 	 5.962110e+19 	 3.468721e-07 	 5.937592e-08 	 -1000.0000 	 -1000.0000 	 -1000.0000 	 -1000.0000 
	 24.6080 	 1.759414e-01 	 149.0902 	  0.9120 	 8.553292e+21 	 5.791622e+19 	 3.802507e-07 	 6.438150e-08 	 -1000.0000 	 -1000.0000 	 -1000.0000 	 -1000.0000 
	 24.8230 	 1.711042e-01 	 149.2139 	  0.9103 	 8.309328e+21 	 5.614565e+19 	 4.134643e-07 	 6.920669e-08 	 -1000.0000 	 -1000.0000 	 -1000.0000 	 -1000.0000 
	 25.0370 	 1.664287e-01 	 149.2871 	  0.9067 	 8.077388e+21 	 5.435373e+19 	 4.473815e-07 	 7.396572e-08 	 -1000.0000 	 -1000.0000 	 -1000.0000 	 -1000.0000 
	 25.2520 	 1.618666e-01 	 149.3309 	  0.9021 	 7.853717e+21 	 5.255994e+19 	 4.833541e-07 	 7.883599e-08 	 -1000.0000 	 -1000.0000 	 -1000.0000 	 -1000.0000 
	 25.8330 	 1.501795e-01 	 149.4615 	  0.8924 	 7.283716e+21 	 4.803001e+19 	 5.986355e-07 	 9.357997e-08 	 -1000.0000 	 -1000.0000 	 -1000.0000 	 -1000.0000 
	 26.0480 	 1.460786e-01 	 149.5724 	  0.8925 	 7.081011e+21 	 4.657374e+19 	 6.512529e-07 	 1.000697e-07 	 -1000.0000 	 -1000.0000 	 -1000.0000 	 -1000.0000 
	 26.2630 	 1.420925e-01 	 149.7287 	  0.8952 	 6.881597e+21 	 4.525449e+19 	 7.095816e-07 	 1.071480e-07 	 -1000.0000 	 -1000.0000 	 -1000.0000 	 -1000.0000 
	 26.4770 	 1.382365e-01 	 149.9185 	  0.8998 	 6.686856e+21 	 4.405413e+19 	 7.722132e-07 	 1.146196e-07 	 -1000.0000 	 -1000.0000 	 -1000.0000 	 -1000.0000 
	 26.6920 	 1.344716e-01 	 150.1321 	  0.9059 	 6.495459e+21 	 4.293765e+19 	 8.386004e-07 	 1.223967e-07 	 -1000.0000 	 -1000.0000 	 -1000.0000 	 -1000.0000 
	 27.2590 	 1.250479e-01 	 150.7226 	  0.9243 	 6.014806e+21 	 4.024658e+19 	 1.021671e-06 	 1.430245e-07 	 -1000.0000 	 -1000.0000 	 -1000.0000 	 -1000.0000 
	 27.4730 	 1.216740e-01 	 150.9253 	  0.9306 	 5.843805e+21 	 3.926097e+19 	 1.090456e-06 	 1.504083e-07 	 -1000.0000 	 -1000.0000 	 -1000.0000 	 -1000.0000 
	 27.6870 	 1.183962e-01 	 151.1150 	  0.9361 	 5.678590e+21 	 3.827178e+19 	 1.157232e-06 	 1.573767e-07 	 -1000.0000 	 -1000.0000 	 -1000.0000 	 -1000.0000 
	 27.9000 	 1.152269e-01 	 151.3030 	  0.9410 	 5.519351e+21 	 3.728535e+19 	 1.220471e-06 	 1.638090e-07 	 -1000.0000 	 -1000.0000 	 -1000.0000 	 -1000.0000 
	 28.1140 	 1.121339e-01 	 151.5037 	  0.9453 	 5.364042e+21 	 3.629427e+19 	 1.279525e-06 	 1.696717e-07 	 -1000.0000 	 -1000.0000 	 -1000.0000 	 -1000.0000 
	 28.6940 	 1.041914e-01 	 152.2049 	  0.9549 	 4.962332e+21 	 3.362271e+19 	 1.407142e-06 	 1.817847e-07 	 -1000.0000 	 -1000.0000 	 -1000.0000 	 -1000.0000 
	 28.9070 	 1.014292e-01 	 152.5550 	  0.9580 	 4.820301e+21 	 3.265262e+19 	 1.438587e-06 	 1.845769e-07 	 -1000.0000 	 -1000.0000 	 -1000.0000 	 -1000.0000 
	 29.1200 	 9.874647e-02 	 152.9580 	  0.9612 	 4.680924e+21 	 3.169536e+19 	 1.460848e-06 	 1.864214e-07 	 -1000.0000 	 -1000.0000 	 -1000.0000 	 -1000.0000 
	 29.3340 	 9.612922e-02 	 153.4037 	  0.9646 	 4.543887e+21 	 3.075459e+19 	 1.474325e-06 	 1.873653e-07 	 -1000.0000 	 -1000.0000 	 -1000.0000 	 -1000.0000 
	 29.5470 	 9.359988e-02 	 153.8750 	  0.9684 	 4.410795e+21 	 2.984719e+19 	 1.479270e-06 	 1.874458e-07 	 -1000.0000 	 -1000.0000 	 -1000.0000 	 -1000.0000 
	 30.1240 	 8.711157e-02 	 155.1908 	  0.9825 	 4.069372e+21 	 2.759782e+19 	 1.453198e-06 	 1.837181e-07 	 -1000.0000 	 -1000.0000 	 -1000.0000 	 -1000.0000 
	 30.3370 	 8.484472e-02 	 155.6549 	  0.9897 	 3.951302e+21 	 2.686711e+19 	 1.430189e-06 	 1.810247e-07 	 -1000.0000 	 -1000.0000 	 -1000.0000 	 -1000.0000 
	 30.5500 	 8.264371e-02 	 156.0979 	  0.9981 	 3.837646e+21 	 2.619200e+19 	 1.401444e-06 	 1.777728e-07 	 -1000.0000 	 -1000.0000 	 -1000.0000 	 -1000.0000 
	 30.7640 	 8.049636e-02 	 156.5257 	  1.0075 	 3.727623e+21 	 2.556113e+19 	 1.368519e-06 	 1.741100e-07 	 -1000.0000 	 -1000.0000 	 -1000.0000 	 -1000.0000 
	 30.9770 	 7.842041e-02 	 156.9379 	  1.0175 	 3.621980e+21 	 2.497174e+19 	 1.333449e-06 	 1.702366e-07 	 -1000.0000 	 -1000.0000 	 -1000.0000 	 -1000.0000 
	 31.5390 	 7.321973e-02 	 157.9886 	  1.0457 	 3.359684e+21 	 2.353723e+19 	 1.242660e-06 	 1.601507e-07 	 -1000.0000 	 -1000.0000 	 -1000.0000 	 -1000.0000 
	 31.7520 	 7.134709e-02 	 158.3832 	  1.0565 	 3.265729e+21 	 2.301536e+19 	 1.213613e-06 	 1.568311e-07 	 -1000.0000 	 -1000.0000 	 -1000.0000 	 -1000.0000 
	 31.9640 	 6.953404e-02 	 158.7772 	  1.0669 	 3.174908e+21 	 2.249891e+19 	 1.188867e-06 	 1.539248e-07 	 -1000.0000 	 -1000.0000 	 -1000.0000 	 -1000.0000 
	 32.1770 	 6.776215e-02 	 159.1737 	  1.0768 	 3.086308e+21 	 2.198109e+19 	 1.167773e-06 	 1.513737e-07 	 -1000.0000 	 -1000.0000 	 -1000.0000 	 -1000.0000 
	 32.3900 	 6.603875e-02 	 159.5706 	  1.0860 	 3.000310e+21 	 2.146241e+19 	 1.150030e-06 	 1.491620e-07 	 -1000.0000 	 -1000.0000 	 -1000.0000 	 -1000.0000 
	 32.9640 	 6.162548e-02 	 160.6384 	  1.1055 	 2.781084e+21 	 2.004558e+19 	 1.115587e-06 	 1.446617e-07 	 -1000.0000 	 -1000.0000 	 -1000.0000 	 -1000.0000 
	 33.1760 	 6.007691e-02 	 161.0307 	  1.1102 	 2.704581e+21 	 1.951017e+19 	 1.106598e-06 	 1.434558e-07 	 -1000.0000 	 -1000.0000 	 -1000.0000 	 -1000.0000 
	 33.3880 	 5.857062e-02 	 161.4188 	  1.1134 	 2.630438e+21 	 1.897051e+19 	 1.099174e-06 	 1.424594e-07 	 -1000.0000 	 -1000.0000 	 -1000.0000 	 -1000.0000 
	 33.6000 	 5.710597e-02 	 161.7986 	  1.1158 	 2.558651e+21 	 1.843280e+19 	 1.093218e-06 	 1.416568e-07 	 -1000.0000 	 -1000.0000 	 -1000.0000 	 -1000.0000 
	 33.8120 	 5.568233e-02 	 162.1657 	  1.1174 	 2.489223e+21 	 1.790330e+19 	 1.088636e-06 	 1.410321e-07 	 -1000.0000 	 -1000.0000 	 -1000.0000 	 -1000.0000 
	 34.3740 	 5.210197e-02 	 163.0461 	  1.1217 	 2.316574e+21 	 1.658620e+19 	 1.082427e-06 	 1.401172e-07 	 -1000.0000 	 -1000.0000 	 -1000.0000 	 -1000.0000 
	 34.5860 	 5.082252e-02 	 163.3314 	  1.1242 	 2.255741e+21 	 1.613925e+19 	 1.082047e-06 	 1.400054e-07 	 -1000.0000 	 -1000.0000 	 -1000.0000 	 -1000.0000 
	 34.7980 	 4.957996e-02 	 163.5851 	  1.1274 	 2.197188e+21 	 1.572327e+19 	 1.082447e-06 	 1.399852e-07 	 -1000.0000 	 -1000.0000 	 -1000.0000 	 -1000.0000 
	 35.0100 	 4.837193e-02 	 163.8038 	  1.1313 	 2.140804e+21 	 1.533521e+19 	 1.083308e-06 	 1.400234e-07 	 -1000.0000 	 -1000.0000 	 -1000.0000 	 -1000.0000 
	 35.2220 	 4.719608e-02 	 163.9841 	  1.1358 	 2.086477e+21 	 1.497192e+19 	 1.084308e-06 	 1.400865e-07 	 -1000.0000 	 -1000.0000 	 -1000.0000 	 -1000.0000 
	 35.8000 	 4.413491e-02 	 164.2545 	  1.1497 	 1.947917e+21 	 1.408226e+19 	 1.085178e-06 	 1.401175e-07 	 -1000.0000 	 -1000.0000 	 -1000.0000 	 -1000.0000 
	 36.0110 	 4.306344e-02 	 164.2632 	  1.1552 	 1.900496e+21 	 1.378531e+19 	 1.083909e-06 	 1.399825e-07 	 -1000.0000 	 -1000.0000 	 -1000.0000 	 -1000.0000 
	 36.2220 	 4.201454e-02 	 164.2246 	  1.1608 	 1.854611e+21 	 1.350074e+19 	 1.081626e-06 	 1.397544e-07 	 -1000.0000 	 -1000.0000 	 -1000.0000 	 -1000.0000 
	 36.4330 	 4.098841e-02 	 164.1444 	  1.1666 	 1.810181e+21 	 1.322911e+19 	 1.078519e-06 	 1.394560e-07 	 -1000.0000 	 -1000.0000 	 -1000.0000 	 -1000.0000 
	 36.6450 	 3.998054e-02 	 164.0279 	  1.1726 	 1.766924e+21 	 1.296982e+19 	 1.074762e-06 	 1.391085e-07 	 -1000.0000 	 -1000.0000 	 -1000.0000 	 -1000.0000 
	 37.2050 	 3.743129e-02 	 163.5917 	  1.1902 	 1.658729e+21 	 1.235493e+19 	 1.063228e-06 	 1.381325e-07 	 -1000.0000 	 -1000.0000 	 -1000.0000 	 -1000.0000 
	 37.4150 	 3.651811e-02 	 163.3968 	  1.1975 	 1.620197e+21 	 1.215198e+19 	 1.058830e-06 	 1.378076e-07 	 -1000.0000 	 -1000.0000 	 -1000.0000 	 -1000.0000 
	 37.6260 	 3.562374e-02 	 163.1938 	  1.2053 	 1.582471e+21 	 1.196142e+19 	 1.054513e-06 	 1.375255e-07 	 -1000.0000 	 -1000.0000 	 -1000.0000 	 -1000.0000 
	 37.8370 	 3.475176e-02 	 162.9911 	  1.2133 	 1.545643e+21 	 1.178063e+19 	 1.050255e-06 	 1.372911e-07 	 -1000.0000 	 -1000.0000 	 -1000.0000 	 -1000.0000 
	 38.0470 	 3.390531e-02 	 162.7971 	  1.2214 	 1.509787e+21 	 1.160676e+19 	 1.046033e-06 	 1.371087e-07 	 -1000.0000 	 -1000.0000 	 -1000.0000 	 -1000.0000 
	 38.6200 	 3.169774e-02 	 162.3658 	  1.2433 	 1.415260e+21 	 1.113423e+19 	 1.034238e-06 	 1.368977e-07 	 -1000.0000 	 -1000.0000 	 -1000.0000 	 -1000.0000 
	 38.8300 	 3.092370e-02 	 162.2650 	  1.2508 	 1.381562e+21 	 1.095132e+19 	 1.029687e-06 	 1.369353e-07 	 -1000.0000 	 -1000.0000 	 -1000.0000 	 -1000.0000 
	 39.0400 	 3.016772e-02 	 162.2037 	  1.2579 	 1.348293e+21 	 1.075969e+19 	 1.024938e-06 	 1.370262e-07 	 -1000.0000 	 -1000.0000 	 -1000.0000 	 -1000.0000 
	 39.2500 	 2.942982e-02 	 162.1843 	  1.2643 	 1.315463e+21 	 1.055913e+19 	 1.019935e-06 	 1.371520e-07 	 -1000.0000 	 -1000.0000 	 -1000.0000 	 -1000.0000 
	 39.4600 	 2.871007e-02 	 162.2097 	  1.2698 	 1.283083e+21 	 1.034941e+19 	 1.014623e-06 	 1.372942e-07 	 -1000.0000 	 -1000.0000 	 -1000.0000 	 -1000.0000 
	 40.0300 	 2.684822e-02 	 162.5255 	  1.2791 	 1.197557e+21 	 9.732345e+18 	 9.982029e-07 	 1.376145e-07 	 -1000.0000 	 -1000.0000 	 -1000.0000 	 -1000.0000 
	 40.2400 	 2.619618e-02 	 162.7402 	  1.2800 	 1.166951e+21 	 9.486889e+18 	 9.912644e-07 	 1.376552e-07 	 -1000.0000 	 -1000.0000 	 -1000.0000 	 -1000.0000 
	 40.4500 	 2.556190e-02 	 163.0065 	  1.2793 	 1.136855e+21 	 9.232978e+18 	 9.838852e-07 	 1.376507e-07 	 -1000.0000 	 -1000.0000 	 -1000.0000 	 -1000.0000 
	 40.6600 	 2.494455e-02 	 163.3188 	  1.2774 	 1.107289e+21 	 8.972908e+18 	 9.762004e-07 	 1.376215e-07 	 -1000.0000 	 -1000.0000 	 -1000.0000 	 -1000.0000 
	 40.8700 	 2.434330e-02 	 163.6711 	  1.2743 	 1.078272e+21 	 8.708992e+18 	 9.683462e-07 	 1.375880e-07 	 -1000.0000 	 -1000.0000 	 -1000.0000 	 -1000.0000 
	 41.4300 	 2.281236e-02 	 164.7620 	  1.2621 	 1.003732e+21 	 8.004005e+18 	 9.476095e-07 	 1.376342e-07 	 -1000.0000 	 -1000.0000 	 -1000.0000 	 -1000.0000 
	 41.6400 	 2.226309e-02 	 165.2112 	  1.2565 	 9.769015e+20 	 7.745710e+18 	 9.402907e-07 	 1.377589e-07 	 -1000.0000 	 -1000.0000 	 -1000.0000 	 -1000.0000 
	 41.8500 	 2.172676e-02 	 165.6724 	  1.2506 	 9.507262e+20 	 7.493438e+18 	 9.333260e-07 	 1.379524e-07 	 -1000.0000 	 -1000.0000 	 -1000.0000 	 -1000.0000 
	 42.0600 	 2.120360e-02 	 166.1382 	  1.2445 	 9.252446e+20 	 7.248137e+18 	 9.266880e-07 	 1.382023e-07 	 -1000.0000 	 -1000.0000 	 -1000.0000 	 -1000.0000 
	 42.2700 	 2.069386e-02 	 166.6015 	  1.2383 	 9.004954e+20 	 7.010746e+18 	 9.203478e-07 	 1.384963e-07 	 -1000.0000 	 -1000.0000 	 -1000.0000 	 -1000.0000 
	 42.8350 	 1.939089e-02 	 167.7798 	  1.2220 	 8.378444e+20 	 6.418611e+18 	 9.045452e-07 	 1.394120e-07 	 -1000.0000 	 -1000.0000 	 -1000.0000 	 -1000.0000 
	 43.0450 	 1.893269e-02 	 168.1719 	  1.2164 	 8.161282e+20 	 6.218457e+18 	 8.990532e-07 	 1.397647e-07 	 -1000.0000 	 -1000.0000 	 -1000.0000 	 -1000.0000 
	 43.2540 	 1.849033e-02 	 168.5298 	  1.2113 	 7.953626e+20 	 6.030376e+18 	 8.937346e-07 	 1.401086e-07 	 -1000.0000 	 -1000.0000 	 -1000.0000 	 -1000.0000 
	 43.4630 	 1.806072e-02 	 168.8542 	  1.2065 	 7.753917e+20 	 5.852687e+18 	 8.885155e-07 	 1.404409e-07 	 -1000.0000 	 -1000.0000 	 -1000.0000 	 -1000.0000 
	 43.6730 	 1.764097e-02 	 169.1447 	  1.2020 	 7.560745e+20 	 5.683901e+18 	 8.833241e-07 	 1.407587e-07 	 -1000.0000 	 -1000.0000 	 -1000.0000 	 -1000.0000 
	 44.2300 	 1.657865e-02 	 169.7328 	  1.1917 	 7.080886e+20 	 5.278166e+18 	 8.694565e-07 	 1.414888e-07 	 -1000.0000 	 -1000.0000 	 -1000.0000 	 -1000.0000 
	 44.4390 	 1.619662e-02 	 169.8813 	  1.1884 	 6.911572e+20 	 5.139630e+18 	 8.640899e-07 	 1.417084e-07 	 -1000.0000 	 -1000.0000 	 -1000.0000 	 -1000.0000 
	 44.6480 	 1.582273e-02 	 169.9936 	  1.1854 	 6.747422e+20 	 5.007574e+18 	 8.586167e-07 	 1.419022e-07 	 -1000.0000 	 -1000.0000 	 -1000.0000 	 -1000.0000 
	 44.8570 	 1.545687e-02 	 170.0766 	  1.1828 	 6.588073e+20 	 4.881450e+18 	 8.530718e-07 	 1.420822e-07 	 -1000.0000 	 -1000.0000 	 -1000.0000 	 -1000.0000 
	 45.0650 	 1.510059e-02 	 170.1370 	  1.1804 	 6.433895e+20 	 4.761276e+18 	 8.475174e-07 	 1.422597e-07 	 -1000.0000 	 -1000.0000 	 -1000.0000 	 -1000.0000 
	 45.6300 	 1.417132e-02 	 170.2438 	  1.1758 	 6.034455e+20 	 4.457479e+18 	 8.325248e-07 	 1.428283e-07 	 -1000.0000 	 -1000.0000 	 -1000.0000 	 -1000.0000 
	 45.8390 	 1.384148e-02 	 170.2818 	  1.1747 	 5.892841e+20 	 4.351915e+18 	 8.271078e-07 	 1.431041e-07 	 -1000.0000 	 -1000.0000 	 -1000.0000 	 -1000.0000 
	 46.0480 	 1.351905e-02 	 170.3237 	  1.1738 	 5.754273e+20 	 4.249402e+18 	 8.217279e-07 	 1.434120e-07 	 -1000.0000 	 -1000.0000 	 -1000.0000 	 -1000.0000 
	 46.2570 	 1.320406e-02 	 170.3665 	  1.1732 	 5.618846e+20 	 4.149745e+18 	 8.162887e-07 	 1.437314e-07 	 -1000.0000 	 -1000.0000 	 -1000.0000 	 -1000.0000 
	 46.4650 	 1.289797e-02 	 170.4074 	  1.1726 	 5.487282e+20 	 4.053209e+18 	 8.107198e-07 	 1.440398e-07 	 -1000.0000 	 -1000.0000 	 -1000.0000 	 -1000.0000 
	 47.0260 	 1.210943e-02 	 170.4871 	  1.1705 	 5.149182e+20 	 3.804511e+18 	 7.941707e-07 	 1.446670e-07 	 -1000.0000 	 -1000.0000 	 -1000.0000 	 -1000.0000 
	 47.2340 	 1.183083e-02 	 170.4977 	  1.1693 	 5.030294e+20 	 3.716089e+18 	 7.871965e-07 	 1.447669e-07 	 -1000.0000 	 -1000.0000 	 -1000.0000 	 -1000.0000 
	 47.4420 	 1.155947e-02 	 170.4984 	  1.1677 	 4.914809e+20 	 3.629550e+18 	 7.797212e-07 	 1.447826e-07 	 -1000.0000 	 -1000.0000 	 -1000.0000 	 -1000.0000 
	 47.6500 	 1.129497e-02 	 170.4935 	  1.1660 	 4.802445e+20 	 3.544904e+18 	 7.718051e-07 	 1.447218e-07 	 -1000.0000 	 -1000.0000 	 -1000.0000 	 -1000.0000 
	 47.8580 	 1.103698e-02 	 170.4876 	  1.1642 	 4.692919e+20 	 3.462163e+18 	 7.635108e-07 	 1.445921e-07 	 -1000.0000 	 -1000.0000 	 -1000.0000 	 -1000.0000 
	 48.4110 	 1.037994e-02 	 170.5005 	  1.1598 	 4.413378e+20 	 3.251538e+18 	 7.401071e-07 	 1.439620e-07 	 -1000.0000 	 -1000.0000 	 -1000.0000 	 -1000.0000 
	 48.6180 	 1.014378e-02 	 170.5285 	  1.1586 	 4.312311e+20 	 3.176228e+18 	 7.310361e-07 	 1.436381e-07 	 -1000.0000 	 -1000.0000 	 -1000.0000 	 -1000.0000 
	 48.8260 	 9.911541e-03 	 170.5734 	  1.1578 	 4.212490e+20 	 3.102500e+18 	 7.219055e-07 	 1.432888e-07 	 -1000.0000 	 -1000.0000 	 -1000.0000 	 -1000.0000 
	 49.0330 	 9.685486e-03 	 170.6349 	  1.1574 	 4.114922e+20 	 3.031064e+18 	 7.129535e-07 	 1.431437e-07 	 -1000.0000 	 -1000.0000 	 -1000.0000 	 -1000.0000 
	 49.2400 	 9.464520e-03 	 170.7135 	  1.1573 	 4.019172e+20 	 2.961560e+18 	 7.042346e-07 	 1.431244e-07 	 -1000.0000 	 -1000.0000 	 -1000.0000 	 -1000.0000 
	 49.8060 	 8.886578e-03 	 171.0162 	  1.1593 	 3.767035e+20 	 2.781370e+18 	 6.825881e-07 	 1.434459e-07 	 -1000.0000 	 -1000.0000 	 -1000.0000 	 -1000.0000 
	 50.0130 	 8.684894e-03 	 171.1592 	  1.1608 	 3.678502e+20 	 2.719064e+18 	 6.758405e-07 	 1.437718e-07 	 -1000.0000 	 -1000.0000 	 -1000.0000 	 -1000.0000 
	 50.2200 	 8.488280e-03 	 171.3160 	  1.1626 	 3.591988e+20 	 2.658571e+18 	 6.697609e-07 	 1.442184e-07 	 -1000.0000 	 -1000.0000 	 -1000.0000 	 -1000.0000 
	 50.4260 	 8.297426e-03 	 171.4803 	  1.1647 	 3.507902e+20 	 2.600005e+18 	 6.642621e-07 	 1.447620e-07 	 -1000.0000 	 -1000.0000 	 -1000.0000 	 -1000.0000 
	 50.6330 	 8.110250e-03 	 171.6482 	  1.1669 	 3.425430e+20 	 2.542627e+18 	 6.591745e-07 	 1.453861e-07 	 -1000.0000 	 -1000.0000 	 -1000.0000 	 -1000.0000 
	 51.1860 	 7.631111e-03 	 172.0682 	  1.1722 	 3.215084e+20 	 2.395290e+18 	 6.468309e-07 	 1.472664e-07 	 -1000.0000 	 -1000.0000 	 -1000.0000 	 -1000.0000 
	 51.3930 	 7.458941e-03 	 172.1994 	  1.1736 	 3.140089e+20 	 2.341878e+18 	 6.423425e-07 	 1.479864e-07 	 -1000.0000 	 -1000.0000 	 -1000.0000 	 -1000.0000 
	 51.6000 	 7.290458e-03 	 172.3141 	  1.1744 	 3.067071e+20 	 2.289120e+18 	 6.378181e-07 	 1.486961e-07 	 -1000.0000 	 -1000.0000 	 -1000.0000 	 -1000.0000 
	 51.8060 	 7.126422e-03 	 172.4159 	  1.1747 	 2.996270e+20 	 2.237054e+18 	 6.332795e-07 	 1.493941e-07 	 -1000.0000 	 -1000.0000 	 -1000.0000 	 -1000.0000 
	 52.0130 	 6.965212e-03 	 172.5101 	  1.1741 	 2.926899e+20 	 2.184960e+18 	 6.286850e-07 	 1.500899e-07 	 -1000.0000 	 -1000.0000 	 -1000.0000 	 -1000.0000 
	 52.5710 	 6.548532e-03 	 172.7565 	  1.1678 	 2.747966e+20 	 2.043984e+18 	 6.161689e-07 	 1.519626e-07 	 -1000.0000 	 -1000.0000 	 -1000.0000 	 -1000.0000 
	 52.7770 	 6.401220e-03 	 172.8566 	  1.1632 	 2.684599e+20 	 1.991146e+18 	 6.115207e-07 	 1.526635e-07 	 -1000.0000 	 -1000.0000 	 -1000.0000 	 -1000.0000 
	 52.9830 	 6.257374e-03 	 172.9670 	  1.1576 	 2.622576e+20 	 1.937902e+18 	 6.068737e-07 	 1.533754e-07 	 -1000.0000 	 -1000.0000 	 -1000.0000 	 -1000.0000 
	 53.1900 	 6.116284e-03 	 173.0906 	  1.1510 	 2.561582e+20 	 1.884322e+18 	 6.022183e-07 	 1.541053e-07 	 -1000.0000 	 -1000.0000 	 -1000.0000 	 -1000.0000 
	 53.3960 	 5.979278e-03 	 173.2284 	  1.1437 	 2.502184e+20 	 1.831261e+18 	 5.976120e-07 	 1.548495e-07 	 -1000.0000 	 -1000.0000 	 -1000.0000 	 -1000.0000 
	 53.9510 	 5.626766e-03 	 173.6915 	  1.1227 	 2.348431e+20 	 1.692203e+18 	 5.854229e-07 	 1.569673e-07 	 -1000.0000 	 -1000.0000 	 -1000.0000 	 -1000.0000 
	 54.1570 	 5.501976e-03 	 173.9032 	  1.1149 	 2.293631e+20 	 1.642989e+18 	 5.810064e-07 	 1.578026e-07 	 -1000.0000 	 -1000.0000 	 -1000.0000 	 -1000.0000 
	 54.3630 	 5.380320e-03 	 174.1293 	  1.1075 	 2.240089e+20 	 1.595422e+18 	 5.766249e-07 	 1.586565e-07 	 -1000.0000 	 -1000.0000 	 -1000.0000 	 -1000.0000 
	 54.5700 	 5.261060e-03 	 174.3568 	  1.1002 	 2.187636e+20 	 1.549349e+18 	 5.722092e-07 	 1.595176e-07 	 -1000.0000 	 -1000.0000 	 -1000.0000 	 -1000.0000 
	 54.7760 	 5.145176e-03 	 174.5692 	  1.0931 	 2.136859e+20 	 1.505279e+18 	 5.677534e-07 	 1.603612e-07 	 -1000.0000 	 -1000.0000 	 -1000.0000 	 -1000.0000 
	 55.3270 	 4.847642e-03 	 174.9593 	  1.0751 	 2.008635e+20 	 1.396610e+18 	 5.551679e-07 	 1.624298e-07 	 -1000.0000 	 -1000.0000 	 -1000.0000 	 -1000.0000 
	 55.5320 	 4.741087e-03 	 174.9984 	  1.0687 	 1.963972e+20 	 1.359772e+18 	 5.501091e-07 	 1.630856e-07 	 -1000.0000 	 -1000.0000 	 -1000.0000 	 -1000.0000 
	 55.7370 	 4.636629e-03 	 174.9671 	  1.0623 	 1.921003e+20 	 1.324873e+18 	 5.448303e-07 	 1.636721e-07 	 -1000.0000 	 -1000.0000 	 -1000.0000 	 -1000.0000 
	 55.9430 	 4.533780e-03 	 174.8642 	  1.0560 	 1.879484e+20 	 1.291653e+18 	 5.393414e-07 	 1.642016e-07 	 -1000.0000 	 -1000.0000 	 -1000.0000 	 -1000.0000 
	 56.1480 	 4.433546e-03 	 174.6904 	  1.0497 	 1.839771e+20 	 1.260330e+18 	 5.337347e-07 	 1.646793e-07 	 -1000.0000 	 -1000.0000 	 -1000.0000 	 -1000.0000 
	 56.7020 	 4.173271e-03 	 173.8620 	  1.0325 	 1.740097e+20 	 1.183536e+18 	 5.181687e-07 	 1.658077e-07 	 -1000.0000 	 -1000.0000 	 -1000.0000 	 -1000.0000 
	 56.9070 	 4.080895e-03 	 173.4222 	  1.0260 	 1.705904e+20 	 1.157732e+18 	 5.123655e-07 	 1.661952e-07 	 -1000.0000 	 -1000.0000 	 -1000.0000 	 -1000.0000 
	 57.1110 	 3.991005e-03 	 172.9177 	  1.0196 	 1.673189e+20 	 1.133380e+18 	 5.065964e-07 	 1.665728e-07 	 -1000.0000 	 -1000.0000 	 -1000.0000 	 -1000.0000 
	 57.3160 	 3.902590e-03 	 172.3511 	  1.0134 	 1.641493e+20 	 1.110268e+18 	 5.007970e-07 	 1.669425e-07 	 -1000.0000 	 -1000.0000 	 -1000.0000 	 -1000.0000 
	 57.5210 	 3.815968e-03 	 171.7323 	  1.0076 	 1.610838e+20 	 1.088547e+18 	 4.949864e-07 	 1.673002e-07 	 -1000.0000 	 -1000.0000 	 -1000.0000 	 -1000.0000 
	 58.0670 	 3.593031e-03 	 169.8877 	  0.9968 	 1.533211e+20 	 1.037709e+18 	 4.793776e-07 	 1.681736e-07 	 -1000.0000 	 -1000.0000 	 -1000.0000 	 -1000.0000 
	 58.2710 	 3.512280e-03 	 169.1466 	  0.9950 	 1.505318e+20 	 1.021399e+18 	 4.734657e-07 	 1.684619e-07 	 -1000.0000 	 -1000.0000 	 -1000.0000 	 -1000.0000 
	 58.4750 	 3.432816e-03 	 168.3870 	  0.9945 	 1.477888e+20 	 1.006422e+18 	 4.674973e-07 	 1.687240e-07 	 -1000.0000 	 -1000.0000 	 -1000.0000 	 -1000.0000 
	 58.6790 	 3.354666e-03 	 167.6136 	  0.9950 	 1.450899e+20 	 9.925452e+17 	 4.614679e-07 	 1.689557e-07 	 -1000.0000 	 -1000.0000 	 -1000.0000 	 -1000.0000 
	 58.8830 	 3.277860e-03 	 166.8310 	  0.9964 	 1.424327e+20 	 9.795309e+17 	 4.553736e-07 	 1.691531e-07 	 -1000.0000 	 -1000.0000 	 -1000.0000 	 -1000.0000 
	 59.4370 	 3.076283e-03 	 164.6951 	  1.0027 	 1.354092e+20 	 9.466664e+17 	 4.384781e-07 	 1.694875e-07 	 -1000.0000 	 -1000.0000 	 -1000.0000 	 -1000.0000 
	 59.6410 	 3.004716e-03 	 163.9179 	  1.0052 	 1.328874e+20 	 9.347928e+17 	 4.321300e-07 	 1.695286e-07 	 -1000.0000 	 -1000.0000 	 -1000.0000 	 -1000.0000 
	 59.8450 	 2.934593e-03 	 163.1505 	  1.0074 	 1.303975e+20 	 9.227461e+17 	 4.257461e-07 	 1.695350e-07 	 -1000.0000 	 -1000.0000 	 -1000.0000 	 -1000.0000 
	 60.0490 	 2.865890e-03 	 162.3939 	  1.0092 	 1.279387e+20 	 9.104061e+17 	 4.193751e-07 	 1.695247e-07 	 -1000.0000 	 -1000.0000 	 -1000.0000 	 -1000.0000 
	 60.2530 	 2.798582e-03 	 161.6488 	  1.0104 	 1.255101e+20 	 8.976535e+17 	 4.130657e-07 	 1.695159e-07 	 -1000.0000 	 -1000.0000 	 -1000.0000 	 -1000.0000 
	 60.8120 	 2.621102e-03 	 159.6740 	  1.0083 	 1.190025e+20 	 8.596277e+17 	 3.964778e-07 	 1.696451e-07 	 -1000.0000 	 -1000.0000 	 -1000.0000 	 -1000.0000 
	 61.0160 	 2.558800e-03 	 158.9804 	  1.0051 	 1.166786e+20 	 8.442892e+17 	 3.908107e-07 	 1.697978e-07 	 -1000.0000 	 -1000.0000 	 -1000.0000 	 -1000.0000 
	 61.2190 	 2.498069e-03 	 158.3095 	  1.0006 	 1.143898e+20 	 8.282663e+17 	 3.853837e-07 	 1.700084e-07 	 -1000.0000 	 -1000.0000 	 -1000.0000 	 -1000.0000 
	 61.4230 	 2.438279e-03 	 157.6604 	  0.9952 	 1.121097e+20 	 8.115969e+17 	 3.800925e-07 	 1.702597e-07 	 -1000.0000 	 -1000.0000 	 -1000.0000 	 -1000.0000 
	 61.6260 	 2.379982e-03 	 157.0456 	  0.9892 	 1.098568e+20 	 7.946407e+17 	 3.749368e-07 	 1.705292e-07 	 -1000.0000 	 -1000.0000 	 -1000.0000 	 -1000.0000 
	 62.1670 	 2.230215e-03 	 155.6040 	  0.9737 	 1.039020e+20 	 7.491418e+17 	 3.613359e-07 	 1.711876e-07 	 -1000.0000 	 -1000.0000 	 -1000.0000 	 -1000.0000 
	 62.3700 	 2.176027e-03 	 155.1532 	  0.9690 	 1.016756e+20 	 7.324988e+17 	 3.561404e-07 	 1.713552e-07 	 -1000.0000 	 -1000.0000 	 -1000.0000 	 -1000.0000 
	 62.5730 	 2.122915e-03 	 154.7521 	  0.9652 	 9.945464e+19 	 7.162478e+17 	 3.508515e-07 	 1.714590e-07 	 -1000.0000 	 -1000.0000 	 -1000.0000 	 -1000.0000 
	 62.7760 	 2.070895e-03 	 154.3929 	  0.9621 	 9.724578e+19 	 7.003589e+17 	 3.454732e-07 	 1.714956e-07 	 -1000.0000 	 -1000.0000 	 -1000.0000 	 -1000.0000 
	 62.9790 	 2.019984e-03 	 154.0679 	  0.9594 	 9.505591e+19 	 6.848007e+17 	 3.400109e-07 	 1.714619e-07 	 -1000.0000 	 -1000.0000 	 -1000.0000 	 -1000.0000 
	 63.5320 	 1.887044e-03 	 153.2942 	  0.9535 	 8.924147e+19 	 6.438440e+17 	 3.247620e-07 	 1.709961e-07 	 -1000.0000 	 -1000.0000 	 -1000.0000 	 -1000.0000 
	 63.7360 	 1.840171e-03 	 153.0277 	  0.9513 	 8.717209e+19 	 6.291711e+17 	 3.190257e-07 	 1.706820e-07 	 -1000.0000 	 -1000.0000 	 -1000.0000 	 -1000.0000 
	 63.9390 	 1.794681e-03 	 152.7683 	  0.9489 	 8.515776e+19 	 6.147777e+17 	 3.132815e-07 	 1.702985e-07 	 -1000.0000 	 -1000.0000 	 -1000.0000 	 -1000.0000 
	 64.1430 	 1.750090e-03 	 152.5176 	  0.9465 	 8.317573e+19 	 6.005278e+17 	 3.074962e-07 	 1.698513e-07 	 -1000.0000 	 -1000.0000 	 -1000.0000 	 -1000.0000 
	 64.3460 	 1.706801e-03 	 152.2827 	  0.9441 	 8.124251e+19 	 5.865668e+17 	 3.017498e-07 	 1.693545e-07 	 -1000.0000 	 -1000.0000 	 -1000.0000 	 -1000.0000 
	 64.8830 	 1.597242e-03 	 151.7635 	  0.9381 	 7.629470e+19 	 5.507325e+17 	 2.867664e-07 	 1.678638e-07 	 -1000.0000 	 -1000.0000 	 -1000.0000 	 -1000.0000 
	 65.0850 	 1.557794e-03 	 151.6176 	  0.9362 	 7.448828e+19 	 5.376849e+17 	 2.812727e-07 	 1.672635e-07 	 -1000.0000 	 -1000.0000 	 -1000.0000 	 -1000.0000 
	 65.2870 	 1.519263e-03 	 151.4882 	  0.9345 	 7.271425e+19 	 5.249314e+17 	 2.758841e-07 	 1.666586e-07 	 -1000.0000 	 -1000.0000 	 -1000.0000 	 -1000.0000 
	 65.4890 	 1.481625e-03 	 151.3534 	  0.9330 	 7.098034e+19 	 5.125529e+17 	 2.706131e-07 	 1.660624e-07 	 -1000.0000 	 -1000.0000 	 -1000.0000 	 -1000.0000 
	 65.6910 	 1.444854e-03 	 151.1908 	  0.9316 	 6.929435e+19 	 5.006309e+17 	 2.654717e-07 	 1.654880e-07 	 -1000.0000 	 -1000.0000 	 -1000.0000 	 -1000.0000 
	 66.2430 	 1.348594e-03 	 150.4269 	  0.9282 	 6.499434e+19 	 4.710349e+17 	 2.521724e-07 	 1.641312e-07 	 -1000.0000 	 -1000.0000 	 -1000.0000 	 -1000.0000 
	 66.4450 	 1.314841e-03 	 149.9671 	  0.9270 	 6.355527e+19 	 4.615247e+17 	 2.476100e-07 	 1.637480e-07 	 -1000.0000 	 -1000.0000 	 -1000.0000 	 -1000.0000 
	 66.6470 	 1.281838e-03 	 149.4033 	  0.9257 	 6.218866e+19 	 4.527040e+17 	 2.432153e-07 	 1.634336e-07 	 -1000.0000 	 -1000.0000 	 -1000.0000 	 -1000.0000 
	 66.8490 	 1.249561e-03 	 148.7557 	  0.9243 	 6.088403e+19 	 4.444299e+17 	 2.389812e-07 	 1.631831e-07 	 -1000.0000 	 -1000.0000 	 -1000.0000 	 -1000.0000 
	 67.0510 	 1.217988e-03 	 148.0448 	  0.9226 	 5.963077e+19 	 4.365579e+17 	 2.349004e-07 	 1.629917e-07 	 -1000.0000 	 -1000.0000 	 -1000.0000 	 -1000.0000 
	 67.5880 	 1.137298e-03 	 146.0012 	  0.9164 	 5.646896e+19 	 4.164961e+17 	 2.247441e-07 	 1.627328e-07 	 -1000.0000 	 -1000.0000 	 -1000.0000 	 -1000.0000 
	 67.7890 	 1.108242e-03 	 145.2353 	  0.9132 	 5.531967e+19 	 4.089153e+17 	 2.211817e-07 	 1.627160e-07 	 -1000.0000 	 -1000.0000 	 -1000.0000 	 -1000.0000 
	 67.9910 	 1.079646e-03 	 144.4831 	  0.9096 	 5.417448e+19 	 4.011936e+17 	 2.177258e-07 	 1.627405e-07 	 -1000.0000 	 -1000.0000 	 -1000.0000 	 -1000.0000 
	 68.1920 	 1.051786e-03 	 143.7509 	  0.9060 	 5.304565e+19 	 3.935086e+17 	 2.144093e-07 	 1.628089e-07 	 -1000.0000 	 -1000.0000 	 -1000.0000 	 -1000.0000 
	 68.3940 	 1.024378e-03 	 143.0307 	  0.9027 	 5.192292e+19 	 3.858872e+17 	 2.111981e-07 	 1.629246e-07 	 -1000.0000 	 -1000.0000 	 -1000.0000 	 -1000.0000 
	 68.9380 	 9.534555e-04 	 141.1609 	  0.8977 	 4.896550e+19 	 3.666766e+17 	 2.031486e-07 	 1.634941e-07 	 -1000.0000 	 -1000.0000 	 -1000.0000 	 -1000.0000 
	 69.1390 	 9.282973e-04 	 140.4927 	  0.8982 	 4.790005e+19 	 3.603555e+17 	 2.003922e-07 	 1.638084e-07 	 -1000.0000 	 -1000.0000 	 -1000.0000 	 -1000.0000 
	 69.3410 	 9.035704e-04 	 139.8290 	  0.9003 	 4.684588e+19 	 3.545134e+17 	 1.977407e-07 	 1.641867e-07 	 -1000.0000 	 -1000.0000 	 -1000.0000 	 -1000.0000 
	 69.5420 	 8.795101e-04 	 139.1708 	  0.9039 	 4.581472e+19 	 3.491979e+17 	 1.952220e-07 	 1.646300e-07 	 -1000.0000 	 -1000.0000 	 -1000.0000 	 -1000.0000 
	 69.7440 	 8.558673e-04 	 138.5057 	  0.9089 	 4.479760e+19 	 3.443451e+17 	 1.928129e-07 	 1.651475e-07 	 -1000.0000 	 -1000.0000 	 -1000.0000 	 -1000.0000 
	 70.2930 	 7.942541e-04 	 136.6354 	  0.9297 	 4.214070e+19 	 3.335462e+17 	 1.868958e-07 	 1.669555e-07 	 -1000.0000 	 -1000.0000 	 -1000.0000 	 -1000.0000 
	 70.4940 	 7.726345e-04 	 135.9119 	  0.9398 	 4.121083e+19 	 3.304297e+17 	 1.849636e-07 	 1.677772e-07 	 -1000.0000 	 -1000.0000 	 -1000.0000 	 -1000.0000 
	 70.6950 	 7.515011e-04 	 135.1679 	  0.9510 	 4.030325e+19 	 3.276833e+17 	 1.831532e-07 	 1.686892e-07 	 -1000.0000 	 -1000.0000 	 -1000.0000 	 -1000.0000 
	 70.8960 	 7.308415e-04 	 134.4120 	  0.9631 	 3.941507e+19 	 3.252011e+17 	 1.814575e-07 	 1.696928e-07 	 -1000.0000 	 -1000.0000 	 -1000.0000 	 -1000.0000 
	 71.0970 	 7.106435e-04 	 133.6528 	  0.9758 	 3.854340e+19 	 3.228770e+17 	 1.798691e-07 	 1.707888e-07 	 -1000.0000 	 -1000.0000 	 -1000.0000 	 -1000.0000 
	 71.6280 	 6.594137e-04 	 131.6954 	  1.0104 	 3.629834e+19 	 3.167066e+17 	 1.761352e-07 	 1.741371e-07 	 -1000.0000 	 -1000.0000 	 -1000.0000 	 -1000.0000 
	 71.8280 	 6.408855e-04 	 130.9999 	  1.0232 	 3.546650e+19 	 3.140787e+17 	 1.748828e-07 	 1.755712e-07 	 -1000.0000 	 -1000.0000 	 -1000.0000 	 -1000.0000 
	 72.0290 	 6.226798e-04 	 130.3316 	  1.0356 	 3.463614e+19 	 3.111720e+17 	 1.737024e-07 	 1.771107e-07 	 -1000.0000 	 -1000.0000 	 -1000.0000 	 -1000.0000 
	 72.2290 	 6.049825e-04 	 129.6971 	  1.0474 	 3.381656e+19 	 3.080112e+17 	 1.726056e-07 	 1.787432e-07 	 -1000.0000 	 -1000.0000 	 -1000.0000 	 -1000.0000 
	 72.4290 	 5.877068e-04 	 129.0929 	  1.0586 	 3.300463e+19 	 3.045786e+17 	 1.715860e-07 	 1.804791e-07 	 -1000.0000 	 -1000.0000 	 -1000.0000 	 -1000.0000 
	 72.9730 	 5.428882e-04 	 127.6014 	  1.0848 	 3.084322e+19 	 2.938375e+17 	 1.692031e-07 	 1.857468e-07 	 -1000.0000 	 -1000.0000 	 -1000.0000 	 -1000.0000 
	 73.1730 	 5.272223e-04 	 127.1087 	  1.0926 	 3.006884e+19 	 2.893640e+17 	 1.684706e-07 	 1.878930e-07 	 -1000.0000 	 -1000.0000 	 -1000.0000 	 -1000.0000 
	 73.3730 	 5.119885e-04 	 126.6479 	  1.0995 	 2.930586e+19 	 2.846380e+17 	 1.678154e-07 	 1.901558e-07 	 -1000.0000 	 -1000.0000 	 -1000.0000 	 -1000.0000 
	 73.5720 	 4.972464e-04 	 126.2242 	  1.1058 	 2.855731e+19 	 2.797352e+17 	 1.672403e-07 	 1.925246e-07 	 -1000.0000 	 -1000.0000 	 -1000.0000 	 -1000.0000 
	 73.7720 	 4.828342e-04 	 125.8367 	  1.1119 	 2.781497e+19 	 2.746573e+17 	 1.667396e-07 	 1.950252e-07 	 -1000.0000 	 -1000.0000 	 -1000.0000 	 -1000.0000 
	 74.3030 	 4.464339e-04 	 125.0184 	  1.1289 	 2.588717e+19 	 2.608278e+17 	 1.657886e-07 	 2.022667e-07 	 -1000.0000 	 -1000.0000 	 -1000.0000 	 -1000.0000 
	 74.5030 	 4.333879e-04 	 124.7984 	  1.1365 	 2.517538e+19 	 2.556290e+17 	 1.655735e-07 	 2.052286e-07 	 -1000.0000 	 -1000.0000 	 -1000.0000 	 -1000.0000 
	 74.7030 	 4.206903e-04 	 124.6280 	  1.1448 	 2.447146e+19 	 2.504633e+17 	 1.654359e-07 	 2.083236e-07 	 -1000.0000 	 -1000.0000 	 -1000.0000 	 -1000.0000 
	 74.9020 	 4.083980e-04 	 124.5054 	  1.1535 	 2.377988e+19 	 2.453282e+17 	 1.653740e-07 	 2.115385e-07 	 -1000.0000 	 -1000.0000 	 -1000.0000 	 -1000.0000 
	 75.1020 	 3.963832e-04 	 124.4267 	  1.1624 	 2.309474e+19 	 2.401432e+17 	 1.653853e-07 	 2.149087e-07 	 -1000.0000 	 -1000.0000 	 -1000.0000 	 -1000.0000 
	 75.6430 	 3.655557e-04 	 124.4189 	  1.1849 	 2.129943e+19 	 2.257702e+17 	 1.657682e-07 	 2.247414e-07 	 -1000.0000 	 -1000.0000 	 -1000.0000 	 -1000.0000 
	 75.8430 	 3.547655e-04 	 124.4843 	  1.1918 	 2.066020e+19 	 2.202482e+17 	 1.660336e-07 	 2.286467e-07 	 -1000.0000 	 -1000.0000 	 -1000.0000 	 -1000.0000 
	 76.0430 	 3.442956e-04 	 124.5795 	  1.1978 	 2.003571e+19 	 2.146231e+17 	 1.663632e-07 	 2.327023e-07 	 -1000.0000 	 -1000.0000 	 -1000.0000 	 -1000.0000 
	 76.2420 	 3.341909e-04 	 124.6968 	  1.2030 	 1.942985e+19 	 2.089785e+17 	 1.667539e-07 	 2.368908e-07 	 -1000.0000 	 -1000.0000 	 -1000.0000 	 -1000.0000 
	 76.4420 	 3.243448e-04 	 124.8300 	  1.2077 	 1.883744e+19 	 2.033136e+17 	 1.672085e-07 	 2.412587e-07 	 -1000.0000 	 -1000.0000 	 -1000.0000 	 -1000.0000 
	 76.9840 	 2.991812e-04 	 125.2106 	  1.2191 	 1.732204e+19 	 1.884430e+17 	 1.687470e-07 	 2.539319e-07 	 -1000.0000 	 -1000.0000 	 -1000.0000 	 -1000.0000 
	 77.1820 	 2.905273e-04 	 125.3362 	  1.2232 	 1.680373e+19 	 1.833435e+17 	 1.694184e-07 	 2.588807e-07 	 -1000.0000 	 -1000.0000 	 -1000.0000 	 -1000.0000 
	 77.3800 	 2.821489e-04 	 125.4467 	  1.2275 	 1.630456e+19 	 1.784688e+17 	 1.701472e-07 	 2.640079e-07 	 -1000.0000 	 -1000.0000 	 -1000.0000 	 -1000.0000 
	 77.5790 	 2.739929e-04 	 125.5410 	  1.2321 	 1.582136e+19 	 1.737906e+17 	 1.709367e-07 	 2.693461e-07 	 -1000.0000 	 -1000.0000 	 -1000.0000 	 -1000.0000 
	 77.7770 	 2.661286e-04 	 125.6162 	  1.2370 	 1.535814e+19 	 1.693497e+17 	 1.717783e-07 	 2.748470e-07 	 -1000.0000 	 -1000.0000 	 -1000.0000 	 -1000.0000 
	 78.3040 	 2.463185e-04 	 125.7127 	  1.2519 	 1.420434e+19 	 1.585239e+17 	 1.742862e-07 	 2.904530e-07 	 -1000.0000 	 -1000.0000 	 -1000.0000 	 -1000.0000 
	 78.5020 	 2.392611e-04 	 125.7052 	  1.2584 	 1.379824e+19 	 1.548124e+17 	 1.753277e-07 	 2.966971e-07 	 -1000.0000 	 -1000.0000 	 -1000.0000 	 -1000.0000 
	 78.7000 	 2.323988e-04 	 125.6738 	  1.2653 	 1.340585e+19 	 1.512771e+17 	 1.764236e-07 	 3.031599e-07 	 -1000.0000 	 -1000.0000 	 -1000.0000 	 -1000.0000 
	 78.8990 	 2.256919e-04 	 125.6203 	  1.2727 	 1.302454e+19 	 1.478817e+17 	 1.775803e-07 	 3.098833e-07 	 -1000.0000 	 -1000.0000 	 -1000.0000 	 -1000.0000 
	 79.0970 	 2.192015e-04 	 125.5477 	  1.2804 	 1.265735e+19 	 1.446404e+17 	 1.787870e-07 	 3.168065e-07 	 -1000.0000 	 -1000.0000 	 -1000.0000 	 -1000.0000 
	 79.6390 	 2.023172e-04 	 125.2685 	  1.3026 	 1.170837e+19 	 1.363074e+17 	 1.823781e-07 	 3.369989e-07 	 -1000.0000 	 -1000.0000 	 -1000.0000 	 -1000.0000 
	 79.8370 	 1.964533e-04 	 125.1443 	  1.3110 	 1.137995e+19 	 1.334017e+17 	 1.837962e-07 	 3.448441e-07 	 -1000.0000 	 -1000.0000 	 -1000.0000 	 -1000.0000 
	 80.0340 	 1.907751e-04 	 125.0179 	  1.3192 	 1.106176e+19 	 1.305476e+17 	 1.852633e-07 	 3.529067e-07 	 -1000.0000 	 -1000.0000 	 -1000.0000 	 -1000.0000 
	 80.2320 	 1.852258e-04 	 124.8986 	  1.3269 	 1.074992e+19 	 1.276874e+17 	 1.867932e-07 	 3.612749e-07 	 -1000.0000 	 -1000.0000 	 -1000.0000 	 -1000.0000 
	 80.4300 	 1.798351e-04 	 124.7976 	  1.3339 	 1.044542e+19 	 1.248070e+17 	 1.883778e-07 	 3.699146e-07 	 -1000.0000 	 -1000.0000 	 -1000.0000 	 -1000.0000 
	 80.9490 	 1.664633e-04 	 124.6977 	  1.3462 	 9.677352e+18 	 1.169505e+17 	 1.927848e-07 	 3.938995e-07 	 -1000.0000 	 -1000.0000 	 -1000.0000 	 -1000.0000 
	 81.1470 	 1.616528e-04 	 124.7515 	  1.3478 	 9.394045e+18 	 1.137598e+17 	 1.945606e-07 	 4.035798e-07 	 -1000.0000 	 -1000.0000 	 -1000.0000 	 -1000.0000 
	 81.3440 	 1.570229e-04 	 124.8637 	  1.3478 	 9.117026e+18 	 1.104810e+17 	 1.963797e-07 	 4.135143e-07 	 -1000.0000 	 -1000.0000 	 -1000.0000 	 -1000.0000 
	 81.5420 	 1.525209e-04 	 125.0337 	  1.3466 	 8.843649e+18 	 1.071235e+17 	 1.982622e-07 	 4.238138e-07 	 -1000.0000 	 -1000.0000 	 -1000.0000 	 -1000.0000 
	 81.7400 	 1.481648e-04 	 125.2593 	  1.3450 	 8.575504e+18 	 1.037467e+17 	 2.002011e-07 	 4.344396e-07 	 -1000.0000 	 -1000.0000 	 -1000.0000 	 -1000.0000 
	 82.2790 	 1.369990e-04 	 126.1405 	  1.3423 	 7.873437e+18 	 9.480012e+16 	 2.057806e-07 	 4.651112e-07 	 -1000.0000 	 -1000.0000 	 -1000.0000 	 -1000.0000 
	 82.4770 	 1.331348e-04 	 126.5567 	  1.3436 	 7.626285e+18 	 9.172754e+16 	 2.079470e-07 	 4.770567e-07 	 -1000.0000 	 -1000.0000 	 -1000.0000 	 -1000.0000 
	 82.6740 	 1.294089e-04 	 127.0128 	  1.3465 	 7.386456e+18 	 8.881762e+16 	 2.101657e-07 	 4.893218e-07 	 -1000.0000 	 -1000.0000 	 -1000.0000 	 -1000.0000 
	 82.8720 	 1.257799e-04 	 127.5047 	  1.3507 	 7.151798e+18 	 8.603086e+16 	 2.124572e-07 	 5.020390e-07 	 -1000.0000 	 -1000.0000 	 -1000.0000 	 -1000.0000 
	 83.0700 	 1.222632e-04 	 128.0215 	  1.3560 	 6.923831e+18 	 8.337206e+16 	 2.148082e-07 	 5.151521e-07 	 -1000.0000 	 -1000.0000 	 -1000.0000 	 -1000.0000 
	 83.6040 	 1.133098e-04 	 129.4703 	  1.3741 	 6.344593e+18 	 7.675872e+16 	 2.214264e-07 	 5.525234e-07 	 -1000.0000 	 -1000.0000 	 -1000.0000 	 -1000.0000 
	 83.8010 	 1.101917e-04 	 129.9999 	  1.3815 	 6.144815e+18 	 7.449499e+16 	 2.239631e-07 	 5.670571e-07 	 -1000.0000 	 -1000.0000 	 -1000.0000 	 -1000.0000 
	 83.9980 	 1.071680e-04 	 130.5139 	  1.3888 	 5.952738e+18 	 7.231482e+16 	 2.265498e-07 	 5.820044e-07 	 -1000.0000 	 -1000.0000 	 -1000.0000 	 -1000.0000 
	 84.1950 	 1.042355e-04 	 131.0046 	  1.3960 	 5.768272e+18 	 7.021520e+16 	 2.291886e-07 	 5.973827e-07 	 -1000.0000 	 -1000.0000 	 -1000.0000 	 -1000.0000 
	 84.3920 	 1.013913e-04 	 131.4642 	  1.4027 	 5.591328e+18 	 6.819318e+16 	 2.318825e-07 	 6.132169e-07 	 -1000.0000 	 -1000.0000 	 -1000.0000 	 -1000.0000 
	 84.9100 	 9.431069e-05 	 132.4680 	  1.4169 	 5.161279e+18 	 6.322488e+16 	 2.392530e-07 	 6.572290e-07 	 -1000.0000 	 -1000.0000 	 -1000.0000 	 -1000.0000 
	 85.1060 	 9.177353e-05 	 132.7496 	  1.4204 	 5.011593e+18 	 6.146861e+16 	 2.421587e-07 	 6.748559e-07 	 -1000.0000 	 -1000.0000 	 -1000.0000 	 -1000.0000 
	 85.3020 	 8.931032e-05 	 132.9743 	  1.4228 	 4.868678e+18 	 5.977786e+16 	 2.451282e-07 	 6.930427e-07 	 -1000.0000 	 -1000.0000 	 -1000.0000 	 -1000.0000 
	 85.4980 	 8.691904e-05 	 133.1478 	  1.4245 	 4.732062e+18 	 5.815303e+16 	 2.481559e-07 	 7.117835e-07 	 -1000.0000 	 -1000.0000 	 -1000.0000 	 -1000.0000 
	 85.6950 	 8.458603e-05 	 133.2764 	  1.4257 	 4.600622e+18 	 5.658674e+16 	 2.512501e-07 	 7.311560e-07 	 -1000.0000 	 -1000.0000 	 -1000.0000 	 -1000.0000 
	 86.2250 	 7.864443e-05 	 133.4402 	  1.4288 	 4.272502e+18 	 5.270880e+16 	 2.597704e-07 	 7.857716e-07 	 -1000.0000 	 -1000.0000 	 -1000.0000 	 -1000.0000 
	 86.4200 	 7.657548e-05 	 133.4507 	  1.4307 	 4.159775e+18 	 5.140577e+16 	 2.629596e-07 	 8.067432e-07 	 -1000.0000 	 -1000.0000 	 -1000.0000 	 -1000.0000 
	 86.6160 	 7.455572e-05 	 133.4464 	  1.4331 	 4.050100e+18 	 5.015466e+16 	 2.662013e-07 	 8.283342e-07 	 -1000.0000 	 -1000.0000 	 -1000.0000 	 -1000.0000 
	 86.8120 	 7.259305e-05 	 133.4377 	  1.4358 	 3.943645e+18 	 4.894861e+16 	 2.694987e-07 	 8.505190e-07 	 -1000.0000 	 -1000.0000 	 -1000.0000 	 -1000.0000 
	 87.0070 	 7.069417e-05 	 133.4354 	  1.4386 	 3.840513e+18 	 4.777979e+16 	 2.728563e-07 	 8.732791e-07 	 -1000.0000 	 -1000.0000 	 -1000.0000 	 -1000.0000 
	 87.5300 	 6.584431e-05 	 133.5405 	  1.4444 	 3.574403e+18 	 4.469315e+16 	 2.824079e-07 	 9.384780e-07 	 -1000.0000 	 -1000.0000 	 -1000.0000 	 -1000.0000 
	 87.7250 	 6.411869e-05 	 133.6509 	  1.4453 	 3.477938e+18 	 4.352220e+16 	 2.862327e-07 	 9.646032e-07 	 -1000.0000 	 -1000.0000 	 -1000.0000 	 -1000.0000 
	 87.9200 	 6.243603e-05 	 133.8091 	  1.4453 	 3.382701e+18 	 4.233165e+16 	 2.902246e-07 	 9.918565e-07 	 -1000.0000 	 -1000.0000 	 -1000.0000 	 -1000.0000 
	 88.1150 	 6.079732e-05 	 134.0150 	  1.4444 	 3.288857e+18 	 4.112713e+16 	 2.943902e-07 	 1.020318e-06 	 -1000.0000 	 -1000.0000 	 -1000.0000 	 -1000.0000 
	 88.3100 	 5.920356e-05 	 134.2681 	  1.4426 	 3.196577e+18 	 3.991441e+16 	 2.987339e-07 	 1.050045e-06 	 -1000.0000 	 -1000.0000 	 -1000.0000 	 -1000.0000 
	 88.8400 	 5.510706e-05 	 135.1913 	  1.4334 	 2.955017e+18 	 3.662270e+16 	 3.114746e-07 	 1.137719e-06 	 -1000.0000 	 -1000.0000 	 -1000.0000 	 -1000.0000 
	 89.0350 	 5.368917e-05 	 135.6160 	  1.4284 	 2.870035e+18 	 3.543002e+16 	 3.165202e-07 	 1.172706e-06 	 -1000.0000 	 -1000.0000 	 -1000.0000 	 -1000.0000 
	 89.2300 	 5.231818e-05 	 136.0795 	  1.4228 	 2.787318e+18 	 3.425568e+16 	 3.217531e-07 	 1.209207e-06 	 -1000.0000 	 -1000.0000 	 -1000.0000 	 -1000.0000 
	 89.4250 	 5.099087e-05 	 136.5715 	  1.4165 	 2.706889e+18 	 3.310444e+16 	 3.271578e-07 	 1.247190e-06 	 -1000.0000 	 -1000.0000 	 -1000.0000 	 -1000.0000 
	 89.6200 	 4.970400e-05 	 137.0819 	  1.4098 	 2.628767e+18 	 3.198105e+16 	 3.327193e-07 	 1.286632e-06 	 -1000.0000 	 -1000.0000 	 -1000.0000 	 -1000.0000 
	 90.1550 	 4.635478e-05 	 138.4935 	  1.3908 	 2.426455e+18 	 2.908071e+16 	 3.486541e-07 	 1.402059e-06 	 -1000.0000 	 -1000.0000 	 -1000.0000 	 -1000.0000 
	 90.3500 	 4.519077e-05 	 138.9822 	  1.3841 	 2.357158e+18 	 2.810365e+16 	 3.546589e-07 	 1.446612e-06 	 -1000.0000 	 -1000.0000 	 -1000.0000 	 -1000.0000 
	 90.5440 	 4.406021e-05 	 139.4424 	  1.3776 	 2.290601e+18 	 2.717802e+16 	 3.607209e-07 	 1.492225e-06 	 -1000.0000 	 -1000.0000 	 -1000.0000 	 -1000.0000 
	 90.7380 	 4.295764e-05 	 139.8723 	  1.3715 	 2.226438e+18 	 2.629803e+16 	 3.668703e-07 	 1.539163e-06 	 -1000.0000 	 -1000.0000 	 -1000.0000 	 -1000.0000 
	 90.9330 	 4.187821e-05 	 140.2697 	  1.3656 	 2.164371e+18 	 2.545883e+16 	 3.731396e-07 	 1.587722e-06 	 -1000.0000 	 -1000.0000 	 -1000.0000 	 -1000.0000 
	 91.4450 	 3.918619e-05 	 141.1150 	  1.3517 	 2.013102e+18 	 2.346651e+16 	 3.900276e-07 	 1.722202e-06 	 -1000.0000 	 -1000.0000 	 -1000.0000 	 -1000.0000 
	 91.6400 	 3.821665e-05 	 141.3499 	  1.3471 	 1.959975e+18 	 2.278614e+16 	 3.966303e-07 	 1.776298e-06 	 -1000.0000 	 -1000.0000 	 -1000.0000 	 -1000.0000 
	 91.8340 	 3.728185e-05 	 141.5367 	  1.3431 	 1.909443e+18 	 2.215059e+16 	 4.033136e-07 	 1.831901e-06 	 -1000.0000 	 -1000.0000 	 -1000.0000 	 -1000.0000 
	 92.0280 	 3.637470e-05 	 141.6837 	  1.3399 	 1.861001e+18 	 2.155473e+16 	 4.101389e-07 	 1.889482e-06 	 -1000.0000 	 -1000.0000 	 -1000.0000 	 -1000.0000 
	 92.2230 	 3.548871e-05 	 141.7985 	  1.3379 	 1.814188e+18 	 2.099429e+16 	 4.171706e-07 	 1.949555e-06 	 -1000.0000 	 -1000.0000 	 -1000.0000 	 -1000.0000 
	 92.7500 	 3.320768e-05 	 142.0002 	  1.3405 	 1.695299e+18 	 1.966056e+16 	 4.372543e-07 	 2.124450e-06 	 -1000.0000 	 -1000.0000 	 -1000.0000 	 -1000.0000 
	 92.9440 	 3.240385e-05 	 142.0552 	  1.3453 	 1.653684e+18 	 1.923140e+16 	 4.451242e-07 	 2.193976e-06 	 -1000.0000 	 -1000.0000 	 -1000.0000 	 -1000.0000 
	 93.1380 	 3.161764e-05 	 142.1097 	  1.3520 	 1.612989e+18 	 1.882987e+16 	 4.532930e-07 	 2.266630e-06 	 -1000.0000 	 -1000.0000 	 -1000.0000 	 -1000.0000 
	 93.3320 	 3.084932e-05 	 142.1692 	  1.3603 	 1.573171e+18 	 1.844947e+16 	 4.617883e-07 	 2.342736e-06 	 -1000.0000 	 -1000.0000 	 -1000.0000 	 -1000.0000 
	 93.5250 	 3.010299e-05 	 142.2384 	  1.3697 	 1.534389e+18 	 1.808550e+16 	 4.705903e-07 	 2.422180e-06 	 -1000.0000 	 -1000.0000 	 -1000.0000 	 -1000.0000 
	 94.0360 	 2.821599e-05 	 142.5088 	  1.3963 	 1.435389e+18 	 1.714324e+16 	 4.957937e-07 	 2.652991e-06 	 -1000.0000 	 -1000.0000 	 -1000.0000 	 -1000.0000 
