	 height_(km) 	 press_(mbar) 	 temp_(K) 	 temperr_(K) 	 numdens_(m-3) 	 numdenserr_(m-3) 	 H2Ovmr_() 	 H2Ovmrerr_() 	 D/H_(VSMOW) 	 D/Herr_(VSMOW) 	 18O/16O_(VSMOW) 	 18O/16Oerr_(VSMOW) 
	  9.5490 	 1.973681e+00 	 218.9998 	  4.3281 	 6.528045e+22 	 1.401935e+21 	 2.051315e-04 	 1.779755e-05 	  5.2658 	  0.8143 	  0.8385 	  0.1621 
	  9.6630 	 1.953799e+00 	 218.8369 	  4.4127 	 6.468182e+22 	 1.399536e+21 	 2.068718e-04 	 1.731161e-05 	  5.2484 	  0.7886 	  0.8334 	  0.1601 
	  9.7770 	 1.934090e+00 	 218.6641 	  4.4850 	 6.408955e+22 	 1.395094e+21 	 2.084474e-04 	 1.684943e-05 	  5.2310 	  0.7645 	  0.8288 	  0.1581 
	  9.8910 	 1.914553e+00 	 218.4819 	  4.5455 	 6.350354e+22 	 1.388688e+21 	 2.098588e-04 	 1.648097e-05 	  5.2136 	  0.7430 	  0.8247 	  0.1565 
	 10.0050 	 1.895188e+00 	 218.2905 	  4.5945 	 6.292371e+22 	 1.380395e+21 	 2.111072e-04 	 1.630236e-05 	  5.1963 	  0.7251 	  0.8210 	  0.1552 
	 11.0820 	 1.720463e+00 	 216.0952 	  4.5666 	 5.773225e+22 	 1.223464e+21 	 2.153267e-04 	 1.454438e-05 	  5.0404 	  0.6004 	  0.8057 	  0.1457 
	 11.1950 	 1.702972e+00 	 215.8311 	  4.5201 	 5.721570e+22 	 1.200286e+21 	 2.150486e-04 	 1.432516e-05 	  5.0255 	  0.5908 	  0.8060 	  0.1449 
	 11.3090 	 1.685484e+00 	 215.5595 	  4.4663 	 5.669963e+22 	 1.175903e+21 	 2.146472e-04 	 1.409525e-05 	  5.0109 	  0.5815 	  0.8066 	  0.1441 
	 11.4220 	 1.668304e+00 	 215.2855 	  4.4065 	 5.619300e+22 	 1.150821e+21 	 2.141351e-04 	 1.385895e-05 	  4.9968 	  0.5728 	  0.8075 	  0.1434 
	 11.5360 	 1.651128e+00 	 215.0046 	  4.3401 	 5.568674e+22 	 1.124671e+21 	 2.135087e-04 	 1.361258e-05 	  4.9830 	  0.5645 	  0.8088 	  0.1427 
	 14.0950 	 1.304296e+00 	 208.2526 	  2.0931 	 4.540229e+22 	 4.798784e+20 	 1.831287e-04 	 1.150431e-05 	  4.8802 	  0.5014 	  0.9122 	  0.1416 
	 14.2080 	 1.290586e+00 	 207.9675 	  1.9982 	 4.498674e+22 	 4.561676e+20 	 1.815877e-04 	 1.137466e-05 	  4.8884 	  0.4989 	  0.9197 	  0.1419 
	 14.3210 	 1.277002e+00 	 207.6863 	  1.9068 	 4.457369e+22 	 4.334778e+20 	 1.800699e-04 	 1.123120e-05 	  4.8980 	  0.4961 	  0.9275 	  0.1422 
	 14.4340 	 1.263545e+00 	 207.4093 	  1.8193 	 4.416304e+22 	 4.118843e+20 	 1.785825e-04 	 1.107487e-05 	  4.9089 	  0.4929 	  0.9356 	  0.1424 
	 14.5470 	 1.250212e+00 	 207.1368 	  1.7361 	 4.375470e+22 	 3.914625e+20 	 1.771355e-04 	 1.090750e-05 	  4.9212 	  0.4894 	  0.9438 	  0.1426 
	 15.6250 	 1.129139e+00 	 204.8307 	  1.2010 	 3.996219e+22 	 2.617963e+20 	 1.678991e-04 	 9.337350e-06 	  5.0658 	  0.4479 	  1.0239 	  0.1412 
	 15.7380 	 1.117084e+00 	 204.6262 	  1.1697 	 3.957499e+22 	 2.540830e+20 	 1.676721e-04 	 9.233551e-06 	  5.0794 	  0.4440 	  1.0313 	  0.1408 
	 15.8510 	 1.105149e+00 	 204.4301 	  1.1422 	 3.918974e+22 	 2.471798e+20 	 1.676302e-04 	 9.150308e-06 	  5.0920 	  0.4405 	  1.0384 	  0.1403 
	 15.9640 	 1.093335e+00 	 204.2426 	  1.1181 	 3.880644e+22 	 2.410046e+20 	 1.677769e-04 	 9.153526e-06 	  5.1033 	  0.4385 	  1.0450 	  0.1399 
	 16.0770 	 1.081641e+00 	 204.0641 	  1.0973 	 3.842508e+22 	 2.354753e+20 	 1.681107e-04 	 9.459259e-06 	  5.1135 	  0.4424 	  1.0511 	  0.1403 
	 17.1470 	 9.767913e-01 	 202.8095 	  1.0123 	 3.491719e+22 	 2.020742e+20 	 1.785410e-04 	 1.197366e-05 	  5.1853 	  0.4724 	  1.0896 	  0.1428 
	 17.2600 	 9.663122e-01 	 202.7089 	  1.0100 	 3.455968e+22 	 1.996551e+20 	 1.801629e-04 	 1.211534e-05 	  5.1946 	  0.4728 	  1.0921 	  0.1425 
	 17.3730 	 9.559399e-01 	 202.6107 	  1.0081 	 3.420516e+22 	 1.973146e+20 	 1.818359e-04 	 1.221677e-05 	  5.2051 	  0.4723 	  1.0944 	  0.1418 
	 17.4860 	 9.456729e-01 	 202.5138 	  1.0062 	 3.385374e+22 	 1.950188e+20 	 1.835500e-04 	 1.228014e-05 	  5.2168 	  0.4710 	  1.0965 	  0.1410 
	 17.5990 	 9.355094e-01 	 202.4173 	  1.0042 	 3.350555e+22 	 1.927334e+20 	 1.852963e-04 	 1.230918e-05 	  5.2298 	  0.4691 	  1.0985 	  0.1399 
	 18.6800 	 8.432335e-01 	 201.3734 	  0.9453 	 3.035522e+22 	 1.674828e+20 	 2.023784e-04 	 1.145847e-05 	  5.4309 	  0.4323 	  1.1162 	  0.1224 
	 18.7930 	 8.340873e-01 	 201.2479 	  0.9361 	 3.004472e+22 	 1.646154e+20 	 2.040755e-04 	 1.130262e-05 	  5.4610 	  0.4278 	  1.1187 	  0.1204 
	 18.9050 	 8.251129e-01 	 201.1207 	  0.9268 	 2.974034e+22 	 1.617967e+20 	 2.057140e-04 	 1.114391e-05 	  5.4927 	  0.4235 	  1.1214 	  0.1186 
	 19.0180 	 8.161494e-01 	 200.9894 	  0.9175 	 2.943660e+22 	 1.589946e+20 	 2.073160e-04 	 1.098218e-05 	  5.5268 	  0.4194 	  1.1245 	  0.1168 
	 19.1300 	 8.073548e-01 	 200.8566 	  0.9085 	 2.913882e+22 	 1.562765e+20 	 2.088484e-04 	 1.082215e-05 	  5.5626 	  0.4154 	  1.1278 	  0.1152 
	 20.2030 	 7.274949e-01 	 199.4220 	  0.8506 	 2.644720e+22 	 1.355324e+20 	 2.201179e-04 	 1.007194e-05 	  5.9648 	  0.3991 	  1.1652 	  0.1097 
	 20.3150 	 7.196034e-01 	 199.2464 	  0.8478 	 2.618337e+22 	 1.339290e+20 	 2.208738e-04 	 1.007213e-05 	  6.0075 	  0.3996 	  1.1687 	  0.1099 
	 20.4270 	 7.117930e-01 	 199.0637 	  0.8456 	 2.592290e+22 	 1.324153e+20 	 2.215411e-04 	 1.007448e-05 	  6.0491 	  0.4002 	  1.1719 	  0.1102 
	 20.5390 	 7.040631e-01 	 198.8733 	  0.8439 	 2.566581e+22 	 1.309868e+20 	 2.221225e-04 	 1.007913e-05 	  6.0893 	  0.4010 	  1.1748 	  0.1104 
	 20.6510 	 6.964128e-01 	 198.6745 	  0.8428 	 2.541213e+22 	 1.296386e+20 	 2.226247e-04 	 1.008606e-05 	  6.1277 	  0.4019 	  1.1774 	  0.1106 
	 21.7330 	 6.264255e-01 	 196.3161 	  0.8537 	 2.313059e+22 	 1.197823e+20 	 2.266289e-04 	 1.184059e-05 	  6.3263 	  0.4396 	  1.1938 	  0.1105 
	 21.8450 	 6.195610e-01 	 196.0461 	  0.8564 	 2.290867e+22 	 1.189819e+20 	 2.273290e-04 	 1.194156e-05 	  6.3219 	  0.4402 	  1.1952 	  0.1096 
	 21.9570 	 6.127623e-01 	 195.7765 	  0.8593 	 2.268861e+22 	 1.182019e+20 	 2.281502e-04 	 1.199062e-05 	  6.3117 	  0.4391 	  1.1967 	  0.1086 
	 22.0690 	 6.060281e-01 	 195.5089 	  0.8624 	 2.247019e+22 	 1.174369e+20 	 2.290996e-04 	 1.196859e-05 	  6.2956 	  0.4360 	  1.1982 	  0.1073 
	 22.1810 	 5.993570e-01 	 195.2445 	  0.8655 	 2.225319e+22 	 1.166815e+20 	 2.301719e-04 	 1.186452e-05 	  6.2740 	  0.4308 	  1.1997 	  0.1059 
	 23.2550 	 5.384094e-01 	 193.0595 	  0.8945 	 2.021828e+22 	 1.091234e+20 	 2.408182e-04 	 1.026816e-05 	  5.9017 	  0.3607 	  1.2086 	  0.0949 
	 23.3670 	 5.323690e-01 	 192.8685 	  0.8969 	 2.001119e+22 	 1.082688e+20 	 2.412289e-04 	 1.021992e-05 	  5.8579 	  0.3562 	  1.2083 	  0.0938 
	 23.4790 	 5.263896e-01 	 192.6831 	  0.8992 	 1.980538e+22 	 1.073992e+20 	 2.413613e-04 	 1.016034e-05 	  5.8153 	  0.3517 	  1.2078 	  0.0925 
	 23.5910 	 5.204718e-01 	 192.5029 	  0.9013 	 1.960094e+22 	 1.065142e+20 	 2.411838e-04 	 1.008920e-05 	  5.7744 	  0.3473 	  1.2070 	  0.0909 
	 23.7030 	 5.146159e-01 	 192.3274 	  0.9031 	 1.939794e+22 	 1.056132e+20 	 2.406783e-04 	 1.000676e-05 	  5.7353 	  0.3432 	  1.2059 	  0.0889 
	 24.7780 	 4.615783e-01 	 190.8466 	  0.9087 	 1.753306e+22 	 9.615903e+19 	 2.210113e-04 	 9.311029e-06 	  5.4498 	  0.3239 	  1.1945 	  0.0796 
	 24.8900 	 4.563718e-01 	 190.7174 	  0.9082 	 1.734708e+22 	 9.511224e+19 	 2.177370e-04 	 9.421187e-06 	  5.4293 	  0.3272 	  1.1945 	  0.0804 
	 25.0010 	 4.512681e-01 	 190.5955 	  0.9075 	 1.716411e+22 	 9.406915e+19 	 2.143384e-04 	 9.487947e-06 	  5.4104 	  0.3301 	  1.1950 	  0.0810 
	 25.1130 	 4.461746e-01 	 190.4790 	  0.9067 	 1.698082e+22 	 9.301253e+19 	 2.107887e-04 	 9.522820e-06 	  5.3930 	  0.3329 	  1.1960 	  0.0817 
	 25.2240 	 4.411812e-01 	 190.3703 	  0.9058 	 1.680043e+22 	 9.196278e+19 	 2.071880e-04 	 9.534714e-06 	  5.3773 	  0.3357 	  1.1976 	  0.0824 
	 26.2980 	 3.955497e-01 	 189.7128 	  0.8948 	 1.511427e+22 	 8.199093e+19 	 1.750475e-04 	 9.437088e-06 	  5.2788 	  0.3639 	  1.2272 	  0.0898 
	 26.4100 	 3.910630e-01 	 189.6847 	  0.8941 	 1.494494e+22 	 8.100494e+19 	 1.725791e-04 	 9.472178e-06 	  5.2692 	  0.3669 	  1.2301 	  0.0906 
	 26.5210 	 3.866660e-01 	 189.6638 	  0.8935 	 1.477848e+22 	 8.004435e+19 	 1.703739e-04 	 9.510023e-06 	  5.2589 	  0.3695 	  1.2326 	  0.0913 
	 26.6330 	 3.822793e-01 	 189.6495 	  0.8932 	 1.461191e+22 	 7.909359e+19 	 1.683861e-04 	 9.527747e-06 	  5.2476 	  0.3711 	  1.2347 	  0.0918 
	 26.7440 	 3.779808e-01 	 189.6420 	  0.8931 	 1.444824e+22 	 7.817131e+19 	 1.666331e-04 	 9.505670e-06 	  5.2354 	  0.3712 	  1.2363 	  0.0920 
	 27.8210 	 3.387436e-01 	 189.8447 	  0.9092 	 1.293971e+22 	 7.046086e+19 	 1.545590e-04 	 7.465868e-06 	  5.0747 	  0.3139 	  1.2346 	  0.0794 
	 27.9320 	 3.349436e-01 	 189.8800 	  0.9124 	 1.279287e+22 	 6.978763e+19 	 1.531995e-04 	 7.147036e-06 	  5.0563 	  0.3058 	  1.2334 	  0.0775 
	 28.0430 	 3.311871e-01 	 189.9148 	  0.9158 	 1.264770e+22 	 6.913374e+19 	 1.517217e-04 	 6.821213e-06 	  5.0381 	  0.2979 	  1.2322 	  0.0757 
	 28.1540 	 3.274733e-01 	 189.9482 	  0.9195 	 1.250424e+22 	 6.849829e+19 	 1.501174e-04 	 6.501754e-06 	  5.0201 	  0.2907 	  1.2310 	  0.0741 
	 28.2650 	 3.238017e-01 	 189.9794 	  0.9233 	 1.236248e+22 	 6.788035e+19 	 1.483889e-04 	 6.204057e-06 	  5.0024 	  0.2844 	  1.2298 	  0.0726 
	 30.8040 	 2.500342e-01 	 188.2968 	  1.0134 	 9.621565e+21 	 5.649380e+19 	 1.046027e-04 	 4.994052e-06 	  4.6867 	  0.3360 	  1.2000 	  0.0861 
	 30.9140 	 2.472282e-01 	 188.0717 	  1.0157 	 9.524527e+21 	 5.604209e+19 	 1.035364e-04 	 5.117271e-06 	  4.6753 	  0.3427 	  1.1983 	  0.0878 
	 31.0250 	 2.444258e-01 	 187.8335 	  1.0178 	 9.428143e+21 	 5.558539e+19 	 1.025857e-04 	 5.246067e-06 	  4.6637 	  0.3494 	  1.1965 	  0.0895 
	 31.1360 	 2.416524e-01 	 187.5849 	  1.0197 	 9.333241e+21 	 5.512742e+19 	 1.017599e-04 	 5.371862e-06 	  4.6522 	  0.3557 	  1.1947 	  0.0912 
	 31.2470 	 2.389076e-01 	 187.3267 	  1.0214 	 9.239764e+21 	 5.466782e+19 	 1.010547e-04 	 5.489624e-06 	  4.6408 	  0.3615 	  1.1928 	  0.0927 
	 33.8390 	 1.820498e-01 	 180.2174 	  0.9837 	 7.323294e+21 	 4.273669e+19 	 9.731687e-05 	 5.898323e-06 	  4.4479 	  0.3739 	  1.1817 	  0.0970 
	 33.9490 	 1.799159e-01 	 179.9497 	  0.9801 	 7.248155e+21 	 4.220256e+19 	 9.682023e-05 	 5.829481e-06 	  4.4459 	  0.3721 	  1.1845 	  0.0967 
	 34.0590 	 1.778043e-01 	 179.6930 	  0.9768 	 7.173259e+21 	 4.167887e+19 	 9.623028e-05 	 5.755169e-06 	  4.4448 	  0.3704 	  1.1877 	  0.0964 
	 34.1690 	 1.757151e-01 	 179.4484 	  0.9739 	 7.098588e+21 	 4.116796e+19 	 9.554334e-05 	 5.678462e-06 	  4.4443 	  0.3688 	  1.1912 	  0.0961 
	 34.2790 	 1.736485e-01 	 179.2170 	  0.9715 	 7.024123e+21 	 4.067219e+19 	 9.475855e-05 	 5.602819e-06 	  4.4444 	  0.3676 	  1.1951 	  0.0959 
	 35.3490 	 1.547240e-01 	 177.7695 	  0.9793 	 6.309937e+21 	 3.686593e+19 	 8.305341e-05 	 4.529304e-06 	  4.4458 	  0.3554 	  1.2361 	  0.0940 
	 35.4590 	 1.528963e-01 	 177.6918 	  0.9825 	 6.238120e+21 	 3.655181e+19 	 8.156455e-05 	 4.329533e-06 	  4.4426 	  0.3518 	  1.2391 	  0.0930 
	 35.5690 	 1.510897e-01 	 177.6234 	  0.9859 	 6.166759e+21 	 3.624285e+19 	 8.005307e-05 	 4.110433e-06 	  4.4381 	  0.3476 	  1.2416 	  0.0919 
	 35.6790 	 1.493039e-01 	 177.5632 	  0.9893 	 6.095893e+21 	 3.593661e+19 	 7.853332e-05 	 3.877050e-06 	  4.4323 	  0.3430 	  1.2436 	  0.0906 
	 35.7890 	 1.475386e-01 	 177.5102 	  0.9928 	 6.025565e+21 	 3.563062e+19 	 7.702191e-05 	 3.635831e-06 	  4.4252 	  0.3381 	  1.2450 	  0.0893 
	 36.8640 	 1.313239e-01 	 177.1830 	  1.0155 	 5.373059e+21 	 3.234782e+19 	 6.554682e-05 	 2.901473e-06 	  4.3368 	  0.3436 	  1.2418 	  0.0913 
	 36.9740 	 1.297666e-01 	 177.1573 	  1.0167 	 5.310124e+21 	 3.199200e+19 	 6.493699e-05 	 2.881298e-06 	  4.3314 	  0.3450 	  1.2409 	  0.0917 
	 37.0830 	 1.282414e-01 	 177.1317 	  1.0179 	 5.248480e+21 	 3.164103e+19 	 6.446682e-05 	 2.863950e-06 	  4.3277 	  0.3462 	  1.2402 	  0.0920 
	 37.1930 	 1.267202e-01 	 177.1054 	  1.0190 	 5.187000e+21 	 3.128992e+19 	 6.412748e-05 	 2.848980e-06 	  4.3257 	  0.3472 	  1.2396 	  0.0923 
	 37.3020 	 1.252304e-01 	 177.0784 	  1.0201 	 5.126805e+21 	 3.094645e+19 	 6.392124e-05 	 2.836498e-06 	  4.3254 	  0.3480 	  1.2392 	  0.0924 
	 38.3740 	 1.114728e-01 	 176.7010 	  1.0329 	 4.573364e+21 	 2.799063e+19 	 6.716791e-05 	 3.464329e-06 	  4.3487 	  0.3689 	  1.2405 	  0.1050 
	 38.4840 	 1.101484e-01 	 176.6472 	  1.0344 	 4.520409e+21 	 2.772713e+19 	 6.787384e-05 	 3.612009e-06 	  4.3466 	  0.3727 	  1.2405 	  0.1071 
	 38.5930 	 1.088513e-01 	 176.5907 	  1.0359 	 4.468606e+21 	 2.747081e+19 	 6.861088e-05 	 3.754924e-06 	  4.3425 	  0.3762 	  1.2404 	  0.1088 
	 38.7030 	 1.075574e-01 	 176.5303 	  1.0374 	 4.416994e+21 	 2.721628e+19 	 6.938383e-05 	 3.895156e-06 	  4.3361 	  0.3792 	  1.2400 	  0.1103 
	 38.8120 	 1.062899e-01 	 176.4671 	  1.0389 	 4.366504e+21 	 2.696749e+19 	 7.016873e-05 	 4.030243e-06 	  4.3275 	  0.3818 	  1.2395 	  0.1114 
	 39.8870 	 9.453593e-02 	 175.6626 	  1.0515 	 3.901298e+21 	 2.460334e+19 	 7.494145e-05 	 4.209513e-06 	  4.1681 	  0.3936 	  1.2177 	  0.1087 
	 39.9960 	 9.341688e-02 	 175.5669 	  1.0527 	 3.857219e+21 	 2.437377e+19 	 7.517559e-05 	 4.221257e-06 	  4.1491 	  0.3925 	  1.2136 	  0.1070 
	 40.1050 	 9.231080e-02 	 175.4698 	  1.0541 	 3.813664e+21 	 2.414714e+19 	 7.532605e-05 	 4.214824e-06 	  4.1305 	  0.3907 	  1.2092 	  0.1061 
	 40.2140 	 9.121759e-02 	 175.3715 	  1.0555 	 3.770623e+21 	 2.392374e+19 	 7.538795e-05 	 4.190089e-06 	  4.1126 	  0.3883 	  1.2045 	  0.1054 
	 40.3240 	 9.012728e-02 	 175.2714 	  1.0570 	 3.727696e+21 	 2.370188e+19 	 7.535717e-05 	 4.147057e-06 	  4.0954 	  0.3853 	  1.1995 	  0.1044 
	 41.3970 	 8.014594e-02 	 174.2801 	  1.0769 	 3.333848e+21 	 2.173842e+19 	 7.000088e-05 	 2.656302e-06 	  4.0305 	  0.3387 	  1.1623 	  0.0872 
	 41.5060 	 7.919458e-02 	 174.1745 	  1.0789 	 3.296266e+21 	 2.155037e+19 	 6.893655e-05 	 2.398357e-06 	  4.0400 	  0.3346 	  1.1621 	  0.0855 
	 41.6150 	 7.825397e-02 	 174.0669 	  1.0807 	 3.259121e+21 	 2.136191e+19 	 6.772435e-05 	 2.322329e-06 	  4.0532 	  0.3368 	  1.1630 	  0.0858 
	 41.7240 	 7.732390e-02 	 173.9569 	  1.0823 	 3.222411e+21 	 2.117240e+19 	 6.644084e-05 	 2.302111e-06 	  4.0700 	  0.3411 	  1.1649 	  0.0867 
	 41.8340 	 7.639580e-02 	 173.8433 	  1.0837 	 3.185802e+21 	 2.097940e+19 	 6.511151e-05 	 2.281981e-06 	  4.0904 	  0.3457 	  1.1678 	  0.0878 
	 42.9100 	 6.783730e-02 	 172.5417 	  1.0794 	 2.850244e+21 	 1.892917e+19 	 5.428371e-05 	 2.124758e-06 	  4.3296 	  0.3931 	  1.2128 	  0.0988 
	 43.0190 	 6.702084e-02 	 172.3898 	  1.0776 	 2.818432e+21 	 1.871234e+19 	 5.372909e-05 	 2.116610e-06 	  4.3418 	  0.3961 	  1.2151 	  0.0995 
	 43.1270 	 6.622079e-02 	 172.2357 	  1.0757 	 2.787285e+21 	 1.849837e+19 	 5.332246e-05 	 2.110726e-06 	  4.3488 	  0.3984 	  1.2162 	  0.1000 
	 43.2360 	 6.542226e-02 	 172.0767 	  1.0737 	 2.756222e+21 	 1.828397e+19 	 5.306040e-05 	 2.107100e-06 	  4.3507 	  0.3999 	  1.2161 	  0.1015 
	 43.3450 	 6.463265e-02 	 171.9143 	  1.0716 	 2.725528e+21 	 1.807180e+19 	 5.294700e-05 	 2.105841e-06 	  4.3474 	  0.4007 	  1.2148 	  0.1033 
	 44.4120 	 5.735948e-02 	 170.2066 	  1.0569 	 2.442836e+21 	 1.620910e+19 	 5.864302e-05 	 2.213532e-06 	  4.1798 	  0.3833 	  1.1658 	  0.1117 
	 44.5210 	 5.666137e-02 	 170.0380 	  1.0563 	 2.415491e+21 	 1.604136e+19 	 5.981733e-05 	 2.235816e-06 	  4.1635 	  0.3807 	  1.1601 	  0.1114 
	 44.6290 	 5.597753e-02 	 169.8762 	  1.0560 	 2.388617e+21 	 1.587863e+19 	 6.106846e-05 	 2.259787e-06 	  4.1501 	  0.3781 	  1.1549 	  0.1108 
	 44.7380 	 5.529522e-02 	 169.7193 	  1.0558 	 2.361699e+21 	 1.571772e+19 	 6.241262e-05 	 2.285836e-06 	  4.1396 	  0.3757 	  1.1501 	  0.1101 
	 44.8460 	 5.462685e-02 	 169.5714 	  1.0558 	 2.335218e+21 	 1.556139e+19 	 6.382010e-05 	 2.313404e-06 	  4.1322 	  0.3736 	  1.1458 	  0.1092 
	 45.9220 	 4.836995e-02 	 168.6038 	  1.0684 	 2.080006e+21 	 1.413412e+19 	 8.016695e-05 	 2.631676e-06 	  4.1605 	  0.3597 	  1.1162 	  0.0997 
	 46.0310 	 4.777577e-02 	 168.5399 	  1.0704 	 2.055229e+21 	 1.399890e+19 	 8.174876e-05 	 2.661333e-06 	  4.1695 	  0.3592 	  1.1140 	  0.0990 
	 46.1390 	 4.719407e-02 	 168.4772 	  1.0723 	 2.030942e+21 	 1.386594e+19 	 8.323062e-05 	 2.688813e-06 	  4.1789 	  0.3588 	  1.1118 	  0.0983 
	 46.2480 	 4.661405e-02 	 168.4131 	  1.0742 	 2.006714e+21 	 1.373260e+19 	 8.461630e-05 	 2.775467e-06 	  4.1884 	  0.3600 	  1.1095 	  0.0979 
	 46.3560 	 4.604631e-02 	 168.3474 	  1.0759 	 1.983006e+21 	 1.360115e+19 	 8.587225e-05 	 2.908949e-06 	  4.1976 	  0.3625 	  1.1073 	  0.0978 
	 47.4250 	 4.078640e-02 	 167.3666 	  1.0838 	 1.766550e+21 	 1.231522e+19 	 9.310531e-05 	 3.485555e-06 	  4.1719 	  0.3719 	  1.0632 	  0.0938 
	 47.5330 	 4.028873e-02 	 167.2320 	  1.0837 	 1.746410e+21 	 1.218800e+19 	 9.347770e-05 	 3.727279e-06 	  4.1440 	  0.3767 	  1.0537 	  0.0951 
	 47.6410 	 3.979667e-02 	 167.0922 	  1.0836 	 1.726538e+21 	 1.206176e+19 	 9.380051e-05 	 3.991738e-06 	  4.1099 	  0.3822 	  1.0429 	  0.0969 
	 47.7490 	 3.931006e-02 	 166.9476 	  1.0834 	 1.706921e+21 	 1.193664e+19 	 9.406789e-05 	 4.254910e-06 	  4.0700 	  0.3878 	  1.0310 	  0.0988 
	 47.8580 	 3.882434e-02 	 166.7970 	  1.0831 	 1.687369e+21 	 1.181163e+19 	 9.427644e-05 	 4.496922e-06 	  4.0247 	  0.3929 	  1.0179 	  0.1008 
	 48.9350 	 3.429370e-02 	 165.1561 	  1.0820 	 1.505231e+21 	 1.066596e+19 	 9.124431e-05 	 4.820158e-06 	  3.5617 	  0.3978 	  0.8920 	  0.1117 
	 49.0430 	 3.386624e-02 	 164.9885 	  1.0824 	 1.487972e+21 	 1.056071e+19 	 9.022814e-05 	 4.647522e-06 	  3.5373 	  0.3979 	  0.8850 	  0.1123 
	 49.1510 	 3.344386e-02 	 164.8229 	  1.0828 	 1.470888e+21 	 1.045721e+19 	 8.903344e-05 	 4.439385e-06 	  3.5201 	  0.3984 	  0.8797 	  0.1130 
	 49.2590 	 3.302659e-02 	 164.6598 	  1.0834 	 1.453977e+21 	 1.035545e+19 	 8.764309e-05 	 4.205674e-06 	  3.5104 	  0.3995 	  0.8763 	  0.1139 
	 49.3680 	 3.261071e-02 	 164.4985 	  1.0842 	 1.437084e+21 	 1.025451e+19 	 8.602779e-05 	 3.961388e-06 	  3.5077 	  0.4016 	  0.8745 	  0.1150 
	 50.4310 	 2.883041e-02 	 163.1303 	  1.0985 	 1.281354e+21 	 9.349877e+18 	 6.442858e-05 	 2.650832e-06 	  3.7090 	  0.4851 	  0.9091 	  0.1376 
	 50.5380 	 2.847522e-02 	 162.9961 	  1.0999 	 1.266610e+21 	 9.263084e+18 	 6.233336e-05 	 2.636067e-06 	  3.7356 	  0.4993 	  0.9138 	  0.1407 
	 50.6450 	 2.812404e-02 	 162.8577 	  1.1011 	 1.252046e+21 	 9.176179e+18 	 6.034078e-05 	 2.626717e-06 	  3.7605 	  0.5142 	  0.9180 	  0.1438 
	 50.7530 	 2.777347e-02 	 162.7124 	  1.1021 	 1.237528e+21 	 9.088116e+18 	 5.844067e-05 	 2.614761e-06 	  3.7832 	  0.5298 	  0.9215 	  0.1469 
	 50.8600 	 2.742985e-02 	 162.5617 	  1.1027 	 1.223329e+21 	 9.000295e+18 	 5.666934e-05 	 2.593890e-06 	  3.8035 	  0.5457 	  0.9245 	  0.1499 
	 51.9410 	 2.413995e-02 	 160.5020 	  1.0869 	 1.090210e+21 	 8.053188e+18 	 4.341563e-05 	 2.119218e-06 	  3.9333 	  0.7084 	 -1000.0000 	 -1000.0000 
	 52.0480 	 2.383225e-02 	 160.2561 	  1.0835 	 1.077971e+21 	 7.955811e+18 	 4.239155e-05 	 2.077326e-06 	  3.9451 	  0.7230 	 -1000.0000 	 -1000.0000 
	 52.1550 	 2.352800e-02 	 160.0070 	  1.0799 	 1.065877e+21 	 7.858637e+18 	 4.139231e-05 	 2.039493e-06 	  3.9578 	  0.7373 	 -1000.0000 	 -1000.0000 
	 52.2630 	 2.322445e-02 	 159.7534 	  1.0762 	 1.053811e+21 	 7.760987e+18 	 4.040460e-05 	 2.006238e-06 	  3.9718 	  0.7512 	 -1000.0000 	 -1000.0000 
	 52.3700 	 2.292728e-02 	 159.5013 	  1.0725 	 1.041992e+21 	 7.664896e+18 	 3.944397e-05 	 1.978807e-06 	  3.9868 	  0.7648 	 -1000.0000 	 -1000.0000 
	 53.4410 	 2.015372e-02 	 157.1226 	  1.0392 	 9.298879e+20 	 6.777739e+18 	 3.053041e-05 	 1.796001e-06 	  4.1881 	  0.9079 	 -1000.0000 	 -1000.0000 
	 53.5480 	 1.989560e-02 	 156.9075 	  1.0368 	 9.192306e+20 	 6.698234e+18 	 2.970910e-05 	 1.770662e-06 	  4.2125 	  0.9252 	 -1000.0000 	 -1000.0000 
	 53.6550 	 1.964059e-02 	 156.6970 	  1.0346 	 9.086609e+20 	 6.620500e+18 	 2.890671e-05 	 1.745100e-06 	  4.2376 	  0.9434 	 -1000.0000 	 -1000.0000 
	 53.7630 	 1.938625e-02 	 156.4893 	  1.0327 	 8.980787e+20 	 6.543862e+18 	 2.811975e-05 	 1.720837e-06 	  4.2633 	  0.9626 	 -1000.0000 	 -1000.0000 
	 53.8700 	 1.913723e-02 	 156.2883 	  1.0311 	 8.876773e+20 	 6.469761e+18 	 2.736644e-05 	 1.699770e-06 	  4.2892 	  0.9826 	 -1000.0000 	 -1000.0000 
	 54.9330 	 1.680857e-02 	 154.5301 	  1.0317 	 7.885857e+20 	 5.832878e+18 	 2.193295e-05 	 1.647600e-06 	  4.5646 	  1.2230 	 -1000.0000 	 -1000.0000 
	 55.0400 	 1.658839e-02 	 154.3664 	  1.0333 	 7.790838e+20 	 5.777845e+18 	 2.160127e-05 	 1.645850e-06 	  4.5933 	  1.2492 	 -1000.0000 	 -1000.0000 
	 55.1470 	 1.637081e-02 	 154.2025 	  1.0351 	 7.696827e+20 	 5.724221e+18 	 2.130124e-05 	 1.642706e-06 	 -1000.0000 	 -1000.0000 	 -1000.0000 	 -1000.0000 
	 55.2550 	 1.615386e-02 	 154.0360 	  1.0371 	 7.602997e+20 	 5.671459e+18 	 2.102653e-05 	 1.637854e-06 	 -1000.0000 	 -1000.0000 	 -1000.0000 	 -1000.0000 
	 55.3620 	 1.594154e-02 	 153.8695 	  1.0394 	 7.511122e+20 	 5.620470e+18 	 2.077769e-05 	 1.630993e-06 	 -1000.0000 	 -1000.0000 	 -1000.0000 	 -1000.0000 
	 56.4360 	 1.395386e-02 	 152.0571 	  1.0675 	 6.651657e+20 	 5.157476e+18 	 1.872234e-05 	 1.487249e-06 	 -1000.0000 	 -1000.0000 	 -1000.0000 	 -1000.0000 
	 56.5430 	 1.376941e-02 	 151.8798 	  1.0701 	 6.571384e+20 	 5.112419e+18 	 1.848832e-05 	 1.467405e-06 	 -1000.0000 	 -1000.0000 	 -1000.0000 	 -1000.0000 
	 56.6490 	 1.358892e-02 	 151.7098 	  1.0724 	 6.492555e+20 	 5.067158e+18 	 1.823899e-05 	 1.446453e-06 	 -1000.0000 	 -1000.0000 	 -1000.0000 	 -1000.0000 
	 56.7560 	 1.340895e-02 	 151.5453 	  1.0744 	 6.413616e+20 	 5.020630e+18 	 1.796692e-05 	 1.423829e-06 	 -1000.0000 	 -1000.0000 	 -1000.0000 	 -1000.0000 
	 56.8630 	 1.323117e-02 	 151.3890 	  1.0762 	 6.335244e+20 	 4.973050e+18 	 1.767251e-05 	 1.399797e-06 	 -1000.0000 	 -1000.0000 	 -1000.0000 	 -1000.0000 
	 57.9290 	 1.157155e-02 	 150.4533 	  1.0731 	 5.576530e+20 	 4.424345e+18 	 1.346918e-05 	 1.090992e-06 	 -1000.0000 	 -1000.0000 	 -1000.0000 	 -1000.0000 
	 58.0350 	 1.141730e-02 	 150.4126 	  1.0721 	 5.503672e+20 	 4.366617e+18 	 1.298209e-05 	 1.057648e-06 	 -1000.0000 	 -1000.0000 	 -1000.0000 	 -1000.0000 
	 58.1410 	 1.126498e-02 	 150.3774 	  1.0713 	 5.431463e+20 	 4.309603e+18 	 1.249806e-05 	 1.024904e-06 	 -1000.0000 	 -1000.0000 	 -1000.0000 	 -1000.0000 
	 58.2480 	 1.111318e-02 	 150.3465 	  1.0709 	 5.359281e+20 	 4.253114e+18 	 1.201650e-05 	 9.926448e-07 	 -1000.0000 	 -1000.0000 	 -1000.0000 	 -1000.0000 
	 58.3540 	 1.096475e-02 	 150.3193 	  1.0708 	 5.288523e+20 	 4.198544e+18 	 1.155072e-05 	 9.617943e-07 	 -1000.0000 	 -1000.0000 	 -1000.0000 	 -1000.0000 
	 59.4210 	 9.576376e-03 	 150.0647 	  1.1068 	 4.625383e+20 	 3.773663e+18 	 8.143877e-06 	 7.530441e-07 	 -1000.0000 	 -1000.0000 	 -1000.0000 	 -1000.0000 
	 59.5270 	 9.448580e-03 	 150.0364 	  1.1133 	 4.564449e+20 	 3.742724e+18 	 7.946502e-06 	 7.420467e-07 	 -1000.0000 	 -1000.0000 	 -1000.0000 	 -1000.0000 
	 59.6340 	 9.321344e-03 	 150.0074 	  1.1202 	 4.503798e+20 	 3.712840e+18 	 7.772192e-06 	 7.326676e-07 	 -1000.0000 	 -1000.0000 	 -1000.0000 	 -1000.0000 
	 59.7400 	 9.197025e-03 	 149.9785 	  1.1272 	 4.444549e+20 	 3.684379e+18 	 7.624343e-06 	 7.253136e-07 	 -1000.0000 	 -1000.0000 	 -1000.0000 	 -1000.0000 
	 59.8460 	 9.074402e-03 	 149.9493 	  1.1343 	 4.386118e+20 	 3.656866e+18 	 7.500188e-06 	 7.197764e-07 	 -1000.0000 	 -1000.0000 	 -1000.0000 	 -1000.0000 
	 62.3940 	 6.578716e-03 	 149.3998 	  1.1585 	 3.192308e+20 	 2.814391e+18 	 8.676456e-06 	 8.324942e-07 	 -1000.0000 	 -1000.0000 	 -1000.0000 	 -1000.0000 
	 62.5000 	 6.491312e-03 	 149.3956 	  1.1506 	 3.149978e+20 	 2.763332e+18 	 8.768882e-06 	 8.349810e-07 	 -1000.0000 	 -1000.0000 	 -1000.0000 	 -1000.0000 
	 62.6060 	 6.405043e-03 	 149.3947 	  1.1428 	 3.108127e+20 	 2.712527e+18 	 8.849778e-06 	 8.366508e-07 	 -1000.0000 	 -1000.0000 	 -1000.0000 	 -1000.0000 
	 62.7110 	 6.320687e-03 	 149.3971 	  1.1352 	 3.067133e+20 	 2.662801e+18 	 8.916171e-06 	 8.374580e-07 	 -1000.0000 	 -1000.0000 	 -1000.0000 	 -1000.0000 
	 62.8170 	 6.236618e-03 	 149.4033 	  1.1278 	 3.026203e+20 	 2.613559e+18 	 8.968010e-06 	 8.376209e-07 	 -1000.0000 	 -1000.0000 	 -1000.0000 	 -1000.0000 
	 63.8770 	 5.452915e-03 	 149.7231 	  1.0943 	 2.640128e+20 	 2.223432e+18 	 8.685889e-06 	 8.430311e-07 	 -1000.0000 	 -1000.0000 	 -1000.0000 	 -1000.0000 
	 63.9820 	 5.380801e-03 	 149.7848 	  1.0944 	 2.604133e+20 	 2.193763e+18 	 8.649250e-06 	 8.477163e-07 	 -1000.0000 	 -1000.0000 	 -1000.0000 	 -1000.0000 
	 64.0880 	 5.309005e-03 	 149.8533 	  1.0946 	 2.568211e+20 	 2.164706e+18 	 8.629288e-06 	 8.538453e-07 	 -1000.0000 	 -1000.0000 	 -1000.0000 	 -1000.0000 
	 64.1930 	 5.238881e-03 	 149.9276 	  1.0950 	 2.533038e+20 	 2.136610e+18 	 8.630976e-06 	 8.614592e-07 	 -1000.0000 	 -1000.0000 	 -1000.0000 	 -1000.0000 
	 64.2980 	 5.169746e-03 	 150.0083 	  1.0955 	 2.498276e+20 	 2.109002e+18 	 8.657882e-06 	 8.706184e-07 	 -1000.0000 	 -1000.0000 	 -1000.0000 	 -1000.0000 
	 65.3670 	 4.520984e-03 	 151.1814 	  1.0879 	 2.168112e+20 	 1.824727e+18 	 1.093733e-05 	 1.054555e-06 	 -1000.0000 	 -1000.0000 	 -1000.0000 	 -1000.0000 
	 65.4720 	 4.462329e-03 	 151.3159 	  1.0859 	 2.138079e+20 	 1.796514e+18 	 1.133301e-05 	 1.078935e-06 	 -1000.0000 	 -1000.0000 	 -1000.0000 	 -1000.0000 
	 65.5780 	 4.403952e-03 	 151.4512 	  1.0838 	 2.108210e+20 	 1.768263e+18 	 1.175097e-05 	 1.104025e-06 	 -1000.0000 	 -1000.0000 	 -1000.0000 	 -1000.0000 
	 65.6830 	 4.346934e-03 	 151.5838 	  1.0816 	 2.079072e+20 	 1.740582e+18 	 1.217989e-05 	 1.129233e-06 	 -1000.0000 	 -1000.0000 	 -1000.0000 	 -1000.0000 
	 65.7880 	 4.290700e-03 	 151.7139 	  1.0794 	 2.050383e+20 	 1.713278e+18 	 1.261964e-05 	 1.154598e-06 	 -1000.0000 	 -1000.0000 	 -1000.0000 	 -1000.0000 
	 66.8490 	 3.762433e-03 	 152.7223 	  1.0602 	 1.785880e+20 	 1.470202e+18 	 1.672364e-05 	 1.378821e-06 	 -1000.0000 	 -1000.0000 	 -1000.0000 	 -1000.0000 
	 66.9550 	 3.713401e-03 	 152.7875 	  1.0587 	 1.761864e+20 	 1.449168e+18 	 1.700169e-05 	 1.394044e-06 	 -1000.0000 	 -1000.0000 	 -1000.0000 	 -1000.0000 
	 67.0600 	 3.665469e-03 	 152.8458 	  1.0571 	 1.738471e+20 	 1.428803e+18 	 1.723553e-05 	 1.407095e-06 	 -1000.0000 	 -1000.0000 	 -1000.0000 	 -1000.0000 
	 67.1650 	 3.618166e-03 	 152.8981 	  1.0557 	 1.715462e+20 	 1.408878e+18 	 1.742358e-05 	 1.417924e-06 	 -1000.0000 	 -1000.0000 	 -1000.0000 	 -1000.0000 
	 67.2700 	 3.571482e-03 	 152.9443 	  1.0542 	 1.692830e+20 	 1.389360e+18 	 1.756246e-05 	 1.426472e-06 	 -1000.0000 	 -1000.0000 	 -1000.0000 	 -1000.0000 
	 68.3390 	 3.129799e-03 	 153.1196 	  1.0387 	 1.481685e+20 	 1.208391e+18 	 1.593905e-05 	 1.379875e-06 	 -1000.0000 	 -1000.0000 	 -1000.0000 	 -1000.0000 
	 68.4450 	 3.089182e-03 	 153.1191 	  1.0371 	 1.462454e+20 	 1.191970e+18 	 1.557056e-05 	 1.365472e-06 	 -1000.0000 	 -1000.0000 	 -1000.0000 	 -1000.0000 
	 68.5500 	 3.049487e-03 	 153.1180 	  1.0357 	 1.443672e+20 	 1.175961e+18 	 1.519568e-05 	 1.350425e-06 	 -1000.0000 	 -1000.0000 	 -1000.0000 	 -1000.0000 
	 68.6550 	 3.010321e-03 	 153.1171 	  1.0342 	 1.425146e+20 	 1.160204e+18 	 1.481780e-05 	 1.334840e-06 	 -1000.0000 	 -1000.0000 	 -1000.0000 	 -1000.0000 
	 68.7600 	 2.971679e-03 	 153.1169 	  1.0329 	 1.406867e+20 	 1.144698e+18 	 1.444351e-05 	 1.318933e-06 	 -1000.0000 	 -1000.0000 	 -1000.0000 	 -1000.0000 
	 69.8150 	 2.610842e-03 	 153.2071 	  1.0233 	 1.235588e+20 	 1.002570e+18 	 1.188252e-05 	 1.182069e-06 	 -1000.0000 	 -1000.0000 	 -1000.0000 	 -1000.0000 
	 69.9190 	 2.577773e-03 	 153.2090 	  1.0229 	 1.219925e+20 	 9.899610e+17 	 1.174695e-05 	 1.171955e-06 	 -1000.0000 	 -1000.0000 	 -1000.0000 	 -1000.0000 
	 70.0240 	 2.544801e-03 	 153.2048 	  1.0225 	 1.204347e+20 	 9.775038e+17 	 1.162232e-05 	 1.162294e-06 	 -1000.0000 	 -1000.0000 	 -1000.0000 	 -1000.0000 
	 70.1280 	 2.512545e-03 	 153.1935 	  1.0222 	 1.189153e+20 	 9.654397e+17 	 1.150858e-05 	 1.153256e-06 	 -1000.0000 	 -1000.0000 	 -1000.0000 	 -1000.0000 
	 70.2320 	 2.480679e-03 	 153.1737 	  1.0221 	 1.174198e+20 	 9.536529e+17 	 1.140185e-05 	 1.144692e-06 	 -1000.0000 	 -1000.0000 	 -1000.0000 	 -1000.0000 
	 71.3050 	 2.172792e-03 	 152.3241 	  1.0256 	 1.033894e+20 	 8.479941e+17 	 1.028052e-05 	 1.074345e-06 	 -1000.0000 	 -1000.0000 	 -1000.0000 	 -1000.0000 
	 71.4090 	 2.144891e-03 	 152.1944 	  1.0263 	 1.021490e+20 	 8.389934e+17 	 1.017300e-05 	 1.069368e-06 	 -1000.0000 	 -1000.0000 	 -1000.0000 	 -1000.0000 
	 71.5140 	 2.117063e-03 	 152.0604 	  1.0270 	 1.009138e+20 	 8.300474e+17 	 1.006937e-05 	 1.064781e-06 	 -1000.0000 	 -1000.0000 	 -1000.0000 	 -1000.0000 
	 71.6180 	 2.089838e-03 	 151.9263 	  1.0277 	 9.970598e+19 	 8.213064e+17 	 9.972843e-06 	 1.060695e-06 	 -1000.0000 	 -1000.0000 	 -1000.0000 	 -1000.0000 
	 71.7220 	 2.062947e-03 	 151.7920 	  1.0283 	 9.851275e+19 	 8.126642e+17 	 9.883735e-06 	 1.057104e-06 	 -1000.0000 	 -1000.0000 	 -1000.0000 	 -1000.0000 
	 72.7780 	 1.808451e-03 	 150.6690 	  1.0326 	 8.702383e+19 	 7.271087e+17 	 9.572996e-06 	 1.054422e-06 	 -1000.0000 	 -1000.0000 	 -1000.0000 	 -1000.0000 
	 72.8820 	 1.785139e-03 	 150.5905 	  1.0329 	 8.594670e+19 	 7.188239e+17 	 9.589661e-06 	 1.057015e-06 	 -1000.0000 	 -1000.0000 	 -1000.0000 	 -1000.0000 
	 72.9860 	 1.762124e-03 	 150.5178 	  1.0332 	 8.487906e+19 	 7.105742e+17 	 9.610286e-06 	 1.059949e-06 	 -1000.0000 	 -1000.0000 	 -1000.0000 	 -1000.0000 
	 73.0900 	 1.739402e-03 	 150.4510 	  1.0336 	 8.382089e+19 	 7.023626e+17 	 9.633694e-06 	 1.063182e-06 	 -1000.0000 	 -1000.0000 	 -1000.0000 	 -1000.0000 
	 73.1940 	 1.716970e-03 	 150.3900 	  1.0340 	 8.277214e+19 	 6.941922e+17 	 9.658595e-06 	 1.066653e-06 	 -1000.0000 	 -1000.0000 	 -1000.0000 	 -1000.0000 
	 74.2580 	 1.503221e-03 	 150.1441 	  1.0396 	 7.256507e+19 	 6.124358e+17 	 9.761412e-06 	 1.102337e-06 	 -1000.0000 	 -1000.0000 	 -1000.0000 	 -1000.0000 
	 74.3620 	 1.483805e-03 	 150.1716 	  1.0390 	 7.161413e+19 	 6.043027e+17 	 9.747790e-06 	 1.104796e-06 	 -1000.0000 	 -1000.0000 	 -1000.0000 	 -1000.0000 
	 74.4660 	 1.464643e-03 	 150.2119 	  1.0380 	 7.067052e+19 	 5.960627e+17 	 9.729661e-06 	 1.106901e-06 	 -1000.0000 	 -1000.0000 	 -1000.0000 	 -1000.0000 
	 74.5700 	 1.445732e-03 	 150.2657 	  1.0363 	 6.973399e+19 	 5.876953e+17 	 9.707004e-06 	 1.108608e-06 	 -1000.0000 	 -1000.0000 	 -1000.0000 	 -1000.0000 
	 74.6740 	 1.427071e-03 	 150.3341 	  1.0340 	 6.880429e+19 	 5.791795e+17 	 9.679951e-06 	 1.109906e-06 	 -1000.0000 	 -1000.0000 	 -1000.0000 	 -1000.0000 
	 75.7300 	 1.251202e-03 	 151.8901 	  0.9676 	 5.974388e+19 	 4.833270e+17 	 9.199249e-06 	 1.100906e-06 	 -1000.0000 	 -1000.0000 	 -1000.0000 	 -1000.0000 
	 75.8340 	 1.235170e-03 	 152.0964 	  0.9589 	 5.889902e+19 	 4.736746e+17 	 9.139000e-06 	 1.099041e-06 	 -1000.0000 	 -1000.0000 	 -1000.0000 	 -1000.0000 
	 75.9380 	 1.219358e-03 	 152.3031 	  0.9506 	 5.806544e+19 	 4.641851e+17 	 9.078046e-06 	 1.097313e-06 	 -1000.0000 	 -1000.0000 	 -1000.0000 	 -1000.0000 
	 76.0410 	 1.203914e-03 	 152.5062 	  0.9427 	 5.725171e+19 	 4.549981e+17 	 9.017380e-06 	 1.095813e-06 	 -1000.0000 	 -1000.0000 	 -1000.0000 	 -1000.0000 
	 76.1450 	 1.188535e-03 	 152.7073 	  0.9353 	 5.644272e+19 	 4.459865e+17 	 8.956204e-06 	 1.094587e-06 	 -1000.0000 	 -1000.0000 	 -1000.0000 	 -1000.0000 
	 77.2030 	 1.043797e-03 	 154.1545 	  0.9164 	 4.904002e+19 	 3.772506e+17 	 8.414392e-06 	 1.109495e-06 	 -1000.0000 	 -1000.0000 	 -1000.0000 	 -1000.0000 
	 77.3060 	 1.030780e-03 	 154.2358 	  0.9195 	 4.839717e+19 	 3.726766e+17 	 8.376249e-06 	 1.114044e-06 	 -1000.0000 	 -1000.0000 	 -1000.0000 	 -1000.0000 
	 77.4100 	 1.017818e-03 	 154.3102 	  0.9232 	 4.776043e+19 	 3.683381e+17 	 8.348871e-06 	 1.121257e-06 	 -1000.0000 	 -1000.0000 	 -1000.0000 	 -1000.0000 
	 77.5130 	 1.005157e-03 	 154.3769 	  0.9272 	 4.714162e+19 	 3.642917e+17 	 8.324752e-06 	 1.128777e-06 	 -1000.0000 	 -1000.0000 	 -1000.0000 	 -1000.0000 
	 77.6160 	 9.926688e-04 	 154.4376 	  0.9316 	 4.653411e+19 	 3.604678e+17 	 8.303737e-06 	 1.136646e-06 	 -1000.0000 	 -1000.0000 	 -1000.0000 	 -1000.0000 
	 80.1080 	 7.352361e-04 	 156.0331 	  0.9043 	 3.417698e+19 	 2.684737e+17 	 8.953944e-06 	 1.360224e-06 	 -1000.0000 	 -1000.0000 	 -1000.0000 	 -1000.0000 
	 80.2110 	 7.261609e-04 	 156.1317 	  0.8938 	 3.373343e+19 	 2.632645e+17 	 9.023226e-06 	 1.368948e-06 	 -1000.0000 	 -1000.0000 	 -1000.0000 	 -1000.0000 
	 80.3140 	 7.171957e-04 	 156.2242 	  0.8834 	 3.329616e+19 	 2.581049e+17 	 9.092637e-06 	 1.377785e-06 	 -1000.0000 	 -1000.0000 	 -1000.0000 	 -1000.0000 
	 80.4160 	 7.084252e-04 	 156.3077 	  0.8735 	 3.286968e+19 	 2.530844e+17 	 9.160893e-06 	 1.386696e-06 	 -1000.0000 	 -1000.0000 	 -1000.0000 	 -1000.0000 
	 80.5190 	 6.996764e-04 	 156.3821 	  0.8641 	 3.244601e+19 	 2.481448e+17 	 9.228707e-06 	 1.395908e-06 	 -1000.0000 	 -1000.0000 	 -1000.0000 	 -1000.0000 
	 81.5780 	 6.157416e-04 	 156.2222 	  0.8305 	 2.855590e+19 	 2.116611e+17 	 9.745666e-06 	 1.510132e-06 	 -1000.0000 	 -1000.0000 	 -1000.0000 	 -1000.0000 
	 81.6810 	 6.081301e-04 	 156.1073 	  0.8332 	 2.822207e+19 	 2.095083e+17 	 9.774914e-06 	 1.522567e-06 	 -1000.0000 	 -1000.0000 	 -1000.0000 	 -1000.0000 
	 81.7840 	 6.006098e-04 	 155.9753 	  0.8365 	 2.789537e+19 	 2.075434e+17 	 9.800528e-06 	 1.535004e-06 	 -1000.0000 	 -1000.0000 	 -1000.0000 	 -1000.0000 
	 81.8860 	 5.932509e-04 	 155.8280 	  0.8404 	 2.757870e+19 	 2.057668e+17 	 9.822373e-06 	 1.547262e-06 	 -1000.0000 	 -1000.0000 	 -1000.0000 	 -1000.0000 
	 81.9890 	 5.859074e-04 	 155.6628 	  0.8449 	 2.726563e+19 	 2.041275e+17 	 9.840961e-06 	 1.559526e-06 	 -1000.0000 	 -1000.0000 	 -1000.0000 	 -1000.0000 
	 84.4940 	 4.300930e-04 	 147.1865 	  0.8599 	 2.118166e+19 	 1.699432e+17 	 9.521288e-06 	 1.689371e-06 	 -1000.0000 	 -1000.0000 	 -1000.0000 	 -1000.0000 
	 84.5960 	 4.245353e-04 	 146.7382 	  0.8520 	 2.097155e+19 	 1.677315e+17 	 9.495740e-06 	 1.686521e-06 	 -1000.0000 	 -1000.0000 	 -1000.0000 	 -1000.0000 
	 84.6980 	 4.190352e-04 	 146.2982 	  0.8441 	 2.076196e+19 	 1.655088e+17 	 9.472204e-06 	 1.683802e-06 	 -1000.0000 	 -1000.0000 	 -1000.0000 	 -1000.0000 
	 84.8000 	 4.135931e-04 	 145.8693 	  0.8364 	 2.055258e+19 	 1.632921e+17 	 9.451172e-06 	 1.681379e-06 	 -1000.0000 	 -1000.0000 	 -1000.0000 	 -1000.0000 
	 84.9020 	 4.082090e-04 	 145.4541 	  0.8290 	 2.034311e+19 	 1.610985e+17 	 9.433141e-06 	 1.679421e-06 	 -1000.0000 	 -1000.0000 	 -1000.0000 	 -1000.0000 
	 85.9560 	 3.559906e-04 	 142.3878 	  0.8017 	 1.812810e+19 	 1.425842e+17 	 9.508844e-06 	 1.716661e-06 	 -1000.0000 	 -1000.0000 	 -1000.0000 	 -1000.0000 
	 86.0580 	 3.512661e-04 	 142.1985 	  0.8034 	 1.791135e+19 	 1.411808e+17 	 9.541988e-06 	 1.726243e-06 	 -1000.0000 	 -1000.0000 	 -1000.0000 	 -1000.0000 
	 86.1600 	 3.465990e-04 	 142.0213 	  0.8054 	 1.769527e+19 	 1.398167e+17 	 9.578982e-06 	 1.736705e-06 	 -1000.0000 	 -1000.0000 	 -1000.0000 	 -1000.0000 
	 86.2620 	 3.419890e-04 	 141.8545 	  0.8078 	 1.748012e+19 	 1.384840e+17 	 9.619602e-06 	 1.747991e-06 	 -1000.0000 	 -1000.0000 	 -1000.0000 	 -1000.0000 
	 86.3630 	 3.374804e-04 	 141.6978 	  0.8103 	 1.726828e+19 	 1.371877e+17 	 9.663151e-06 	 1.759918e-06 	 -1000.0000 	 -1000.0000 	 -1000.0000 	 -1000.0000 
	 87.4160 	 2.937254e-04 	 140.2636 	  0.8328 	 1.517865e+19 	 1.236434e+17 	 1.024665e-05 	 1.913718e-06 	 -1000.0000 	 -1000.0000 	 -1000.0000 	 -1000.0000 
	 87.5180 	 2.897864e-04 	 140.1422 	  0.8342 	 1.498811e+19 	 1.222990e+17 	 1.030843e-05 	 1.930094e-06 	 -1000.0000 	 -1000.0000 	 -1000.0000 	 -1000.0000 
	 87.6200 	 2.858966e-04 	 140.0261 	  0.8356 	 1.479933e+19 	 1.209536e+17 	 1.036979e-05 	 1.946497e-06 	 -1000.0000 	 -1000.0000 	 -1000.0000 	 -1000.0000 
	 87.7220 	 2.820553e-04 	 139.9160 	  0.8370 	 1.461220e+19 	 1.196087e+17 	 1.043041e-05 	 1.962872e-06 	 -1000.0000 	 -1000.0000 	 -1000.0000 	 -1000.0000 
	 87.8230 	 2.782985e-04 	 139.8134 	  0.8383 	 1.442845e+19 	 1.182789e+17 	 1.048940e-05 	 1.979007e-06 	 -1000.0000 	 -1000.0000 	 -1000.0000 	 -1000.0000 
	 88.8790 	 2.416442e-04 	 139.2032 	  0.8542 	 1.258615e+19 	 1.047865e+17 	 1.099641e-05 	 2.134924e-06 	 -1000.0000 	 -1000.0000 	 -1000.0000 	 -1000.0000 
	 88.9810 	 2.383523e-04 	 139.1788 	  0.8560 	 1.241682e+19 	 1.035404e+17 	 1.103482e-05 	 2.148838e-06 	 -1000.0000 	 -1000.0000 	 -1000.0000 	 -1000.0000 
	 89.0820 	 2.351360e-04 	 139.1574 	  0.8577 	 1.225103e+19 	 1.023184e+17 	 1.107149e-05 	 2.162516e-06 	 -1000.0000 	 -1000.0000 	 -1000.0000 	 -1000.0000 
	 89.1830 	 2.319627e-04 	 139.1377 	  0.8594 	 1.208721e+19 	 1.011086e+17 	 1.110691e-05 	 2.176120e-06 	 -1000.0000 	 -1000.0000 	 -1000.0000 	 -1000.0000 
	 89.2850 	 2.288019e-04 	 139.1189 	  0.8611 	 1.192386e+19 	 9.989976e+16 	 1.114156e-05 	 2.189813e-06 	 -1000.0000 	 -1000.0000 	 -1000.0000 	 -1000.0000 
	 90.3390 	 1.986774e-04 	 138.8375 	  0.8766 	 1.037338e+19 	 8.821171e+16 	 1.146722e-05 	 2.334466e-06 	 -1000.0000 	 -1000.0000 	 -1000.0000 	 -1000.0000 
	 90.4410 	 1.959915e-04 	 138.8029 	  0.8777 	 1.023577e+19 	 8.714909e+16 	 1.149885e-05 	 2.349080e-06 	 -1000.0000 	 -1000.0000 	 -1000.0000 	 -1000.0000 
	 90.5420 	 1.933678e-04 	 138.7690 	  0.8789 	 1.010133e+19 	 8.610589e+16 	 1.153074e-05 	 2.363688e-06 	 -1000.0000 	 -1000.0000 	 -1000.0000 	 -1000.0000 
	 90.6430 	 1.907788e-04 	 138.7359 	  0.8799 	 9.968587e+18 	 8.507092e+16 	 1.156336e-05 	 2.378440e-06 	 -1000.0000 	 -1000.0000 	 -1000.0000 	 -1000.0000 
	 90.7450 	 1.881985e-04 	 138.7035 	  0.8809 	 9.836171e+18 	 8.403332e+16 	 1.159717e-05 	 2.393492e-06 	 -1000.0000 	 -1000.0000 	 -1000.0000 	 -1000.0000 
	 91.7920 	 1.635216e-04 	 138.5526 	  0.8872 	 8.554567e+18 	 7.369702e+16 	 1.204295e-05 	 2.562450e-06 	 -1000.0000 	 -1000.0000 	 -1000.0000 	 -1000.0000 
	 91.8930 	 1.613105e-04 	 138.5691 	  0.8876 	 8.437762e+18 	 7.272902e+16 	 1.210282e-05 	 2.581383e-06 	 -1000.0000 	 -1000.0000 	 -1000.0000 	 -1000.0000 
	 91.9940 	 1.591296e-04 	 138.5937 	  0.8879 	 8.322141e+18 	 7.176697e+16 	 1.216720e-05 	 2.601066e-06 	 -1000.0000 	 -1000.0000 	 -1000.0000 	 -1000.0000 
	 92.0950 	 1.569788e-04 	 138.6270 	  0.8883 	 8.207701e+18 	 7.081109e+16 	 1.223648e-05 	 2.621568e-06 	 -1000.0000 	 -1000.0000 	 -1000.0000 	 -1000.0000 
	 92.1960 	 1.548585e-04 	 138.6698 	  0.8886 	 8.094442e+18 	 6.986162e+16 	 1.231104e-05 	 2.642961e-06 	 -1000.0000 	 -1000.0000 	 -1000.0000 	 -1000.0000 
	 93.2450 	 1.346127e-04 	 139.6592 	  0.8917 	 6.990933e+18 	 6.043935e+16 	 1.347940e-05 	 2.932880e-06 	 -1000.0000 	 -1000.0000 	 -1000.0000 	 -1000.0000 
	 93.3450 	 1.328408e-04 	 139.7674 	  0.8915 	 6.893703e+18 	 5.958955e+16 	 1.363439e-05 	 2.968068e-06 	 -1000.0000 	 -1000.0000 	 -1000.0000 	 -1000.0000 
	 93.4460 	 1.310762e-04 	 139.8688 	  0.8912 	 6.797161e+18 	 5.874106e+16 	 1.379954e-05 	 3.005105e-06 	 -1000.0000 	 -1000.0000 	 -1000.0000 	 -1000.0000 
	 93.5470 	 1.293361e-04 	 139.9598 	  0.8907 	 6.702352e+18 	 5.790272e+16 	 1.397359e-05 	 3.043688e-06 	 -1000.0000 	 -1000.0000 	 -1000.0000 	 -1000.0000 
	 93.6470 	 1.276366e-04 	 140.0370 	  0.8899 	 6.610249e+18 	 5.708300e+16 	 1.415491e-05 	 3.083454e-06 	 -1000.0000 	 -1000.0000 	 -1000.0000 	 -1000.0000 
