	 height_(km) 	 press_(mbar) 	 temp_(K) 	 temperr_(K) 	 numdens_(m-3) 	 numdenserr_(m-3) 	 H2Ovmr_() 	 H2Ovmrerr_() 	 D/H_(VSMOW) 	 D/Herr_(VSMOW) 	 18O/16O_(VSMOW) 	 18O/16Oerr_(VSMOW) 
	 40.0160 	 1.030037e-01 	 170.8953 	  2.4906 	 4.369169e+21 	 8.148253e+19 	 1.245025e-04 	 2.502710e-05 	 -1000.0000 	 -1000.0000 	 -1000.0000 	 -1000.0000 
	 40.2150 	 1.007468e-01 	 170.6544 	  2.2712 	 4.279636e+21 	 7.594067e+19 	 1.164399e-04 	 2.106010e-05 	 -1000.0000 	 -1000.0000 	 -1000.0000 	 -1000.0000 
	 40.3550 	 9.918598e-02 	 170.4554 	  2.1303 	 4.218321e+21 	 7.244490e+19 	 1.122575e-04 	 1.872962e-05 	 -1000.0000 	 -1000.0000 	 -1000.0000 	 -1000.0000 
	 40.4960 	 9.763619e-02 	 170.2310 	  1.9996 	 4.157922e+21 	 6.924214e+19 	 1.091191e-04 	 1.678391e-05 	 -1000.0000 	 -1000.0000 	 -1000.0000 	 -1000.0000 
	 40.6370 	 9.610825e-02 	 169.9829 	  1.8800 	 4.098843e+21 	 6.634217e+19 	 1.068931e-04 	 1.523533e-05 	 -1000.0000 	 -1000.0000 	 -1000.0000 	 -1000.0000 
	 40.7770 	 9.461240e-02 	 169.7137 	  1.7721 	 4.041452e+21 	 6.374621e+19 	 1.054188e-04 	 1.406320e-05 	 -1000.0000 	 -1000.0000 	 -1000.0000 	 -1000.0000 
	 40.9750 	 9.253228e-02 	 169.2947 	  1.6380 	 3.962371e+21 	 6.052581e+19 	 1.042740e-04 	 1.293383e-05 	 -1000.0000 	 -1000.0000 	 -1000.0000 	 -1000.0000 
	 41.1150 	 9.108605e-02 	 168.9721 	  1.5562 	 3.907878e+21 	 5.854567e+19 	 1.039212e-04 	 1.242433e-05 	 -1000.0000 	 -1000.0000 	 -1000.0000 	 -1000.0000 
	 41.2560 	 8.964964e-02 	 168.6256 	  1.4845 	 3.854144e+21 	 5.678156e+19 	 1.037827e-04 	 1.207686e-05 	 -1000.0000 	 -1000.0000 	 -1000.0000 	 -1000.0000 
	 41.7450 	 8.481953e-02 	 167.2631 	  1.3186 	 3.676187e+21 	 5.222253e+19 	 1.030324e-04 	 1.136910e-05 	 -1000.0000 	 -1000.0000 	 -1000.0000 	 -1000.0000 
	 41.8850 	 8.347848e-02 	 166.8288 	  1.2945 	 3.627483e+21 	 5.129702e+19 	 1.021985e-04 	 1.115857e-05 	 -1000.0000 	 -1000.0000 	 -1000.0000 	 -1000.0000 
	 42.0260 	 8.214600e-02 	 166.3725 	  1.2805 	 3.579373e+21 	 5.050607e+19 	 1.008413e-04 	 1.090334e-05 	 -1000.0000 	 -1000.0000 	 -1000.0000 	 -1000.0000 
	 42.1670 	 8.083133e-02 	 165.8982 	  1.2763 	 3.532156e+21 	 4.983946e+19 	 9.889932e-05 	 1.059948e-05 	 -1000.0000 	 -1000.0000 	 -1000.0000 	 -1000.0000 
	 42.3070 	 7.954319e-02 	 165.4116 	  1.2802 	 3.486095e+21 	 4.928210e+19 	 9.641856e-05 	 1.025913e-05 	 -1000.0000 	 -1000.0000 	 -1000.0000 	 -1000.0000 
	 42.6450 	 7.650148e-02 	 164.1838 	  1.3138 	 3.377866e+21 	 4.825395e+19 	 8.839513e-05 	 9.323697e-06 	 -1000.0000 	 -1000.0000 	 -1000.0000 	 -1000.0000 
	 42.7860 	 7.526008e-02 	 163.6547 	  1.3340 	 3.333795e+21 	 4.791108e+19 	 8.431272e-05 	 8.899843e-06 	 -1000.0000 	 -1000.0000 	 -1000.0000 	 -1000.0000 
	 42.9270 	 7.403458e-02 	 163.1193 	  1.3561 	 3.290269e+21 	 4.759540e+19 	 7.991589e-05 	 8.466411e-06 	 -1000.0000 	 -1000.0000 	 -1000.0000 	 -1000.0000 
	 43.0670 	 7.283386e-02 	 162.5850 	  1.3790 	 3.247540e+21 	 4.729997e+19 	 7.539229e-05 	 8.039039e-06 	 -1000.0000 	 -1000.0000 	 -1000.0000 	 -1000.0000 
	 43.2680 	 7.113879e-02 	 161.8207 	  1.4127 	 3.186944e+21 	 4.689034e+19 	 6.891791e-05 	 7.454664e-06 	 -1000.0000 	 -1000.0000 	 -1000.0000 	 -1000.0000 
	 43.5480 	 6.883613e-02 	 160.7800 	  1.4577 	 3.103753e+21 	 4.630571e+19 	 6.060810e-05 	 6.745301e-06 	 -1000.0000 	 -1000.0000 	 -1000.0000 	 -1000.0000 
	 44.0380 	 6.496995e-02 	 159.1046 	  1.5241 	 2.960266e+21 	 4.512659e+19 	 4.915690e-05 	 5.819830e-06 	 -1000.0000 	 -1000.0000 	 -1000.0000 	 -1000.0000 
	 44.1780 	 6.390072e-02 	 158.6767 	  1.5404 	 2.919406e+21 	 4.474695e+19 	 4.643034e-05 	 5.593520e-06 	 -1000.0000 	 -1000.0000 	 -1000.0000 	 -1000.0000 
	 44.4590 	 6.179813e-02 	 157.9064 	  1.5701 	 2.837133e+21 	 4.392293e+19 	 4.143313e-05 	 5.143813e-06 	 -1000.0000 	 -1000.0000 	 -1000.0000 	 -1000.0000 
	 44.5990 	 6.077191e-02 	 157.5689 	  1.5833 	 2.796004e+21 	 4.348104e+19 	 3.915468e-05 	 4.916474e-06 	 -1000.0000 	 -1000.0000 	 -1000.0000 	 -1000.0000 
	 44.7980 	 5.933772e-02 	 157.1418 	  1.5999 	 2.737450e+21 	 4.281708e+19 	 3.616006e-05 	 4.590130e-06 	 -1000.0000 	 -1000.0000 	 -1000.0000 	 -1000.0000 
	 44.9380 	 5.834604e-02 	 156.8783 	  1.6099 	 2.696229e+21 	 4.232480e+19 	 3.422739e-05 	 4.360071e-06 	 -1000.0000 	 -1000.0000 	 -1000.0000 	 -1000.0000 
	 45.0780 	 5.736871e-02 	 156.6452 	  1.6185 	 2.655017e+21 	 4.181177e+19 	 3.243972e-05 	 4.131304e-06 	 -1000.0000 	 -1000.0000 	 -1000.0000 	 -1000.0000 
	 45.2190 	 5.639894e-02 	 156.4411 	  1.6256 	 2.613547e+21 	 4.127411e+19 	 3.078672e-05 	 3.903806e-06 	 -1000.0000 	 -1000.0000 	 -1000.0000 	 -1000.0000 
	 47.0750 	 4.501239e-02 	 156.5651 	  1.5408 	 2.084187e+21 	 3.241932e+19 	 2.048254e-05 	 2.225732e-06 	 -1000.0000 	 -1000.0000 	 -1000.0000 	 -1000.0000 
	 47.2140 	 4.426222e-02 	 156.7709 	  1.5353 	 2.046765e+21 	 3.177013e+19 	 2.030937e-05 	 2.246981e-06 	 -1000.0000 	 -1000.0000 	 -1000.0000 	 -1000.0000 
	 47.3540 	 4.352035e-02 	 157.0005 	  1.5375 	 2.009528e+21 	 3.118506e+19 	 2.018769e-05 	 2.285544e-06 	 -1000.0000 	 -1000.0000 	 -1000.0000 	 -1000.0000 
	 47.4930 	 4.279715e-02 	 157.2471 	  1.5476 	 1.973053e+21 	 3.067509e+19 	 2.010990e-05 	 2.337188e-06 	 -1000.0000 	 -1000.0000 	 -1000.0000 	 -1000.0000 
	 47.6320 	 4.208700e-02 	 157.5053 	  1.5624 	 1.937145e+21 	 3.021295e+19 	 2.006749e-05 	 2.392148e-06 	 -1000.0000 	 -1000.0000 	 -1000.0000 	 -1000.0000 
	 47.8410 	 4.104322e-02 	 157.8992 	  1.5863 	 1.884385e+21 	 2.955287e+19 	 2.004843e-05 	 2.462285e-06 	 -1000.0000 	 -1000.0000 	 -1000.0000 	 -1000.0000 
	 47.9810 	 4.035979e-02 	 158.1561 	  1.5984 	 1.849982e+21 	 2.909688e+19 	 2.004853e-05 	 2.492050e-06 	 -1000.0000 	 -1000.0000 	 -1000.0000 	 -1000.0000 
	 48.1210 	 3.968869e-02 	 158.3987 	  1.6034 	 1.816420e+21 	 2.860014e+19 	 2.004638e-05 	 2.502086e-06 	 -1000.0000 	 -1000.0000 	 -1000.0000 	 -1000.0000 
	 48.2610 	 3.902967e-02 	 158.6219 	  1.5997 	 1.783741e+21 	 2.805135e+19 	 2.003407e-05 	 2.489938e-06 	 -1000.0000 	 -1000.0000 	 -1000.0000 	 -1000.0000 
	 48.6050 	 3.746039e-02 	 159.0773 	  1.5604 	 1.707131e+21 	 2.655513e+19 	 1.990578e-05 	 2.392994e-06 	 -1000.0000 	 -1000.0000 	 -1000.0000 	 -1000.0000 
	 48.7440 	 3.684595e-02 	 159.2203 	  1.5357 	 1.677626e+21 	 2.592379e+19 	 1.979486e-05 	 2.338864e-06 	 -1000.0000 	 -1000.0000 	 -1000.0000 	 -1000.0000 
	 48.8840 	 3.623823e-02 	 159.3384 	  1.5076 	 1.648732e+21 	 2.529135e+19 	 1.963571e-05 	 2.282155e-06 	 -1000.0000 	 -1000.0000 	 -1000.0000 	 -1000.0000 
	 49.0230 	 3.564551e-02 	 159.4303 	  1.4778 	 1.620826e+21 	 2.467619e+19 	 1.942409e-05 	 2.226896e-06 	 -1000.0000 	 -1000.0000 	 -1000.0000 	 -1000.0000 
	 49.1620 	 3.506279e-02 	 159.4996 	  1.4473 	 1.593632e+21 	 2.407859e+19 	 1.915784e-05 	 2.173234e-06 	 -1000.0000 	 -1000.0000 	 -1000.0000 	 -1000.0000 
	 49.6360 	 3.314212e-02 	 159.6061 	  1.3547 	 1.505342e+21 	 2.223409e+19 	 1.786760e-05 	 1.992326e-06 	 -1000.0000 	 -1000.0000 	 -1000.0000 	 -1000.0000 
	 49.7750 	 3.259628e-02 	 159.6095 	  1.3352 	 1.480520e+21 	 2.176495e+19 	 1.740916e-05 	 1.937026e-06 	 -1000.0000 	 -1000.0000 	 -1000.0000 	 -1000.0000 
	 49.9140 	 3.205870e-02 	 159.6019 	  1.3193 	 1.456173e+21 	 2.132721e+19 	 1.692206e-05 	 1.879936e-06 	 -1000.0000 	 -1000.0000 	 -1000.0000 	 -1000.0000 
	 50.1250 	 3.126002e-02 	 159.5683 	  1.3010 	 1.420192e+21 	 2.071445e+19 	 1.613213e-05 	 1.790022e-06 	 -1000.0000 	 -1000.0000 	 -1000.0000 	 -1000.0000 
	 50.2640 	 3.074635e-02 	 159.5312 	  1.2919 	 1.397178e+21 	 2.033940e+19 	 1.558154e-05 	 1.727584e-06 	 -1000.0000 	 -1000.0000 	 -1000.0000 	 -1000.0000 
	 50.6820 	 2.926471e-02 	 159.3457 	  1.2731 	 1.331395e+21 	 1.930941e+19 	 1.384515e-05 	 1.522327e-06 	 -1000.0000 	 -1000.0000 	 -1000.0000 	 -1000.0000 
	 50.8780 	 2.859746e-02 	 159.2231 	  1.2663 	 1.302042e+21 	 1.886009e+19 	 1.310314e-05 	 1.429325e-06 	 -1000.0000 	 -1000.0000 	 -1000.0000 	 -1000.0000 
	 51.0170 	 2.813219e-02 	 159.1238 	  1.2613 	 1.281658e+21 	 1.854820e+19 	 1.264887e-05 	 1.372235e-06 	 -1000.0000 	 -1000.0000 	 -1000.0000 	 -1000.0000 
	 51.1560 	 2.767208e-02 	 159.0149 	  1.2556 	 1.261557e+21 	 1.823869e+19 	 1.227237e-05 	 1.326701e-06 	 -1000.0000 	 -1000.0000 	 -1000.0000 	 -1000.0000 
	 51.2950 	 2.721664e-02 	 158.8981 	  1.2492 	 1.241702e+21 	 1.793016e+19 	 1.197901e-05 	 1.293597e-06 	 -1000.0000 	 -1000.0000 	 -1000.0000 	 -1000.0000 
	 51.6420 	 2.610545e-02 	 158.5941 	  1.2312 	 1.193288e+21 	 1.717179e+19 	 1.153327e-05 	 1.249075e-06 	 -1000.0000 	 -1000.0000 	 -1000.0000 	 -1000.0000 
	 51.7800 	 2.567613e-02 	 158.4773 	  1.2239 	 1.174534e+21 	 1.687835e+19 	 1.143504e-05 	 1.239285e-06 	 -1000.0000 	 -1000.0000 	 -1000.0000 	 -1000.0000 
	 51.9190 	 2.525231e-02 	 158.3672 	  1.2169 	 1.155953e+21 	 1.658945e+19 	 1.136112e-05 	 1.230525e-06 	 -1000.0000 	 -1000.0000 	 -1000.0000 	 -1000.0000 
	 52.0570 	 2.484039e-02 	 158.2679 	  1.2106 	 1.137812e+21 	 1.631037e+19 	 1.130374e-05 	 1.222951e-06 	 -1000.0000 	 -1000.0000 	 -1000.0000 	 -1000.0000 
	 52.1960 	 2.443378e-02 	 158.1788 	  1.2054 	 1.119817e+21 	 1.603788e+19 	 1.126279e-05 	 1.218079e-06 	 -1000.0000 	 -1000.0000 	 -1000.0000 	 -1000.0000 
	 52.5400 	 2.345864e-02 	 158.0107 	  1.2009 	 1.076268e+21 	 1.540575e+19 	 1.126196e-05 	 1.228398e-06 	 -1000.0000 	 -1000.0000 	 -1000.0000 	 -1000.0000 
	 52.6790 	 2.307535e-02 	 157.9658 	  1.2037 	 1.058984e+21 	 1.516943e+19 	 1.131627e-05 	 1.245255e-06 	 -1000.0000 	 -1000.0000 	 -1000.0000 	 -1000.0000 
	 52.8170 	 2.270016e-02 	 157.9353 	  1.2093 	 1.041968e+21 	 1.494558e+19 	 1.140828e-05 	 1.269492e-06 	 -1000.0000 	 -1000.0000 	 -1000.0000 	 -1000.0000 
	 52.9560 	 2.232765e-02 	 157.9187 	  1.2171 	 1.024979e+21 	 1.472866e+19 	 1.154152e-05 	 1.300262e-06 	 -1000.0000 	 -1000.0000 	 -1000.0000 	 -1000.0000 
	 53.1550 	 2.180386e-02 	 157.9198 	  1.2304 	 1.000930e+21 	 1.442815e+19 	 1.180652e-05 	 1.353048e-06 	 -1000.0000 	 -1000.0000 	 -1000.0000 	 -1000.0000 
	 53.5690 	 2.075062e-02 	 158.0163 	  1.2560 	 9.519999e+20 	 1.381165e+19 	 1.265512e-05 	 1.482622e-06 	 -1000.0000 	 -1000.0000 	 -1000.0000 	 -1000.0000 
	 53.7070 	 2.041064e-02 	 158.0770 	  1.2610 	 9.360422e+20 	 1.359999e+19 	 1.303136e-05 	 1.528484e-06 	 -1000.0000 	 -1000.0000 	 -1000.0000 	 -1000.0000 
	 54.6480 	 1.824341e-02 	 158.8744 	  1.1929 	 8.324362e+20 	 1.191276e+19 	 1.671415e-05 	 1.830433e-06 	 -1000.0000 	 -1000.0000 	 -1000.0000 	 -1000.0000 
	 54.7860 	 1.794734e-02 	 159.0487 	  1.1746 	 8.180325e+20 	 1.165267e+19 	 1.731247e-05 	 1.869196e-06 	 -1000.0000 	 -1000.0000 	 -1000.0000 	 -1000.0000 
	 54.9240 	 1.765659e-02 	 159.2380 	  1.1587 	 8.038310e+20 	 1.140358e+19 	 1.788026e-05 	 1.905551e-06 	 -1000.0000 	 -1000.0000 	 -1000.0000 	 -1000.0000 
	 55.0610 	 1.737306e-02 	 159.4383 	  1.1459 	 7.899391e+20 	 1.116993e+19 	 1.840486e-05 	 1.939744e-06 	 -1000.0000 	 -1000.0000 	 -1000.0000 	 -1000.0000 
	 55.1990 	 1.709234e-02 	 159.6459 	  1.1357 	 7.761711e+20 	 1.094709e+19 	 1.889639e-05 	 1.973309e-06 	 -1000.0000 	 -1000.0000 	 -1000.0000 	 -1000.0000 
	 55.6810 	 1.614638e-02 	 160.3172 	  1.1144 	 7.301225e+20 	 1.024457e+19 	 2.038735e-05 	 2.090990e-06 	 -1000.0000 	 -1000.0000 	 -1000.0000 	 -1000.0000 
	 55.8190 	 1.588453e-02 	 160.4703 	  1.1105 	 7.175849e+20 	 1.005892e+19 	 2.077372e-05 	 2.125014e-06 	 -1000.0000 	 -1000.0000 	 -1000.0000 	 -1000.0000 
	 55.9570 	 1.562685e-02 	 160.6092 	  1.1071 	 7.053266e+20 	 9.878318e+18 	 2.117150e-05 	 2.160318e-06 	 -1000.0000 	 -1000.0000 	 -1000.0000 	 -1000.0000 
	 56.1650 	 1.524707e-02 	 160.8082 	  1.1022 	 6.873364e+20 	 9.614178e+18 	 2.184528e-05 	 2.218115e-06 	 -1000.0000 	 -1000.0000 	 -1000.0000 	 -1000.0000 
	 56.3030 	 1.500128e-02 	 160.9437 	  1.0989 	 6.756957e+20 	 9.443328e+18 	 2.237635e-05 	 2.260939e-06 	 -1000.0000 	 -1000.0000 	 -1000.0000 	 -1000.0000 
	 56.5790 	 1.452558e-02 	 161.2507 	  1.0915 	 6.530436e+20 	 9.109596e+18 	 2.374794e-05 	 2.361359e-06 	 -1000.0000 	 -1000.0000 	 -1000.0000 	 -1000.0000 
	 56.7170 	 1.429512e-02 	 161.4181 	  1.0875 	 6.420202e+20 	 8.946770e+18 	 2.463982e-05 	 2.420197e-06 	 -1000.0000 	 -1000.0000 	 -1000.0000 	 -1000.0000 
	 56.9180 	 1.396677e-02 	 161.6611 	  1.0818 	 6.263265e+20 	 8.715395e+18 	 2.625855e-05 	 2.519484e-06 	 -1000.0000 	 -1000.0000 	 -1000.0000 	 -1000.0000 
	 57.0560 	 1.374554e-02 	 161.8179 	  1.0782 	 6.158010e+20 	 8.561044e+18 	 2.763998e-05 	 2.602883e-06 	 -1000.0000 	 -1000.0000 	 -1000.0000 	 -1000.0000 
	 57.1940 	 1.352708e-02 	 161.9588 	  1.0750 	 6.054791e+20 	 8.410788e+18 	 2.928589e-05 	 2.704674e-06 	 -1000.0000 	 -1000.0000 	 -1000.0000 	 -1000.0000 
	 57.6720 	 1.279150e-02 	 162.3023 	  1.0672 	 5.713412e+20 	 7.921731e+18 	 3.612642e-05 	 3.136180e-06 	 -1000.0000 	 -1000.0000 	 -1000.0000 	 -1000.0000 
	 57.8090 	 1.258789e-02 	 162.3643 	  1.0653 	 5.620354e+20 	 7.789597e+18 	 3.791415e-05 	 3.245088e-06 	 -1000.0000 	 -1000.0000 	 -1000.0000 	 -1000.0000 
	 57.9460 	 1.238802e-02 	 162.4124 	  1.0633 	 5.529502e+20 	 7.660605e+18 	 3.938933e-05 	 3.330092e-06 	 -1000.0000 	 -1000.0000 	 -1000.0000 	 -1000.0000 
	 58.0840 	 1.219061e-02 	 162.4492 	  1.0610 	 5.440158e+20 	 7.533559e+18 	 4.048406e-05 	 3.388636e-06 	 -1000.0000 	 -1000.0000 	 -1000.0000 	 -1000.0000 
	 58.2210 	 1.199834e-02 	 162.4789 	  1.0586 	 5.353379e+20 	 7.409922e+18 	 4.119549e-05 	 3.424111e-06 	 -1000.0000 	 -1000.0000 	 -1000.0000 	 -1000.0000 
	 58.5690 	 1.152504e-02 	 162.5556 	  1.0515 	 5.139794e+20 	 7.104384e+18 	 4.145617e-05 	 3.430257e-06 	 -1000.0000 	 -1000.0000 	 -1000.0000 	 -1000.0000 
	 58.7060 	 1.134408e-02 	 162.5990 	  1.0484 	 5.057719e+20 	 6.986424e+18 	 4.100346e-05 	 3.400889e-06 	 -1000.0000 	 -1000.0000 	 -1000.0000 	 -1000.0000 
	 58.8440 	 1.116460e-02 	 162.6573 	  1.0450 	 4.975867e+20 	 6.868432e+18 	 4.028450e-05 	 3.355582e-06 	 -1000.0000 	 -1000.0000 	 -1000.0000 	 -1000.0000 
	 58.9810 	 1.098919e-02 	 162.7340 	  1.0414 	 4.895340e+20 	 6.751956e+18 	 3.937296e-05 	 3.297784e-06 	 -1000.0000 	 -1000.0000 	 -1000.0000 	 -1000.0000 
	 59.1820 	 1.073682e-02 	 162.8890 	  1.0355 	 4.778348e+20 	 6.581948e+18 	 3.781648e-05 	 3.195810e-06 	 -1000.0000 	 -1000.0000 	 -1000.0000 	 -1000.0000 
	 59.5940 	 1.023798e-02 	 163.4094 	  1.0208 	 4.542035e+20 	 6.235259e+18 	 3.459701e-05 	 2.960029e-06 	 -1000.0000 	 -1000.0000 	 -1000.0000 	 -1000.0000 
	 59.7310 	 1.007765e-02 	 163.6328 	  1.0153 	 4.464858e+20 	 6.121332e+18 	 3.367176e-05 	 2.882678e-06 	 -1000.0000 	 -1000.0000 	 -1000.0000 	 -1000.0000 
	 59.9420 	 9.836242e-03 	 163.9807 	  1.0069 	 4.348634e+20 	 5.949925e+18 	 3.241950e-05 	 2.770757e-06 	 -1000.0000 	 -1000.0000 	 -1000.0000 	 -1000.0000 
	 60.0790 	 9.683154e-03 	 164.1882 	  1.0017 	 4.275466e+20 	 5.842516e+18 	 3.172234e-05 	 2.706047e-06 	 -1000.0000 	 -1000.0000 	 -1000.0000 	 -1000.0000 
	 60.2160 	 9.532988e-03 	 164.3648 	  0.9969 	 4.204558e+20 	 5.739142e+18 	 3.111858e-05 	 2.649988e-06 	 -1000.0000 	 -1000.0000 	 -1000.0000 	 -1000.0000 
	 60.6950 	 9.028696e-03 	 164.6785 	  0.9822 	 3.974530e+20 	 5.408447e+18 	 2.967933e-05 	 2.502784e-06 	 -1000.0000 	 -1000.0000 	 -1000.0000 	 -1000.0000 
	 60.8320 	 8.889305e-03 	 164.6867 	  0.9775 	 3.913005e+20 	 5.320273e+18 	 2.943776e-05 	 2.464718e-06 	 -1000.0000 	 -1000.0000 	 -1000.0000 	 -1000.0000 
	 60.9690 	 8.751577e-03 	 164.6615 	  0.9721 	 3.852985e+20 	 5.233857e+18 	 2.926331e-05 	 2.424391e-06 	 -1000.0000 	 -1000.0000 	 -1000.0000 	 -1000.0000 
	 61.1060 	 8.615374e-03 	 164.6051 	  0.9660 	 3.794311e+20 	 5.149019e+18 	 2.914697e-05 	 2.381164e-06 	 -1000.0000 	 -1000.0000 	 -1000.0000 	 -1000.0000 
	 61.2430 	 8.480788e-03 	 164.5212 	  0.9601 	 3.736928e+20 	 5.066309e+18 	 2.907043e-05 	 2.336969e-06 	 -1000.0000 	 -1000.0000 	 -1000.0000 	 -1000.0000 
	 61.5850 	 8.152615e-03 	 164.2159 	  0.9512 	 3.599007e+20 	 4.873196e+18 	 2.892712e-05 	 2.237208e-06 	 -1000.0000 	 -1000.0000 	 -1000.0000 	 -1000.0000 
	 61.7210 	 8.025507e-03 	 164.0662 	  0.9522 	 3.546156e+20 	 4.803317e+18 	 2.884031e-05 	 2.207636e-06 	 -1000.0000 	 -1000.0000 	 -1000.0000 	 -1000.0000 
	 61.8580 	 7.899533e-03 	 163.9028 	  0.9564 	 3.494010e+20 	 4.737414e+18 	 2.871891e-05 	 2.186397e-06 	 -1000.0000 	 -1000.0000 	 -1000.0000 	 -1000.0000 
	 61.9940 	 7.776495e-03 	 163.7266 	  0.9632 	 3.443330e+20 	 4.675884e+18 	 2.857253e-05 	 2.173269e-06 	 -1000.0000 	 -1000.0000 	 -1000.0000 	 -1000.0000 
	 62.2050 	 7.589469e-03 	 163.4212 	  0.9772 	 3.366847e+20 	 4.586595e+18 	 2.831722e-05 	 2.166843e-06 	 -1000.0000 	 -1000.0000 	 -1000.0000 	 -1000.0000 
	 62.6160 	 7.238049e-03 	 162.6907 	  1.0071 	 3.225389e+20 	 4.425984e+18 	 2.782351e-05 	 2.187191e-06 	 -1000.0000 	 -1000.0000 	 -1000.0000 	 -1000.0000 
	 62.7530 	 7.124511e-03 	 162.4002 	  1.0151 	 3.180454e+20 	 4.373935e+18 	 2.768489e-05 	 2.198127e-06 	 -1000.0000 	 -1000.0000 	 -1000.0000 	 -1000.0000 
	 63.6980 	 6.385429e-03 	 159.6972 	  0.9877 	 2.898590e+20 	 3.982327e+18 	 2.763274e-05 	 2.195795e-06 	 -1000.0000 	 -1000.0000 	 -1000.0000 	 -1000.0000 
	 63.8350 	 6.283992e-03 	 159.2766 	  0.9759 	 2.860112e+20 	 3.921964e+18 	 2.777988e-05 	 2.190691e-06 	 -1000.0000 	 -1000.0000 	 -1000.0000 	 -1000.0000 
	 63.9710 	 6.184538e-03 	 158.8858 	  0.9653 	 2.821806e+20 	 3.862891e+18 	 2.796222e-05 	 2.192752e-06 	 -1000.0000 	 -1000.0000 	 -1000.0000 	 -1000.0000 
	 64.1080 	 6.085561e-03 	 158.5265 	  0.9566 	 2.782962e+20 	 3.804589e+18 	 2.817823e-05 	 2.204096e-06 	 -1000.0000 	 -1000.0000 	 -1000.0000 	 -1000.0000 
	 64.2440 	 5.988503e-03 	 158.2019 	  0.9492 	 2.744201e+20 	 3.747660e+18 	 2.841721e-05 	 2.223130e-06 	 -1000.0000 	 -1000.0000 	 -1000.0000 	 -1000.0000 
	 64.5880 	 5.748347e-03 	 157.5044 	  0.9336 	 2.645784e+20 	 3.605760e+18 	 2.907521e-05 	 2.292171e-06 	 -1000.0000 	 -1000.0000 	 -1000.0000 	 -1000.0000 
	 64.7240 	 5.655521e-03 	 157.2698 	  0.9272 	 2.606930e+20 	 3.549660e+18 	 2.933432e-05 	 2.321863e-06 	 -1000.0000 	 -1000.0000 	 -1000.0000 	 -1000.0000 
	 64.8600 	 5.563917e-03 	 157.0541 	  0.9202 	 2.568223e+20 	 3.493364e+18 	 2.958642e-05 	 2.350338e-06 	 -1000.0000 	 -1000.0000 	 -1000.0000 	 -1000.0000 
	 64.9960 	 5.473591e-03 	 156.8545 	  0.9133 	 2.529744e+20 	 3.437316e+18 	 2.983941e-05 	 2.377683e-06 	 -1000.0000 	 -1000.0000 	 -1000.0000 	 -1000.0000 
	 65.2020 	 5.339336e-03 	 156.5767 	  0.9038 	 2.472076e+20 	 3.353988e+18 	 3.024575e-05 	 2.417619e-06 	 -1000.0000 	 -1000.0000 	 -1000.0000 	 -1000.0000 
	 65.6100 	 5.083223e-03 	 156.0786 	  0.8959 	 2.361030e+20 	 3.200327e+18 	 3.124975e-05 	 2.495272e-06 	 -1000.0000 	 -1000.0000 	 -1000.0000 	 -1000.0000 
	 65.7460 	 5.000774e-03 	 155.9183 	  0.8969 	 2.325133e+20 	 3.153010e+18 	 3.164665e-05 	 2.520503e-06 	 -1000.0000 	 -1000.0000 	 -1000.0000 	 -1000.0000 
	 65.9520 	 4.878456e-03 	 155.6725 	  0.9000 	 2.271843e+20 	 3.083887e+18 	 3.226216e-05 	 2.555729e-06 	 -1000.0000 	 -1000.0000 	 -1000.0000 	 -1000.0000 
	 66.0880 	 4.799293e-03 	 155.5048 	  0.9022 	 2.237376e+20 	 3.039344e+18 	 3.265478e-05 	 2.575708e-06 	 -1000.0000 	 -1000.0000 	 -1000.0000 	 -1000.0000 
	 66.2240 	 4.721313e-03 	 155.3300 	  0.9038 	 2.203476e+20 	 2.995199e+18 	 3.301753e-05 	 2.592018e-06 	 -1000.0000 	 -1000.0000 	 -1000.0000 	 -1000.0000 
	 66.7020 	 4.456273e-03 	 154.7102 	  0.9032 	 2.088068e+20 	 2.840764e+18 	 3.381210e-05 	 2.612054e-06 	 -1000.0000 	 -1000.0000 	 -1000.0000 	 -1000.0000 
	 66.8380 	 4.383449e-03 	 154.5605 	  0.9017 	 2.055958e+20 	 2.796898e+18 	 3.383430e-05 	 2.606192e-06 	 -1000.0000 	 -1000.0000 	 -1000.0000 	 -1000.0000 
	 66.9740 	 4.311779e-03 	 154.4354 	  0.8999 	 2.024016e+20 	 2.753017e+18 	 3.373761e-05 	 2.595006e-06 	 -1000.0000 	 -1000.0000 	 -1000.0000 	 -1000.0000 
	 67.1100 	 4.241255e-03 	 154.3364 	  0.8979 	 1.992225e+20 	 2.709173e+18 	 3.352313e-05 	 2.578904e-06 	 -1000.0000 	 -1000.0000 	 -1000.0000 	 -1000.0000 
	 67.2460 	 4.171850e-03 	 154.2548 	  0.8958 	 1.960682e+20 	 2.665564e+18 	 3.322084e-05 	 2.558790e-06 	 -1000.0000 	 -1000.0000 	 -1000.0000 	 -1000.0000 
	 67.5910 	 4.000593e-03 	 154.0577 	  0.8902 	 1.882562e+20 	 2.557477e+18 	 3.228818e-05 	 2.496200e-06 	 -1000.0000 	 -1000.0000 	 -1000.0000 	 -1000.0000 
	 67.7260 	 3.935374e-03 	 153.9582 	  0.8881 	 1.853035e+20 	 2.516747e+18 	 3.194662e-05 	 2.469479e-06 	 -1000.0000 	 -1000.0000 	 -1000.0000 	 -1000.0000 
	 67.8620 	 3.870666e-03 	 153.8354 	  0.8861 	 1.823995e+20 	 2.476823e+18 	 3.164349e-05 	 2.442017e-06 	 -1000.0000 	 -1000.0000 	 -1000.0000 	 -1000.0000 
	 67.9980 	 3.806979e-03 	 153.6950 	  0.8842 	 1.795610e+20 	 2.437922e+18 	 3.135226e-05 	 2.413534e-06 	 -1000.0000 	 -1000.0000 	 -1000.0000 	 -1000.0000 
	 68.2050 	 3.712066e-03 	 153.4609 	  0.8816 	 1.753525e+20 	 2.380420e+18 	 3.085482e-05 	 2.366904e-06 	 -1000.0000 	 -1000.0000 	 -1000.0000 	 -1000.0000 
	 68.6120 	 3.532859e-03 	 153.0011 	  0.8772 	 1.673927e+20 	 2.272004e+18 	 2.928828e-05 	 2.257782e-06 	 -1000.0000 	 -1000.0000 	 -1000.0000 	 -1000.0000 
	 68.7480 	 3.475074e-03 	 152.8595 	  0.8759 	 1.648072e+20 	 2.236827e+18 	 2.856950e-05 	 2.216857e-06 	 -1000.0000 	 -1000.0000 	 -1000.0000 	 -1000.0000 
	 68.9490 	 3.391266e-03 	 152.6592 	  0.8740 	 1.610426e+20 	 2.185622e+18 	 2.743963e-05 	 2.156201e-06 	 -1000.0000 	 -1000.0000 	 -1000.0000 	 -1000.0000 
	 69.0840 	 3.335893e-03 	 152.5293 	  0.8727 	 1.585476e+20 	 2.151686e+18 	 2.669091e-05 	 2.117200e-06 	 -1000.0000 	 -1000.0000 	 -1000.0000 	 -1000.0000 
	 69.2190 	 3.281134e-03 	 152.4017 	  0.8715 	 1.560758e+20 	 2.118061e+18 	 2.599485e-05 	 2.081093e-06 	 -1000.0000 	 -1000.0000 	 -1000.0000 	 -1000.0000 
	 69.7020 	 3.090535e-03 	 151.8875 	  0.8676 	 1.475098e+20 	 2.001943e+18 	 2.428192e-05 	 1.985963e-06 	 -1000.0000 	 -1000.0000 	 -1000.0000 	 -1000.0000 
	 69.8370 	 3.039174e-03 	 151.6949 	  0.8672 	 1.452419e+20 	 1.971541e+18 	 2.407189e-05 	 1.969767e-06 	 -1000.0000 	 -1000.0000 	 -1000.0000 	 -1000.0000 
	 69.9720 	 2.988842e-03 	 151.4664 	  0.8671 	 1.430507e+20 	 1.942432e+18 	 2.400006e-05 	 1.958357e-06 	 -1000.0000 	 -1000.0000 	 -1000.0000 	 -1000.0000 
	 70.1060 	 2.939922e-03 	 151.2012 	  0.8676 	 1.409551e+20 	 1.914879e+18 	 2.405933e-05 	 1.951402e-06 	 -1000.0000 	 -1000.0000 	 -1000.0000 	 -1000.0000 
	 70.2410 	 2.891565e-03 	 150.9011 	  0.8685 	 1.389118e+20 	 1.888270e+18 	 2.421521e-05 	 1.947870e-06 	 -1000.0000 	 -1000.0000 	 -1000.0000 	 -1000.0000 
	 70.5840 	 2.771959e-03 	 150.0363 	  0.8723 	 1.339346e+20 	 1.824281e+18 	 2.478053e-05 	 1.947904e-06 	 -1000.0000 	 -1000.0000 	 -1000.0000 	 -1000.0000 
	 70.7190 	 2.725799e-03 	 149.6737 	  0.8742 	 1.320235e+20 	 1.799899e+18 	 2.496584e-05 	 1.948987e-06 	 -1000.0000 	 -1000.0000 	 -1000.0000 	 -1000.0000 
	 70.8540 	 2.680021e-03 	 149.3084 	  0.8762 	 1.301233e+20 	 1.775678e+18 	 2.508236e-05 	 1.949288e-06 	 -1000.0000 	 -1000.0000 	 -1000.0000 	 -1000.0000 
	 70.9890 	 2.634715e-03 	 148.9460 	  0.8783 	 1.282342e+20 	 1.751565e+18 	 2.512396e-05 	 1.947702e-06 	 -1000.0000 	 -1000.0000 	 -1000.0000 	 -1000.0000 
	 71.2020 	 2.564460e-03 	 148.3936 	  0.8811 	 1.252794e+20 	 1.713651e+18 	 2.502989e-05 	 1.938654e-06 	 -1000.0000 	 -1000.0000 	 -1000.0000 	 -1000.0000 
	 71.6060 	 2.436649e-03 	 147.4766 	  0.8840 	 1.197787e+20 	 1.641743e+18 	 2.428299e-05 	 1.885868e-06 	 -1000.0000 	 -1000.0000 	 -1000.0000 	 -1000.0000 
	 71.7410 	 2.395629e-03 	 147.2135 	  0.8841 	 1.179734e+20 	 1.617697e+18 	 2.389062e-05 	 1.857650e-06 	 -1000.0000 	 -1000.0000 	 -1000.0000 	 -1000.0000 
	 71.9420 	 2.335825e-03 	 146.8471 	  0.8836 	 1.153149e+20 	 1.582013e+18 	 2.323958e-05 	 1.810901e-06 	 -1000.0000 	 -1000.0000 	 -1000.0000 	 -1000.0000 
	 72.0770 	 2.296360e-03 	 146.6106 	  0.8830 	 1.135484e+20 	 1.558189e+18 	 2.278820e-05 	 1.778827e-06 	 -1000.0000 	 -1000.0000 	 -1000.0000 	 -1000.0000 
	 72.2120 	 2.257339e-03 	 146.3760 	  0.8824 	 1.117969e+20 	 1.534535e+18 	 2.235022e-05 	 1.748223e-06 	 -1000.0000 	 -1000.0000 	 -1000.0000 	 -1000.0000 
	 72.6950 	 2.121279e-03 	 145.5254 	  0.8805 	 1.056720e+20 	 1.451910e+18 	 2.091464e-05 	 1.655265e-06 	 -1000.0000 	 -1000.0000 	 -1000.0000 	 -1000.0000 
	 72.8300 	 2.084493e-03 	 145.2873 	  0.8801 	 1.040102e+20 	 1.429541e+18 	 2.050001e-05 	 1.631102e-06 	 -1000.0000 	 -1000.0000 	 -1000.0000 	 -1000.0000 
	 72.9640 	 2.048633e-03 	 145.0523 	  0.8799 	 1.023870e+20 	 1.407722e+18 	 2.005980e-05 	 1.606604e-06 	 -1000.0000 	 -1000.0000 	 -1000.0000 	 -1000.0000 
	 73.0980 	 2.013455e-03 	 144.8196 	  0.8798 	 1.007909e+20 	 1.386273e+18 	 1.958247e-05 	 1.581089e-06 	 -1000.0000 	 -1000.0000 	 -1000.0000 	 -1000.0000 
	 73.2330 	 1.978673e-03 	 144.5894 	  0.8795 	 9.920763e+19 	 1.364920e+18 	 1.906315e-05 	 1.554246e-06 	 -1000.0000 	 -1000.0000 	 -1000.0000 	 -1000.0000 
	 73.5800 	 1.892025e-03 	 144.0299 	  0.8753 	 9.523115e+19 	 1.310271e+18 	 1.755197e-05 	 1.479572e-06 	 -1000.0000 	 -1000.0000 	 -1000.0000 	 -1000.0000 
	 73.7140 	 1.859520e-03 	 143.8315 	  0.8715 	 9.372332e+19 	 1.288900e+18 	 1.690094e-05 	 1.448382e-06 	 -1000.0000 	 -1000.0000 	 -1000.0000 	 -1000.0000 
	 73.8480 	 1.827502e-03 	 143.6467 	  0.8663 	 9.222690e+19 	 1.267241e+18 	 1.622430e-05 	 1.416173e-06 	 -1000.0000 	 -1000.0000 	 -1000.0000 	 -1000.0000 
	 73.9830 	 1.795744e-03 	 143.4789 	  0.8596 	 9.072919e+19 	 1.245164e+18 	 1.554903e-05 	 1.383670e-06 	 -1000.0000 	 -1000.0000 	 -1000.0000 	 -1000.0000 
	 74.1850 	 1.749174e-03 	 143.2728 	  0.8472 	 8.850317e+19 	 1.211755e+18 	 1.462597e-05 	 1.337248e-06 	 -1000.0000 	 -1000.0000 	 -1000.0000 	 -1000.0000 
	 74.5880 	 1.659745e-03 	 143.0763 	  0.8161 	 8.409873e+19 	 1.144401e+18 	 1.350312e-05 	 1.265337e-06 	 -1000.0000 	 -1000.0000 	 -1000.0000 	 -1000.0000 
	 74.7230 	 1.630820e-03 	 143.0678 	  0.8054 	 8.263962e+19 	 1.122116e+18 	 1.339111e-05 	 1.250595e-06 	 -1000.0000 	 -1000.0000 	 -1000.0000 	 -1000.0000 
	 74.9350 	 1.586397e-03 	 143.0679 	  0.7912 	 8.038818e+19 	 1.088394e+18 	 1.341430e-05 	 1.239099e-06 	 -1000.0000 	 -1000.0000 	 -1000.0000 	 -1000.0000 
	 75.0700 	 1.558722e-03 	 143.0558 	  0.7854 	 7.899058e+19 	 1.068170e+18 	 1.352015e-05 	 1.240028e-06 	 -1000.0000 	 -1000.0000 	 -1000.0000 	 -1000.0000 
	 75.2040 	 1.531706e-03 	 143.0184 	  0.7831 	 7.763929e+19 	 1.049392e+18 	 1.366786e-05 	 1.247927e-06 	 -1000.0000 	 -1000.0000 	 -1000.0000 	 -1000.0000 
	 75.6790 	 1.439438e-03 	 142.6148 	  0.8013 	 7.316339e+19 	 9.931652e+17 	 1.427176e-05 	 1.317365e-06 	 -1000.0000 	 -1000.0000 	 -1000.0000 	 -1000.0000 
	 75.8130 	 1.414364e-03 	 142.4273 	  0.8108 	 7.198341e+19 	 9.794695e+17 	 1.440470e-05 	 1.340722e-06 	 -1000.0000 	 -1000.0000 	 -1000.0000 	 -1000.0000 
	 75.9470 	 1.389697e-03 	 142.2092 	  0.8208 	 7.083695e+19 	 9.663829e+17 	 1.449494e-05 	 1.362167e-06 	 -1000.0000 	 -1000.0000 	 -1000.0000 	 -1000.0000 
	 76.0810 	 1.365429e-03 	 141.9613 	  0.8306 	 6.972247e+19 	 9.537194e+17 	 1.452834e-05 	 1.379778e-06 	 -1000.0000 	 -1000.0000 	 -1000.0000 	 -1000.0000 
	 76.2140 	 1.341731e-03 	 141.6868 	  0.8393 	 6.864641e+19 	 9.413851e+17 	 1.449141e-05 	 1.391574e-06 	 -1000.0000 	 -1000.0000 	 -1000.0000 	 -1000.0000 
	 77.1720 	 1.181707e-03 	 139.0623 	  0.8265 	 6.160171e+19 	 8.466246e+17 	 1.126586e-05 	 1.184319e-06 	 -1000.0000 	 -1000.0000 	 -1000.0000 	 -1000.0000 
	 77.3060 	 1.160657e-03 	 138.6963 	  0.8203 	 6.066476e+19 	 8.329614e+17 	 1.047441e-05 	 1.123251e-06 	 -1000.0000 	 -1000.0000 	 -1000.0000 	 -1000.0000 
	 77.4390 	 1.140035e-03 	 138.3696 	  0.8174 	 5.972887e+19 	 8.198813e+17 	 9.667390e-06 	 1.062683e-06 	 -1000.0000 	 -1000.0000 	 -1000.0000 	 -1000.0000 
	 77.5730 	 1.119528e-03 	 138.0823 	  0.8183 	 5.877787e+19 	 8.073024e+17 	 8.853382e-06 	 1.003750e-06 	 -1000.0000 	 -1000.0000 	 -1000.0000 	 -1000.0000 
	 77.7060 	 1.099467e-03 	 137.8291 	  0.8222 	 5.783153e+19 	 7.953278e+17 	 8.061037e-06 	 9.476699e-07 	 -1000.0000 	 -1000.0000 	 -1000.0000 	 -1000.0000 
	 77.9120 	 1.069031e-03 	 137.4733 	  0.8318 	 5.637593e+19 	 7.775354e+17 	 6.901667e-06 	 8.659019e-07 	 -1000.0000 	 -1000.0000 	 -1000.0000 	 -1000.0000 
	 78.0460 	 1.049689e-03 	 137.2485 	  0.8387 	 5.544547e+19 	 7.662918e+17 	 6.215875e-06 	 8.162505e-07 	 -1000.0000 	 -1000.0000 	 -1000.0000 	 -1000.0000 
	 78.1790 	 1.030878e-03 	 137.0174 	  0.8448 	 5.454231e+19 	 7.552631e+17 	 5.606951e-06 	 7.698740e-07 	 -1000.0000 	 -1000.0000 	 -1000.0000 	 -1000.0000 
	 78.6560 	 9.664517e-04 	 136.1401 	  0.8583 	 5.146151e+19 	 7.160708e+17 	 4.024270e-06 	 6.291752e-07 	 -1000.0000 	 -1000.0000 	 -1000.0000 	 -1000.0000 
	 78.7890 	 9.492014e-04 	 135.9212 	  0.8612 	 5.062521e+19 	 7.052106e+17 	 3.714777e-06 	 5.976767e-07 	 -1000.0000 	 -1000.0000 	 -1000.0000 	 -1000.0000 
	 78.9220 	 9.322021e-04 	 135.7315 	  0.8646 	 4.978907e+19 	 6.943688e+17 	 3.446474e-06 	 5.698178e-07 	 -1000.0000 	 -1000.0000 	 -1000.0000 	 -1000.0000 
	 79.0550 	 9.154352e-04 	 135.5764 	  0.8685 	 4.895023e+19 	 6.835404e+17 	 3.212411e-06 	 5.455863e-07 	 -1000.0000 	 -1000.0000 	 -1000.0000 	 -1000.0000 
	 79.1880 	 8.989103e-04 	 135.4536 	  0.8729 	 4.811052e+19 	 6.727220e+17 	 3.009071e-06 	 5.246577e-07 	 -1000.0000 	 -1000.0000 	 -1000.0000 	 -1000.0000 
	 79.6620 	 8.421746e-04 	 135.2307 	  0.8887 	 4.514694e+19 	 6.341999e+17 	 2.486595e-06 	 4.712945e-07 	 -1000.0000 	 -1000.0000 	 -1000.0000 	 -1000.0000 
	 79.7950 	 8.269090e-04 	 135.2162 	  0.8922 	 4.433289e+19 	 6.233847e+17 	 2.383894e-06 	 4.607927e-07 	 -1000.0000 	 -1000.0000 	 -1000.0000 	 -1000.0000 
	 79.9280 	 8.119334e-04 	 135.2221 	  0.8951 	 4.352784e+19 	 6.125514e+17 	 2.296608e-06 	 4.519057e-07 	 -1000.0000 	 -1000.0000 	 -1000.0000 	 -1000.0000 
	 80.1460 	 7.879970e-04 	 135.2813 	  0.8982 	 4.222619e+19 	 5.947237e+17 	 2.183733e-06 	 4.407326e-07 	 -1000.0000 	 -1000.0000 	 -1000.0000 	 -1000.0000 
	 80.2790 	 7.737555e-04 	 135.3508 	  0.8989 	 4.144208e+19 	 5.837845e+17 	 2.131425e-06 	 4.359325e-07 	 -1000.0000 	 -1000.0000 	 -1000.0000 	 -1000.0000 
	 80.5450 	 7.460661e-04 	 135.5727 	  0.8975 	 3.989460e+19 	 5.617349e+17 	 2.059285e-06 	 4.307551e-07 	 -1000.0000 	 -1000.0000 	 -1000.0000 	 -1000.0000 
	 80.6780 	 7.326093e-04 	 135.7194 	  0.8958 	 3.913293e+19 	 5.507153e+17 	 2.037704e-06 	 4.302290e-07 	 -1000.0000 	 -1000.0000 	 -1000.0000 	 -1000.0000 
	 80.8890 	 7.117816e-04 	 135.9828 	  0.8929 	 3.794655e+19 	 5.334971e+17 	 2.021065e-06 	 4.318906e-07 	 -1000.0000 	 -1000.0000 	 -1000.0000 	 -1000.0000 
	 81.0220 	 6.989769e-04 	 136.1589 	  0.8916 	 3.721535e+19 	 5.229396e+17 	 2.020602e-06 	 4.343513e-07 	 -1000.0000 	 -1000.0000 	 -1000.0000 	 -1000.0000 
	 81.1540 	 6.865124e-04 	 136.3343 	  0.8912 	 3.650447e+19 	 5.127860e+17 	 2.027008e-06 	 4.377547e-07 	 -1000.0000 	 -1000.0000 	 -1000.0000 	 -1000.0000 
	 81.6290 	 6.435969e-04 	 136.9063 	  0.8961 	 3.408007e+19 	 4.790178e+17 	 2.106598e-06 	 4.580169e-07 	 -1000.0000 	 -1000.0000 	 -1000.0000 	 -1000.0000 
	 81.7620 	 6.320991e-04 	 137.0367 	  0.8977 	 3.343920e+19 	 4.701562e+17 	 2.146566e-06 	 4.662534e-07 	 -1000.0000 	 -1000.0000 	 -1000.0000 	 -1000.0000 
	 81.8940 	 6.209011e-04 	 137.1477 	  0.8988 	 3.281971e+19 	 4.615343e+17 	 2.194740e-06 	 4.756837e-07 	 -1000.0000 	 -1000.0000 	 -1000.0000 	 -1000.0000 
	 82.0270 	 6.098285e-04 	 137.2434 	  0.8990 	 3.221123e+19 	 4.529728e+17 	 2.252777e-06 	 4.866043e-07 	 -1000.0000 	 -1000.0000 	 -1000.0000 	 -1000.0000 
	 82.1590 	 5.990453e-04 	 137.3365 	  0.8983 	 3.161973e+19 	 4.445449e+17 	 2.321667e-06 	 4.991518e-07 	 -1000.0000 	 -1000.0000 	 -1000.0000 	 -1000.0000 
	 82.6340 	 5.619067e-04 	 137.8967 	  0.8864 	 2.954029e+19 	 4.139243e+17 	 2.694270e-06 	 5.636123e-07 	 -1000.0000 	 -1000.0000 	 -1000.0000 	 -1000.0000 
	 82.7670 	 5.519662e-04 	 138.1797 	  0.8802 	 2.895819e+19 	 4.050618e+17 	 2.843822e-06 	 5.887178e-07 	 -1000.0000 	 -1000.0000 	 -1000.0000 	 -1000.0000 
	 82.8990 	 5.422974e-04 	 138.5297 	  0.8733 	 2.837868e+19 	 3.961661e+17 	 3.019602e-06 	 6.177772e-07 	 -1000.0000 	 -1000.0000 	 -1000.0000 	 -1000.0000 
	 83.1090 	 5.273209e-04 	 139.2339 	  0.8624 	 2.745494e+19 	 3.819627e+17 	 3.369293e-06 	 6.743332e-07 	 -1000.0000 	 -1000.0000 	 -1000.0000 	 -1000.0000 
	 83.2420 	 5.180943e-04 	 139.7769 	  0.8564 	 2.686996e+19 	 3.730328e+17 	 3.644157e-06 	 7.178835e-07 	 -1000.0000 	 -1000.0000 	 -1000.0000 	 -1000.0000 
	 83.6390 	 4.917396e-04 	 141.8255 	  0.8469 	 2.513775e+19 	 3.473262e+17 	 4.779685e-06 	 8.910404e-07 	 -1000.0000 	 -1000.0000 	 -1000.0000 	 -1000.0000 
	 83.8520 	 4.783022e-04 	 143.0674 	  0.8465 	 2.423834e+19 	 3.343779e+17 	 5.635561e-06 	 1.012547e-06 	 -1000.0000 	 -1000.0000 	 -1000.0000 	 -1000.0000 
	 83.9850 	 4.701464e-04 	 143.8363 	  0.8472 	 2.369654e+19 	 3.266650e+17 	 6.277020e-06 	 1.098912e-06 	 -1000.0000 	 -1000.0000 	 -1000.0000 	 -1000.0000 
	 84.1170 	 4.622234e-04 	 144.5666 	  0.8482 	 2.317838e+19 	 3.193285e+17 	 7.004624e-06 	 1.192782e-06 	 -1000.0000 	 -1000.0000 	 -1000.0000 	 -1000.0000 
	 84.2490 	 4.544666e-04 	 145.2462 	  0.8494 	 2.268223e+19 	 3.123234e+17 	 7.822818e-06 	 1.294123e-06 	 -1000.0000 	 -1000.0000 	 -1000.0000 	 -1000.0000 
	 84.5920 	 4.350726e-04 	 146.7379 	  0.8502 	 2.149397e+19 	 2.955209e+17 	 1.023815e-05 	 1.574239e-06 	 -1000.0000 	 -1000.0000 	 -1000.0000 	 -1000.0000 
	 84.7250 	 4.278435e-04 	 147.1979 	  0.8488 	 2.107105e+19 	 2.894836e+17 	 1.122882e-05 	 1.681580e-06 	 -1000.0000 	 -1000.0000 	 -1000.0000 	 -1000.0000 
	 84.8570 	 4.208266e-04 	 147.5824 	  0.8459 	 2.067143e+19 	 2.837191e+17 	 1.220893e-05 	 1.782993e-06 	 -1000.0000 	 -1000.0000 	 -1000.0000 	 -1000.0000 
	 84.9890 	 4.139612e-04 	 147.8965 	  0.8414 	 2.029067e+19 	 2.781600e+17 	 1.316643e-05 	 1.877304e-06 	 -1000.0000 	 -1000.0000 	 -1000.0000 	 -1000.0000 
	 85.1210 	 4.072333e-04 	 148.1520 	  0.8357 	 1.992615e+19 	 2.727900e+17 	 1.408625e-05 	 1.964287e-06 	 -1000.0000 	 -1000.0000 	 -1000.0000 	 -1000.0000 
	 85.5890 	 3.842683e-04 	 148.7797 	  0.8133 	 1.872384e+19 	 2.550399e+17 	 1.682898e-05 	 2.214091e-06 	 -1000.0000 	 -1000.0000 	 -1000.0000 	 -1000.0000 
	 85.7210 	 3.779860e-04 	 148.9295 	  0.8081 	 1.839947e+19 	 2.503358e+17 	 1.740385e-05 	 2.268584e-06 	 -1000.0000 	 -1000.0000 	 -1000.0000 	 -1000.0000 
	 85.8530 	 3.717895e-04 	 149.0751 	  0.8037 	 1.808025e+19 	 2.457557e+17 	 1.789367e-05 	 2.317435e-06 	 -1000.0000 	 -1000.0000 	 -1000.0000 	 -1000.0000 
	 86.0690 	 3.618646e-04 	 149.2972 	  0.7979 	 1.757128e+19 	 2.385378e+17 	 1.854713e-05 	 2.388583e-06 	 -1000.0000 	 -1000.0000 	 -1000.0000 	 -1000.0000 
	 86.2010 	 3.559490e-04 	 149.4189 	  0.7951 	 1.726981e+19 	 2.343019e+17 	 1.887767e-05 	 2.428766e-06 	 -1000.0000 	 -1000.0000 	 -1000.0000 	 -1000.0000 
	 86.5950 	 3.390487e-04 	 149.6856 	  0.7883 	 1.642046e+19 	 2.224756e+17 	 1.967169e-05 	 2.544250e-06 	 -1000.0000 	 -1000.0000 	 -1000.0000 	 -1000.0000 
	 86.8060 	 3.304012e-04 	 149.7433 	  0.7861 	 1.599555e+19 	 2.166312e+17 	 1.996976e-05 	 2.599912e-06 	 -1000.0000 	 -1000.0000 	 -1000.0000 	 -1000.0000 
	 86.9380 	 3.250983e-04 	 149.7393 	  0.7853 	 1.573925e+19 	 2.131396e+17 	 2.009814e-05 	 2.630116e-06 	 -1000.0000 	 -1000.0000 	 -1000.0000 	 -1000.0000 
	 87.0690 	 3.198990e-04 	 149.7000 	  0.7851 	 1.549157e+19 	 2.097953e+17 	 2.017485e-05 	 2.655377e-06 	 -1000.0000 	 -1000.0000 	 -1000.0000 	 -1000.0000 
	 87.2010 	 3.147143e-04 	 149.6217 	  0.7855 	 1.524843e+19 	 2.065432e+17 	 2.019856e-05 	 2.675426e-06 	 -1000.0000 	 -1000.0000 	 -1000.0000 	 -1000.0000 
	 87.5490 	 3.013415e-04 	 149.2304 	  0.7883 	 1.463876e+19 	 1.984988e+17 	 2.004442e-05 	 2.704530e-06 	 -1000.0000 	 -1000.0000 	 -1000.0000 	 -1000.0000 
	 87.6810 	 2.963987e-04 	 149.0128 	  0.7896 	 1.441966e+19 	 1.956340e+17 	 1.992165e-05 	 2.707668e-06 	 -1000.0000 	 -1000.0000 	 -1000.0000 	 -1000.0000 
	 87.8120 	 2.915732e-04 	 148.7600 	  0.7908 	 1.420899e+19 	 1.928846e+17 	 1.977456e-05 	 2.707083e-06 	 -1000.0000 	 -1000.0000 	 -1000.0000 	 -1000.0000 
	 87.9430 	 2.868312e-04 	 148.4722 	  0.7919 	 1.400494e+19 	 1.902243e+17 	 1.960953e-05 	 2.703462e-06 	 -1000.0000 	 -1000.0000 	 -1000.0000 	 -1000.0000 
	 88.0750 	 2.821354e-04 	 148.1526 	  0.7931 	 1.380534e+19 	 1.876319e+17 	 1.943468e-05 	 2.698059e-06 	 -1000.0000 	 -1000.0000 	 -1000.0000 	 -1000.0000 
	 88.5520 	 2.658151e-04 	 146.8479 	  0.8028 	 1.312252e+19 	 1.789762e+17 	 1.888662e-05 	 2.686210e-06 	 -1000.0000 	 -1000.0000 	 -1000.0000 	 -1000.0000 
	 88.6830 	 2.614984e-04 	 146.4737 	  0.8078 	 1.294243e+19 	 1.767788e+17 	 1.879868e-05 	 2.690588e-06 	 -1000.0000 	 -1000.0000 	 -1000.0000 	 -1000.0000 
	 88.8150 	 2.572125e-04 	 146.0955 	  0.8133 	 1.276325e+19 	 1.746098e+17 	 1.874442e-05 	 2.698778e-06 	 -1000.0000 	 -1000.0000 	 -1000.0000 	 -1000.0000 
	 89.0190 	 2.507014e-04 	 145.5107 	  0.8212 	 1.249010e+19 	 1.712795e+17 	 1.872747e-05 	 2.717502e-06 	 -1000.0000 	 -1000.0000 	 -1000.0000 	 -1000.0000 
	 89.1510 	 2.465524e-04 	 145.1334 	  0.8247 	 1.231532e+19 	 1.690949e+17 	 1.875888e-05 	 2.732599e-06 	 -1000.0000 	 -1000.0000 	 -1000.0000 	 -1000.0000 
	 89.5450 	 2.344220e-04 	 144.0176 	  0.8225 	 1.180025e+19 	 1.622089e+17 	 1.902398e-05 	 2.784395e-06 	 -1000.0000 	 -1000.0000 	 -1000.0000 	 -1000.0000 
	 89.7630 	 2.278907e-04 	 143.3993 	  0.8154 	 1.152099e+19 	 1.582679e+17 	 1.921720e-05 	 2.812771e-06 	 -1000.0000 	 -1000.0000 	 -1000.0000 	 -1000.0000 
	 89.8930 	 2.240689e-04 	 143.0262 	  0.8107 	 1.135728e+19 	 1.559413e+17 	 1.932139e-05 	 2.828124e-06 	 -1000.0000 	 -1000.0000 	 -1000.0000 	 -1000.0000 
	 90.0240 	 2.202790e-04 	 142.6451 	  0.8064 	 1.119489e+19 	 1.536482e+17 	 1.940518e-05 	 2.841726e-06 	 -1000.0000 	 -1000.0000 	 -1000.0000 	 -1000.0000 
	 90.1550 	 2.165534e-04 	 142.2612 	  0.8029 	 1.103508e+19 	 1.514206e+17 	 1.946230e-05 	 2.853325e-06 	 -1000.0000 	 -1000.0000 	 -1000.0000 	 -1000.0000 
	 90.6230 	 2.037545e-04 	 141.0409 	  0.7964 	 1.047271e+19 	 1.437547e+17 	 1.952085e-05 	 2.889166e-06 	 -1000.0000 	 -1000.0000 	 -1000.0000 	 -1000.0000 
	 90.7540 	 2.003095e-04 	 140.7929 	  0.7959 	 1.031398e+19 	 1.416140e+17 	 1.951867e-05 	 2.900850e-06 	 -1000.0000 	 -1000.0000 	 -1000.0000 	 -1000.0000 
	 90.8850 	 1.969223e-04 	 140.6025 	  0.7958 	 1.015349e+19 	 1.394489e+17 	 1.951770e-05 	 2.914571e-06 	 -1000.0000 	 -1000.0000 	 -1000.0000 	 -1000.0000 
	 91.0160 	 1.935910e-04 	 140.4623 	  0.7959 	 9.991787e+18 	 1.372634e+17 	 1.952260e-05 	 2.930832e-06 	 -1000.0000 	 -1000.0000 	 -1000.0000 	 -1000.0000 
	 91.2260 	 1.883634e-04 	 140.3199 	  0.7961 	 9.731772e+18 	 1.337332e+17 	 1.955482e-05 	 2.963408e-06 	 -1000.0000 	 -1000.0000 	 -1000.0000 	 -1000.0000 
	 91.6170 	 1.789770e-04 	 140.2099 	  0.7940 	 9.253767e+18 	 1.271541e+17 	 1.975029e-05 	 3.050581e-06 	 -1000.0000 	 -1000.0000 	 -1000.0000 	 -1000.0000 
	 91.7480 	 1.759274e-04 	 140.1917 	  0.7923 	 9.097278e+18 	 1.249720e+17 	 1.985038e-05 	 3.085888e-06 	 -1000.0000 	 -1000.0000 	 -1000.0000 	 -1000.0000 
	 91.9590 	 1.711112e-04 	 140.1669 	  0.7891 	 8.849826e+18 	 1.215069e+17 	 2.000398e-05 	 3.141712e-06 	 -1000.0000 	 -1000.0000 	 -1000.0000 	 -1000.0000 
	 92.0890 	 1.682010e-04 	 140.1494 	  0.7871 	 8.700411e+18 	 1.194128e+17 	 2.007427e-05 	 3.172185e-06 	 -1000.0000 	 -1000.0000 	 -1000.0000 	 -1000.0000 
	 92.2190 	 1.653328e-04 	 140.1261 	  0.7851 	 8.553480e+18 	 1.173578e+17 	 2.011118e-05 	 3.197194e-06 	 -1000.0000 	 -1000.0000 	 -1000.0000 	 -1000.0000 
	 92.6990 	 1.551259e-04 	 139.9583 	  0.7799 	 8.035088e+18 	 1.101737e+17 	 1.992543e-05 	 3.233734e-06 	 -1000.0000 	 -1000.0000 	 -1000.0000 	 -1000.0000 
	 92.8290 	 1.524779e-04 	 139.8859 	  0.7791 	 7.902005e+18 	 1.083467e+17 	 1.981318e-05 	 3.231290e-06 	 -1000.0000 	 -1000.0000 	 -1000.0000 	 -1000.0000 
	 92.9590 	 1.498848e-04 	 139.8001 	  0.7785 	 7.772376e+18 	 1.065739e+17 	 1.968638e-05 	 3.224916e-06 	 -1000.0000 	 -1000.0000 	 -1000.0000 	 -1000.0000 
	 93.0900 	 1.473281e-04 	 139.6994 	  0.7781 	 7.645274e+18 	 1.048423e+17 	 1.955350e-05 	 3.215910e-06 	 -1000.0000 	 -1000.0000 	 -1000.0000 	 -1000.0000 
	 93.2200 	 1.448413e-04 	 139.5856 	  0.7780 	 7.522333e+18 	 1.031738e+17 	 1.943207e-05 	 3.207166e-06 	 -1000.0000 	 -1000.0000 	 -1000.0000 	 -1000.0000 
	 93.5590 	 1.385494e-04 	 139.2259 	  0.7785 	 7.214147e+18 	 9.901887e+16 	 1.927873e-05 	 3.206425e-06 	 -1000.0000 	 -1000.0000 	 -1000.0000 	 -1000.0000 
	 93.6890 	 1.361939e-04 	 139.0647 	  0.7791 	 7.099746e+18 	 9.748623e+16 	 1.932623e-05 	 3.222690e-06 	 -1000.0000 	 -1000.0000 	 -1000.0000 	 -1000.0000 
	 93.8200 	 1.338454e-04 	 138.8884 	  0.7799 	 6.986214e+18 	 9.597063e+16 	 1.944981e-05 	 3.251458e-06 	 -1000.0000 	 -1000.0000 	 -1000.0000 	 -1000.0000 
	 93.9500 	 1.315420e-04 	 138.6957 	  0.7809 	 6.875557e+18 	 9.450026e+16 	 1.963636e-05 	 3.290465e-06 	 -1000.0000 	 -1000.0000 	 -1000.0000 	 -1000.0000 
