	 height_(km) 	 press_(mbar) 	 temp_(K) 	 temperr_(K) 	 numdens_(m-3) 	 numdenserr_(m-3) 	 H2Ovmr_() 	 H2Ovmrerr_() 	 D/H_(VSMOW) 	 D/Herr_(VSMOW) 	 18O/16O_(VSMOW) 	 18O/16Oerr_(VSMOW) 
	 21.1700 	 3.078597e-01 	 163.6563 	  3.3760 	 1.364973e+22 	 2.894715e+20 	 1.317585e-05 	 2.770575e-06 	 -1000.0000 	 -1000.0000 	 -1000.0000 	 -1000.0000 
	 21.3320 	 3.019913e-01 	 163.3963 	  3.2166 	 1.340666e+22 	 2.720509e+20 	 1.303114e-05 	 2.685257e-06 	 -1000.0000 	 -1000.0000 	 -1000.0000 	 -1000.0000 
	 21.4950 	 2.962004e-01 	 163.1905 	  3.0655 	 1.316294e+22 	 2.555966e+20 	 1.291574e-05 	 2.618676e-06 	 -1000.0000 	 -1000.0000 	 -1000.0000 	 -1000.0000 
	 21.6580 	 2.905220e-01 	 163.0388 	  2.9233 	 1.292026e+22 	 2.401779e+20 	 1.283165e-05 	 2.569569e-06 	 -1000.0000 	 -1000.0000 	 -1000.0000 	 -1000.0000 
	 21.8200 	 2.849883e-01 	 162.9398 	  2.7906 	 1.268024e+22 	 2.258391e+20 	 1.278025e-05 	 2.536544e-06 	 -1000.0000 	 -1000.0000 	 -1000.0000 	 -1000.0000 
	 22.3700 	 2.669993e-01 	 162.9637 	  2.4002 	 1.187629e+22 	 1.839392e+20 	 1.286432e-05 	 2.525186e-06 	 -1000.0000 	 -1000.0000 	 -1000.0000 	 -1000.0000 
	 22.5320 	 2.619299e-01 	 163.0695 	  2.3018 	 1.164333e+22 	 1.734344e+20 	 1.297253e-05 	 2.547165e-06 	 -1000.0000 	 -1000.0000 	 -1000.0000 	 -1000.0000 
	 22.6950 	 2.569318e-01 	 163.2179 	  2.2099 	 1.141100e+22 	 1.636344e+20 	 1.312408e-05 	 2.578921e-06 	 -1000.0000 	 -1000.0000 	 -1000.0000 	 -1000.0000 
	 22.8580 	 2.520352e-01 	 163.4065 	  2.1248 	 1.118089e+22 	 1.545649e+20 	 1.332155e-05 	 2.619143e-06 	 -1000.0000 	 -1000.0000 	 -1000.0000 	 -1000.0000 
	 23.0200 	 2.472675e-01 	 163.6319 	  2.0467 	 1.095456e+22 	 1.462341e+20 	 1.356701e-05 	 2.666193e-06 	 -1000.0000 	 -1000.0000 	 -1000.0000 	 -1000.0000 
	 23.5700 	 2.317973e-01 	 164.6550 	  1.8261 	 1.020591e+22 	 1.224830e+20 	 1.483133e-05 	 2.857360e-06 	 -1000.0000 	 -1000.0000 	 -1000.0000 	 -1000.0000 
	 23.7320 	 2.274457e-01 	 165.0249 	  1.7730 	 9.991844e+21 	 1.166616e+20 	 1.535510e-05 	 2.915894e-06 	 -1000.0000 	 -1000.0000 	 -1000.0000 	 -1000.0000 
	 23.8950 	 2.231589e-01 	 165.4253 	  1.7246 	 9.779710e+21 	 1.112697e+20 	 1.596235e-05 	 2.975641e-06 	 -1000.0000 	 -1000.0000 	 -1000.0000 	 -1000.0000 
	 24.0580 	 2.189623e-01 	 165.8520 	  1.6810 	 9.571000e+21 	 1.063032e+20 	 1.665441e-05 	 3.038483e-06 	  4.9555 	  1.1904 	 -1000.0000 	 -1000.0000 
	 24.2200 	 2.148795e-01 	 166.3003 	  1.6419 	 9.367124e+21 	 1.017478e+20 	 1.742627e-05 	 3.107940e-06 	  4.8878 	  1.1462 	 -1000.0000 	 -1000.0000 
	 24.7540 	 2.020255e-01 	 167.9185 	  1.5390 	 8.722059e+21 	 8.892905e+19 	 2.046571e-05 	 3.393326e-06 	  4.6743 	  1.0140 	 -1000.0000 	 -1000.0000 
	 24.9160 	 1.983051e-01 	 168.4384 	  1.5131 	 8.535051e+21 	 8.556996e+19 	 2.148542e-05 	 3.487557e-06 	  4.6174 	  0.9788 	 -1000.0000 	 -1000.0000 
	 25.0780 	 1.946663e-01 	 168.9649 	  1.4883 	 8.352313e+21 	 8.239509e+19 	 2.251667e-05 	 3.579544e-06 	  4.5662 	  0.9462 	 -1000.0000 	 -1000.0000 
	 25.2400 	 1.911080e-01 	 169.4943 	  1.4640 	 8.173974e+21 	 7.936911e+19 	 2.353528e-05 	 3.665101e-06 	  4.5221 	  0.9161 	 -1000.0000 	 -1000.0000 
	 25.4020 	 1.876291e-01 	 170.0226 	  1.4395 	 8.000163e+21 	 7.645670e+19 	 2.451852e-05 	 3.737825e-06 	  4.4858 	  0.8882 	 -1000.0000 	 -1000.0000 
	 25.9540 	 1.763483e-01 	 171.7723 	  1.3491 	 7.442510e+21 	 6.710419e+19 	 2.737399e-05 	 3.876439e-06 	  4.4220 	  0.8098 	 -1000.0000 	 -1000.0000 
	 26.1160 	 1.731931e-01 	 172.2650 	  1.3224 	 7.288473e+21 	 6.456598e+19 	 2.801190e-05 	 3.898525e-06 	  4.4204 	  0.7935 	 -1000.0000 	 -1000.0000 
	 26.2780 	 1.701020e-01 	 172.7461 	  1.2969 	 7.138473e+21 	 6.215422e+19 	 2.854406e-05 	 3.914508e-06 	  4.4258 	  0.7803 	 -1000.0000 	 -1000.0000 
	 26.4400 	 1.670713e-01 	 173.2147 	  1.2731 	 6.992327e+21 	 5.988720e+19 	 2.896954e-05 	 3.923461e-06 	  4.4376 	  0.7697 	 -1000.0000 	 -1000.0000 
	 26.6020 	 1.640974e-01 	 173.6696 	  1.2519 	 6.849853e+21 	 5.778325e+19 	 2.929347e-05 	 3.920341e-06 	  4.4553 	  0.7607 	 -1000.0000 	 -1000.0000 
	 27.1370 	 1.546512e-01 	 175.0757 	  1.2043 	 6.403461e+21 	 5.208544e+19 	 2.982161e-05 	 3.774237e-06 	  4.5401 	  0.7312 	 -1000.0000 	 -1000.0000 
	 27.2990 	 1.519059e-01 	 175.4816 	  1.1959 	 6.275208e+21 	 5.068423e+19 	 2.988794e-05 	 3.685711e-06 	  4.5686 	  0.7196 	 -1000.0000 	 -1000.0000 
	 27.4610 	 1.492158e-01 	 175.8834 	  1.1898 	 6.150012e+21 	 4.939889e+19 	 2.994210e-05 	 3.573188e-06 	  4.5960 	  0.7055 	 -1000.0000 	 -1000.0000 
	 27.6220 	 1.465982e-01 	 176.2818 	  1.1855 	 6.028529e+21 	 4.821676e+19 	 2.999910e-05 	 3.435193e-06 	  4.6208 	  0.6883 	 -1000.0000 	 -1000.0000 
	 27.7840 	 1.440215e-01 	 176.6847 	  1.1827 	 5.909162e+21 	 4.710350e+19 	 3.006864e-05 	 3.274378e-06 	  4.6420 	  0.6682 	 -1000.0000 	 -1000.0000 
	 28.3270 	 1.357998e-01 	 178.0619 	  1.1808 	 5.529069e+21 	 4.373215e+19 	 3.037186e-05 	 2.659596e-06 	  4.6840 	  0.5928 	 -1000.0000 	 -1000.0000 
	 28.4890 	 1.334597e-01 	 178.4681 	  1.1816 	 5.421444e+21 	 4.281103e+19 	 3.046279e-05 	 2.468154e-06 	  4.6882 	  0.5707 	 -1000.0000 	 -1000.0000 
	 28.6510 	 1.311649e-01 	 178.8643 	  1.1827 	 5.316393e+21 	 4.192273e+19 	 3.054380e-05 	 2.280812e-06 	  4.6890 	  0.5498 	 -1000.0000 	 -1000.0000 
	 28.8120 	 1.289258e-01 	 179.2440 	  1.1838 	 5.214499e+21 	 4.106910e+19 	 3.060927e-05 	 2.102649e-06 	  4.6868 	  0.5310 	 -1000.0000 	 -1000.0000 
	 28.9740 	 1.267109e-01 	 179.6073 	  1.1849 	 5.114451e+21 	 4.023616e+19 	 3.065812e-05 	 1.931960e-06 	  4.6819 	  0.5139 	 -1000.0000 	 -1000.0000 
	 29.5210 	 1.194850e-01 	 180.6603 	  1.1884 	 4.794442e+21 	 3.762207e+19 	 3.075376e-05 	 1.423527e-06 	  4.6469 	  0.4695 	  1.4165 	  0.1340 
	 29.6820 	 1.174341e-01 	 180.9223 	  1.1916 	 4.705318e+21 	 3.694372e+19 	 3.078741e-05 	 1.417248e-06 	  4.6311 	  0.4680 	  1.4058 	  0.1333 
	 29.8430 	 1.154198e-01 	 181.1657 	  1.1969 	 4.618424e+21 	 3.632551e+19 	 3.083221e-05 	 1.414533e-06 	  4.6132 	  0.4667 	  1.3945 	  0.1328 
	 30.0040 	 1.134433e-01 	 181.3924 	  1.2050 	 4.533715e+21 	 3.577789e+19 	 3.089024e-05 	 1.412472e-06 	  4.5932 	  0.4655 	  1.3827 	  0.1322 
	 30.1660 	 1.114938e-01 	 181.6052 	  1.2167 	 4.450645e+21 	 3.530866e+19 	 3.096011e-05 	 1.410947e-06 	  4.5710 	  0.4642 	  1.3705 	  0.1317 
	 30.6950 	 1.054058e-01 	 182.2107 	  1.2798 	 4.193776e+21 	 3.433362e+19 	 3.112013e-05 	 1.406180e-06 	  4.4894 	  0.4608 	  1.3294 	  0.1302 
	 30.8550 	 1.036431e-01 	 182.3686 	  1.3018 	 4.120085e+21 	 3.411799e+19 	 3.108101e-05 	 1.403319e-06 	  4.4651 	  0.4602 	  1.3174 	  0.1299 
	 31.0160 	 1.019031e-01 	 182.5162 	  1.3226 	 4.047636e+21 	 3.388712e+19 	 3.097202e-05 	 1.433614e-06 	  4.4423 	  0.4622 	  1.3058 	  0.1304 
	 31.1770 	 1.001951e-01 	 182.6527 	  1.3406 	 3.976797e+21 	 3.361317e+19 	 3.078093e-05 	 1.522056e-06 	  4.4226 	  0.4688 	  1.2948 	  0.1322 
	 31.3370 	 9.852763e-02 	 182.7776 	  1.3541 	 3.907896e+21 	 3.326941e+19 	 3.050614e-05 	 1.583521e-06 	  4.4074 	  0.4746 	  1.2847 	  0.1337 
	 31.8850 	 9.302463e-02 	 183.1508 	  1.3565 	 3.681839e+21 	 3.134027e+19 	 2.914741e-05 	 1.508218e-06 	  4.4013 	  0.4814 	  1.2596 	  0.1342 
	 32.0450 	 9.147723e-02 	 183.2655 	  1.3469 	 3.618296e+21 	 3.060745e+19 	 2.873177e-05 	 1.440053e-06 	  4.4143 	  0.4817 	  1.2557 	  0.1338 
	 32.2060 	 8.994703e-02 	 183.3950 	  1.3343 	 3.555271e+21 	 2.982949e+19 	 2.835210e-05 	 1.365319e-06 	  4.4343 	  0.4821 	  1.2537 	  0.1333 
	 32.3670 	 8.844371e-02 	 183.5454 	  1.3200 	 3.493051e+21 	 2.903148e+19 	 2.803572e-05 	 1.331336e-06 	  4.4609 	  0.4857 	  1.2535 	  0.1338 
	 32.5270 	 8.697625e-02 	 183.7218 	  1.3050 	 3.431901e+21 	 2.823897e+19 	 2.780227e-05 	 1.326453e-06 	  4.4931 	  0.4916 	  1.2551 	  0.1349 
	 33.0590 	 8.228426e-02 	 184.5266 	  1.2604 	 3.232954e+21 	 2.580625e+19 	 2.763830e-05 	 1.324211e-06 	  4.6276 	  0.5121 	  1.2691 	  0.1387 
	 33.2190 	 8.092761e-02 	 184.8082 	  1.2503 	 3.174826e+21 	 2.515905e+19 	 2.775212e-05 	 1.327396e-06 	  4.6726 	  0.5183 	  1.2744 	  0.1398 
	 33.3790 	 7.959518e-02 	 185.0920 	  1.2424 	 3.117730e+21 	 2.455768e+19 	 2.792184e-05 	 1.332051e-06 	  4.7181 	  0.5243 	  1.2795 	  0.1408 
	 33.5390 	 7.828643e-02 	 185.3690 	  1.2369 	 3.061801e+21 	 2.400594e+19 	 2.813058e-05 	 1.337912e-06 	  4.7630 	  0.5302 	  1.2842 	  0.1417 
	 33.6990 	 7.700080e-02 	 185.6303 	  1.2344 	 3.007177e+21 	 2.350764e+19 	 2.835952e-05 	 1.344627e-06 	  4.8061 	  0.5358 	  1.2882 	  0.1426 
	 34.2490 	 7.275049e-02 	 186.3156 	  1.2482 	 2.830565e+21 	 2.220256e+19 	 2.907914e-05 	 1.368922e-06 	  4.9320 	  0.5533 	  1.2958 	  0.1448 
	 34.4090 	 7.156125e-02 	 186.4463 	  1.2565 	 2.782353e+21 	 2.190924e+19 	 2.921394e-05 	 1.374918e-06 	  4.9603 	  0.5577 	  1.2963 	  0.1453 
	 34.5690 	 7.039242e-02 	 186.5454 	  1.2654 	 2.735478e+21 	 2.163614e+19 	 2.930198e-05 	 1.379979e-06 	  4.9836 	  0.5618 	  1.2960 	  0.1458 
	 34.7290 	 6.924353e-02 	 186.6129 	  1.2740 	 2.689890e+21 	 2.137292e+19 	 2.934407e-05 	 1.383995e-06 	  5.0019 	  0.5656 	  1.2949 	  0.1462 
	 34.8890 	 6.811410e-02 	 186.6482 	  1.2817 	 2.645538e+21 	 2.110924e+19 	 2.934575e-05 	 1.387025e-06 	  5.0153 	  0.5690 	  1.2930 	  0.1466 
	 35.4320 	 6.441937e-02 	 186.5464 	  1.2947 	 2.503383e+21 	 2.012310e+19 	 2.918834e-05 	 1.393838e-06 	  5.0289 	  0.5783 	  1.2806 	  0.1476 
	 35.5920 	 6.336912e-02 	 186.4684 	  1.2954 	 2.463594e+21 	 1.981134e+19 	 2.913984e-05 	 1.396252e-06 	  5.0248 	  0.5810 	  1.2755 	  0.1478 
	 35.7520 	 6.233530e-02 	 186.3782 	  1.2955 	 2.424581e+21 	 1.949646e+19 	 2.910540e-05 	 1.399403e-06 	  5.0183 	  0.5963 	  1.2701 	  0.1480 
	 35.9110 	 6.132361e-02 	 186.2816 	  1.2952 	 2.386480e+21 	 1.918408e+19 	 2.908971e-05 	 1.403493e-06 	  5.0101 	  0.6121 	  1.2646 	  0.1482 
	 36.0710 	 6.032074e-02 	 186.1828 	  1.2949 	 2.348712e+21 	 1.887392e+19 	 2.909571e-05 	 1.408734e-06 	  5.0007 	  0.6293 	  1.2590 	  0.1484 
	 36.6020 	 5.709754e-02 	 185.9036 	  1.2973 	 2.226531e+21 	 1.790261e+19 	 2.927286e-05 	 1.433834e-06 	  4.9635 	  0.6942 	  1.2403 	  0.1493 
	 36.7620 	 5.615895e-02 	 185.8486 	  1.2988 	 2.190570e+21 	 1.762474e+19 	 2.936710e-05 	 1.443270e-06 	  4.9512 	  0.7149 	  1.2344 	  0.1495 
	 36.9220 	 5.523616e-02 	 185.8135 	  1.3005 	 2.154982e+21 	 1.735121e+19 	 2.947728e-05 	 1.453359e-06 	  4.9383 	  0.7356 	  1.2283 	  0.1498 
	 37.0810 	 5.433518e-02 	 185.8016 	  1.3021 	 2.119972e+21 	 1.708224e+19 	 2.960060e-05 	 1.463894e-06 	  4.9248 	  0.7560 	 -1000.0000 	 -1000.0000 
	 37.2410 	 5.344506e-02 	 185.8164 	  1.3036 	 2.085088e+21 	 1.681305e+19 	 2.973464e-05 	 1.474798e-06 	  4.9106 	  0.7761 	 -1000.0000 	 -1000.0000 
	 37.7820 	 5.055902e-02 	 186.0962 	  1.3065 	 1.969552e+21 	 1.589747e+19 	 3.019167e-05 	 1.511343e-06 	  4.8628 	  0.8435 	 -1000.0000 	 -1000.0000 
	 37.9420 	 4.973957e-02 	 186.2466 	  1.3063 	 1.936065e+21 	 1.562209e+19 	 3.030662e-05 	 1.521312e-06 	  4.8508 	  0.8639 	 -1000.0000 	 -1000.0000 
	 38.1020 	 4.893423e-02 	 186.4265 	  1.3056 	 1.902876e+21 	 1.534344e+19 	 3.040474e-05 	 1.530594e-06 	  4.8407 	  0.8849 	 -1000.0000 	 -1000.0000 
	 38.2610 	 4.814708e-02 	 186.6339 	  1.3041 	 1.870181e+21 	 1.506267e+19 	 3.048303e-05 	 1.539016e-06 	  4.8329 	  0.9065 	 -1000.0000 	 -1000.0000 
	 38.4210 	 4.736742e-02 	 186.8705 	  1.3020 	 1.837564e+21 	 1.477559e+19 	 3.054171e-05 	 1.546661e-06 	  4.8276 	  0.9287 	 -1000.0000 	 -1000.0000 
	 38.9560 	 4.484498e-02 	 187.8479 	  1.2894 	 1.730670e+21 	 1.378342e+19 	 3.059521e-05 	 1.566893e-06 	  4.8301 	  1.0070 	 -1000.0000 	 -1000.0000 
	 39.1150 	 4.412142e-02 	 188.1835 	  1.2843 	 1.699708e+21 	 1.348473e+19 	 3.114618e-05 	 2.839050e-06 	 -1000.0000 	 -1000.0000 	 -1000.0000 	 -1000.0000 
	 39.2740 	 4.341060e-02 	 188.5345 	  1.2789 	 1.669205e+21 	 1.318757e+19 	 3.108885e-05 	 2.831555e-06 	 -1000.0000 	 -1000.0000 	 -1000.0000 	 -1000.0000 
	 39.4340 	 4.270864e-02 	 188.9005 	  1.2733 	 1.639024e+21 	 1.289195e+19 	 3.102896e-05 	 2.824156e-06 	 -1000.0000 	 -1000.0000 	 -1000.0000 	 -1000.0000 
	 39.5930 	 4.202474e-02 	 189.2738 	  1.2675 	 1.609594e+21 	 1.260343e+19 	 3.096661e-05 	 2.817027e-06 	 -1000.0000 	 -1000.0000 	 -1000.0000 	 -1000.0000 
	 40.1300 	 3.981700e-02 	 190.5539 	  1.2484 	 1.514838e+21 	 1.168556e+19 	 3.072142e-05 	 2.794221e-06 	 -1000.0000 	 -1000.0000 	 -1000.0000 	 -1000.0000 
	 40.2880 	 3.919494e-02 	 190.9132 	  1.2429 	 1.488374e+21 	 1.143339e+19 	 3.063186e-05 	 2.786886e-06 	 -1000.0000 	 -1000.0000 	 -1000.0000 	 -1000.0000 
	 40.4470 	 3.858008e-02 	 191.2552 	  1.2374 	 1.462403e+21 	 1.118793e+19 	 3.053002e-05 	 2.778652e-06 	 -1000.0000 	 -1000.0000 	 -1000.0000 	 -1000.0000 
	 40.6060 	 3.797558e-02 	 191.5711 	  1.2320 	 1.437102e+21 	 1.095087e+19 	 3.041435e-05 	 2.769245e-06 	 -1000.0000 	 -1000.0000 	 -1000.0000 	 -1000.0000 
	 40.7650 	 3.738060e-02 	 191.8544 	  1.2266 	 1.412478e+21 	 1.072224e+19 	 3.028275e-05 	 2.758346e-06 	 -1000.0000 	 -1000.0000 	 -1000.0000 	 -1000.0000 
	 41.3100 	 3.540554e-02 	 192.5140 	  1.2085 	 1.333219e+21 	 1.000361e+19 	 2.969524e-05 	 2.707423e-06 	 -1000.0000 	 -1000.0000 	 -1000.0000 	 -1000.0000 
	 41.4680 	 3.485144e-02 	 192.6118 	  1.2037 	 1.311689e+21 	 9.814555e+18 	 2.948891e-05 	 2.689396e-06 	 -1000.0000 	 -1000.0000 	 -1000.0000 	 -1000.0000 
	 41.6270 	 3.430244e-02 	 192.6683 	  1.1993 	 1.290655e+21 	 9.633284e+18 	 2.926756e-05 	 2.670243e-06 	 -1000.0000 	 -1000.0000 	 -1000.0000 	 -1000.0000 
	 41.7860 	 3.376221e-02 	 192.6830 	  1.1952 	 1.270242e+21 	 9.461150e+18 	 2.903392e-05 	 2.650337e-06 	 -1000.0000 	 -1000.0000 	 -1000.0000 	 -1000.0000 
	 41.9450 	 3.323085e-02 	 192.6562 	  1.1918 	 1.250435e+21 	 9.298283e+18 	 2.878944e-05 	 2.629940e-06 	 -1000.0000 	 -1000.0000 	 -1000.0000 	 -1000.0000 
	 42.4730 	 3.152980e-02 	 192.2746 	  1.1841 	 1.188789e+21 	 8.820105e+18 	 2.793880e-05 	 2.561959e-06 	 -1000.0000 	 -1000.0000 	 -1000.0000 	 -1000.0000 
	 42.6320 	 3.103549e-02 	 192.0738 	  1.1823 	 1.171373e+21 	 8.690537e+18 	 2.769501e-05 	 2.542359e-06 	 -1000.0000 	 -1000.0000 	 -1000.0000 	 -1000.0000 
	 42.7900 	 3.055184e-02 	 191.8359 	  1.1803 	 1.154547e+21 	 8.565983e+18 	 2.747089e-05 	 2.523713e-06 	 -1000.0000 	 -1000.0000 	 -1000.0000 	 -1000.0000 
	 42.9480 	 3.007535e-02 	 191.5605 	  1.1779 	 1.138174e+21 	 8.444256e+18 	 2.727181e-05 	 2.506134e-06 	 -1000.0000 	 -1000.0000 	 -1000.0000 	 -1000.0000 
	 43.1070 	 2.960269e-02 	 191.2461 	  1.1749 	 1.122127e+21 	 8.323243e+18 	 2.710381e-05 	 2.489764e-06 	 -1000.0000 	 -1000.0000 	 -1000.0000 	 -1000.0000 
	 43.6500 	 2.803627e-02 	 189.9063 	  1.1584 	 1.070238e+21 	 7.910373e+18 	 2.682351e-05 	 2.445731e-06 	 -1000.0000 	 -1000.0000 	 -1000.0000 	 -1000.0000 
	 43.8080 	 2.759391e-02 	 189.4482 	  1.1524 	 1.055899e+21 	 7.792102e+18 	 2.681202e-05 	 2.436028e-06 	 -1000.0000 	 -1000.0000 	 -1000.0000 	 -1000.0000 
	 43.9670 	 2.715474e-02 	 188.9607 	  1.1462 	 1.041777e+21 	 7.675344e+18 	 2.682172e-05 	 2.427413e-06 	 -1000.0000 	 -1000.0000 	 -1000.0000 	 -1000.0000 
	 44.1260 	 2.672151e-02 	 188.4493 	  1.1400 	 1.027941e+21 	 7.561648e+18 	 2.684681e-05 	 2.419799e-06 	 -1000.0000 	 -1000.0000 	 -1000.0000 	 -1000.0000 
	 44.2850 	 2.629417e-02 	 187.9166 	  1.1341 	 1.014372e+21 	 7.451805e+18 	 2.688133e-05 	 2.413039e-06 	 -1000.0000 	 -1000.0000 	 -1000.0000 	 -1000.0000 
	 44.8130 	 2.491619e-02 	 186.0322 	  1.1182 	 9.709398e+20 	 7.119405e+18 	 2.699340e-05 	 2.393962e-06 	 -1000.0000 	 -1000.0000 	 -1000.0000 	 -1000.0000 
	 44.9720 	 2.451309e-02 	 185.4439 	  1.1143 	 9.582594e+20 	 7.027211e+18 	 2.700849e-05 	 2.387894e-06 	 -1000.0000 	 -1000.0000 	 -1000.0000 	 -1000.0000 
	 45.1300 	 2.411771e-02 	 184.8565 	  1.1107 	 9.457990e+20 	 6.937999e+18 	 2.700712e-05 	 2.381045e-06 	 -1000.0000 	 -1000.0000 	 -1000.0000 	 -1000.0000 
	 45.2880 	 2.372735e-02 	 184.2700 	  1.1073 	 9.334544e+20 	 6.850494e+18 	 2.698507e-05 	 2.373002e-06 	 -1000.0000 	 -1000.0000 	 -1000.0000 	 -1000.0000 
	 45.4470 	 2.333944e-02 	 183.6847 	  1.1040 	 9.211244e+20 	 6.763464e+18 	 2.693760e-05 	 2.363321e-06 	 -1000.0000 	 -1000.0000 	 -1000.0000 	 -1000.0000 
	 45.9830 	 2.206701e-02 	 181.7763 	  1.0939 	 8.800617e+20 	 6.476760e+18 	 2.657300e-05 	 2.317105e-06 	 -1000.0000 	 -1000.0000 	 -1000.0000 	 -1000.0000 
	 46.1420 	 2.170012e-02 	 181.2255 	  1.0926 	 8.680603e+20 	 6.398548e+18 	 2.642427e-05 	 2.300794e-06 	 -1000.0000 	 -1000.0000 	 -1000.0000 	 -1000.0000 
	 46.3000 	 2.134044e-02 	 180.6817 	  1.0928 	 8.562398e+20 	 6.326750e+18 	 2.627027e-05 	 2.284294e-06 	 -1000.0000 	 -1000.0000 	 -1000.0000 	 -1000.0000 
	 46.4580 	 2.098571e-02 	 180.1397 	  1.0948 	 8.445379e+20 	 6.262427e+18 	 2.611688e-05 	 2.267997e-06 	 -1000.0000 	 -1000.0000 	 -1000.0000 	 -1000.0000 
	 46.6170 	 2.063380e-02 	 179.5940 	  1.0991 	 8.328953e+20 	 6.206833e+18 	 2.596999e-05 	 2.252301e-06 	 -1000.0000 	 -1000.0000 	 -1000.0000 	 -1000.0000 
	 47.1510 	 1.948942e-02 	 177.7468 	  1.1317 	 7.948757e+20 	 6.092749e+18 	 2.559498e-05 	 2.208732e-06 	 -1000.0000 	 -1000.0000 	 -1000.0000 	 -1000.0000 
	 47.3080 	 1.916383e-02 	 177.2028 	  1.1448 	 7.839980e+20 	 6.072727e+18 	 2.552159e-05 	 2.198171e-06 	 -1000.0000 	 -1000.0000 	 -1000.0000 	 -1000.0000 
	 47.4660 	 1.884104e-02 	 176.6571 	  1.1584 	 7.731754e+20 	 6.054053e+18 	 2.546359e-05 	 2.188178e-06 	 -1000.0000 	 -1000.0000 	 -1000.0000 	 -1000.0000 
	 47.6230 	 1.852508e-02 	 176.1182 	  1.1717 	 7.625373e+20 	 6.034340e+18 	 2.542112e-05 	 2.178660e-06 	 -1000.0000 	 -1000.0000 	 -1000.0000 	 -1000.0000 
	 47.7800 	 1.821385e-02 	 175.5838 	  1.1841 	 7.520074e+20 	 6.010859e+18 	 2.539319e-05 	 2.169332e-06 	 -1000.0000 	 -1000.0000 	 -1000.0000 	 -1000.0000 
	 48.3110 	 1.719517e-02 	 173.8332 	  1.2123 	 7.170766e+20 	 5.874057e+18 	 2.537843e-05 	 2.136856e-06 	 -1000.0000 	 -1000.0000 	 -1000.0000 	 -1000.0000 
	 48.4680 	 1.690352e-02 	 173.3427 	  1.2144 	 7.069037e+20 	 5.811099e+18 	 2.537720e-05 	 2.126643e-06 	 -1000.0000 	 -1000.0000 	 -1000.0000 	 -1000.0000 
	 48.6260 	 1.661416e-02 	 172.8668 	  1.2127 	 6.967145e+20 	 5.735197e+18 	 2.536650e-05 	 2.115971e-06 	 -1000.0000 	 -1000.0000 	 -1000.0000 	 -1000.0000 
	 48.7830 	 1.633061e-02 	 172.4143 	  1.2068 	 6.866251e+20 	 5.646110e+18 	 2.534040e-05 	 2.104913e-06 	 -1000.0000 	 -1000.0000 	 -1000.0000 	 -1000.0000 
	 48.9400 	 1.605089e-02 	 171.9850 	  1.1962 	 6.765582e+20 	 5.542205e+18 	 2.529284e-05 	 2.093341e-06 	 -1000.0000 	 -1000.0000 	 -1000.0000 	 -1000.0000 
	 49.4810 	 1.511501e-02 	 170.6764 	  1.1242 	 6.420466e+20 	 5.078083e+18 	 2.492957e-05 	 2.049787e-06 	 -1000.0000 	 -1000.0000 	 -1000.0000 	 -1000.0000 
	 49.6380 	 1.485153e-02 	 170.3150 	  1.0980 	 6.321982e+20 	 4.929740e+18 	 2.478650e-05 	 2.036851e-06 	 -1000.0000 	 -1000.0000 	 -1000.0000 	 -1000.0000 
	 49.7960 	 1.459008e-02 	 169.9415 	  1.0723 	 6.224299e+20 	 4.783966e+18 	 2.463852e-05 	 2.024138e-06 	 -1000.0000 	 -1000.0000 	 -1000.0000 	 -1000.0000 
	 49.9530 	 1.433402e-02 	 169.5509 	  1.0489 	 6.129024e+20 	 4.647948e+18 	 2.449471e-05 	 2.012051e-06 	 -1000.0000 	 -1000.0000 	 -1000.0000 	 -1000.0000 
	 50.1100 	 1.408169e-02 	 169.1310 	  1.0293 	 6.035900e+20 	 4.526063e+18 	 2.436133e-05 	 2.000748e-06 	 -1000.0000 	 -1000.0000 	 -1000.0000 	 -1000.0000 
	 50.6340 	 1.326673e-02 	 167.4536 	  1.0023 	 5.743074e+20 	 4.257370e+18 	 2.403982e-05 	 1.969499e-06 	 -1000.0000 	 -1000.0000 	 -1000.0000 	 -1000.0000 
	 50.7910 	 1.303072e-02 	 166.8869 	  1.0032 	 5.660048e+20 	 4.209279e+18 	 2.396828e-05 	 1.960917e-06 	 -1000.0000 	 -1000.0000 	 -1000.0000 	 -1000.0000 
	 50.9480 	 1.279847e-02 	 166.3037 	  1.0064 	 5.578719e+20 	 4.169688e+18 	 2.389939e-05 	 1.951998e-06 	 -1000.0000 	 -1000.0000 	 -1000.0000 	 -1000.0000 
	 51.1050 	 1.256998e-02 	 165.7112 	  1.0108 	 5.498815e+20 	 4.134954e+18 	 2.382817e-05 	 1.942349e-06 	 -1000.0000 	 -1000.0000 	 -1000.0000 	 -1000.0000 
	 51.2620 	 1.234525e-02 	 165.1169 	  1.0155 	 5.420069e+20 	 4.101436e+18 	 2.374966e-05 	 1.931575e-06 	 -1000.0000 	 -1000.0000 	 -1000.0000 	 -1000.0000 
	 51.7940 	 1.161100e-02 	 163.1593 	  1.0232 	 5.159075e+20 	 3.962993e+18 	 2.338274e-05 	 1.884208e-06 	 -1000.0000 	 -1000.0000 	 -1000.0000 	 -1000.0000 
	 51.9510 	 1.140176e-02 	 162.6016 	  1.0227 	 5.083469e+20 	 3.913885e+18 	 2.324298e-05 	 1.867982e-06 	 -1000.0000 	 -1000.0000 	 -1000.0000 	 -1000.0000 
	 52.1080 	 1.119558e-02 	 162.0523 	  1.0210 	 5.008432e+20 	 3.861718e+18 	 2.308960e-05 	 1.851378e-06 	 -1000.0000 	 -1000.0000 	 -1000.0000 	 -1000.0000 
	 52.2650 	 1.099229e-02 	 161.5111 	  1.0182 	 4.933921e+20 	 3.806895e+18 	 2.292300e-05 	 1.834758e-06 	 -1000.0000 	 -1000.0000 	 -1000.0000 	 -1000.0000 
	 52.4220 	 1.079171e-02 	 160.9777 	  1.0144 	 4.859896e+20 	 3.749818e+18 	 2.274360e-05 	 1.818481e-06 	 -1000.0000 	 -1000.0000 	 -1000.0000 	 -1000.0000 
	 52.9480 	 1.013813e-02 	 159.2354 	  0.9958 	 4.615483e+20 	 3.547692e+18 	 2.206308e-05 	 1.769386e-06 	 -1000.0000 	 -1000.0000 	 -1000.0000 	 -1000.0000 
	 53.1050 	 9.948847e-03 	 158.7209 	  0.9890 	 4.543997e+20 	 3.485947e+18 	 2.184553e-05 	 1.756144e-06 	 -1000.0000 	 -1000.0000 	 -1000.0000 	 -1000.0000 
	 53.2610 	 9.763614e-03 	 158.2080 	  0.9820 	 4.473857e+20 	 3.424809e+18 	 2.162763e-05 	 1.743404e-06 	 -1000.0000 	 -1000.0000 	 -1000.0000 	 -1000.0000 
	 53.4180 	 9.580180e-03 	 157.6879 	  0.9747 	 4.404290e+20 	 3.363979e+18 	 2.140933e-05 	 1.730874e-06 	 -1000.0000 	 -1000.0000 	 -1000.0000 	 -1000.0000 
	 53.5740 	 9.400997e-03 	 157.1649 	  0.9675 	 4.336307e+20 	 3.304712e+18 	 2.119611e-05 	 1.718589e-06 	 -1000.0000 	 -1000.0000 	 -1000.0000 	 -1000.0000 
	 54.1080 	 8.811491e-03 	 155.2992 	  0.9452 	 4.113291e+20 	 3.116854e+18 	 2.053678e-05 	 1.677421e-06 	 -1000.0000 	 -1000.0000 	 -1000.0000 	 -1000.0000 
	 54.2650 	 8.644723e-03 	 154.7218 	  0.9402 	 4.050514e+20 	 3.067608e+18 	 2.037981e-05 	 1.666332e-06 	 -1000.0000 	 -1000.0000 	 -1000.0000 	 -1000.0000 
	 54.4210 	 8.481674e-03 	 154.1323 	  0.9364 	 3.989315e+20 	 3.022044e+18 	 2.024814e-05 	 1.656218e-06 	 -1000.0000 	 -1000.0000 	 -1000.0000 	 -1000.0000 
	 54.5780 	 8.320090e-03 	 153.5216 	  0.9339 	 3.928868e+20 	 2.979952e+18 	 2.014439e-05 	 1.647197e-06 	 -1000.0000 	 -1000.0000 	 -1000.0000 	 -1000.0000 
	 54.7340 	 8.161869e-03 	 152.8959 	  0.9330 	 3.869898e+20 	 2.942243e+18 	 2.007413e-05 	 1.639633e-06 	 -1000.0000 	 -1000.0000 	 -1000.0000 	 -1000.0000 
	 55.2720 	 7.632481e-03 	 150.5903 	  0.9425 	 3.674191e+20 	 2.843490e+18 	 2.009460e-05 	 1.625471e-06 	 -1000.0000 	 -1000.0000 	 -1000.0000 	 -1000.0000 
	 55.4280 	 7.483680e-03 	 149.8894 	  0.9474 	 3.619401e+20 	 2.820531e+18 	 2.015019e-05 	 1.623777e-06 	 -1000.0000 	 -1000.0000 	 -1000.0000 	 -1000.0000 
	 55.5840 	 7.337041e-03 	 149.1800 	  0.9524 	 3.565365e+20 	 2.798163e+18 	 2.021234e-05 	 1.622518e-06 	 -1000.0000 	 -1000.0000 	 -1000.0000 	 -1000.0000 
	 55.7400 	 7.192590e-03 	 148.4657 	  0.9569 	 3.512011e+20 	 2.775302e+18 	 2.027230e-05 	 1.621334e-06 	 -1000.0000 	 -1000.0000 	 -1000.0000 	 -1000.0000 
	 55.8960 	 7.050356e-03 	 147.7498 	  0.9605 	 3.459271e+20 	 2.750865e+18 	 2.032136e-05 	 1.619865e-06 	 -1000.0000 	 -1000.0000 	 -1000.0000 	 -1000.0000 
	 56.4220 	 6.587149e-03 	 145.3578 	  0.9616 	 3.285221e+20 	 2.648430e+18 	 2.032605e-05 	 1.609026e-06 	 -1000.0000 	 -1000.0000 	 -1000.0000 	 -1000.0000 
	 56.5780 	 6.454455e-03 	 144.6579 	  0.9593 	 3.234612e+20 	 2.613202e+18 	 2.027725e-05 	 1.603524e-06 	 -1000.0000 	 -1000.0000 	 -1000.0000 	 -1000.0000 
	 56.7340 	 6.323802e-03 	 143.9629 	  0.9562 	 3.184429e+20 	 2.576689e+18 	 2.020691e-05 	 1.596796e-06 	 -1000.0000 	 -1000.0000 	 -1000.0000 	 -1000.0000 
	 56.8900 	 6.195131e-03 	 143.2730 	  0.9527 	 3.134651e+20 	 2.539416e+18 	 2.011582e-05 	 1.588745e-06 	 -1000.0000 	 -1000.0000 	 -1000.0000 	 -1000.0000 
	 57.0460 	 6.068386e-03 	 142.5886 	  0.9489 	 3.085256e+20 	 2.501906e+18 	 2.000479e-05 	 1.579271e-06 	 -1000.0000 	 -1000.0000 	 -1000.0000 	 -1000.0000 
	 57.5760 	 5.651669e-03 	 140.2970 	  0.9375 	 2.920369e+20 	 2.379179e+18 	 1.948741e-05 	 1.535767e-06 	 -1000.0000 	 -1000.0000 	 -1000.0000 	 -1000.0000 
	 57.7310 	 5.533884e-03 	 139.6275 	  0.9354 	 2.873224e+20 	 2.346194e+18 	 1.929644e-05 	 1.519926e-06 	 -1000.0000 	 -1000.0000 	 -1000.0000 	 -1000.0000 
	 57.8870 	 5.417242e-03 	 138.9491 	  0.9343 	 2.826392e+20 	 2.314980e+18 	 1.908653e-05 	 1.502690e-06 	 -1000.0000 	 -1000.0000 	 -1000.0000 	 -1000.0000 
	 58.0420 	 5.303256e-03 	 138.2677 	  0.9343 	 2.780545e+20 	 2.286298e+18 	 1.886060e-05 	 1.484357e-06 	 -1000.0000 	 -1000.0000 	 -1000.0000 	 -1000.0000 
	 58.1980 	 5.190477e-03 	 137.5717 	  0.9357 	 2.735162e+20 	 2.260141e+18 	 1.861596e-05 	 1.464763e-06 	 -1000.0000 	 -1000.0000 	 -1000.0000 	 -1000.0000 
	 58.7190 	 4.827932e-03 	 135.1578 	  0.9509 	 2.589488e+20 	 2.193886e+18 	 1.767543e-05 	 1.392435e-06 	 -1000.0000 	 -1000.0000 	 -1000.0000 	 -1000.0000 
	 58.8740 	 4.724110e-03 	 134.4215 	  0.9578 	 2.547678e+20 	 2.178845e+18 	 1.735881e-05 	 1.369558e-06 	 -1000.0000 	 -1000.0000 	 -1000.0000 	 -1000.0000 
	 59.0290 	 4.622050e-03 	 133.6822 	  0.9653 	 2.506429e+20 	 2.164972e+18 	 1.702518e-05 	 1.346404e-06 	 -1000.0000 	 -1000.0000 	 -1000.0000 	 -1000.0000 
	 59.1850 	 4.521058e-03 	 132.9382 	  0.9733 	 2.465399e+20 	 2.151636e+18 	 1.667215e-05 	 1.323019e-06 	 -1000.0000 	 -1000.0000 	 -1000.0000 	 -1000.0000 
	 59.3400 	 4.422380e-03 	 132.2020 	  0.9812 	 2.425035e+20 	 2.138459e+18 	 1.630416e-05 	 1.299898e-06 	 -1000.0000 	 -1000.0000 	 -1000.0000 	 -1000.0000 
	 59.8760 	 4.093436e-03 	 129.7194 	  1.0071 	 2.287645e+20 	 2.088271e+18 	 1.493293e-05 	 1.223275e-06 	 -1000.0000 	 -1000.0000 	 -1000.0000 	 -1000.0000 
	 60.0310 	 4.001845e-03 	 129.0300 	  1.0143 	 2.248414e+20 	 2.072478e+18 	 1.453916e-05 	 1.202617e-06 	 -1000.0000 	 -1000.0000 	 -1000.0000 	 -1000.0000 
	 60.1870 	 3.911270e-03 	 128.3534 	  1.0216 	 2.209114e+20 	 2.056232e+18 	 1.416109e-05 	 1.182727e-06 	 -1000.0000 	 -1000.0000 	 -1000.0000 	 -1000.0000 
	 60.3420 	 3.822876e-03 	 127.7008 	  1.0290 	 2.170223e+20 	 2.039866e+18 	 1.381288e-05 	 1.163981e-06 	 -1000.0000 	 -1000.0000 	 -1000.0000 	 -1000.0000 
	 60.4980 	 3.735525e-03 	 127.0663 	  1.0369 	 2.131216e+20 	 2.023296e+18 	 1.349943e-05 	 1.146258e-06 	 -1000.0000 	 -1000.0000 	 -1000.0000 	 -1000.0000 
	 61.0290 	 3.450310e-03 	 125.1127 	  1.0674 	 1.999104e+20 	 1.967073e+18 	 1.278172e-05 	 1.096072e-06 	 -1000.0000 	 -1000.0000 	 -1000.0000 	 -1000.0000 
	 61.1840 	 3.370536e-03 	 124.6182 	  1.0776 	 1.960610e+20 	 1.950473e+18 	 1.265943e-05 	 1.084756e-06 	 -1000.0000 	 -1000.0000 	 -1000.0000 	 -1000.0000 
	 61.3390 	 3.292306e-03 	 124.1654 	  1.0885 	 1.922090e+20 	 1.933614e+18 	 1.256551e-05 	 1.075108e-06 	 -1000.0000 	 -1000.0000 	 -1000.0000 	 -1000.0000 
	 61.4950 	 3.215116e-03 	 123.7561 	  1.1002 	 1.883263e+20 	 1.916290e+18 	 1.249339e-05 	 1.067171e-06 	 -1000.0000 	 -1000.0000 	 -1000.0000 	 -1000.0000 
	 61.6500 	 3.139939e-03 	 123.3997 	  1.1126 	 1.844595e+20 	 1.898624e+18 	 1.243781e-05 	 1.061138e-06 	 -1000.0000 	 -1000.0000 	 -1000.0000 	 -1000.0000 
	 62.1690 	 2.899122e-03 	 122.5859 	  1.1589 	 1.714637e+20 	 1.834809e+18 	 1.232190e-05 	 1.054195e-06 	 -1000.0000 	 -1000.0000 	 -1000.0000 	 -1000.0000 
	 62.3240 	 2.830479e-03 	 122.4370 	  1.1732 	 1.676089e+20 	 1.813866e+18 	 1.231468e-05 	 1.055219e-06 	 -1000.0000 	 -1000.0000 	 -1000.0000 	 -1000.0000 
	 62.4790 	 2.763359e-03 	 122.3198 	  1.1870 	 1.637891e+20 	 1.791822e+18 	 1.232542e-05 	 1.057174e-06 	 -1000.0000 	 -1000.0000 	 -1000.0000 	 -1000.0000 
	 62.6350 	 2.697354e-03 	 122.2271 	  1.2002 	 1.599931e+20 	 1.768388e+18 	 1.235741e-05 	 1.059804e-06 	 -1000.0000 	 -1000.0000 	 -1000.0000 	 -1000.0000 
	 62.7900 	 2.633318e-03 	 122.1537 	  1.2123 	 1.562825e+20 	 1.743734e+18 	 1.241329e-05 	 1.062794e-06 	 -1000.0000 	 -1000.0000 	 -1000.0000 	 -1000.0000 
	 63.3170 	 2.427045e-03 	 121.9754 	  1.2439 	 1.442426e+20 	 1.650228e+18 	 1.277409e-05 	 1.072228e-06 	 -1000.0000 	 -1000.0000 	 -1000.0000 	 -1000.0000 
	 63.4710 	 2.369963e-03 	 121.9378 	  1.2517 	 1.408943e+20 	 1.621684e+18 	 1.289613e-05 	 1.073848e-06 	 -1000.0000 	 -1000.0000 	 -1000.0000 	 -1000.0000 
	 63.6250 	 2.314243e-03 	 121.9054 	  1.2596 	 1.376195e+20 	 1.593494e+18 	 1.300681e-05 	 1.074549e-06 	 -1000.0000 	 -1000.0000 	 -1000.0000 	 -1000.0000 
	 63.7790 	 2.259841e-03 	 121.8776 	  1.2682 	 1.344165e+20 	 1.566162e+18 	 1.309566e-05 	 1.074111e-06 	 -1000.0000 	 -1000.0000 	 -1000.0000 	 -1000.0000 
	 63.9330 	 2.206712e-03 	 121.8537 	  1.2778 	 1.312833e+20 	 1.540189e+18 	 1.315218e-05 	 1.072308e-06 	 -1000.0000 	 -1000.0000 	 -1000.0000 	 -1000.0000 
	 64.4570 	 2.034946e-03 	 121.7945 	  1.3228 	 1.211242e+20 	 1.466405e+18 	 1.298306e-05 	 1.052805e-06 	 -1000.0000 	 -1000.0000 	 -1000.0000 	 -1000.0000 
	 64.6110 	 1.987020e-03 	 121.7828 	  1.3402 	 1.182826e+20 	 1.448835e+18 	 1.280553e-05 	 1.042122e-06 	 -1000.0000 	 -1000.0000 	 -1000.0000 	 -1000.0000 
	 64.7650 	 1.940221e-03 	 121.7734 	  1.3596 	 1.155052e+20 	 1.432876e+18 	 1.256178e-05 	 1.028714e-06 	 -1000.0000 	 -1000.0000 	 -1000.0000 	 -1000.0000 
	 64.9190 	 1.894527e-03 	 121.7663 	  1.3811 	 1.127911e+20 	 1.418383e+18 	 1.224729e-05 	 1.012316e-06 	 -1000.0000 	 -1000.0000 	 -1000.0000 	 -1000.0000 
	 65.0730 	 1.849920e-03 	 121.7612 	  1.4047 	 1.101399e+20 	 1.405210e+18 	 1.185756e-05 	 9.926662e-07 	 -1000.0000 	 -1000.0000 	 -1000.0000 	 -1000.0000 
	 65.6070 	 1.703351e-03 	 121.7667 	  1.4971 	 1.014120e+20 	 1.364370e+18 	 9.957341e-06 	 8.998780e-07 	 -1000.0000 	 -1000.0000 	 -1000.0000 	 -1000.0000 
	 65.7610 	 1.663305e-03 	 121.7821 	  1.5209 	 9.901674e+19 	 1.350333e+18 	 9.322496e-06 	 8.688662e-07 	 -1000.0000 	 -1000.0000 	 -1000.0000 	 -1000.0000 
	 65.9150 	 1.624200e-03 	 121.8076 	  1.5403 	 9.666959e+19 	 1.333374e+18 	 8.688779e-06 	 8.375807e-07 	 -1000.0000 	 -1000.0000 	 -1000.0000 	 -1000.0000 
	 66.0690 	 1.586006e-03 	 121.8454 	  1.5535 	 9.436698e+19 	 1.312444e+18 	 8.078231e-06 	 8.069199e-07 	 -1000.0000 	 -1000.0000 	 -1000.0000 	 -1000.0000 
	 66.2230 	 1.548694e-03 	 121.8977 	  1.5587 	 9.210537e+19 	 1.286489e+18 	 7.512894e-06 	 7.777822e-07 	 -1000.0000 	 -1000.0000 	 -1000.0000 	 -1000.0000 
	 66.7500 	 1.427425e-03 	 122.2527 	  1.5065 	 8.462617e+19 	 1.154285e+18 	 6.109830e-06 	 6.983260e-07 	 -1000.0000 	 -1000.0000 	 -1000.0000 	 -1000.0000 
	 66.9040 	 1.393885e-03 	 122.4509 	  1.4769 	 8.250103e+19 	 1.107055e+18 	 5.840182e-06 	 6.813428e-07 	 -1000.0000 	 -1000.0000 	 -1000.0000 	 -1000.0000 
	 67.0580 	 1.361226e-03 	 122.7143 	  1.4449 	 8.039603e+19 	 1.058506e+18 	 5.618259e-06 	 6.670378e-07 	 -1000.0000 	 -1000.0000 	 -1000.0000 	 -1000.0000 
	 67.2110 	 1.329662e-03 	 123.0528 	  1.4127 	 7.832073e+19 	 1.010376e+18 	 5.436334e-06 	 6.553972e-07 	 -1000.0000 	 -1000.0000 	 -1000.0000 	 -1000.0000 
	 67.3650 	 1.298796e-03 	 123.4833 	  1.3822 	 7.624404e+19 	 9.634573e+17 	 5.283266e-06 	 6.461878e-07 	 -1000.0000 	 -1000.0000 	 -1000.0000 	 -1000.0000 
	 67.8800 	 1.202130e-03 	 125.6490 	  1.3109 	 6.937778e+19 	 8.294239e+17 	 4.903874e-06 	 6.318804e-07 	 -1000.0000 	 -1000.0000 	 -1000.0000 	 -1000.0000 
	 68.0340 	 1.175067e-03 	 126.4814 	  1.2972 	 6.737004e+19 	 7.956275e+17 	 4.820798e-06 	 6.315581e-07 	 -1000.0000 	 -1000.0000 	 -1000.0000 	 -1000.0000 
	 68.1880 	 1.148784e-03 	 127.3776 	  1.2857 	 6.539633e+19 	 7.639834e+17 	 4.749430e-06 	 6.325558e-07 	 -1000.0000 	 -1000.0000 	 -1000.0000 	 -1000.0000 
	 68.3410 	 1.123408e-03 	 128.3194 	  1.2754 	 6.347643e+19 	 7.342614e+17 	 4.688874e-06 	 6.345755e-07 	 -1000.0000 	 -1000.0000 	 -1000.0000 	 -1000.0000 
	 68.4950 	 1.098569e-03 	 129.3070 	  1.2654 	 6.159258e+19 	 7.056554e+17 	 4.637083e-06 	 6.373633e-07 	 -1000.0000 	 -1000.0000 	 -1000.0000 	 -1000.0000 
	 69.0240 	 1.018197e-03 	 132.8270 	  1.2262 	 5.557595e+19 	 6.136311e+17 	 4.516059e-06 	 6.501465e-07 	 -1000.0000 	 -1000.0000 	 -1000.0000 	 -1000.0000 
	 69.1770 	 9.963288e-04 	 133.8242 	  1.2135 	 5.397928e+19 	 5.889944e+17 	 4.496369e-06 	 6.548644e-07 	 -1000.0000 	 -1000.0000 	 -1000.0000 	 -1000.0000 
	 69.3310 	 9.749259e-04 	 134.7914 	  1.2006 	 5.244119e+19 	 5.653399e+17 	 4.483334e-06 	 6.602277e-07 	 -1000.0000 	 -1000.0000 	 -1000.0000 	 -1000.0000 
	 69.4840 	 9.542581e-04 	 135.7014 	  1.1876 	 5.098384e+19 	 5.431111e+17 	 4.477045e-06 	 6.662512e-07 	 -1000.0000 	 -1000.0000 	 -1000.0000 	 -1000.0000 
	 69.6370 	 9.341765e-04 	 136.5458 	  1.1748 	 4.959916e+19 	 5.222866e+17 	 4.477315e-06 	 6.730517e-07 	 -1000.0000 	 -1000.0000 	 -1000.0000 	 -1000.0000 
	 70.1540 	 8.704536e-04 	 138.7943 	  1.1347 	 4.545644e+19 	 4.631064e+17 	 4.522633e-06 	 7.020616e-07 	 -1000.0000 	 -1000.0000 	 -1000.0000 	 -1000.0000 
	 70.3070 	 8.527031e-04 	 139.2914 	  1.1241 	 4.437036e+19 	 4.485289e+17 	 4.546102e-06 	 7.120086e-07 	 -1000.0000 	 -1000.0000 	 -1000.0000 	 -1000.0000 
	 70.4610 	 8.352870e-04 	 139.7246 	  1.1139 	 4.333082e+19 	 4.349626e+17 	 4.572709e-06 	 7.223916e-07 	 -1000.0000 	 -1000.0000 	 -1000.0000 	 -1000.0000 
	 70.6140 	 8.183977e-04 	 140.0941 	  1.1045 	 4.234523e+19 	 4.224457e+17 	 4.601192e-06 	 7.329328e-07 	 -1000.0000 	 -1000.0000 	 -1000.0000 	 -1000.0000 
	 70.7670 	 8.018874e-04 	 140.4090 	  1.0957 	 4.140064e+19 	 4.107496e+17 	 4.630801e-06 	 7.435561e-07 	 -1000.0000 	 -1000.0000 	 -1000.0000 	 -1000.0000 
	 71.2980 	 7.471681e-04 	 141.1680 	  1.0709 	 3.836852e+19 	 3.749338e+17 	 4.731944e-06 	 7.794698e-07 	 -1000.0000 	 -1000.0000 	 -1000.0000 	 -1000.0000 
	 71.4510 	 7.321141e-04 	 141.3222 	  1.0655 	 3.755364e+19 	 3.657564e+17 	 4.759273e-06 	 7.893515e-07 	 -1000.0000 	 -1000.0000 	 -1000.0000 	 -1000.0000 
	 71.6030 	 7.174700e-04 	 141.4615 	  1.0608 	 3.676588e+19 	 3.570706e+17 	 4.785237e-06 	 7.989124e-07 	 -1000.0000 	 -1000.0000 	 -1000.0000 	 -1000.0000 
	 71.7560 	 7.030408e-04 	 141.5959 	  1.0568 	 3.599253e+19 	 3.487216e+17 	 4.809970e-06 	 8.082516e-07 	 -1000.0000 	 -1000.0000 	 -1000.0000 	 -1000.0000 
	 71.9090 	 6.889215e-04 	 141.7326 	  1.0536 	 3.523652e+19 	 3.407271e+17 	 4.833087e-06 	 8.172780e-07 	 -1000.0000 	 -1000.0000 	 -1000.0000 	 -1000.0000 
	 72.4380 	 6.424317e-04 	 142.2884 	  1.0487 	 3.273380e+19 	 3.154060e+17 	 4.899009e-06 	 8.459921e-07 	 -1000.0000 	 -1000.0000 	 -1000.0000 	 -1000.0000 
	 72.5910 	 6.296228e-04 	 142.4615 	  1.0491 	 3.204238e+19 	 3.087370e+17 	 4.914455e-06 	 8.537366e-07 	 -1000.0000 	 -1000.0000 	 -1000.0000 	 -1000.0000 
	 72.7430 	 6.171622e-04 	 142.6299 	  1.0504 	 3.137086e+19 	 3.024082e+17 	 4.928497e-06 	 8.612771e-07 	 -1000.0000 	 -1000.0000 	 -1000.0000 	 -1000.0000 
	 72.8960 	 6.048757e-04 	 142.7907 	  1.0525 	 3.071098e+19 	 2.963399e+17 	 4.941487e-06 	 8.687660e-07 	 -1000.0000 	 -1000.0000 	 -1000.0000 	 -1000.0000 
	 73.0490 	 5.928359e-04 	 142.9375 	  1.0556 	 3.006774e+19 	 2.905779e+17 	 4.953502e-06 	 8.762067e-07 	 -1000.0000 	 -1000.0000 	 -1000.0000 	 -1000.0000 
	 73.5610 	 5.542391e-04 	 143.2907 	  1.0721 	 2.803838e+19 	 2.734097e+17 	 4.989414e-06 	 9.015096e-07 	 -1000.0000 	 -1000.0000 	 -1000.0000 	 -1000.0000 
	 73.7140 	 5.432009e-04 	 143.3620 	  1.0783 	 2.746625e+19 	 2.687788e+17 	 5.000071e-06 	 9.094548e-07 	 -1000.0000 	 -1000.0000 	 -1000.0000 	 -1000.0000 
	 73.8660 	 5.324583e-04 	 143.4226 	  1.0847 	 2.691197e+19 	 2.643339e+17 	 5.011217e-06 	 9.176475e-07 	 -1000.0000 	 -1000.0000 	 -1000.0000 	 -1000.0000 
	 74.0180 	 5.219371e-04 	 143.4761 	  1.0912 	 2.637090e+19 	 2.600041e+17 	 5.023252e-06 	 9.262081e-07 	 -1000.0000 	 -1000.0000 	 -1000.0000 	 -1000.0000 
	 74.1710 	 5.115690e-04 	 143.5257 	  1.0976 	 2.583876e+19 	 2.557217e+17 	 5.036598e-06 	 9.352667e-07 	 -1000.0000 	 -1000.0000 	 -1000.0000 	 -1000.0000 
	 74.6950 	 4.777123e-04 	 143.6933 	  1.1166 	 2.410160e+19 	 2.412137e+17 	 5.093897e-06 	 9.700042e-07 	 -1000.0000 	 -1000.0000 	 -1000.0000 	 -1000.0000 
	 74.8470 	 4.683466e-04 	 143.7418 	  1.1210 	 2.362105e+19 	 2.370203e+17 	 5.113011e-06 	 9.808731e-07 	 -1000.0000 	 -1000.0000 	 -1000.0000 	 -1000.0000 
	 74.9990 	 4.591738e-04 	 143.7896 	  1.1249 	 2.315058e+19 	 2.328313e+17 	 5.132660e-06 	 9.919209e-07 	 -1000.0000 	 -1000.0000 	 -1000.0000 	 -1000.0000 
	 75.1510 	 4.501871e-04 	 143.8361 	  1.1281 	 2.268995e+19 	 2.286457e+17 	 5.152521e-06 	 1.003049e-06 	 -1000.0000 	 -1000.0000 	 -1000.0000 	 -1000.0000 
	 75.3030 	 4.413798e-04 	 143.8809 	  1.1306 	 2.223892e+19 	 2.244624e+17 	 5.172269e-06 	 1.014160e-06 	 -1000.0000 	 -1000.0000 	 -1000.0000 	 -1000.0000 
	 75.8210 	 4.126397e-04 	 144.0155 	  1.1343 	 2.077125e+19 	 2.102566e+17 	 5.236342e-06 	 1.051062e-06 	 -1000.0000 	 -1000.0000 	 -1000.0000 	 -1000.0000 
	 75.9740 	 4.045155e-04 	 144.0485 	  1.1341 	 2.035769e+19 	 2.061160e+17 	 5.254863e-06 	 1.061743e-06 	 -1000.0000 	 -1000.0000 	 -1000.0000 	 -1000.0000 
	 76.1260 	 3.966049e-04 	 144.0777 	  1.1336 	 1.995560e+19 	 2.020494e+17 	 5.273484e-06 	 1.072325e-06 	 -1000.0000 	 -1000.0000 	 -1000.0000 	 -1000.0000 
	 76.2780 	 3.888519e-04 	 144.1029 	  1.1328 	 1.956212e+19 	 1.980417e+17 	 5.292549e-06 	 1.082915e-06 	 -1000.0000 	 -1000.0000 	 -1000.0000 	 -1000.0000 
	 76.4310 	 3.812046e-04 	 144.1239 	  1.1317 	 1.917462e+19 	 1.940795e+17 	 5.312416e-06 	 1.093622e-06 	 -1000.0000 	 -1000.0000 	 -1000.0000 	 -1000.0000 
	 76.9550 	 3.561648e-04 	 144.1634 	  1.1281 	 1.790995e+19 	 1.811924e+17 	 5.388028e-06 	 1.131188e-06 	 -1000.0000 	 -1000.0000 	 -1000.0000 	 -1000.0000 
	 77.1070 	 3.492176e-04 	 144.1689 	  1.1275 	 1.755989e+19 	 1.776704e+17 	 5.412415e-06 	 1.142501e-06 	 -1000.0000 	 -1000.0000 	 -1000.0000 	 -1000.0000 
	 77.2590 	 3.424042e-04 	 144.1737 	  1.1273 	 1.721671e+19 	 1.742513e+17 	 5.437966e-06 	 1.154072e-06 	 -1000.0000 	 -1000.0000 	 -1000.0000 	 -1000.0000 
	 77.4110 	 3.357200e-04 	 144.1789 	  1.1276 	 1.688005e+19 	 1.709380e+17 	 5.464714e-06 	 1.165940e-06 	 -1000.0000 	 -1000.0000 	 -1000.0000 	 -1000.0000 
	 77.5630 	 3.291603e-04 	 144.1855 	  1.1285 	 1.654956e+19 	 1.677336e+17 	 5.492690e-06 	 1.178142e-06 	 -1000.0000 	 -1000.0000 	 -1000.0000 	 -1000.0000 
	 78.0850 	 3.075388e-04 	 144.2245 	  1.1368 	 1.545858e+19 	 1.575204e+17 	 5.599834e-06 	 1.223152e-06 	 -1000.0000 	 -1000.0000 	 -1000.0000 	 -1000.0000 
	 78.2370 	 3.015072e-04 	 144.2358 	  1.1398 	 1.515421e+19 	 1.547157e+17 	 5.635552e-06 	 1.237328e-06 	 -1000.0000 	 -1000.0000 	 -1000.0000 	 -1000.0000 
	 78.3890 	 2.955968e-04 	 144.2442 	  1.1425 	 1.485624e+19 	 1.519533e+17 	 5.673995e-06 	 1.252064e-06 	 -1000.0000 	 -1000.0000 	 -1000.0000 	 -1000.0000 
	 78.5410 	 2.898087e-04 	 144.2480 	  1.1446 	 1.456489e+19 	 1.492143e+17 	 5.715543e-06 	 1.267400e-06 	 -1000.0000 	 -1000.0000 	 -1000.0000 	 -1000.0000 
	 78.6930 	 2.841440e-04 	 144.2455 	  1.1460 	 1.428037e+19 	 1.464799e+17 	 5.760575e-06 	 1.283380e-06 	 -1000.0000 	 -1000.0000 	 -1000.0000 	 -1000.0000 
	 79.1990 	 2.661621e-04 	 144.1709 	  1.1422 	 1.338361e+19 	 1.372868e+17 	 5.937219e-06 	 1.341195e-06 	 -1000.0000 	 -1000.0000 	 -1000.0000 	 -1000.0000 
	 79.3500 	 2.610359e-04 	 144.1221 	  1.1391 	 1.313032e+19 	 1.345508e+17 	 5.996434e-06 	 1.359490e-06 	 -1000.0000 	 -1000.0000 	 -1000.0000 	 -1000.0000 
	 79.5020 	 2.559756e-04 	 144.0576 	  1.1353 	 1.288156e+19 	 1.318244e+17 	 6.058150e-06 	 1.378193e-06 	 -1000.0000 	 -1000.0000 	 -1000.0000 	 -1000.0000 
	 79.6530 	 2.510411e-04 	 143.9764 	  1.1310 	 1.264036e+19 	 1.291570e+17 	 6.121043e-06 	 1.396951e-06 	 -1000.0000 	 -1000.0000 	 -1000.0000 	 -1000.0000 
	 79.8040 	 2.461924e-04 	 143.8764 	  1.1264 	 1.240481e+19 	 1.265442e+17 	 6.185009e-06 	 1.415777e-06 	 -1000.0000 	 -1000.0000 	 -1000.0000 	 -1000.0000 
	 80.3330 	 2.298161e-04 	 143.3563 	  1.1114 	 1.162161e+19 	 1.180525e+17 	 6.409236e-06 	 1.480689e-06 	 -1000.0000 	 -1000.0000 	 -1000.0000 	 -1000.0000 
	 80.4840 	 2.253143e-04 	 143.1558 	  1.1090 	 1.140991e+19 	 1.159058e+17 	 6.470266e-06 	 1.498465e-06 	 -1000.0000 	 -1000.0000 	 -1000.0000 	 -1000.0000 
	 80.6340 	 2.209200e-04 	 142.9326 	  1.1084 	 1.120487e+19 	 1.139372e+17 	 6.528177e-06 	 1.515591e-06 	 -1000.0000 	 -1000.0000 	 -1000.0000 	 -1000.0000 
	 80.7850 	 2.165755e-04 	 142.6829 	  1.1100 	 1.100376e+19 	 1.121434e+17 	 6.582967e-06 	 1.532186e-06 	 -1000.0000 	 -1000.0000 	 -1000.0000 	 -1000.0000 
	 80.9360 	 2.123115e-04 	 142.4076 	  1.1142 	 1.080799e+19 	 1.105611e+17 	 6.633464e-06 	 1.548023e-06 	 -1000.0000 	 -1000.0000 	 -1000.0000 	 -1000.0000 
	 81.4430 	 1.985809e-04 	 141.2897 	  1.1524 	 1.018901e+19 	 1.070022e+17 	 6.766508e-06 	 1.594863e-06 	 -1000.0000 	 -1000.0000 	 -1000.0000 	 -1000.0000 
	 81.5940 	 1.946571e-04 	 140.8999 	  1.1714 	 1.001532e+19 	 1.064680e+17 	 6.796803e-06 	 1.607089e-06 	 -1000.0000 	 -1000.0000 	 -1000.0000 	 -1000.0000 
	 81.7440 	 1.908295e-04 	 140.4872 	  1.1941 	 9.847232e+18 	 1.061708e+17 	 6.823718e-06 	 1.618571e-06 	 -1000.0000 	 -1000.0000 	 -1000.0000 	 -1000.0000 
	 81.8950 	 1.870441e-04 	 140.0466 	  1.2206 	 9.682261e+18 	 1.061039e+17 	 6.848211e-06 	 1.629530e-06 	 -1000.0000 	 -1000.0000 	 -1000.0000 	 -1000.0000 
	 82.0460 	 1.833237e-04 	 139.5810 	  1.2511 	 9.521317e+18 	 1.062667e+17 	 6.870697e-06 	 1.639956e-06 	 -1000.0000 	 -1000.0000 	 -1000.0000 	 -1000.0000 
	 82.5730 	 1.708126e-04 	 137.7775 	  1.3808 	 8.987493e+18 	 1.081860e+17 	 6.942889e-06 	 1.673813e-06 	 -1000.0000 	 -1000.0000 	 -1000.0000 	 -1000.0000 
	 82.7240 	 1.673566e-04 	 137.2227 	  1.4175 	 8.841244e+18 	 1.087344e+17 	 6.964992e-06 	 1.683686e-06 	 -1000.0000 	 -1000.0000 	 -1000.0000 	 -1000.0000 
	 82.8740 	 1.639777e-04 	 136.6617 	  1.4498 	 8.698326e+18 	 1.090729e+17 	 6.989061e-06 	 1.694021e-06 	 -1000.0000 	 -1000.0000 	 -1000.0000 	 -1000.0000 
	 83.0250 	 1.606294e-04 	 136.0908 	  1.4760 	 8.556505e+18 	 1.090928e+17 	 7.016231e-06 	 1.705203e-06 	 -1000.0000 	 -1000.0000 	 -1000.0000 	 -1000.0000 
	 83.1760 	 1.573331e-04 	 135.5175 	  1.4937 	 8.416414e+18 	 1.086771e+17 	 7.047174e-06 	 1.717417e-06 	 -1000.0000 	 -1000.0000 	 -1000.0000 	 -1000.0000 
	 83.6860 	 1.465745e-04 	 133.6120 	  1.4789 	 7.952642e+18 	 1.034093e+17 	 7.184837e-06 	 1.768261e-06 	 -1000.0000 	 -1000.0000 	 -1000.0000 	 -1000.0000 
	 83.8370 	 1.435033e-04 	 133.0699 	  1.4593 	 7.817703e+18 	 1.010522e+17 	 7.233496e-06 	 1.785905e-06 	 -1000.0000 	 -1000.0000 	 -1000.0000 	 -1000.0000 
	 83.9870 	 1.405061e-04 	 132.5472 	  1.4372 	 7.684622e+18 	 9.857210e+16 	 7.284115e-06 	 1.804389e-06 	 -1000.0000 	 -1000.0000 	 -1000.0000 	 -1000.0000 
	 84.1380 	 1.375443e-04 	 132.0400 	  1.4148 	 7.551564e+18 	 9.606120e+16 	 7.336642e-06 	 1.823840e-06 	 -1000.0000 	 -1000.0000 	 -1000.0000 	 -1000.0000 
	 84.2880 	 1.346583e-04 	 131.5583 	  1.3949 	 7.420230e+18 	 9.367688e+16 	 7.389659e-06 	 1.843879e-06 	 -1000.0000 	 -1000.0000 	 -1000.0000 	 -1000.0000 
	 84.8060 	 1.251278e-04 	 130.1003 	  1.3643 	 6.972347e+18 	 8.734167e+16 	 7.567706e-06 	 1.916581e-06 	 -1000.0000 	 -1000.0000 	 -1000.0000 	 -1000.0000 
	 84.9570 	 1.224715e-04 	 129.7407 	  1.3643 	 6.843223e+18 	 8.593256e+16 	 7.613896e-06 	 1.938014e-06 	 -1000.0000 	 -1000.0000 	 -1000.0000 	 -1000.0000 
	 85.1070 	 1.198839e-04 	 129.4147 	  1.3660 	 6.715503e+18 	 8.462205e+16 	 7.655218e-06 	 1.959036e-06 	 -1000.0000 	 -1000.0000 	 -1000.0000 	 -1000.0000 
	 85.2580 	 1.173288e-04 	 129.1188 	  1.3685 	 6.587431e+18 	 8.333298e+16 	 7.691105e-06 	 1.979717e-06 	 -1000.0000 	 -1000.0000 	 -1000.0000 	 -1000.0000 
	 85.4080 	 1.148381e-04 	 128.8580 	  1.3704 	 6.460652e+18 	 8.202329e+16 	 7.719973e-06 	 1.999578e-06 	 -1000.0000 	 -1000.0000 	 -1000.0000 	 -1000.0000 
	 85.9300 	 1.065221e-04 	 128.2102 	  1.3631 	 6.023149e+18 	 7.673001e+16 	 7.757004e-06 	 2.061213e-06 	 -1000.0000 	 -1000.0000 	 -1000.0000 	 -1000.0000 
	 86.0800 	 1.042335e-04 	 128.0923 	  1.3583 	 5.899164e+18 	 7.506180e+16 	 7.749493e-06 	 2.076643e-06 	 -1000.0000 	 -1000.0000 	 -1000.0000 	 -1000.0000 
	 86.2300 	 1.019908e-04 	 128.0009 	  1.3534 	 5.776336e+18 	 7.338442e+16 	 7.734331e-06 	 2.091063e-06 	 -1000.0000 	 -1000.0000 	 -1000.0000 	 -1000.0000 
	 86.3800 	 9.979448e-05 	 127.9339 	  1.3491 	 5.654876e+18 	 7.172915e+16 	 7.711772e-06 	 2.104475e-06 	 -1000.0000 	 -1000.0000 	 -1000.0000 	 -1000.0000 
	 86.5300 	 9.764483e-05 	 127.8892 	  1.3460 	 5.534993e+18 	 7.012726e+16 	 7.682068e-06 	 2.116886e-06 	 -1000.0000 	 -1000.0000 	 -1000.0000 	 -1000.0000 
	 87.0340 	 9.076283e-05 	 127.8666 	  1.3492 	 5.146055e+18 	 6.538704e+16 	 7.535816e-06 	 2.151941e-06 	 -1000.0000 	 -1000.0000 	 -1000.0000 	 -1000.0000 
	 87.1830 	 8.882431e-05 	 127.8821 	  1.3533 	 5.035578e+18 	 6.415342e+16 	 7.482167e-06 	 2.160931e-06 	 -1000.0000 	 -1000.0000 	 -1000.0000 	 -1000.0000 
	 87.3330 	 8.691445e-05 	 127.9002 	  1.3584 	 4.926594e+18 	 6.296721e+16 	 7.425069e-06 	 2.169666e-06 	 -1000.0000 	 -1000.0000 	 -1000.0000 	 -1000.0000 
	 87.4820 	 8.505727e-05 	 127.9165 	  1.3640 	 4.820646e+18 	 6.183210e+16 	 7.366232e-06 	 2.178205e-06 	 -1000.0000 	 -1000.0000 	 -1000.0000 	 -1000.0000 
	 87.6320 	 8.322639e-05 	 127.9267 	  1.3698 	 4.716397e+18 	 6.072066e+16 	 7.305825e-06 	 2.186843e-06 	 -1000.0000 	 -1000.0000 	 -1000.0000 	 -1000.0000 
	 88.1540 	 7.714185e-05 	 127.8771 	  1.3878 	 4.373025e+18 	 5.696498e+16 	 7.098189e-06 	 2.219651e-06 	 -1000.0000 	 -1000.0000 	 -1000.0000 	 -1000.0000 
	 88.3030 	 7.548524e-05 	 127.8432 	  1.3920 	 4.280254e+18 	 5.591388e+16 	 7.041794e-06 	 2.230423e-06 	 -1000.0000 	 -1000.0000 	 -1000.0000 	 -1000.0000 
	 88.4530 	 7.385315e-05 	 127.8043 	  1.3956 	 4.189021e+18 	 5.486376e+16 	 6.987103e-06 	 2.242167e-06 	 -1000.0000 	 -1000.0000 	 -1000.0000 	 -1000.0000 
	 88.6020 	 7.226718e-05 	 127.7632 	  1.3987 	 4.100436e+18 	 5.382794e+16 	 6.935274e-06 	 2.254874e-06 	 -1000.0000 	 -1000.0000 	 -1000.0000 	 -1000.0000 
	 88.7520 	 7.070585e-05 	 127.7216 	  1.4013 	 4.013207e+18 	 5.279183e+16 	 6.886043e-06 	 2.268862e-06 	 -1000.0000 	 -1000.0000 	 -1000.0000 	 -1000.0000 
	 89.2570 	 6.570481e-05 	 127.6148 	  1.4062 	 3.732459e+18 	 4.935917e+16 	 6.744001e-06 	 2.325567e-06 	 -1000.0000 	 -1000.0000 	 -1000.0000 	 -1000.0000 
	 89.4060 	 6.430142e-05 	 127.6064 	  1.4076 	 3.652967e+18 	 4.837434e+16 	 6.707356e-06 	 2.344654e-06 	 -1000.0000 	 -1000.0000 	 -1000.0000 	 -1000.0000 
	 89.5560 	 6.292021e-05 	 127.6150 	  1.4094 	 3.574263e+18 	 4.740232e+16 	 6.671810e-06 	 2.364646e-06 	 -1000.0000 	 -1000.0000 	 -1000.0000 	 -1000.0000 
	 89.7050 	 6.157870e-05 	 127.6442 	  1.4121 	 3.497273e+18 	 4.645970e+16 	 6.637239e-06 	 2.385106e-06 	 -1000.0000 	 -1000.0000 	 -1000.0000 	 -1000.0000 
	 89.8540 	 6.026669e-05 	 127.6974 	  1.4158 	 3.421350e+18 	 4.554354e+16 	 6.602805e-06 	 2.405995e-06 	 -1000.0000 	 -1000.0000 	 -1000.0000 	 -1000.0000 
	 90.3710 	 5.593295e-05 	 128.1145 	  1.4388 	 3.164921e+18 	 4.258119e+16 	 6.479089e-06 	 2.480302e-06 	 -1000.0000 	 -1000.0000 	 -1000.0000 	 -1000.0000 
	 90.5200 	 5.474571e-05 	 128.3116 	  1.4475 	 3.092961e+18 	 4.176767e+16 	 6.442681e-06 	 2.502390e-06 	 -1000.0000 	 -1000.0000 	 -1000.0000 	 -1000.0000 
	 90.6680 	 5.359345e-05 	 128.5454 	  1.4564 	 3.022348e+18 	 4.096427e+16 	 6.406653e-06 	 2.524770e-06 	 -1000.0000 	 -1000.0000 	 -1000.0000 	 -1000.0000 
	 90.8170 	 5.246041e-05 	 128.8213 	  1.4654 	 2.952129e+18 	 4.015285e+16 	 6.370781e-06 	 2.547822e-06 	 -1000.0000 	 -1000.0000 	 -1000.0000 	 -1000.0000 
	 90.9660 	 5.135428e-05 	 129.1400 	  1.4741 	 2.882788e+18 	 3.933149e+16 	 6.335572e-06 	 2.571476e-06 	 -1000.0000 	 -1000.0000 	 -1000.0000 	 -1000.0000 
	 91.4870 	 4.769350e-05 	 130.5982 	  1.4976 	 2.647573e+18 	 3.631057e+16 	 6.220477e-06 	 2.659744e-06 	 -1000.0000 	 -1000.0000 	 -1000.0000 	 -1000.0000 
	 91.6360 	 4.670325e-05 	 131.0997 	  1.5014 	 2.582682e+18 	 3.540616e+16 	 6.190016e-06 	 2.686614e-06 	 -1000.0000 	 -1000.0000 	 -1000.0000 	 -1000.0000 
	 91.7860 	 4.573055e-05 	 131.6343 	  1.5035 	 2.518589e+18 	 3.448151e+16 	 6.160439e-06 	 2.714383e-06 	 -1000.0000 	 -1000.0000 	 -1000.0000 	 -1000.0000 
	 91.9350 	 4.478765e-05 	 132.1901 	  1.5036 	 2.456238e+18 	 3.355115e+16 	 6.132133e-06 	 2.742675e-06 	 -1000.0000 	 -1000.0000 	 -1000.0000 	 -1000.0000 
	 92.0840 	 4.386731e-05 	 132.7661 	  1.5017 	 2.395287e+18 	 3.261116e+16 	 6.104887e-06 	 2.771666e-06 	 -1000.0000 	 -1000.0000 	 -1000.0000 	 -1000.0000 
	 92.5850 	 4.093014e-05 	 134.7813 	  1.4788 	 2.201648e+18 	 2.942607e+16 	 6.022888e-06 	 2.875372e-06 	 -1000.0000 	 -1000.0000 	 -1000.0000 	 -1000.0000 
	 92.7330 	 4.010723e-05 	 135.3727 	  1.4681 	 2.147997e+18 	 2.850210e+16 	 6.003236e-06 	 2.908890e-06 	 -1000.0000 	 -1000.0000 	 -1000.0000 	 -1000.0000 
	 92.8810 	 3.930407e-05 	 135.9493 	  1.4563 	 2.096055e+18 	 2.759815e+16 	 5.986605e-06 	 2.944286e-06 	 -1000.0000 	 -1000.0000 	 -1000.0000 	 -1000.0000 
	 93.0290 	 3.852028e-05 	 136.5038 	  1.4437 	 2.045871e+18 	 2.672109e+16 	 5.973516e-06 	 2.981876e-06 	 -1000.0000 	 -1000.0000 	 -1000.0000 	 -1000.0000 
	 93.1770 	 3.775548e-05 	 137.0288 	  1.4306 	 1.997494e+18 	 2.587776e+16 	 5.964493e-06 	 3.021974e-06 	 -1000.0000 	 -1000.0000 	 -1000.0000 	 -1000.0000 
	 93.6950 	 3.522174e-05 	 138.5696 	  1.3857 	 1.842491e+18 	 2.326063e+16 	 5.969304e-06 	 3.185172e-06 	 -1000.0000 	 -1000.0000 	 -1000.0000 	 -1000.0000 
	 93.8430 	 3.453613e-05 	 138.9319 	  1.3745 	 1.801909e+18 	 2.260878e+16 	 5.980298e-06 	 3.238291e-06 	 -1000.0000 	 -1000.0000 	 -1000.0000 	 -1000.0000 
	 93.9910 	 3.386631e-05 	 139.2662 	  1.3646 	 1.762749e+18 	 2.199712e+16 	 5.994951e-06 	 3.294154e-06 	 -1000.0000 	 -1000.0000 	 -1000.0000 	 -1000.0000 
