	 height_(km) 	 press_(mbar) 	 temp_(K) 	 temperr_(K) 	 numdens_(m-3) 	 numdenserr_(m-3) 	 H2Ovmr_() 	 H2Ovmrerr_() 	 D/H_(VSMOW) 	 D/Herr_(VSMOW) 	 18O/16O_(VSMOW) 	 18O/16Oerr_(VSMOW) 
	 16.3690 	 8.829960e-01 	 199.7318 	  3.3966 	 3.204884e+22 	 5.598623e+20 	 1.498629e-04 	 1.027530e-05 	 -1000.0000 	 -1000.0000 	 -1000.0000 	 -1000.0000 
	 16.5050 	 8.714787e-01 	 199.5657 	  3.3060 	 3.165723e+22 	 5.391680e+20 	 1.487035e-04 	 1.004036e-05 	 -1000.0000 	 -1000.0000 	 -1000.0000 	 -1000.0000 
	 16.6420 	 8.599951e-01 	 199.3987 	  3.2144 	 3.126631e+22 	 5.186640e+20 	 1.474742e-04 	 9.792876e-06 	 -1000.0000 	 -1000.0000 	 -1000.0000 	 -1000.0000 
	 16.7780 	 8.487162e-01 	 199.2331 	  3.1222 	 3.088199e+22 	 4.985413e+20 	 1.461947e-04 	 9.541151e-06 	 -1000.0000 	 -1000.0000 	 -1000.0000 	 -1000.0000 
	 16.9140 	 8.375613e-01 	 199.0670 	  3.0279 	 3.050157e+22 	 4.785413e+20 	 1.448602e-04 	 9.288141e-06 	 -1000.0000 	 -1000.0000 	 -1000.0000 	 -1000.0000 
	 17.2620 	 8.096047e-01 	 198.6374 	  2.7704 	 2.954725e+22 	 4.271795e+20 	 1.412399e-04 	 8.666872e-06 	 -1000.0000 	 -1000.0000 	 -1000.0000 	 -1000.0000 
	 17.3980 	 7.989176e-01 	 198.4665 	  2.6611 	 2.918226e+22 	 4.067435e+20 	 1.397662e-04 	 8.445932e-06 	 -1000.0000 	 -1000.0000 	 -1000.0000 	 -1000.0000 
	 17.5340 	 7.883697e-01 	 198.2933 	  2.5455 	 2.882203e+22 	 3.859396e+20 	 1.382714e-04 	 8.242985e-06 	 -1000.0000 	 -1000.0000 	 -1000.0000 	 -1000.0000 
	 17.8060 	 7.677009e-01 	 197.9423 	  2.2968 	 2.811594e+22 	 3.434159e+20 	 1.351759e-04 	 7.887594e-06 	 -1000.0000 	 -1000.0000 	 -1000.0000 	 -1000.0000 
	 18.1450 	 7.427468e-01 	 197.5212 	  1.9801 	 2.725999e+22 	 2.921142e+20 	 1.299803e-04 	 7.535300e-06 	 -1000.0000 	 -1000.0000 	 -1000.0000 	 -1000.0000 
	 18.2810 	 7.329892e-01 	 197.3658 	  1.8598 	 2.692316e+22 	 2.732174e+20 	 1.267497e-04 	 7.479347e-06 	 -1000.0000 	 -1000.0000 	 -1000.0000 	 -1000.0000 
	 18.4160 	 7.234478e-01 	 197.2230 	  1.7483 	 2.659206e+22 	 2.559478e+20 	 1.238121e-04 	 7.383105e-06 	 -1000.0000 	 -1000.0000 	 -1000.0000 	 -1000.0000 
	 18.5520 	 7.139809e-01 	 197.0927 	  1.6464 	 2.626157e+22 	 2.403515e+20 	 1.210679e-04 	 7.241392e-06 	 -1000.0000 	 -1000.0000 	 -1000.0000 	 -1000.0000 
	 18.6880 	 7.046528e-01 	 196.9736 	  1.5555 	 2.593422e+22 	 2.265547e+20 	 1.185213e-04 	 7.066805e-06 	 -1000.0000 	 -1000.0000 	 -1000.0000 	 -1000.0000 
	 19.0420 	 6.809593e-01 	 196.6897 	  1.3692 	 2.509827e+22 	 1.982631e+20 	 1.128278e-04 	 6.579845e-06 	 -1000.0000 	 -1000.0000 	 -1000.0000 	 -1000.0000 
	 19.1780 	 6.720576e-01 	 196.5805 	  1.3168 	 2.478384e+22 	 1.900074e+20 	 1.110335e-04 	 6.423821e-06 	 -1000.0000 	 -1000.0000 	 -1000.0000 	 -1000.0000 
	 19.3140 	 6.632537e-01 	 196.4657 	  1.2747 	 2.447343e+22 	 1.830282e+20 	 1.095189e-04 	 6.304184e-06 	 -1000.0000 	 -1000.0000 	 -1000.0000 	 -1000.0000 
	 19.4500 	 6.545399e-01 	 196.3416 	  1.2428 	 2.416722e+22 	 1.772090e+20 	 1.083344e-04 	 6.226344e-06 	 -1000.0000 	 -1000.0000 	 -1000.0000 	 -1000.0000 
	 19.9350 	 6.241907e-01 	 195.7919 	  1.1939 	 2.311204e+22 	 1.639200e+20 	 1.063425e-04 	 6.132197e-06 	 -1000.0000 	 -1000.0000 	 -1000.0000 	 -1000.0000 
	 20.0710 	 6.158862e-01 	 195.5994 	  1.1928 	 2.282716e+22 	 1.617211e+20 	 1.061286e-04 	 6.119824e-06 	 -1000.0000 	 -1000.0000 	 -1000.0000 	 -1000.0000 
	 20.2060 	 6.077328e-01 	 195.3880 	  1.1948 	 2.254944e+22 	 1.599554e+20 	 1.059433e-04 	 6.100260e-06 	 -1000.0000 	 -1000.0000 	 -1000.0000 	 -1000.0000 
	 20.3420 	 5.996104e-01 	 195.1527 	  1.1986 	 2.227493e+22 	 1.584641e+20 	 1.057232e-04 	 6.069415e-06 	 -1000.0000 	 -1000.0000 	 -1000.0000 	 -1000.0000 
	 20.4780 	 5.915801e-01 	 194.8930 	  1.2029 	 2.200586e+22 	 1.571284e+20 	 1.054249e-04 	 6.029424e-06 	 -1000.0000 	 -1000.0000 	 -1000.0000 	 -1000.0000 
	 21.6980 	 5.237279e-01 	 191.2934 	  1.0953 	 1.984715e+22 	 1.346295e+20 	 9.979714e-05 	 5.307423e-06 	 -1000.0000 	 -1000.0000 	 -1000.0000 	 -1000.0000 
	 21.8340 	 5.166242e-01 	 190.8011 	  1.0709 	 1.962867e+22 	 1.311711e+20 	 9.946578e-05 	 5.247393e-06 	 -1000.0000 	 -1000.0000 	 -1000.0000 	 -1000.0000 
	 21.9690 	 5.096602e-01 	 190.3185 	  1.0494 	 1.941344e+22 	 1.280264e+20 	 9.937112e-05 	 5.193097e-06 	 -1000.0000 	 -1000.0000 	 -1000.0000 	 -1000.0000 
	 22.1040 	 5.027818e-01 	 189.8480 	  1.0323 	 1.919914e+22 	 1.253014e+20 	 9.955390e-05 	 5.148126e-06 	 -1000.0000 	 -1000.0000 	 -1000.0000 	 -1000.0000 
	 22.2390 	 4.959865e-01 	 189.3885 	  1.0195 	 1.898580e+22 	 1.229941e+20 	 9.999068e-05 	 5.113363e-06 	 -1000.0000 	 -1000.0000 	 -1000.0000 	 -1000.0000 
	 22.7260 	 4.721148e-01 	 187.7627 	  1.0023 	 1.822836e+22 	 1.173686e+20 	 1.027095e-04 	 5.067529e-06 	  4.0182 	  0.4758 	 -1000.0000 	 -1000.0000 
	 22.8610 	 4.656621e-01 	 187.3044 	  1.0037 	 1.802296e+22 	 1.163425e+20 	 1.034918e-04 	 5.082373e-06 	  4.0667 	  0.4767 	 -1000.0000 	 -1000.0000 
	 22.9960 	 4.592753e-01 	 186.8363 	  1.0069 	 1.782003e+22 	 1.154571e+20 	 1.042078e-04 	 5.144570e-06 	  4.1106 	  0.4811 	 -1000.0000 	 -1000.0000 
	 23.1310 	 4.529538e-01 	 186.3585 	  1.0116 	 1.761952e+22 	 1.146803e+20 	 1.048014e-04 	 5.234548e-06 	  4.1480 	  0.4882 	 -1000.0000 	 -1000.0000 
	 23.4920 	 4.363722e-01 	 185.0471 	  1.0285 	 1.709423e+22 	 1.129404e+20 	 1.057000e-04 	 5.588960e-06 	  4.2065 	  0.5209 	 -1000.0000 	 -1000.0000 
	 23.7610 	 4.243235e-01 	 184.0535 	  1.0423 	 1.671184e+22 	 1.117386e+20 	 1.055770e-04 	 5.894000e-06 	  4.2124 	  0.5551 	 -1000.0000 	 -1000.0000 
	 23.8960 	 4.183762e-01 	 183.5545 	  1.0485 	 1.652244e+22 	 1.110937e+20 	 1.052037e-04 	 6.034965e-06 	  4.2045 	  0.5725 	 -1000.0000 	 -1000.0000 
	 24.0310 	 4.124957e-01 	 183.0578 	  1.0538 	 1.633453e+22 	 1.103868e+20 	 1.046000e-04 	 6.158618e-06 	  4.1906 	  0.5893 	 -1000.0000 	 -1000.0000 
	 25.2850 	 3.610841e-01 	 178.8277 	  1.0128 	 1.463784e+22 	 9.754651e+19 	 8.836195e-05 	 6.023180e-06 	  3.9157 	  0.6593 	 -1000.0000 	 -1000.0000 
	 25.4190 	 3.559262e-01 	 178.4277 	  1.0028 	 1.446106e+22 	 9.579754e+19 	 8.627269e-05 	 5.924861e-06 	  3.8774 	  0.6593 	 -1000.0000 	 -1000.0000 
	 25.5540 	 3.507921e-01 	 178.0331 	  0.9943 	 1.428406e+22 	 9.415449e+19 	 8.439884e-05 	 5.837061e-06 	  3.8381 	  0.6592 	 -1000.0000 	 -1000.0000 
	 25.6880 	 3.457570e-01 	 177.6489 	  0.9881 	 1.410954e+22 	 9.269622e+19 	 8.285078e-05 	 5.768880e-06 	  3.7985 	  0.6591 	 -1000.0000 	 -1000.0000 
	 25.8220 	 3.407828e-01 	 177.2708 	  0.9846 	 1.393631e+22 	 9.142971e+19 	 8.165316e-05 	 5.723266e-06 	  3.7585 	  0.6586 	 -1000.0000 	 -1000.0000 
	 26.1850 	 3.276176e-01 	 176.2649 	  0.9892 	 1.347453e+22 	 8.899679e+19 	 8.019938e-05 	 5.744319e-06 	  3.6504 	  0.6588 	 -1000.0000 	 -1000.0000 
	 26.3190 	 3.228738e-01 	 175.8959 	  0.9965 	 1.330722e+22 	 8.847979e+19 	 8.030860e-05 	 5.815667e-06 	  3.6114 	  0.6608 	 -1000.0000 	 -1000.0000 
	 26.4540 	 3.181588e-01 	 175.5230 	  1.0071 	 1.314058e+22 	 8.817369e+19 	 8.076191e-05 	 5.926489e-06 	  3.5728 	  0.6642 	 -1000.0000 	 -1000.0000 
	 26.5880 	 3.135429e-01 	 175.1511 	  1.0210 	 1.297714e+22 	 8.808401e+19 	 8.155037e-05 	 6.076010e-06 	  3.5355 	  0.6688 	 -1000.0000 	 -1000.0000 
	 26.7220 	 3.089907e-01 	 174.7863 	  1.0379 	 1.281512e+22 	 8.818090e+19 	 8.265750e-05 	 6.258397e-06 	  3.4994 	  0.6737 	 -1000.0000 	 -1000.0000 
	 27.0880 	 2.968794e-01 	 173.9316 	  1.0971 	 1.237312e+22 	 8.907141e+19 	 8.706853e-05 	 6.842988e-06 	  3.4105 	  0.6827 	 -1000.0000 	 -1000.0000 
	 27.2220 	 2.925618e-01 	 173.7094 	  1.1225 	 1.220902e+22 	 8.950751e+19 	 8.908944e-05 	 7.058173e-06 	  3.3836 	  0.6826 	 -1000.0000 	 -1000.0000 
	 27.3560 	 2.883062e-01 	 173.5566 	  1.1493 	 1.204239e+22 	 8.993879e+19 	 9.126653e-05 	 7.257014e-06 	  3.3611 	  0.6801 	 -1000.0000 	 -1000.0000 
	 27.4900 	 2.841120e-01 	 173.4849 	  1.1771 	 1.187249e+22 	 9.032334e+19 	 9.355247e-05 	 7.428890e-06 	  3.3437 	  0.6748 	 -1000.0000 	 -1000.0000 
	 27.9980 	 2.687473e-01 	 173.8509 	  1.2696 	 1.120710e+22 	 9.030109e+19 	 1.018853e-04 	 7.716811e-06 	  3.3268 	  0.6355 	 -1000.0000 	 -1000.0000 
	 28.1320 	 2.648290e-01 	 174.0700 	  1.2839 	 1.102955e+22 	 8.960628e+19 	 1.036340e-04 	 7.670038e-06 	  3.3352 	  0.6214 	 -1000.0000 	 -1000.0000 
	 28.2660 	 2.609640e-01 	 174.3213 	  1.2911 	 1.085265e+22 	 8.849922e+19 	 1.050482e-04 	 7.562954e-06 	  3.3487 	  0.6064 	 -1000.0000 	 -1000.0000 
	 28.4000 	 2.571512e-01 	 174.5951 	  1.2899 	 1.067714e+22 	 8.692488e+19 	 1.060582e-04 	 7.394596e-06 	  3.3676 	  0.5909 	 -1000.0000 	 -1000.0000 
	 28.5340 	 2.533911e-01 	 174.8862 	  1.2808 	 1.050345e+22 	 8.492370e+19 	 1.066378e-04 	 7.178323e-06 	  3.3916 	  0.5760 	 -1000.0000 	 -1000.0000 
	 28.9080 	 2.431891e-01 	 175.7641 	  1.2261 	 1.003028e+22 	 7.788852e+19 	 1.061863e-04 	 6.487013e-06 	  3.4848 	  0.5421 	 -1000.0000 	 -1000.0000 
	 29.0420 	 2.396439e-01 	 176.0929 	  1.2003 	 9.865644e+21 	 7.513932e+19 	 1.054217e-04 	 6.259618e-06 	  3.5267 	  0.5335 	 -1000.0000 	 -1000.0000 
	 29.1760 	 2.361593e-01 	 176.4244 	  1.1737 	 9.703965e+21 	 7.242301e+19 	 1.044186e-04 	 6.068702e-06 	  3.5727 	  0.5272 	 -1000.0000 	 -1000.0000 
	 29.3100 	 2.327368e-01 	 176.7556 	  1.1476 	 9.545476e+21 	 6.983000e+19 	 1.032297e-04 	 5.927887e-06 	  3.6225 	  0.5237 	 -1000.0000 	 -1000.0000 
	 29.4440 	 2.293760e-01 	 177.0828 	  1.1227 	 9.390309e+21 	 6.739407e+19 	 1.019120e-04 	 5.840661e-06 	  3.6759 	  0.5231 	 -1000.0000 	 -1000.0000 
	 29.8180 	 2.203075e-01 	 177.9434 	  1.0615 	 8.975455e+21 	 6.143495e+19 	 9.810586e-05 	 5.833635e-06 	  3.8386 	  0.5390 	 -1000.0000 	 -1000.0000 
	 29.9520 	 2.171648e-01 	 178.2213 	  1.0434 	 8.833577e+21 	 5.960304e+19 	 9.689679e-05 	 5.887656e-06 	  3.8987 	  0.5504 	 -1000.0000 	 -1000.0000 
	 30.0860 	 2.140756e-01 	 178.4771 	  1.0276 	 8.695387e+21 	 5.793229e+19 	 9.586530e-05 	 5.956893e-06 	  3.9581 	  0.5642 	 -1000.0000 	 -1000.0000 
	 30.2200 	 2.110382e-01 	 178.7071 	  1.0144 	 8.560947e+21 	 5.642241e+19 	 9.506309e-05 	 6.033049e-06 	  4.0156 	  0.5798 	 -1000.0000 	 -1000.0000 
	 30.3540 	 2.080502e-01 	 178.9095 	  1.0037 	 8.430187e+21 	 5.506357e+19 	 9.451022e-05 	 6.108864e-06 	  4.0700 	  0.5956 	 -1000.0000 	 -1000.0000 
	 30.7210 	 2.000996e-01 	 179.3138 	  0.9851 	 8.089793e+21 	 5.199574e+19 	 9.416617e-05 	 6.303958e-06 	  4.2006 	  0.6339 	 -1000.0000 	 -1000.0000 
	 30.8550 	 1.972744e-01 	 179.4036 	  0.9816 	 7.971576e+21 	 5.107058e+19 	 9.440926e-05 	 6.375178e-06 	  4.2408 	  0.6451 	 -1000.0000 	 -1000.0000 
	 30.9880 	 1.945074e-01 	 179.4607 	  0.9793 	 7.857237e+21 	 5.023237e+19 	 9.481700e-05 	 6.448155e-06 	  4.2766 	  0.6543 	 -1000.0000 	 -1000.0000 
	 31.1220 	 1.917548e-01 	 179.4851 	  0.9782 	 7.744916e+21 	 4.945414e+19 	 9.537837e-05 	 6.524709e-06 	  4.3083 	  0.6615 	 -1000.0000 	 -1000.0000 
	 31.2560 	 1.890370e-01 	 179.4794 	  0.9780 	 7.635293e+21 	 4.873262e+19 	 9.606797e-05 	 6.601936e-06 	  4.3358 	  0.6663 	 -1000.0000 	 -1000.0000 
	 31.7680 	 1.789892e-01 	 179.2857 	  0.9837 	 7.237274e+21 	 4.637737e+19 	 9.938476e-05 	 6.861529e-06 	  4.4050 	  0.6654 	 -1000.0000 	 -1000.0000 
	 31.9010 	 1.764704e-01 	 179.2179 	  0.9863 	 7.138248e+21 	 4.583861e+19 	 1.002914e-04 	 6.914306e-06 	  4.4152 	  0.6625 	 -1000.0000 	 -1000.0000 
	 32.0340 	 1.739909e-01 	 179.1534 	  0.9893 	 7.040609e+21 	 4.531770e+19 	 1.011630e-04 	 6.960947e-06 	  4.4229 	  0.6598 	 -1000.0000 	 -1000.0000 
	 32.1670 	 1.715498e-01 	 179.0918 	  0.9926 	 6.944328e+21 	 4.481503e+19 	 1.019892e-04 	 7.007930e-06 	  4.4277 	  0.6582 	 -1000.0000 	 -1000.0000 
	 32.5440 	 1.648228e-01 	 178.8924 	  1.0053 	 6.679517e+21 	 4.352869e+19 	 1.041156e-04 	 7.190290e-06 	  4.4204 	  0.6632 	 -1000.0000 	 -1000.0000 
	 32.8110 	 1.602135e-01 	 178.6862 	  1.0188 	 6.500019e+21 	 4.278450e+19 	 1.054850e-04 	 7.389653e-06 	  4.3926 	  0.6744 	 -1000.0000 	 -1000.0000 
	 32.9440 	 1.579600e-01 	 178.5502 	  1.0274 	 6.413338e+21 	 4.247824e+19 	 1.061479e-04 	 7.515307e-06 	  4.3708 	  0.6816 	 -1000.0000 	 -1000.0000 
	 33.0770 	 1.557334e-01 	 178.3895 	  1.0372 	 6.328495e+21 	 4.221305e+19 	 1.068050e-04 	 7.654986e-06 	  4.3446 	  0.6897 	 -1000.0000 	 -1000.0000 
	 33.4640 	 1.494055e-01 	 177.7931 	  1.0692 	 6.091437e+21 	 4.159263e+19 	 1.087284e-04 	 8.089104e-06 	  4.2587 	  0.7131 	 -1000.0000 	 -1000.0000 
	 33.5980 	 1.472662e-01 	 177.5462 	  1.0804 	 6.012532e+21 	 4.140136e+19 	 1.094177e-04 	 8.234699e-06 	  4.2311 	  0.7196 	 -1000.0000 	 -1000.0000 
	 33.7310 	 1.451691e-01 	 177.2828 	  1.0912 	 5.935717e+21 	 4.120877e+19 	 1.101246e-04 	 8.370280e-06 	  4.2076 	  0.7246 	 -1000.0000 	 -1000.0000 
	 33.8640 	 1.430979e-01 	 177.0025 	  1.1013 	 5.860326e+21 	 4.100450e+19 	 1.108628e-04 	 8.492907e-06 	  4.1893 	  0.7278 	 -1000.0000 	 -1000.0000 
	 33.9970 	 1.410523e-01 	 176.7066 	  1.1102 	 5.786289e+21 	 4.077959e+19 	 1.116422e-04 	 8.598550e-06 	  4.1767 	  0.7281 	 -1000.0000 	 -1000.0000 
	 35.2780 	 1.226366e-01 	 173.3670 	  1.0984 	 5.128014e+21 	 3.631068e+19 	 1.197001e-04 	 8.104843e-06 	  4.3100 	  0.6182 	 -1000.0000 	 -1000.0000 
	 35.4100 	 1.208696e-01 	 173.0275 	  1.0929 	 5.064055e+21 	 3.575446e+19 	 1.202029e-04 	 7.822700e-06 	  4.3461 	  0.6019 	 -1000.0000 	 -1000.0000 
	 35.5430 	 1.191139e-01 	 172.7016 	  1.0900 	 4.999948e+21 	 3.526077e+19 	 1.204967e-04 	 7.477191e-06 	  4.3862 	  0.5867 	 -1000.0000 	 -1000.0000 
	 35.6760 	 1.173829e-01 	 172.3960 	  1.0907 	 4.936079e+21 	 3.485867e+19 	 1.204957e-04 	 7.064977e-06 	  4.4301 	  0.5738 	 -1000.0000 	 -1000.0000 
	 35.8090 	 1.156761e-01 	 172.1092 	  1.0950 	 4.872476e+21 	 3.455148e+19 	 1.200785e-04 	 6.588536e-06 	  4.4773 	  0.5646 	 -1000.0000 	 -1000.0000 
	 36.1980 	 1.108151e-01 	 171.3225 	  1.1238 	 4.689216e+21 	 3.406010e+19 	 1.150451e-04 	 5.417945e-06 	  4.6255 	  0.5804 	 -1000.0000 	 -1000.0000 
	 36.3300 	 1.092073e-01 	 171.0539 	  1.1373 	 4.628393e+21 	 3.398362e+19 	 1.121212e-04 	 5.227237e-06 	  4.6751 	  0.5991 	 -1000.0000 	 -1000.0000 
	 36.4630 	 1.076073e-01 	 170.7724 	  1.1518 	 4.568026e+21 	 3.392843e+19 	 1.087733e-04 	 5.030537e-06 	  4.7225 	  0.6186 	 -1000.0000 	 -1000.0000 
	 36.5960 	 1.060264e-01 	 170.4744 	  1.1668 	 4.508709e+21 	 3.388066e+19 	 1.050209e-04 	 4.834594e-06 	  4.7662 	  0.6381 	 -1000.0000 	 -1000.0000 
	 36.7290 	 1.044643e-01 	 170.1574 	  1.1820 	 4.450480e+21 	 3.383228e+19 	 1.008982e-04 	 4.644435e-06 	  4.8055 	  0.6570 	 -1000.0000 	 -1000.0000 
	 37.1140 	 1.000466e-01 	 169.1409 	  1.2247 	 4.287743e+21 	 3.366479e+19 	 8.756275e-05 	 4.151427e-06 	  4.8886 	  0.7033 	 -1000.0000 	 -1000.0000 
	 37.2460 	 9.856719e-02 	 168.7612 	  1.2385 	 4.233826e+21 	 3.359013e+19 	 8.275366e-05 	 4.001791e-06 	  4.9050 	  0.7162 	 -1000.0000 	 -1000.0000 
	 37.3780 	 9.710552e-02 	 168.3668 	  1.2515 	 4.180811e+21 	 3.350267e+19 	 7.793636e-05 	 3.860820e-06 	  4.9144 	  0.7278 	 -1000.0000 	 -1000.0000 
	 37.5100 	 9.566145e-02 	 167.9586 	  1.2636 	 4.128663e+21 	 3.339996e+19 	 7.317303e-05 	 3.727606e-06 	  4.9158 	  0.7383 	 -1000.0000 	 -1000.0000 
	 38.9240 	 8.126060e-02 	 162.9427 	  1.2996 	 3.615292e+21 	 3.080231e+19 	 3.569099e-05 	 2.556133e-06 	  4.4973 	  0.8994 	 -1000.0000 	 -1000.0000 
	 39.0560 	 8.001309e-02 	 162.4375 	  1.2944 	 3.570845e+21 	 3.042861e+19 	 3.361014e-05 	 2.488098e-06 	  4.4365 	  0.9150 	 -1000.0000 	 -1000.0000 
	 39.1880 	 7.878176e-02 	 161.9305 	  1.2886 	 3.526888e+21 	 3.004782e+19 	 3.161283e-05 	 2.471062e-06 	  4.3761 	  0.9351 	 -1000.0000 	 -1000.0000 
	 39.3200 	 7.756653e-02 	 161.4228 	  1.2825 	 3.483400e+21 	 2.966463e+19 	 2.983498e-05 	 2.430869e-06 	  4.3169 	  0.9528 	 -1000.0000 	 -1000.0000 
	 39.4520 	 7.636732e-02 	 160.9154 	  1.2765 	 3.440358e+21 	 2.928373e+19 	 2.826439e-05 	 2.370488e-06 	  4.2593 	  0.9679 	 -1000.0000 	 -1000.0000 
	 40.7470 	 6.542651e-02 	 156.1926 	  1.2639 	 3.036657e+21 	 2.641073e+19 	 2.013777e-05 	 1.366437e-06 	  3.5976 	  0.9568 	 -1000.0000 	 -1000.0000 
	 40.8790 	 6.438751e-02 	 155.7636 	  1.2651 	 2.996664e+21 	 2.615829e+19 	 1.981027e-05 	 1.264503e-06 	  3.5010 	  0.9407 	 -1000.0000 	 -1000.0000 
	 41.0100 	 6.336777e-02 	 155.3529 	  1.2648 	 2.957003e+21 	 2.587977e+19 	 1.954713e-05 	 1.177174e-06 	  3.3973 	  0.9233 	 -1000.0000 	 -1000.0000 
	 41.1420 	 6.235102e-02 	 154.9555 	  1.2624 	 2.917020e+21 	 2.556030e+19 	 1.926998e-05 	 1.117455e-06 	  3.2847 	  0.9056 	 -1000.0000 	 -1000.0000 
	 41.2740 	 6.134509e-02 	 154.5749 	  1.2579 	 2.877027e+21 	 2.520118e+19 	 1.905918e-05 	 1.062985e-06 	  3.1652 	  0.8851 	 -1000.0000 	 -1000.0000 
	 41.8090 	 5.739774e-02 	 153.1800 	  1.2310 	 2.716410e+21 	 2.357902e+19 	 1.774322e-05 	 8.639008e-07 	  2.6911 	  0.7998 	 -1000.0000 	 -1000.0000 
	 41.9400 	 5.646762e-02 	 152.8685 	  1.2256 	 2.677839e+21 	 2.320127e+19 	 1.693073e-05 	 8.122222e-07 	  2.5966 	  0.7844 	 -1000.0000 	 -1000.0000 
	 42.0720 	 5.554674e-02 	 152.5642 	  1.2219 	 2.639432e+21 	 2.285191e+19 	 1.579202e-05 	 7.561834e-07 	  2.5155 	  0.7731 	 -1000.0000 	 -1000.0000 
	 42.2040 	 5.464228e-02 	 152.2684 	  1.2200 	 2.601511e+21 	 2.253461e+19 	 1.435136e-05 	 6.956458e-07 	  2.4501 	  0.7667 	 -1000.0000 	 -1000.0000 
	 42.6000 	 5.201802e-02 	 151.4250 	  1.2177 	 2.490389e+21 	 2.166238e+19 	 9.331258e-06 	 4.993712e-07 	  2.3441 	  0.7766 	 -1000.0000 	 -1000.0000 
	 42.7320 	 5.116973e-02 	 151.1558 	  1.2155 	 2.454131e+21 	 2.135945e+19 	 7.803722e-06 	 4.361016e-07 	  2.3349 	  0.7888 	 -1000.0000 	 -1000.0000 
	 42.8630 	 5.033935e-02 	 150.8934 	  1.2115 	 2.418486e+21 	 2.103367e+19 	 6.470445e-06 	 3.780075e-07 	  2.3378 	  0.8052 	 -1000.0000 	 -1000.0000 
	 42.9940 	 4.951946e-02 	 150.6349 	  1.2049 	 2.383149e+21 	 2.067165e+19 	 5.346764e-06 	 3.264028e-07 	  2.3523 	  0.8257 	 -1000.0000 	 -1000.0000 
	 43.1250 	 4.870975e-02 	 150.3819 	  1.1954 	 2.348093e+21 	 2.026965e+19 	 4.435569e-06 	 2.822938e-07 	  2.3775 	  0.8503 	 -1000.0000 	 -1000.0000 
	 43.5300 	 4.627550e-02 	 149.6806 	  1.1513 	 2.241164e+21 	 1.883651e+19 	 2.689613e-06 	 1.887008e-07 	  2.5030 	  0.9454 	 -1000.0000 	 -1000.0000 
	 43.7930 	 4.475554e-02 	 149.3367 	  1.1141 	 2.172597e+21 	 1.781610e+19 	 2.148248e-06 	 1.534132e-07 	  2.6026 	  1.0163 	 -1000.0000 	 -1000.0000 
	 43.9240 	 4.401775e-02 	 149.2116 	  1.0940 	 2.138611e+21 	 1.730035e+19 	 1.993035e-06 	 1.410207e-07 	  2.6516 	  1.0522 	 -1000.0000 	 -1000.0000 
	 44.0550 	 4.329302e-02 	 149.1193 	  1.0736 	 2.104734e+21 	 1.678825e+19 	 1.895360e-06 	 1.313227e-07 	  2.6982 	  1.0877 	 -1000.0000 	 -1000.0000 
	 44.4600 	 4.113071e-02 	 148.9986 	  1.0153 	 2.001239e+21 	 1.530302e+19 	 1.814089e-06 	 1.164022e-07 	  2.8231 	  1.2017 	 -1000.0000 	 -1000.0000 
	 44.5920 	 4.045002e-02 	 148.9982 	  1.0003 	 1.968101e+21 	 1.487554e+19 	 1.834764e-06 	 1.149831e-07 	 -1000.0000 	 -1000.0000 	 -1000.0000 	 -1000.0000 
	 44.7230 	 3.978546e-02 	 149.0097 	  0.9887 	 1.935592e+21 	 1.449074e+19 	 1.864677e-06 	 1.145777e-07 	 -1000.0000 	 -1000.0000 	 -1000.0000 	 -1000.0000 
	 44.8540 	 3.913140e-02 	 149.0288 	  0.9809 	 1.903515e+21 	 1.415215e+19 	 1.894126e-06 	 1.148653e-07 	 -1000.0000 	 -1000.0000 	 -1000.0000 	 -1000.0000 
	 44.9850 	 3.848755e-02 	 149.0524 	  0.9771 	 1.871904e+21 	 1.386139e+19 	 1.917276e-06 	 1.155655e-07 	 -1000.0000 	 -1000.0000 	 -1000.0000 	 -1000.0000 
	 45.3940 	 3.654162e-02 	 149.1397 	  0.9849 	 1.776283e+21 	 1.319656e+19 	 1.929847e-06 	 1.191364e-07 	 -1000.0000 	 -1000.0000 	 -1000.0000 	 -1000.0000 
	 45.5240 	 3.594307e-02 	 149.1671 	  0.9913 	 1.746888e+21 	 1.304066e+19 	 1.913440e-06 	 1.203853e-07 	 -1000.0000 	 -1000.0000 	 -1000.0000 	 -1000.0000 
	 45.7860 	 3.476531e-02 	 149.2134 	  1.0065 	 1.689145e+21 	 1.276976e+19 	 1.852078e-06 	 1.224449e-07 	 -1000.0000 	 -1000.0000 	 -1000.0000 	 -1000.0000 
	 45.9170 	 3.419049e-02 	 149.2295 	  1.0139 	 1.661038e+21 	 1.264359e+19 	 1.808422e-06 	 1.230290e-07 	 -1000.0000 	 -1000.0000 	 -1000.0000 	 -1000.0000 
	 47.2570 	 2.882097e-02 	 148.7713 	  0.9535 	 1.404408e+21 	 1.039936e+19 	 1.096489e-06 	 9.386287e-08 	 -1000.0000 	 -1000.0000 	 -1000.0000 	 -1000.0000 
	 47.3870 	 2.834822e-02 	 148.6316 	  0.9380 	 1.382669e+21 	 1.011580e+19 	 1.035626e-06 	 8.912879e-08 	 -1000.0000 	 -1000.0000 	 -1000.0000 	 -1000.0000 
	 47.5180 	 2.788050e-02 	 148.4667 	  0.9248 	 1.361363e+21 	 9.855481e+18 	 9.843776e-07 	 8.493319e-08 	 -1000.0000 	 -1000.0000 	 -1000.0000 	 -1000.0000 
	 47.6480 	 2.742497e-02 	 148.2775 	  0.9152 	 1.340823e+21 	 9.633656e+18 	 9.457747e-07 	 8.160582e-08 	 -1000.0000 	 -1000.0000 	 -1000.0000 	 -1000.0000 
	 47.7780 	 2.697778e-02 	 148.0629 	  0.9095 	 1.320862e+21 	 9.452236e+18 	 9.196760e-07 	 7.921818e-08 	 -1000.0000 	 -1000.0000 	 -1000.0000 	 -1000.0000 
	 48.1900 	 2.560739e-02 	 147.2530 	  0.9085 	 1.260655e+21 	 9.057573e+18 	 8.881015e-07 	 7.591818e-08 	 -1000.0000 	 -1000.0000 	 -1000.0000 	 -1000.0000 
	 48.3200 	 2.518711e-02 	 146.9689 	  0.9104 	 1.242369e+21 	 8.960566e+18 	 8.836664e-07 	 7.554577e-08 	 -1000.0000 	 -1000.0000 	 -1000.0000 	 -1000.0000 
	 48.4500 	 2.477138e-02 	 146.6771 	  0.9119 	 1.224303e+21 	 8.862673e+18 	 8.766989e-07 	 7.516379e-08 	 -1000.0000 	 -1000.0000 	 -1000.0000 	 -1000.0000 
	 48.5800 	 2.435945e-02 	 146.3811 	  0.9121 	 1.206387e+21 	 8.755756e+18 	 8.641688e-07 	 7.457906e-08 	 -1000.0000 	 -1000.0000 	 -1000.0000 	 -1000.0000 
	 49.1300 	 2.266275e-02 	 145.1007 	  0.8968 	 1.132264e+21 	 8.186496e+18 	 7.433626e-07 	 6.893254e-08 	 -1000.0000 	 -1000.0000 	 -1000.0000 	 -1000.0000 
	 49.2600 	 2.227603e-02 	 144.7890 	  0.8911 	 1.115337e+21 	 8.040476e+18 	 7.049824e-07 	 6.705936e-08 	 -1000.0000 	 -1000.0000 	 -1000.0000 	 -1000.0000 
	 49.3900 	 2.189613e-02 	 144.4726 	  0.8853 	 1.098715e+21 	 7.896534e+18 	 6.653660e-07 	 6.506531e-08 	 -1000.0000 	 -1000.0000 	 -1000.0000 	 -1000.0000 
	 49.5200 	 2.152370e-02 	 144.1511 	  0.8797 	 1.082435e+21 	 7.757761e+18 	 6.257347e-07 	 6.298837e-08 	 -1000.0000 	 -1000.0000 	 -1000.0000 	 -1000.0000 
	 49.6500 	 2.115888e-02 	 143.8244 	  0.8746 	 1.066507e+21 	 7.626110e+18 	 5.869416e-07 	 6.085546e-08 	 -1000.0000 	 -1000.0000 	 -1000.0000 	 -1000.0000 
	 50.0600 	 2.005146e-02 	 142.7642 	  0.8632 	 1.018197e+21 	 7.259694e+18 	 4.726776e-07 	 5.396315e-08 	 -1000.0000 	 -1000.0000 	 -1000.0000 	 -1000.0000 
	 50.1900 	 1.971176e-02 	 142.4202 	  0.8615 	 1.003366e+21 	 7.159373e+18 	 4.396657e-07 	 5.179875e-08 	 -1000.0000 	 -1000.0000 	 -1000.0000 	 -1000.0000 
	 50.3200 	 1.937649e-02 	 142.0732 	  0.8609 	 9.887068e+20 	 7.066875e+18 	 4.084909e-07 	 4.967912e-08 	 -1000.0000 	 -1000.0000 	 -1000.0000 	 -1000.0000 
	 50.4500 	 1.904502e-02 	 141.7237 	  0.8616 	 9.741863e+20 	 6.982305e+18 	 3.793001e-07 	 4.762375e-08 	 -1000.0000 	 -1000.0000 	 -1000.0000 	 -1000.0000 
	 50.5800 	 1.871703e-02 	 141.3722 	  0.8636 	 9.597845e+20 	 6.905369e+18 	 3.521379e-07 	 4.564670e-08 	 -1000.0000 	 -1000.0000 	 -1000.0000 	 -1000.0000 
	 51.0000 	 1.768460e-02 	 140.2348 	  0.8766 	 9.141898e+20 	 6.696312e+18 	 2.770128e-07 	 3.978632e-08 	 -1000.0000 	 -1000.0000 	 -1000.0000 	 -1000.0000 
	 51.1300 	 1.737467e-02 	 139.8859 	  0.8820 	 9.004110e+20 	 6.639743e+18 	 2.572662e-07 	 3.811970e-08 	 -1000.0000 	 -1000.0000 	 -1000.0000 	 -1000.0000 
	 51.2600 	 1.706986e-02 	 139.5400 	  0.8876 	 8.868111e+20 	 6.585089e+18 	 2.389913e-07 	 3.651473e-08 	 -1000.0000 	 -1000.0000 	 -1000.0000 	 -1000.0000 
	 51.3900 	 1.677049e-02 	 139.1984 	  0.8934 	 8.734022e+20 	 6.531247e+18 	 2.220866e-07 	 3.496685e-08 	 -1000.0000 	 -1000.0000 	 -1000.0000 	 -1000.0000 
	 51.5200 	 1.647668e-02 	 138.8611 	  0.8992 	 8.601899e+20 	 6.477560e+18 	 2.064706e-07 	 3.347304e-08 	 -1000.0000 	 -1000.0000 	 -1000.0000 	 -1000.0000 
	 51.9330 	 1.557751e-02 	 137.8088 	  0.9178 	 8.194622e+20 	 6.309299e+18 	 1.646759e-07 	 2.910621e-08 	 -1000.0000 	 -1000.0000 	 -1000.0000 	 -1000.0000 
	 52.0630 	 1.530435e-02 	 137.4801 	  0.9238 	 8.070142e+20 	 6.257603e+18 	 1.537463e-07 	 2.786264e-08 	 -1000.0000 	 -1000.0000 	 -1000.0000 	 -1000.0000 
	 52.1920 	 1.503754e-02 	 137.1536 	  0.9298 	 7.948285e+20 	 6.207162e+18 	 1.438437e-07 	 2.669622e-08 	 -1000.0000 	 -1000.0000 	 -1000.0000 	 -1000.0000 
	 52.3220 	 1.477270e-02 	 136.8232 	  0.9360 	 7.827103e+20 	 6.157345e+18 	 1.347509e-07 	 2.559214e-08 	 -1000.0000 	 -1000.0000 	 -1000.0000 	 -1000.0000 
	 52.4520 	 1.451171e-02 	 136.4910 	  0.9425 	 7.707494e+20 	 6.108714e+18 	 1.264863e-07 	 2.456185e-08 	 -1000.0000 	 -1000.0000 	 -1000.0000 	 -1000.0000 
	 52.8760 	 1.368665e-02 	 135.4010 	  0.9654 	 7.327758e+20 	 5.960909e+18 	 1.046182e-07 	 2.169822e-08 	 -1000.0000 	 -1000.0000 	 -1000.0000 	 -1000.0000 
	 53.0060 	 1.344154e-02 	 135.0671 	  0.9734 	 7.214339e+20 	 5.919701e+18 	 9.927756e-08 	 2.096547e-08 	 -1000.0000 	 -1000.0000 	 -1000.0000 	 -1000.0000 
	 53.1350 	 1.320188e-02 	 134.7368 	  0.9818 	 7.103110e+20 	 5.881084e+18 	 9.452372e-08 	 2.030292e-08 	 -1000.0000 	 -1000.0000 	 -1000.0000 	 -1000.0000 
	 53.2640 	 1.296573e-02 	 134.4083 	  0.9909 	 6.993148e+20 	 5.844940e+18 	 9.026544e-08 	 1.970348e-08 	 -1000.0000 	 -1000.0000 	 -1000.0000 	 -1000.0000 
	 53.3930 	 1.273306e-02 	 134.0814 	  1.0006 	 6.884449e+20 	 5.811231e+18 	 8.645640e-08 	 1.916532e-08 	 -1000.0000 	 -1000.0000 	 -1000.0000 	 -1000.0000 
	 53.8160 	 1.199427e-02 	 132.9986 	  1.0346 	 6.537850e+20 	 5.710702e+18 	 7.665812e-08 	 1.778061e-08 	 -1000.0000 	 -1000.0000 	 -1000.0000 	 -1000.0000 
	 53.9460 	 1.177459e-02 	 132.6555 	  1.0451 	 6.434681e+20 	 5.680566e+18 	 7.434511e-08 	 1.745644e-08 	 -1000.0000 	 -1000.0000 	 -1000.0000 	 -1000.0000 
	 54.0750 	 1.156000e-02 	 132.3070 	  1.0552 	 6.334014e+20 	 5.649937e+18 	 7.231767e-08 	 1.717531e-08 	 -1000.0000 	 -1000.0000 	 -1000.0000 	 -1000.0000 
	 54.2040 	 1.134878e-02 	 131.9485 	  1.0649 	 6.235132e+20 	 5.617976e+18 	 7.052762e-08 	 1.693121e-08 	 -1000.0000 	 -1000.0000 	 -1000.0000 	 -1000.0000 
	 54.3330 	 1.114090e-02 	 131.5792 	  1.0741 	 6.138067e+20 	 5.584362e+18 	 6.895590e-08 	 1.672209e-08 	 -1000.0000 	 -1000.0000 	 -1000.0000 	 -1000.0000 
	 54.7600 	 1.047605e-02 	 130.3005 	  1.1021 	 5.828424e+20 	 5.466246e+18 	 6.531060e-08 	 1.629483e-08 	 -1000.0000 	 -1000.0000 	 -1000.0000 	 -1000.0000 
	 54.8880 	 1.028353e-02 	 129.9073 	  1.1103 	 5.738661e+20 	 5.430465e+18 	 6.469086e-08 	 1.625309e-08 	 -1000.0000 	 -1000.0000 	 -1000.0000 	 -1000.0000 
	 55.0170 	 1.009259e-02 	 129.5095 	  1.1186 	 5.649424e+20 	 5.395012e+18 	 6.429181e-08 	 1.625497e-08 	 -1000.0000 	 -1000.0000 	 -1000.0000 	 -1000.0000 
	 55.1460 	 9.904692e-03 	 129.1120 	  1.1272 	 5.561304e+20 	 5.360612e+18 	 6.412224e-08 	 1.630328e-08 	 -1000.0000 	 -1000.0000 	 -1000.0000 	 -1000.0000 
	 55.2750 	 9.719791e-03 	 128.7174 	  1.1361 	 5.474175e+20 	 5.327602e+18 	 6.418200e-08 	 1.639979e-08 	 -1000.0000 	 -1000.0000 	 -1000.0000 	 -1000.0000 
	 55.8280 	 8.959875e-03 	 127.1557 	  1.1824 	 5.108113e+20 	 5.203808e+18 	 6.695475e-08 	 1.734979e-08 	 -1000.0000 	 -1000.0000 	 -1000.0000 	 -1000.0000 
	 55.9570 	 8.789950e-03 	 126.8450 	  1.1959 	 5.023564e+20 	 5.179437e+18 	 6.817558e-08 	 1.769284e-08 	 -1000.0000 	 -1000.0000 	 -1000.0000 	 -1000.0000 
	 56.0860 	 8.622693e-03 	 126.5633 	  1.2108 	 4.938995e+20 	 5.156911e+18 	 6.961136e-08 	 1.808090e-08 	 -1000.0000 	 -1000.0000 	 -1000.0000 	 -1000.0000 
	 56.2150 	 8.458079e-03 	 126.3138 	  1.2270 	 4.854315e+20 	 5.135869e+18 	 7.126798e-08 	 1.851448e-08 	 -1000.0000 	 -1000.0000 	 -1000.0000 	 -1000.0000 
	 56.6430 	 7.931423e-03 	 125.7180 	  1.2843 	 4.573655e+20 	 5.057819e+18 	 7.860027e-08 	 2.031899e-08 	 -1000.0000 	 -1000.0000 	 -1000.0000 	 -1000.0000 
	 56.7710 	 7.779935e-03 	 125.6086 	  1.3005 	 4.490190e+20 	 5.026046e+18 	 8.142580e-08 	 2.098283e-08 	 -1000.0000 	 -1000.0000 	 -1000.0000 	 -1000.0000 
	 56.9000 	 7.630156e-03 	 125.5303 	  1.3153 	 4.406470e+20 	 4.987316e+18 	 8.461057e-08 	 2.171739e-08 	 -1000.0000 	 -1000.0000 	 -1000.0000 	 -1000.0000 
	 57.0280 	 7.484459e-03 	 125.4840 	  1.3282 	 4.323892e+20 	 4.940681e+18 	 8.813076e-08 	 2.251601e-08 	 -1000.0000 	 -1000.0000 	 -1000.0000 	 -1000.0000 
	 57.1560 	 7.341699e-03 	 125.4692 	  1.3388 	 4.241885e+20 	 4.885087e+18 	 9.204000e-08 	 2.338950e-08 	 -1000.0000 	 -1000.0000 	 -1000.0000 	 -1000.0000 
	 57.5830 	 6.886335e-03 	 125.6578 	  1.3625 	 3.972762e+20 	 4.649284e+18 	 1.084401e-07 	 2.693194e-08 	 -1000.0000 	 -1000.0000 	 -1000.0000 	 -1000.0000 
	 57.8400 	 6.627377e-03 	 125.9568 	  1.3719 	 3.814331e+20 	 4.484397e+18 	 1.213315e-07 	 2.961363e-08 	 -1000.0000 	 -1000.0000 	 -1000.0000 	 -1000.0000 
	 57.9680 	 6.502534e-03 	 126.1604 	  1.3762 	 3.736487e+20 	 4.399868e+18 	 1.287589e-07 	 3.112902e-08 	 -1000.0000 	 -1000.0000 	 -1000.0000 	 -1000.0000 
	 58.0960 	 6.380391e-03 	 126.4015 	  1.3807 	 3.659370e+20 	 4.314932e+18 	 1.369426e-07 	 3.277574e-08 	 -1000.0000 	 -1000.0000 	 -1000.0000 	 -1000.0000 
	 58.5330 	 5.982918e-03 	 127.5279 	  1.3905 	 3.401278e+20 	 4.010563e+18 	 1.722454e-07 	 3.953077e-08 	 -1000.0000 	 -1000.0000 	 -1000.0000 	 -1000.0000 
	 58.6610 	 5.871976e-03 	 127.9528 	  1.3898 	 3.327108e+20 	 3.913278e+18 	 1.852770e-07 	 4.189111e-08 	 -1000.0000 	 -1000.0000 	 -1000.0000 	 -1000.0000 
	 58.7900 	 5.762569e-03 	 128.4274 	  1.3866 	 3.252971e+20 	 3.809705e+18 	 1.999055e-07 	 4.447112e-08 	 -1000.0000 	 -1000.0000 	 -1000.0000 	 -1000.0000 
	 58.9180 	 5.656332e-03 	 128.9458 	  1.3804 	 3.179991e+20 	 3.700462e+18 	 2.160614e-07 	 4.724717e-08 	 -1000.0000 	 -1000.0000 	 -1000.0000 	 -1000.0000 
	 59.0460 	 5.552368e-03 	 129.5151 	  1.3709 	 3.107565e+20 	 3.584336e+18 	 2.341210e-07 	 5.027064e-08 	 -1000.0000 	 -1000.0000 	 -1000.0000 	 -1000.0000 
	 59.4760 	 5.219961e-03 	 131.9165 	  1.3187 	 2.867804e+20 	 3.158645e+18 	 3.161703e-07 	 6.329217e-08 	 -1000.0000 	 -1000.0000 	 -1000.0000 	 -1000.0000 
	 59.6040 	 5.126109e-03 	 132.8134 	  1.2984 	 2.797334e+20 	 3.026262e+18 	 3.494305e-07 	 6.838663e-08 	 -1000.0000 	 -1000.0000 	 -1000.0000 	 -1000.0000 
	 59.7320 	 5.034633e-03 	 133.8107 	  1.2765 	 2.727208e+20 	 2.893541e+18 	 3.879638e-07 	 7.422285e-08 	 -1000.0000 	 -1000.0000 	 -1000.0000 	 -1000.0000 
	 59.8600 	 4.945554e-03 	 134.9176 	  1.2533 	 2.657385e+20 	 2.761746e+18 	 4.324927e-07 	 8.091043e-08 	 -1000.0000 	 -1000.0000 	 -1000.0000 	 -1000.0000 
	 59.9880 	 4.858869e-03 	 136.1371 	  1.2292 	 2.587909e+20 	 2.632074e+18 	 4.839524e-07 	 8.854121e-08 	 -1000.0000 	 -1000.0000 	 -1000.0000 	 -1000.0000 
	 60.4260 	 4.579247e-03 	 140.8871 	  1.1455 	 2.357312e+20 	 2.217499e+18 	 7.369177e-07 	 1.221946e-07 	 -1000.0000 	 -1000.0000 	 -1000.0000 	 -1000.0000 
	 60.5540 	 4.502144e-03 	 142.3547 	  1.1222 	 2.293443e+20 	 2.108592e+18 	 8.412965e-07 	 1.343825e-07 	 -1000.0000 	 -1000.0000 	 -1000.0000 	 -1000.0000 
	 60.8100 	 4.353622e-03 	 145.2542 	  1.0800 	 2.172789e+20 	 1.913393e+18 	 1.104942e-06 	 1.623168e-07 	 -1000.0000 	 -1000.0000 	 -1000.0000 	 -1000.0000 
	 60.9380 	 4.282035e-03 	 146.6436 	  1.0618 	 2.116630e+20 	 1.828582e+18 	 1.267180e-06 	 1.781214e-07 	 -1000.0000 	 -1000.0000 	 -1000.0000 	 -1000.0000 
	 61.3690 	 4.053260e-03 	 150.7921 	  1.0119 	 1.948509e+20 	 1.598937e+18 	 1.916886e-06 	 2.366027e-07 	 -1000.0000 	 -1000.0000 	 -1000.0000 	 -1000.0000 
	 61.4970 	 3.988783e-03 	 151.8143 	  0.9996 	 1.904680e+20 	 1.544522e+18 	 2.123569e-06 	 2.541632e-07 	 -1000.0000 	 -1000.0000 	 -1000.0000 	 -1000.0000 
	 61.6240 	 3.926296e-03 	 152.7098 	  0.9880 	 1.863895e+20 	 1.495497e+18 	 2.326801e-06 	 2.710124e-07 	 -1000.0000 	 -1000.0000 	 -1000.0000 	 -1000.0000 
	 61.7520 	 3.864770e-03 	 153.4794 	  0.9768 	 1.825478e+20 	 1.450371e+18 	 2.525145e-06 	 2.870338e-07 	 -1000.0000 	 -1000.0000 	 -1000.0000 	 -1000.0000 
	 61.8800 	 3.804647e-03 	 154.1068 	  0.9659 	 1.789689e+20 	 1.408924e+18 	 2.712759e-06 	 3.017715e-07 	 -1000.0000 	 -1000.0000 	 -1000.0000 	 -1000.0000 
	 62.3190 	 3.607741e-03 	 155.2985 	  0.9315 	 1.683899e+20 	 1.291099e+18 	 3.237164e-06 	 3.414905e-07 	 -1000.0000 	 -1000.0000 	 -1000.0000 	 -1000.0000 
	 62.4470 	 3.552630e-03 	 155.4084 	  0.9228 	 1.657057e+20 	 1.262938e+18 	 3.344950e-06 	 3.497327e-07 	 -1000.0000 	 -1000.0000 	 -1000.0000 	 -1000.0000 
	 62.5740 	 3.498792e-03 	 155.4305 	  0.9150 	 1.631794e+20 	 1.237359e+18 	 3.427200e-06 	 3.563491e-07 	 -1000.0000 	 -1000.0000 	 -1000.0000 	 -1000.0000 
	 62.8300 	 3.392436e-03 	 155.2530 	  0.9019 	 1.584108e+20 	 1.192063e+18 	 3.509196e-06 	 3.648430e-07 	 -1000.0000 	 -1000.0000 	 -1000.0000 	 -1000.0000 
	 63.2720 	 3.215138e-03 	 154.4004 	  0.8871 	 1.509592e+20 	 1.129517e+18 	 3.407232e-06 	 3.650756e-07 	 -1000.0000 	 -1000.0000 	 -1000.0000 	 -1000.0000 
	 63.4000 	 3.165344e-03 	 154.0541 	  0.8842 	 1.489544e+20 	 1.114198e+18 	 3.332541e-06 	 3.620915e-07 	 -1000.0000 	 -1000.0000 	 -1000.0000 	 -1000.0000 
	 63.5270 	 3.116649e-03 	 153.6775 	  0.8817 	 1.470219e+20 	 1.099899e+18 	 3.243261e-06 	 3.579209e-07 	 -1000.0000 	 -1000.0000 	 -1000.0000 	 -1000.0000 
	 63.6540 	 3.068674e-03 	 153.2739 	  0.8796 	 1.451394e+20 	 1.086311e+18 	 3.141544e-06 	 3.526248e-07 	 -1000.0000 	 -1000.0000 	 -1000.0000 	 -1000.0000 
	 63.7810 	 3.021421e-03 	 152.8490 	  0.8777 	 1.433010e+20 	 1.073273e+18 	 3.030057e-06 	 3.463069e-07 	 -1000.0000 	 -1000.0000 	 -1000.0000 	 -1000.0000 
	 64.2220 	 2.862409e-03 	 151.2634 	  0.8726 	 1.371810e+20 	 1.031272e+18 	 2.603890e-06 	 3.192535e-07 	 -1000.0000 	 -1000.0000 	 -1000.0000 	 -1000.0000 
	 64.3500 	 2.817555e-03 	 150.7866 	  0.8716 	 1.354590e+20 	 1.019788e+18 	 2.479354e-06 	 3.107658e-07 	 -1000.0000 	 -1000.0000 	 -1000.0000 	 -1000.0000 
	 64.4770 	 2.773553e-03 	 150.3128 	  0.8708 	 1.337647e+20 	 1.008598e+18 	 2.359995e-06 	 3.024298e-07 	 -1000.0000 	 -1000.0000 	 -1000.0000 	 -1000.0000 
	 64.6040 	 2.730006e-03 	 149.8423 	  0.8702 	 1.320790e+20 	 9.975527e+17 	 2.247256e-06 	 2.943706e-07 	 -1000.0000 	 -1000.0000 	 -1000.0000 	 -1000.0000 
	 64.7310 	 2.686885e-03 	 149.3776 	  0.8698 	 1.303981e+20 	 9.865880e+17 	 2.142966e-06 	 2.867357e-07 	 -1000.0000 	 -1000.0000 	 -1000.0000 	 -1000.0000 
	 65.1720 	 2.540734e-03 	 147.7892 	  0.8670 	 1.246312e+20 	 9.479909e+17 	 1.841569e-06 	 2.634912e-07 	 -1000.0000 	 -1000.0000 	 -1000.0000 	 -1000.0000 
	 65.3000 	 2.499458e-03 	 147.3276 	  0.8650 	 1.229900e+20 	 9.362939e+17 	 1.769431e-06 	 2.576235e-07 	 -1000.0000 	 -1000.0000 	 -1000.0000 	 -1000.0000 
	 65.4270 	 2.459061e-03 	 146.8660 	  0.8622 	 1.213817e+20 	 9.243163e+17 	 1.703662e-06 	 2.521643e-07 	 -1000.0000 	 -1000.0000 	 -1000.0000 	 -1000.0000 
	 65.5540 	 2.419241e-03 	 146.3987 	  0.8584 	 1.197964e+20 	 9.118849e+17 	 1.643125e-06 	 2.470527e-07 	 -1000.0000 	 -1000.0000 	 -1000.0000 	 -1000.0000 
	 66.1260 	 2.247043e-03 	 144.2261 	  0.8300 	 1.129439e+20 	 8.516173e+17 	 1.427446e-06 	 2.282890e-07 	 -1000.0000 	 -1000.0000 	 -1000.0000 	 -1000.0000 
	 66.2520 	 2.210572e-03 	 143.7411 	  0.8228 	 1.114860e+20 	 8.382645e+17 	 1.391807e-06 	 2.251277e-07 	 -1000.0000 	 -1000.0000 	 -1000.0000 	 -1000.0000 
	 66.3790 	 2.174301e-03 	 143.2534 	  0.8159 	 1.100307e+20 	 8.251079e+17 	 1.360008e-06 	 2.223112e-07 	 -1000.0000 	 -1000.0000 	 -1000.0000 	 -1000.0000 
	 66.5060 	 2.138502e-03 	 142.7682 	  0.8096 	 1.085877e+20 	 8.124072e+17 	 1.332250e-06 	 2.198734e-07 	 -1000.0000 	 -1000.0000 	 -1000.0000 	 -1000.0000 
	 66.6330 	 2.103157e-03 	 142.2866 	  0.8041 	 1.071553e+20 	 8.002884e+17 	 1.308449e-06 	 2.178230e-07 	 -1000.0000 	 -1000.0000 	 -1000.0000 	 -1000.0000 
	 67.0760 	 1.983388e-03 	 140.6127 	  0.7913 	 1.022572e+20 	 7.626846e+17 	 1.256057e-06 	 2.138864e-07 	 -1000.0000 	 -1000.0000 	 -1000.0000 	 -1000.0000 
	 67.2020 	 1.950318e-03 	 140.1308 	  0.7895 	 1.008976e+20 	 7.532897e+17 	 1.249797e-06 	 2.137349e-07 	 -1000.0000 	 -1000.0000 	 -1000.0000 	 -1000.0000 
	 67.3290 	 1.917430e-03 	 139.6392 	  0.7885 	 9.954472e+19 	 7.443916e+17 	 1.247344e-06 	 2.140425e-07 	 -1000.0000 	 -1000.0000 	 -1000.0000 	 -1000.0000 
	 67.4560 	 1.884988e-03 	 139.1399 	  0.7883 	 9.821079e+19 	 7.360612e+17 	 1.248761e-06 	 2.148275e-07 	 -1000.0000 	 -1000.0000 	 -1000.0000 	 -1000.0000 
	 67.5830 	 1.852989e-03 	 138.6316 	  0.7889 	 9.689668e+19 	 7.282787e+17 	 1.254036e-06 	 2.161012e-07 	 -1000.0000 	 -1000.0000 	 -1000.0000 	 -1000.0000 
	 68.0290 	 1.744037e-03 	 136.8063 	  0.7955 	 9.241504e+19 	 7.040310e+17 	 1.302667e-06 	 2.243156e-07 	 -1000.0000 	 -1000.0000 	 -1000.0000 	 -1000.0000 
	 68.1550 	 1.714195e-03 	 136.2898 	  0.7980 	 9.117849e+19 	 6.976596e+17 	 1.324811e-06 	 2.276468e-07 	 -1000.0000 	 -1000.0000 	 -1000.0000 	 -1000.0000 
	 68.2820 	 1.684522e-03 	 135.7734 	  0.8005 	 8.994171e+19 	 6.912771e+17 	 1.350850e-06 	 2.314363e-07 	 -1000.0000 	 -1000.0000 	 -1000.0000 	 -1000.0000 
	 68.4080 	 1.655478e-03 	 135.2678 	  0.8029 	 8.872226e+19 	 6.848903e+17 	 1.380360e-06 	 2.356149e-07 	 -1000.0000 	 -1000.0000 	 -1000.0000 	 -1000.0000 
	 68.5340 	 1.626824e-03 	 134.7713 	  0.8051 	 8.750867e+19 	 6.783742e+17 	 1.413441e-06 	 2.401918e-07 	 -1000.0000 	 -1000.0000 	 -1000.0000 	 -1000.0000 
	 68.9820 	 1.528146e-03 	 133.1031 	  0.8123 	 8.323287e+19 	 6.545234e+17 	 1.553135e-06 	 2.586945e-07 	 -1000.0000 	 -1000.0000 	 -1000.0000 	 -1000.0000 
	 69.1080 	 1.501312e-03 	 132.6675 	  0.8147 	 8.203968e+19 	 6.477843e+17 	 1.596489e-06 	 2.642111e-07 	 -1000.0000 	 -1000.0000 	 -1000.0000 	 -1000.0000 
	 69.2340 	 1.474891e-03 	 132.2494 	  0.8175 	 8.084988e+19 	 6.411021e+17 	 1.640674e-06 	 2.697242e-07 	 -1000.0000 	 -1000.0000 	 -1000.0000 	 -1000.0000 
	 69.3600 	 1.448886e-03 	 131.8502 	  0.8207 	 7.966310e+19 	 6.345150e+17 	 1.685163e-06 	 2.751563e-07 	 -1000.0000 	 -1000.0000 	 -1000.0000 	 -1000.0000 
	 69.4860 	 1.423301e-03 	 131.4719 	  0.8245 	 7.847879e+19 	 6.280378e+17 	 1.729424e-06 	 2.804343e-07 	 -1000.0000 	 -1000.0000 	 -1000.0000 	 -1000.0000 
	 69.9420 	 1.334135e-03 	 130.3476 	  0.8378 	 7.418889e+19 	 6.032824e+17 	 1.878984e-06 	 2.976656e-07 	 -1000.0000 	 -1000.0000 	 -1000.0000 	 -1000.0000 
	 70.0680 	 1.310415e-03 	 130.1260 	  0.8398 	 7.299500e+19 	 5.953517e+17 	 1.914892e-06 	 3.017700e-07 	 -1000.0000 	 -1000.0000 	 -1000.0000 	 -1000.0000 
	 70.1940 	 1.287081e-03 	 129.9522 	  0.8403 	 7.179418e+19 	 5.866338e+17 	 1.947370e-06 	 3.055284e-07 	 -1000.0000 	 -1000.0000 	 -1000.0000 	 -1000.0000 
	 70.3200 	 1.264125e-03 	 129.8312 	  0.8390 	 7.058471e+19 	 5.769606e+17 	 1.975849e-06 	 3.089088e-07 	 -1000.0000 	 -1000.0000 	 -1000.0000 	 -1000.0000 
	 70.4460 	 1.241542e-03 	 129.7654 	  0.8356 	 6.936594e+19 	 5.662236e+17 	 1.999932e-06 	 3.118979e-07 	 -1000.0000 	 -1000.0000 	 -1000.0000 	 -1000.0000 
	 70.8950 	 1.164011e-03 	 129.7977 	  0.8125 	 6.503285e+19 	 5.229145e+17 	 2.056746e-06 	 3.206234e-07 	 -1000.0000 	 -1000.0000 	 -1000.0000 	 -1000.0000 
	 71.0210 	 1.143058e-03 	 129.8212 	  0.8051 	 6.384769e+19 	 5.105743e+17 	 2.066901e-06 	 3.229468e-07 	 -1000.0000 	 -1000.0000 	 -1000.0000 	 -1000.0000 
	 71.1460 	 1.122609e-03 	 129.8247 	  0.7983 	 6.269739e+19 	 4.987831e+17 	 2.075493e-06 	 3.253791e-07 	 -1000.0000 	 -1000.0000 	 -1000.0000 	 -1000.0000 
	 71.2720 	 1.102332e-03 	 129.7940 	  0.7925 	 6.157011e+19 	 4.876409e+17 	 2.083216e-06 	 3.280586e-07 	 -1000.0000 	 -1000.0000 	 -1000.0000 	 -1000.0000 
	 71.3980 	 1.082388e-03 	 129.7169 	  0.7881 	 6.048081e+19 	 4.774947e+17 	 2.090478e-06 	 3.310510e-07 	 -1000.0000 	 -1000.0000 	 -1000.0000 	 -1000.0000 
	 71.8550 	 1.012789e-03 	 129.0978 	  0.7836 	 5.682516e+19 	 4.483806e+17 	 2.113057e-06 	 3.442184e-07 	 -1000.0000 	 -1000.0000 	 -1000.0000 	 -1000.0000 
	 71.9810 	 9.943436e-04 	 128.8587 	  0.7850 	 5.588683e+19 	 4.420677e+17 	 2.118012e-06 	 3.483261e-07 	 -1000.0000 	 -1000.0000 	 -1000.0000 	 -1000.0000 
	 72.1060 	 9.763579e-04 	 128.6031 	  0.7871 	 5.498063e+19 	 4.363642e+17 	 2.122286e-06 	 3.525361e-07 	 -1000.0000 	 -1000.0000 	 -1000.0000 	 -1000.0000 
	 72.2320 	 9.585414e-04 	 128.3327 	  0.7899 	 5.408935e+19 	 4.310863e+17 	 2.125893e-06 	 3.568782e-07 	 -1000.0000 	 -1000.0000 	 -1000.0000 	 -1000.0000 
	 72.3580 	 9.410366e-04 	 128.0553 	  0.7933 	 5.321761e+19 	 4.261883e+17 	 2.128739e-06 	 3.612813e-07 	 -1000.0000 	 -1000.0000 	 -1000.0000 	 -1000.0000 
	 73.7380 	 7.689386e-04 	 126.0992 	  0.8302 	 4.423168e+19 	 3.727713e+17 	 2.094316e-06 	 4.030874e-07 	 -1000.0000 	 -1000.0000 	 -1000.0000 	 -1000.0000 
	 73.8640 	 7.549199e-04 	 126.1017 	  0.8314 	 4.342625e+19 	 3.666394e+17 	 2.084582e-06 	 4.056376e-07 	 -1000.0000 	 -1000.0000 	 -1000.0000 	 -1000.0000 
	 73.9890 	 7.412705e-04 	 126.1336 	  0.8322 	 4.263067e+19 	 3.603700e+17 	 2.073954e-06 	 4.079124e-07 	 -1000.0000 	 -1000.0000 	 -1000.0000 	 -1000.0000 
	 74.1140 	 7.278724e-04 	 126.1939 	  0.8326 	 4.183930e+19 	 3.539386e+17 	 2.062404e-06 	 4.099276e-07 	 -1000.0000 	 -1000.0000 	 -1000.0000 	 -1000.0000 
	 74.2390 	 7.147201e-04 	 126.2812 	  0.8325 	 4.105293e+19 	 3.473684e+17 	 2.049988e-06 	 4.116788e-07 	 -1000.0000 	 -1000.0000 	 -1000.0000 	 -1000.0000 
	 75.6420 	 5.823807e-04 	 128.6670 	  0.8087 	 3.281431e+19 	 2.711507e+17 	 1.870665e-06 	 4.135109e-07 	 -1000.0000 	 -1000.0000 	 -1000.0000 	 -1000.0000 
	 75.7660 	 5.719540e-04 	 128.9122 	  0.8046 	 3.216555e+19 	 2.648214e+17 	 1.854013e-06 	 4.128994e-07 	 -1000.0000 	 -1000.0000 	 -1000.0000 	 -1000.0000 
	 75.8910 	 5.616533e-04 	 129.1379 	  0.8002 	 3.153056e+19 	 2.586116e+17 	 1.837829e-06 	 4.124881e-07 	 -1000.0000 	 -1000.0000 	 -1000.0000 	 -1000.0000 
	 76.0160 	 5.515650e-04 	 129.3350 	  0.7954 	 3.091611e+19 	 2.525967e+17 	 1.822440e-06 	 4.123775e-07 	 -1000.0000 	 -1000.0000 	 -1000.0000 	 -1000.0000 
	 76.1410 	 5.416895e-04 	 129.4974 	  0.7903 	 3.032336e+19 	 2.467995e+17 	 1.807973e-06 	 4.126458e-07 	 -1000.0000 	 -1000.0000 	 -1000.0000 	 -1000.0000 
	 76.5950 	 5.074836e-04 	 129.8272 	  0.7729 	 2.833433e+19 	 2.278275e+17 	 1.760855e-06 	 4.163091e-07 	 -1000.0000 	 -1000.0000 	 -1000.0000 	 -1000.0000 
	 76.8440 	 4.897108e-04 	 129.8780 	  0.7675 	 2.733267e+19 	 2.189932e+17 	 1.736632e-06 	 4.195170e-07 	 -1000.0000 	 -1000.0000 	 -1000.0000 	 -1000.0000 
	 76.9680 	 4.810898e-04 	 129.8803 	  0.7668 	 2.685219e+19 	 2.150572e+17 	 1.724491e-06 	 4.212761e-07 	 -1000.0000 	 -1000.0000 	 -1000.0000 	 -1000.0000 
	 77.0920 	 4.726094e-04 	 129.8715 	  0.7677 	 2.638193e+19 	 2.114454e+17 	 1.712151e-06 	 4.230897e-07 	 -1000.0000 	 -1000.0000 	 -1000.0000 	 -1000.0000 
	 77.5620 	 4.416935e-04 	 129.7222 	  0.7833 	 2.468851e+19 	 2.002593e+17 	 1.664575e-06 	 4.303865e-07 	 -1000.0000 	 -1000.0000 	 -1000.0000 	 -1000.0000 
	 77.6860 	 4.338539e-04 	 129.6443 	  0.7895 	 2.426550e+19 	 1.978157e+17 	 1.651984e-06 	 4.324027e-07 	 -1000.0000 	 -1000.0000 	 -1000.0000 	 -1000.0000 
	 77.8110 	 4.260820e-04 	 129.5462 	  0.7961 	 2.384926e+19 	 1.955020e+17 	 1.639334e-06 	 4.344618e-07 	 -1000.0000 	 -1000.0000 	 -1000.0000 	 -1000.0000 
	 77.9360 	 4.184402e-04 	 129.4267 	  0.8027 	 2.344328e+19 	 1.933049e+17 	 1.626763e-06 	 4.365414e-07 	 -1000.0000 	 -1000.0000 	 -1000.0000 	 -1000.0000 
	 78.0610 	 4.109268e-04 	 129.2839 	  0.8092 	 2.304765e+19 	 1.911903e+17 	 1.614297e-06 	 4.386334e-07 	 -1000.0000 	 -1000.0000 	 -1000.0000 	 -1000.0000 
	 79.4480 	 3.356974e-04 	 125.7625 	  0.8084 	 1.934883e+19 	 1.647024e+17 	 1.493616e-06 	 4.601825e-07 	 -1000.0000 	 -1000.0000 	 -1000.0000 	 -1000.0000 
	 79.5720 	 3.296376e-04 	 125.3156 	  0.8032 	 1.906771e+19 	 1.620659e+17 	 1.486058e-06 	 4.622436e-07 	 -1000.0000 	 -1000.0000 	 -1000.0000 	 -1000.0000 
	 79.6960 	 3.236727e-04 	 124.8719 	  0.7992 	 1.878983e+19 	 1.595713e+17 	 1.479483e-06 	 4.645212e-07 	 -1000.0000 	 -1000.0000 	 -1000.0000 	 -1000.0000 
	 79.8200 	 3.177988e-04 	 124.4385 	  0.7969 	 1.851384e+19 	 1.572759e+17 	 1.473982e-06 	 4.670694e-07 	 -1000.0000 	 -1000.0000 	 -1000.0000 	 -1000.0000 
	 79.9440 	 3.120126e-04 	 124.0219 	  0.7969 	 1.823851e+19 	 1.552309e+17 	 1.469578e-06 	 4.699261e-07 	 -1000.0000 	 -1000.0000 	 -1000.0000 	 -1000.0000 
	 80.4110 	 2.909717e-04 	 122.5833 	  0.8127 	 1.720911e+19 	 1.493071e+17 	 1.459830e-06 	 4.826919e-07 	 -1000.0000 	 -1000.0000 	 -1000.0000 	 -1000.0000 
	 80.5350 	 2.855763e-04 	 122.2220 	  0.8193 	 1.693969e+19 	 1.479985e+17 	 1.457027e-06 	 4.860776e-07 	 -1000.0000 	 -1000.0000 	 -1000.0000 	 -1000.0000 
	 80.6580 	 2.803004e-04 	 121.8665 	  0.8259 	 1.667484e+19 	 1.467239e+17 	 1.440209e-06 	 4.862332e-07 	 -1000.0000 	 -1000.0000 	 -1000.0000 	 -1000.0000 
	 80.7820 	 2.750567e-04 	 121.5079 	  0.8324 	 1.641067e+19 	 1.454174e+17 	 1.422912e-06 	 4.861936e-07 	 -1000.0000 	 -1000.0000 	 -1000.0000 	 -1000.0000 
	 80.9060 	 2.698866e-04 	 121.1465 	  0.8383 	 1.614972e+19 	 1.440461e+17 	 1.405130e-06 	 4.859033e-07 	 -1000.0000 	 -1000.0000 	 -1000.0000 	 -1000.0000 
	 81.3810 	 2.507713e-04 	 119.7837 	  0.8539 	 1.517581e+19 	 1.380679e+17 	 1.333259e-06 	 4.826554e-07 	 -1000.0000 	 -1000.0000 	 -1000.0000 	 -1000.0000 
	 81.5050 	 2.459655e-04 	 119.4526 	  0.8565 	 1.492645e+19 	 1.363299e+17 	 1.314005e-06 	 4.814033e-07 	 -1000.0000 	 -1000.0000 	 -1000.0000 	 -1000.0000 
	 81.6280 	 2.412757e-04 	 119.1421 	  0.8584 	 1.468034e+19 	 1.345384e+17 	 1.294901e-06 	 4.800587e-07 	 -1000.0000 	 -1000.0000 	 -1000.0000 	 -1000.0000 
	 81.7520 	 2.366266e-04 	 118.8512 	  0.8598 	 1.443310e+19 	 1.326668e+17 	 1.275733e-06 	 4.786314e-07 	 -1000.0000 	 -1000.0000 	 -1000.0000 	 -1000.0000 
	 81.8760 	 2.320574e-04 	 118.5861 	  0.8608 	 1.418640e+19 	 1.307333e+17 	 1.256752e-06 	 4.771637e-07 	 -1000.0000 	 -1000.0000 	 -1000.0000 	 -1000.0000 
	 82.3410 	 2.156382e-04 	 117.7942 	  0.8626 	 1.327151e+19 	 1.232163e+17 	 1.188617e-06 	 4.718673e-07 	 -1000.0000 	 -1000.0000 	 -1000.0000 	 -1000.0000 
	 82.4650 	 2.114505e-04 	 117.6242 	  0.8634 	 1.303241e+19 	 1.212304e+17 	 1.171613e-06 	 4.706658e-07 	 -1000.0000 	 -1000.0000 	 -1000.0000 	 -1000.0000 
	 82.5880 	 2.073758e-04 	 117.4673 	  0.8646 	 1.279814e+19 	 1.193055e+17 	 1.155362e-06 	 4.696232e-07 	 -1000.0000 	 -1000.0000 	 -1000.0000 	 -1000.0000 
	 82.8360 	 1.994005e-04 	 117.1756 	  0.8692 	 1.233647e+19 	 1.156365e+17 	 1.124686e-06 	 4.680841e-07 	 -1000.0000 	 -1000.0000 	 -1000.0000 	 -1000.0000 
	 83.3040 	 1.851928e-04 	 116.6429 	  0.8820 	 1.151035e+19 	 1.093498e+17 	 1.073661e-06 	 4.670051e-07 	 -1000.0000 	 -1000.0000 	 -1000.0000 	 -1000.0000 
	 83.4280 	 1.816013e-04 	 116.4898 	  0.8844 	 1.130197e+19 	 1.077061e+17 	 1.061154e-06 	 4.669253e-07 	 -1000.0000 	 -1000.0000 	 -1000.0000 	 -1000.0000 
	 83.5510 	 1.781060e-04 	 116.3272 	  0.8858 	 1.109981e+19 	 1.060409e+17 	 1.048996e-06 	 4.668626e-07 	 -1000.0000 	 -1000.0000 	 -1000.0000 	 -1000.0000 
	 83.6740 	 1.746756e-04 	 116.1512 	  0.8857 	 1.090229e+19 	 1.043187e+17 	 1.037002e-06 	 4.667839e-07 	 -1000.0000 	 -1000.0000 	 -1000.0000 	 -1000.0000 
	 83.7970 	 1.713078e-04 	 115.9592 	  0.8839 	 1.070947e+19 	 1.025188e+17 	 1.025100e-06 	 4.666601e-07 	 -1000.0000 	 -1000.0000 	 -1000.0000 	 -1000.0000 
	 84.2680 	 1.589474e-04 	 115.1477 	  0.8645 	 1.000605e+19 	 9.507535e+16 	 9.801914e-07 	 4.657168e-07 	 -1000.0000 	 -1000.0000 	 -1000.0000 	 -1000.0000 
	 84.3900 	 1.558727e-04 	 114.9439 	  0.8577 	 9.830022e+18 	 9.308337e+16 	 9.687703e-07 	 4.653736e-07 	 -1000.0000 	 -1000.0000 	 -1000.0000 	 -1000.0000 
	 84.5130 	 1.528208e-04 	 114.7519 	  0.8508 	 9.653935e+18 	 9.108126e+16 	 9.573609e-07 	 4.649956e-07 	 -1000.0000 	 -1000.0000 	 -1000.0000 	 -1000.0000 
	 84.6360 	 1.498146e-04 	 114.5792 	  0.8441 	 9.478622e+18 	 8.910232e+16 	 9.460670e-07 	 4.645902e-07 	 -1000.0000 	 -1000.0000 	 -1000.0000 	 -1000.0000 
	 84.7590 	 1.468518e-04 	 114.4310 	  0.8379 	 9.303509e+18 	 8.716308e+16 	 9.348981e-07 	 4.641619e-07 	 -1000.0000 	 -1000.0000 	 -1000.0000 	 -1000.0000 
	 85.2380 	 1.357643e-04 	 114.0627 	  0.8204 	 8.629094e+18 	 8.012333e+16 	 8.927396e-07 	 4.623358e-07 	 -1000.0000 	 -1000.0000 	 -1000.0000 	 -1000.0000 
	 85.3600 	 1.330700e-04 	 114.0064 	  0.8177 	 8.461874e+18 	 7.848159e+16 	 8.823946e-07 	 4.618534e-07 	 -1000.0000 	 -1000.0000 	 -1000.0000 	 -1000.0000 
	 85.4830 	 1.304131e-04 	 113.9586 	  0.8158 	 8.296244e+18 	 7.689715e+16 	 8.721466e-07 	 4.613700e-07 	 -1000.0000 	 -1000.0000 	 -1000.0000 	 -1000.0000 
	 85.6060 	 1.278192e-04 	 113.9166 	  0.8147 	 8.134142e+18 	 7.538812e+16 	 8.620912e-07 	 4.608951e-07 	 -1000.0000 	 -1000.0000 	 -1000.0000 	 -1000.0000 
	 86.1980 	 1.161867e-04 	 113.6575 	  0.8202 	 7.411352e+18 	 6.921289e+16 	 8.173788e-07 	 4.594008e-07 	 -1000.0000 	 -1000.0000 	 -1000.0000 	 -1000.0000 
	 86.3200 	 1.139326e-04 	 113.5575 	  0.8233 	 7.273928e+18 	 6.814938e+16 	 8.092339e-07 	 4.594838e-07 	 -1000.0000 	 -1000.0000 	 -1000.0000 	 -1000.0000 
	 86.4430 	 1.116972e-04 	 113.4282 	  0.8269 	 7.139186e+18 	 6.714348e+16 	 8.014925e-07 	 4.597820e-07 	 -1000.0000 	 -1000.0000 	 -1000.0000 	 -1000.0000 
	 86.5660 	 1.094937e-04 	 113.2649 	  0.8311 	 7.008189e+18 	 6.620153e+16 	 7.942616e-07 	 4.603287e-07 	 -1000.0000 	 -1000.0000 	 -1000.0000 	 -1000.0000 
	 86.6890 	 1.073171e-04 	 113.0623 	  0.8358 	 6.880853e+18 	 6.532075e+16 	 7.875724e-07 	 4.611534e-07 	 -1000.0000 	 -1000.0000 	 -1000.0000 	 -1000.0000 
	 87.1710 	 9.905919e-05 	 111.9458 	  0.8576 	 6.414064e+18 	 6.235576e+16 	 7.660361e-07 	 4.668822e-07 	 -1000.0000 	 -1000.0000 	 -1000.0000 	 -1000.0000 
	 87.2930 	 9.705009e-05 	 111.6076 	  0.8637 	 6.303152e+18 	 6.169820e+16 	 7.615276e-07 	 4.688472e-07 	 -1000.0000 	 -1000.0000 	 -1000.0000 	 -1000.0000 
	 87.4160 	 9.506277e-05 	 111.2544 	  0.8700 	 6.193924e+18 	 6.106095e+16 	 7.572761e-07 	 4.709920e-07 	 -1000.0000 	 -1000.0000 	 -1000.0000 	 -1000.0000 
	 87.5380 	 9.313212e-05 	 110.8975 	  0.8764 	 6.087969e+18 	 6.044820e+16 	 7.533087e-07 	 4.732594e-07 	 -1000.0000 	 -1000.0000 	 -1000.0000 	 -1000.0000 
	 87.6600 	 9.124409e-05 	 110.5388 	  0.8828 	 5.984217e+18 	 5.984918e+16 	 7.495524e-07 	 4.756459e-07 	 -1000.0000 	 -1000.0000 	 -1000.0000 	 -1000.0000 
	 88.1310 	 8.432108e-05 	 109.1004 	  0.9095 	 5.603575e+18 	 5.774474e+16 	 7.370160e-07 	 4.859954e-07 	 -1000.0000 	 -1000.0000 	 -1000.0000 	 -1000.0000 
	 88.2530 	 8.260873e-05 	 108.6958 	  0.9177 	 5.510112e+18 	 5.728633e+16 	 7.343494e-07 	 4.890213e-07 	 -1000.0000 	 -1000.0000 	 -1000.0000 	 -1000.0000 
	 88.3760 	 8.091020e-05 	 108.2669 	  0.9267 	 5.418010e+18 	 5.687397e+16 	 7.319335e-07 	 4.922388e-07 	 -1000.0000 	 -1000.0000 	 -1000.0000 	 -1000.0000 
	 88.4980 	 7.925014e-05 	 107.8168 	  0.9365 	 5.328761e+18 	 5.652135e+16 	 7.298257e-07 	 4.956097e-07 	 -1000.0000 	 -1000.0000 	 -1000.0000 	 -1000.0000 
	 88.6200 	 7.761180e-05 	 107.3385 	  0.9474 	 5.241598e+18 	 5.623121e+16 	 7.280244e-07 	 4.991753e-07 	 -1000.0000 	 -1000.0000 	 -1000.0000 	 -1000.0000 
	 89.1040 	 7.132637e-05 	 105.2372 	  0.9970 	 4.912889e+18 	 5.548073e+16 	 7.247261e-07 	 5.159918e-07 	 -1000.0000 	 -1000.0000 	 -1000.0000 	 -1000.0000 
	 89.2260 	 6.980074e-05 	 104.6866 	  1.0096 	 4.833199e+18 	 5.531013e+16 	 7.250917e-07 	 5.211222e-07 	 -1000.0000 	 -1000.0000 	 -1000.0000 	 -1000.0000 
	 89.3480 	 6.830067e-05 	 104.1398 	  1.0217 	 4.754323e+18 	 5.511367e+16 	 7.260239e-07 	 5.266961e-07 	 -1000.0000 	 -1000.0000 	 -1000.0000 	 -1000.0000 
	 89.4700 	 6.682713e-05 	 103.6032 	  1.0330 	 4.676028e+18 	 5.487459e+16 	 7.275597e-07 	 5.327527e-07 	 -1000.0000 	 -1000.0000 	 -1000.0000 	 -1000.0000 
	 89.5920 	 6.538102e-05 	 103.0825 	  1.0432 	 4.598095e+18 	 5.457706e+16 	 7.297307e-07 	 5.393272e-07 	 -1000.0000 	 -1000.0000 	 -1000.0000 	 -1000.0000 
	 90.0640 	 6.003836e-05 	 101.2343 	  1.0720 	 4.299543e+18 	 5.289283e+16 	 7.439307e-07 	 5.697447e-07 	 -1000.0000 	 -1000.0000 	 -1000.0000 	 -1000.0000 
	 90.1860 	 5.871936e-05 	 100.7969 	  1.0772 	 4.223283e+18 	 5.234616e+16 	 7.489935e-07 	 5.788753e-07 	 -1000.0000 	 -1000.0000 	 -1000.0000 	 -1000.0000 
	 90.3080 	 5.742448e-05 	 100.3749 	  1.0816 	 4.147457e+18 	 5.176469e+16 	 7.545833e-07 	 5.885174e-07 	 -1000.0000 	 -1000.0000 	 -1000.0000 	 -1000.0000 
	 90.4300 	 5.615302e-05 	 99.9678 	  1.0853 	 4.072094e+18 	 5.115403e+16 	 7.606747e-07 	 5.986638e-07 	 -1000.0000 	 -1000.0000 	 -1000.0000 	 -1000.0000 
	 90.5520 	 5.490434e-05 	 99.5750 	  1.0885 	 3.997222e+18 	 5.051973e+16 	 7.672427e-07 	 6.093068e-07 	 -1000.0000 	 -1000.0000 	 -1000.0000 	 -1000.0000 
	 91.0370 	 5.016488e-05 	 98.2316 	  1.1004 	 3.702395e+18 	 4.784679e+16 	 7.975782e-07 	 6.563302e-07 	 -1000.0000 	 -1000.0000 	 -1000.0000 	 -1000.0000 
	 91.1590 	 4.903010e-05 	 97.9746 	  1.1048 	 3.628210e+18 	 4.715479e+16 	 8.061500e-07 	 6.692876e-07 	 -1000.0000 	 -1000.0000 	 -1000.0000 	 -1000.0000 
	 91.2800 	 4.792779e-05 	 97.7623 	  1.1102 	 3.554333e+18 	 4.646796e+16 	 8.149767e-07 	 6.825626e-07 	 -1000.0000 	 -1000.0000 	 -1000.0000 	 -1000.0000 
	 91.4020 	 4.683992e-05 	 97.5964 	  1.1172 	 3.479394e+18 	 4.577863e+16 	 8.241803e-07 	 6.963622e-07 	 -1000.0000 	 -1000.0000 	 -1000.0000 	 -1000.0000 
	 91.5240 	 4.577589e-05 	 97.4844 	  1.1259 	 3.403858e+18 	 4.509554e+16 	 8.336665e-07 	 7.105671e-07 	 -1000.0000 	 -1000.0000 	 -1000.0000 	 -1000.0000 
	 92.0000 	 4.185644e-05 	 97.7441 	  1.1684 	 3.102437e+18 	 4.224803e+16 	 8.734787e-07 	 7.702107e-07 	 -1000.0000 	 -1000.0000 	 -1000.0000 	 -1000.0000 
	 92.1220 	 4.091243e-05 	 98.0422 	  1.1783 	 3.023343e+18 	 4.138542e+16 	 8.844702e-07 	 7.867159e-07 	 -1000.0000 	 -1000.0000 	 -1000.0000 	 -1000.0000 
	 92.2430 	 4.000099e-05 	 98.4524 	  1.1865 	 2.944109e+18 	 4.044160e+16 	 8.957181e-07 	 8.036333e-07 	 -1000.0000 	 -1000.0000 	 -1000.0000 	 -1000.0000 
	 92.3640 	 3.911451e-05 	 98.9875 	  1.1924 	 2.864066e+18 	 3.939236e+16 	 9.073314e-07 	 8.211298e-07 	 -1000.0000 	 -1000.0000 	 -1000.0000 	 -1000.0000 
	 92.4850 	 3.825319e-05 	 99.6575 	  1.1954 	 2.783203e+18 	 3.822112e+16 	 9.193370e-07 	 8.392449e-07 	 -1000.0000 	 -1000.0000 	 -1000.0000 	 -1000.0000 
	 92.9700 	 3.504660e-05 	 103.4273 	  1.1772 	 2.459374e+18 	 3.261371e+16 	 9.726419e-07 	 9.193990e-07 	 -1000.0000 	 -1000.0000 	 -1000.0000 	 -1000.0000 
	 93.0920 	 3.429927e-05 	 104.5385 	  1.1658 	 2.380915e+18 	 3.110896e+16 	 9.877386e-07 	 9.418565e-07 	 -1000.0000 	 -1000.0000 	 -1000.0000 	 -1000.0000 
	 93.2130 	 3.358054e-05 	 105.6614 	  1.1522 	 2.305458e+18 	 2.963343e+16 	 1.003536e-06 	 9.652023e-07 	 -1000.0000 	 -1000.0000 	 -1000.0000 	 -1000.0000 
	 93.3340 	 3.288367e-05 	 106.7830 	  1.1364 	 2.232930e+18 	 2.820172e+16 	 1.020230e-06 	 9.896986e-07 	 -1000.0000 	 -1000.0000 	 -1000.0000 	 -1000.0000 
	 93.4550 	 3.220811e-05 	 107.8819 	  1.1186 	 2.163894e+18 	 2.684023e+16 	 1.037898e-06 	 1.015427e-06 	 -1000.0000 	 -1000.0000 	 -1000.0000 	 -1000.0000 
	 93.9400 	 2.969742e-05 	 111.9720 	  1.0390 	 1.921397e+18 	 2.220667e+16 	 1.119871e-06 	 1.132848e-06 	 -1000.0000 	 -1000.0000 	 -1000.0000 	 -1000.0000 
