	 height_(km) 	 press_(mbar) 	 temp_(K) 	 temperr_(K) 	 numdens_(m-3) 	 numdenserr_(m-3) 	 H2Ovmr_() 	 H2Ovmrerr_() 	 D/H_(VSMOW) 	 D/Herr_(VSMOW) 	 18O/16O_(VSMOW) 	 18O/16Oerr_(VSMOW) 
	  3.8100 	 2.313783e+00 	 136.8083 	  4.1166 	 1.222654e+23 	 3.698839e+21 	 1.946156e-08 	 8.501523e-09 	 -1000.0000 	 -1000.0000 	 -1000.0000 	 -1000.0000 
	  3.9820 	 2.259206e+00 	 136.5516 	  3.6828 	 1.197352e+23 	 3.259972e+21 	 1.872719e-08 	 8.176753e-09 	 -1000.0000 	 -1000.0000 	 -1000.0000 	 -1000.0000 
	  4.1250 	 2.214450e+00 	 136.3194 	  3.3517 	 1.176421e+23 	 2.929742e+21 	 1.837271e-08 	 7.962261e-09 	 -1000.0000 	 -1000.0000 	 -1000.0000 	 -1000.0000 
	  4.2970 	 2.161391e+00 	 136.0264 	  2.9876 	 1.151370e+23 	 2.571952e+21 	 1.821373e-08 	 7.762050e-09 	 -1000.0000 	 -1000.0000 	 -1000.0000 	 -1000.0000 
	  4.4690 	 2.109208e+00 	 135.7287 	  2.6593 	 1.126448e+23 	 2.254730e+21 	 1.830242e-08 	 7.615106e-09 	 -1000.0000 	 -1000.0000 	 -1000.0000 	 -1000.0000 
	  4.8120 	 2.007891e+00 	 135.1630 	  2.1056 	 1.077119e+23 	 1.732860e+21 	 1.903188e-08 	 7.439693e-09 	 -1000.0000 	 -1000.0000 	 -1000.0000 	 -1000.0000 
	  4.9590 	 1.965641e+00 	 134.9485 	  1.9070 	 1.056122e+23 	 1.550269e+21 	 1.949646e-08 	 7.396210e-09 	 -1000.0000 	 -1000.0000 	 -1000.0000 	 -1000.0000 
	  5.1300 	 1.917416e+00 	 134.7325 	  1.7033 	 1.031798e+23 	 1.365794e+21 	 2.009628e-08 	 7.357291e-09 	 -1000.0000 	 -1000.0000 	 -1000.0000 	 -1000.0000 
	  5.3010 	 1.870215e+00 	 134.5627 	  1.5275 	 1.007581e+23 	 1.208903e+21 	 2.071596e-08 	 7.321159e-09 	 -1000.0000 	 -1000.0000 	 -1000.0000 	 -1000.0000 
	  5.4730 	 1.823804e+00 	 134.4489 	  1.3773 	 9.833235e+22 	 1.076326e+21 	 2.131263e-08 	 7.277281e-09 	 -1000.0000 	 -1000.0000 	 -1000.0000 	 -1000.0000 
	  5.7790 	 1.743981e+00 	 134.4209 	  1.1714 	 9.404064e+22 	 8.948859e+20 	 2.216202e-08 	 7.148150e-09 	 -1000.0000 	 -1000.0000 	 -1000.0000 	 -1000.0000 
	  5.9500 	 1.700962e+00 	 134.5210 	  1.0878 	 9.165478e+22 	 8.193107e+20 	 2.243691e-08 	 7.029448e-09 	 -1000.0000 	 -1000.0000 	 -1000.0000 	 -1000.0000 
	  6.1210 	 1.659123e+00 	 134.7171 	  1.0247 	 8.927726e+22 	 7.590013e+20 	 2.251024e-08 	 6.864450e-09 	 -1000.0000 	 -1000.0000 	 -1000.0000 	 -1000.0000 
	  6.2930 	 1.618258e+00 	 135.0189 	  0.9803 	 8.689503e+22 	 7.111390e+20 	 2.234066e-08 	 6.643113e-09 	 -1000.0000 	 -1000.0000 	 -1000.0000 	 -1000.0000 
	  6.4640 	 1.578800e+00 	 135.3939 	  0.9516 	 8.455152e+22 	 6.736545e+20 	 2.196950e-08 	 6.379338e-09 	 -1000.0000 	 -1000.0000 	 -1000.0000 	 -1000.0000 
	  6.7800 	 1.508668e+00 	 136.1060 	  0.9222 	 8.037229e+22 	 6.219590e+20 	 2.106129e-08 	 5.859825e-09 	 -1000.0000 	 -1000.0000 	 -1000.0000 	 -1000.0000 
	  6.9510 	 1.472069e+00 	 136.4048 	  0.9103 	 7.823957e+22 	 5.986716e+20 	 2.061790e-08 	 5.606337e-09 	 -1000.0000 	 -1000.0000 	 -1000.0000 	 -1000.0000 
	  7.1230 	 1.436108e+00 	 136.5816 	  0.8952 	 7.621585e+22 	 5.753101e+20 	 2.031857e-08 	 5.400995e-09 	 -1000.0000 	 -1000.0000 	 -1000.0000 	 -1000.0000 
	  7.2940 	 1.401188e+00 	 136.6515 	  0.8760 	 7.431473e+22 	 5.514064e+20 	 2.017879e-08 	 5.248948e-09 	 -1000.0000 	 -1000.0000 	 -1000.0000 	 -1000.0000 
	  7.4320 	 1.373626e+00 	 136.6698 	  0.8581 	 7.284075e+22 	 5.318475e+20 	 2.015824e-08 	 5.157636e-09 	 -1000.0000 	 -1000.0000 	 -1000.0000 	 -1000.0000 
	  7.7740 	 1.307781e+00 	 136.7719 	  0.8083 	 6.931277e+22 	 4.835735e+20 	 2.034281e-08 	 5.017713e-09 	 -1000.0000 	 -1000.0000 	 -1000.0000 	 -1000.0000 
	  7.9450 	 1.276213e+00 	 136.9576 	  0.7826 	 6.756056e+22 	 4.602071e+20 	 2.049900e-08 	 4.976074e-09 	 -1000.0000 	 -1000.0000 	 -1000.0000 	 -1000.0000 
	  8.1160 	 1.245531e+00 	 137.2451 	  0.7580 	 6.580718e+22 	 4.379164e+20 	 2.068117e-08 	 4.948688e-09 	 -1000.0000 	 -1000.0000 	 -1000.0000 	 -1000.0000 
	  8.2620 	 1.219998e+00 	 137.5367 	  0.7391 	 6.432388e+22 	 4.201181e+20 	 2.086580e-08 	 4.939249e-09 	 -1000.0000 	 -1000.0000 	 -1000.0000 	 -1000.0000 
	  8.4330 	 1.190827e+00 	 137.8914 	  0.7207 	 6.262023e+22 	 4.011654e+20 	 2.112647e-08 	 4.947736e-09 	 -1000.0000 	 -1000.0000 	 -1000.0000 	 -1000.0000 
	  8.7750 	 1.134666e+00 	 138.4672 	  0.7017 	 5.939731e+22 	 3.713016e+20 	 2.183506e-08 	 5.041509e-09 	 -1000.0000 	 -1000.0000 	 -1000.0000 	 -1000.0000 
	  8.9460 	 1.107597e+00 	 138.6315 	  0.7021 	 5.790086e+22 	 3.607139e+20 	 2.228163e-08 	 5.126807e-09 	 -1000.0000 	 -1000.0000 	 -1000.0000 	 -1000.0000 
	  9.0920 	 1.084998e+00 	 138.7095 	  0.7065 	 5.668044e+22 	 3.535161e+20 	 2.268898e-08 	 5.213469e-09 	 -1000.0000 	 -1000.0000 	 -1000.0000 	 -1000.0000 
	  9.2630 	 1.059118e+00 	 138.7360 	  0.7148 	 5.531268e+22 	 3.467511e+20 	 2.317337e-08 	 5.324533e-09 	 -1000.0000 	 -1000.0000 	 -1000.0000 	 -1000.0000 
	  9.4340 	 1.033856e+00 	 138.7008 	  0.7251 	 5.400552e+22 	 3.412521e+20 	 2.364055e-08 	 5.438745e-09 	 -1000.0000 	 -1000.0000 	 -1000.0000 	 -1000.0000 
	  9.7760 	 9.851239e-01 	 138.4813 	  0.7451 	 5.154830e+22 	 3.318204e+20 	 2.441781e-08 	 5.646486e-09 	 -1000.0000 	 -1000.0000 	 -1000.0000 	 -1000.0000 
	  9.9160 	 9.658404e-01 	 138.3472 	  0.7507 	 5.059379e+22 	 3.277425e+20 	 2.463686e-08 	 5.712505e-09 	 -1000.0000 	 -1000.0000 	 -1000.0000 	 -1000.0000 
	 10.0870 	 9.427929e-01 	 138.1589 	  0.7536 	 4.946124e+22 	 3.219448e+20 	 2.479577e-08 	 5.769433e-09 	 -1000.0000 	 -1000.0000 	 -1000.0000 	 -1000.0000 
	 10.2570 	 9.204166e-01 	 137.9531 	  0.7508 	 4.836590e+22 	 3.147721e+20 	 2.481082e-08 	 5.793181e-09 	 -1000.0000 	 -1000.0000 	 -1000.0000 	 -1000.0000 
	 10.4280 	 8.984323e-01 	 137.7366 	  0.7409 	 4.728886e+22 	 3.056469e+20 	 2.465942e-08 	 5.777421e-09 	 -1000.0000 	 -1000.0000 	 -1000.0000 	 -1000.0000 
	 10.7460 	 8.588809e-01 	 137.3420 	  0.7094 	 4.533788e+22 	 2.851412e+20 	 2.403608e-08 	 5.666236e-09 	 -1000.0000 	 -1000.0000 	 -1000.0000 	 -1000.0000 
	 10.9170 	 8.382918e-01 	 137.1532 	  0.6915 	 4.431083e+22 	 2.738919e+20 	 2.361888e-08 	 5.587288e-09 	 -1000.0000 	 -1000.0000 	 -1000.0000 	 -1000.0000 
	 11.0870 	 8.182682e-01 	 136.9948 	  0.6774 	 4.330102e+22 	 2.637248e+20 	 2.321820e-08 	 5.512856e-09 	 -1000.0000 	 -1000.0000 	 -1000.0000 	 -1000.0000 
	 11.2580 	 7.985562e-01 	 136.8750 	  0.6699 	 4.229361e+22 	 2.553499e+20 	 2.288182e-08 	 5.455017e-09 	 -1000.0000 	 -1000.0000 	 -1000.0000 	 -1000.0000 
	 11.4280 	 7.793841e-01 	 136.8023 	  0.6686 	 4.129929e+22 	 2.487870e+20 	 2.263473e-08 	 5.421034e-09 	 -1000.0000 	 -1000.0000 	 -1000.0000 	 -1000.0000 
	 11.7370 	 7.456459e-01 	 136.8057 	  0.6748 	 3.951063e+22 	 2.393304e+20 	 2.241587e-08 	 5.428340e-09 	 -1000.0000 	 -1000.0000 	 -1000.0000 	 -1000.0000 
	 11.9070 	 7.277092e-01 	 136.8916 	  0.6787 	 3.853701e+22 	 2.343623e+20 	 2.242579e-08 	 5.475247e-09 	 -1000.0000 	 -1000.0000 	 -1000.0000 	 -1000.0000 
	 12.0780 	 7.101238e-01 	 137.0438 	  0.6801 	 3.756547e+22 	 2.287688e+20 	 2.252881e-08 	 5.555751e-09 	 -1000.0000 	 -1000.0000 	 -1000.0000 	 -1000.0000 
	 12.2480 	 6.930919e-01 	 137.2494 	  0.6790 	 3.661073e+22 	 2.225904e+20 	 2.268530e-08 	 5.659076e-09 	 -1000.0000 	 -1000.0000 	 -1000.0000 	 -1000.0000 
	 12.3960 	 6.786215e-01 	 137.4556 	  0.6772 	 3.579282e+22 	 2.170002e+20 	 2.281492e-08 	 5.753882e-09 	 -1000.0000 	 -1000.0000 	 -1000.0000 	 -1000.0000 
	 12.7370 	 6.465064e-01 	 137.9459 	  0.6761 	 3.397590e+22 	 2.047889e+20 	 2.284676e-08 	 5.921703e-09 	 -1000.0000 	 -1000.0000 	 -1000.0000 	 -1000.0000 
	 12.9080 	 6.310234e-01 	 138.1577 	  0.6802 	 3.311073e+22 	 1.997347e+20 	 2.259998e-08 	 5.945023e-09 	 -1000.0000 	 -1000.0000 	 -1000.0000 	 -1000.0000 
	 13.0780 	 6.160256e-01 	 138.3269 	  0.6877 	 3.228442e+22 	 1.955729e+20 	 2.216297e-08 	 5.921725e-09 	 -1000.0000 	 -1000.0000 	 -1000.0000 	 -1000.0000 
	 13.2200 	 6.037891e-01 	 138.4329 	  0.6960 	 3.161950e+22 	 1.926314e+20 	 2.168287e-08 	 5.874070e-09 	 -1000.0000 	 -1000.0000 	 -1000.0000 	 -1000.0000 
	 13.3900 	 5.894756e-01 	 138.5129 	  0.7072 	 3.085307e+22 	 1.895977e+20 	 2.100856e-08 	 5.792190e-09 	 -1000.0000 	 -1000.0000 	 -1000.0000 	 -1000.0000 
	 13.7300 	 5.618906e-01 	 138.4995 	  0.7306 	 2.941393e+22 	 1.844514e+20 	 1.950342e-08 	 5.586742e-09 	 -1000.0000 	 -1000.0000 	 -1000.0000 	 -1000.0000 
	 13.9000 	 5.485900e-01 	 138.3956 	  0.7407 	 2.873966e+22 	 1.819874e+20 	 1.876070e-08 	 5.483759e-09 	 -1000.0000 	 -1000.0000 	 -1000.0000 	 -1000.0000 
	 14.0440 	 5.375656e-01 	 138.2518 	  0.7473 	 2.819135e+22 	 1.797811e+20 	 1.818089e-08 	 5.406717e-09 	 -1000.0000 	 -1000.0000 	 -1000.0000 	 -1000.0000 
	 14.2130 	 5.248977e-01 	 138.0132 	  0.7520 	 2.757388e+22 	 1.768998e+20 	 1.759631e-08 	 5.337143e-09 	 -1000.0000 	 -1000.0000 	 -1000.0000 	 -1000.0000 
	 14.3830 	 5.124356e-01 	 137.6920 	  0.7523 	 2.698037e+22 	 1.735177e+20 	 1.715432e-08 	 5.299584e-09 	 -1000.0000 	 -1000.0000 	 -1000.0000 	 -1000.0000 
	 14.7220 	 4.883788e-01 	 136.8334 	  0.7383 	 2.586997e+22 	 1.649305e+20 	 1.681084e-08 	 5.344316e-09 	 -1000.0000 	 -1000.0000 	 -1000.0000 	 -1000.0000 
	 14.8740 	 4.779314e-01 	 136.4315 	  0.7282 	 2.539010e+22 	 1.605668e+20 	 1.682165e-08 	 5.398421e-09 	 -1000.0000 	 -1000.0000 	 -1000.0000 	 -1000.0000 
	 15.0430 	 4.665633e-01 	 136.0460 	  0.7170 	 2.485723e+22 	 1.556660e+20 	 1.687526e-08 	 5.463338e-09 	 -1000.0000 	 -1000.0000 	 -1000.0000 	 -1000.0000 
	 15.2130 	 4.553918e-01 	 135.7821 	  0.7080 	 2.431210e+22 	 1.509415e+20 	 1.691129e-08 	 5.517828e-09 	 -1000.0000 	 -1000.0000 	 -1000.0000 	 -1000.0000 
	 15.3820 	 4.445489e-01 	 135.6969 	  0.7034 	 2.375203e+22 	 1.466964e+20 	 1.687072e-08 	 5.546240e-09 	 -1000.0000 	 -1000.0000 	 -1000.0000 	 -1000.0000 
	 15.6940 	 4.251956e-01 	 135.9109 	  0.7056 	 2.268613e+22 	 1.401023e+20 	 1.663936e-08 	 5.540338e-09 	 -1000.0000 	 -1000.0000 	 -1000.0000 	 -1000.0000 
	 15.8630 	 4.150534e-01 	 136.1105 	  0.7106 	 2.211118e+22 	 1.370479e+20 	 1.651152e-08 	 5.524992e-09 	 -1000.0000 	 -1000.0000 	 -1000.0000 	 -1000.0000 
	 16.0330 	 4.050791e-01 	 136.2867 	  0.7168 	 2.154863e+22 	 1.342298e+20 	 1.644003e-08 	 5.514881e-09 	 -1000.0000 	 -1000.0000 	 -1000.0000 	 -1000.0000 
	 16.2020 	 3.953802e-01 	 136.3762 	  0.7229 	 2.101542e+22 	 1.315945e+20 	 1.646413e-08 	 5.519108e-09 	 -1000.0000 	 -1000.0000 	 -1000.0000 	 -1000.0000 
	 16.3720 	 3.858430e-01 	 136.3758 	  0.7284 	 2.050641e+22 	 1.290283e+20 	 1.651431e-08 	 5.519478e-09 	 -1000.0000 	 -1000.0000 	 -1000.0000 	 -1000.0000 
	 16.6930 	 3.684674e-01 	 136.2685 	  0.7357 	 1.959918e+22 	 1.241360e+20 	 1.613711e-08 	 5.370518e-09 	 -1000.0000 	 -1000.0000 	 -1000.0000 	 -1000.0000 
	 16.8630 	 3.596185e-01 	 136.2318 	  0.7372 	 1.913592e+22 	 1.213728e+20 	 1.539643e-08 	 5.137872e-09 	 -1000.0000 	 -1000.0000 	 -1000.0000 	 -1000.0000 
	 17.0320 	 3.510749e-01 	 136.2579 	  0.7369 	 1.867986e+22 	 1.184184e+20 	 1.412949e-08 	 4.760410e-09 	 -1000.0000 	 -1000.0000 	 -1000.0000 	 -1000.0000 
	 17.2020 	 3.427251e-01 	 136.3466 	  0.7353 	 1.822497e+22 	 1.152987e+20 	 1.263729e-08 	 4.316330e-09 	 -1000.0000 	 -1000.0000 	 -1000.0000 	 -1000.0000 
	 17.3380 	 3.362075e-01 	 136.4471 	  0.7339 	 1.786541e+22 	 1.127889e+20 	 1.167395e-08 	 4.015675e-09 	 -1000.0000 	 -1000.0000 	 -1000.0000 	 -1000.0000 
	 17.6760 	 3.205590e-01 	 136.7276 	  0.7341 	 1.699688e+22 	 1.069855e+20 	 1.220363e-08 	 4.009842e-09 	 -1000.0000 	 -1000.0000 	 -1000.0000 	 -1000.0000 
	 17.8450 	 3.129893e-01 	 136.8409 	  0.7385 	 1.658037e+22 	 1.045690e+20 	 1.508676e-08 	 4.678320e-09 	 -1000.0000 	 -1000.0000 	 -1000.0000 	 -1000.0000 
	 18.0140 	 3.055737e-01 	 136.9199 	  0.7460 	 1.617717e+22 	 1.025309e+20 	 1.992308e-08 	 5.846470e-09 	 -1000.0000 	 -1000.0000 	 -1000.0000 	 -1000.0000 
	 18.1680 	 2.989507e-01 	 136.9632 	  0.7549 	 1.582096e+22 	 1.009354e+20 	 2.571551e-08 	 7.260799e-09 	 -1000.0000 	 -1000.0000 	 -1000.0000 	 -1000.0000 
	 18.3370 	 2.918305e-01 	 136.9810 	  0.7660 	 1.544190e+22 	 9.939447e+19 	 3.323590e-08 	 9.100525e-09 	 -1000.0000 	 -1000.0000 	 -1000.0000 	 -1000.0000 
	 18.6750 	 2.780565e-01 	 136.9303 	  0.7890 	 1.471904e+22 	 9.664726e+19 	 5.042624e-08 	 1.327680e-08 	 -1000.0000 	 -1000.0000 	 -1000.0000 	 -1000.0000 
	 18.8440 	 2.714036e-01 	 136.8654 	  0.7991 	 1.437427e+22 	 9.527489e+19 	 5.932722e-08 	 1.540566e-08 	 -1000.0000 	 -1000.0000 	 -1000.0000 	 -1000.0000 
	 18.9980 	 2.654776e-01 	 136.7855 	  0.8064 	 1.406921e+22 	 9.393077e+19 	 6.717920e-08 	 1.725131e-08 	 -1000.0000 	 -1000.0000 	 -1000.0000 	 -1000.0000 
	 19.1670 	 2.591246e-01 	 136.6766 	  0.8116 	 1.374397e+22 	 9.227605e+19 	 6.469503e-08 	 1.189109e-08 	 -1000.0000 	 -1000.0000 	 -1000.0000 	 -1000.0000 
	 19.3360 	 2.529291e-01 	 136.5473 	  0.8128 	 1.342825e+22 	 9.035272e+19 	 7.126350e-08 	 1.296435e-08 	 -1000.0000 	 -1000.0000 	 -1000.0000 	 -1000.0000 
	 19.6740 	 2.410102e-01 	 136.2535 	  0.8021 	 1.282218e+22 	 8.554786e+19 	 7.989584e-08 	 1.421245e-08 	 -1000.0000 	 -1000.0000 	 -1000.0000 	 -1000.0000 
	 19.8110 	 2.363548e-01 	 136.1513 	  0.7948 	 1.258365e+22 	 8.338105e+19 	 8.189519e-08 	 1.442940e-08 	 -1000.0000 	 -1000.0000 	 -1000.0000 	 -1000.0000 
	 19.9800 	 2.307483e-01 	 136.0680 	  0.7857 	 1.229275e+22 	 8.069941e+19 	 8.352631e-08 	 1.454402e-08 	 -1000.0000 	 -1000.0000 	 -1000.0000 	 -1000.0000 
	 20.1490 	 2.252891e-01 	 136.0558 	  0.7783 	 1.200362e+22 	 7.814330e+19 	 8.455192e-08 	 1.455504e-08 	 -1000.0000 	 -1000.0000 	 -1000.0000 	 -1000.0000 
	 20.3170 	 2.200052e-01 	 136.1374 	  0.7744 	 1.171611e+22 	 7.586313e+19 	 8.528025e-08 	 1.452593e-08 	 -1000.0000 	 -1000.0000 	 -1000.0000 	 -1000.0000 
	 20.6410 	 2.101881e-01 	 136.4992 	  0.7771 	 1.116497e+22 	 7.224362e+19 	 8.643857e-08 	 1.446069e-08 	 -1000.0000 	 -1000.0000 	 -1000.0000 	 -1000.0000 
	 20.8100 	 2.052425e-01 	 136.7233 	  0.7820 	 1.088404e+22 	 7.065701e+19 	 8.710268e-08 	 1.444859e-08 	 -1000.0000 	 -1000.0000 	 -1000.0000 	 -1000.0000 
	 20.9790 	 2.004034e-01 	 136.9219 	  0.7881 	 1.061095e+22 	 6.920300e+19 	 8.791866e-08 	 1.446603e-08 	 -1000.0000 	 -1000.0000 	 -1000.0000 	 -1000.0000 
	 21.1470 	 1.956887e-01 	 137.0599 	  0.7944 	 1.034956e+22 	 6.783342e+19 	 8.896342e-08 	 1.452266e-08 	 -1000.0000 	 -1000.0000 	 -1000.0000 	 -1000.0000 
	 21.3160 	 1.910434e-01 	 137.1498 	  0.8004 	 1.009625e+22 	 6.648174e+19 	 9.066689e-08 	 1.467564e-08 	 -1000.0000 	 -1000.0000 	 -1000.0000 	 -1000.0000 
	 21.7990 	 1.783848e-01 	 137.5165 	  0.8112 	 9.403340e+21 	 6.234929e+19 	 1.049879e-07 	 1.642467e-08 	 -1000.0000 	 -1000.0000 	 -1000.0000 	 -1000.0000 
	 21.9670 	 1.742230e-01 	 137.8129 	  0.8114 	 9.165454e+21 	 6.067965e+19 	 1.152569e-07 	 1.775190e-08 	 -1000.0000 	 -1000.0000 	 -1000.0000 	 -1000.0000 
	 22.1360 	 1.701647e-01 	 138.2216 	  0.8099 	 8.926382e+21 	 5.888134e+19 	 1.285087e-07 	 1.948013e-08 	 -1000.0000 	 -1000.0000 	 -1000.0000 	 -1000.0000 
	 22.2850 	 1.666850e-01 	 138.6459 	  0.8082 	 8.717326e+21 	 5.726206e+19 	 1.419223e-07 	 2.123314e-08 	 -1000.0000 	 -1000.0000 	 -1000.0000 	 -1000.0000 
	 22.4530 	 1.628628e-01 	 139.1642 	  0.8070 	 8.485314e+21 	 5.547254e+19 	 1.581157e-07 	 2.334433e-08 	 -1000.0000 	 -1000.0000 	 -1000.0000 	 -1000.0000 
	 22.7900 	 1.554777e-01 	 140.1938 	  0.8115 	 8.039252e+21 	 5.231436e+19 	 1.896379e-07 	 2.740090e-08 	 -1000.0000 	 -1000.0000 	 -1000.0000 	 -1000.0000 
	 22.9580 	 1.519215e-01 	 140.6515 	  0.8186 	 7.829130e+21 	 5.105034e+19 	 2.028388e-07 	 2.905551e-08 	 -1000.0000 	 -1000.0000 	 -1000.0000 	 -1000.0000 
	 23.1150 	 1.486714e-01 	 141.0401 	  0.8274 	 7.640131e+21 	 5.002989e+19 	 2.136300e-07 	 3.061594e-08 	 -1000.0000 	 -1000.0000 	 -1000.0000 	 -1000.0000 
	 23.2830 	 1.452713e-01 	 141.4134 	  0.8385 	 7.445504e+21 	 4.907536e+19 	 2.230554e-07 	 3.211541e-08 	 -1000.0000 	 -1000.0000 	 -1000.0000 	 -1000.0000 
	 23.4510 	 1.419511e-01 	 141.7425 	  0.8505 	 7.258475e+21 	 4.822702e+19 	 2.302002e-07 	 3.334433e-08 	 -1000.0000 	 -1000.0000 	 -1000.0000 	 -1000.0000 
	 23.7880 	 1.355293e-01 	 142.2673 	  0.8742 	 6.905076e+21 	 4.669795e+19 	 2.386096e-07 	 3.476407e-08 	 -1000.0000 	 -1000.0000 	 -1000.0000 	 -1000.0000 
	 23.9290 	 1.329359e-01 	 142.4325 	  0.8828 	 6.765407e+21 	 4.607046e+19 	 2.407738e-07 	 3.508093e-08 	 -1000.0000 	 -1000.0000 	 -1000.0000 	 -1000.0000 
	 24.0970 	 1.299172e-01 	 142.5870 	  0.8910 	 6.604973e+21 	 4.528908e+19 	 2.777537e-07 	 5.596242e-08 	 -1000.0000 	 -1000.0000 	 -1000.0000 	 -1000.0000 
	 24.2640 	 1.269928e-01 	 142.6944 	  0.8963 	 6.451675e+21 	 4.444166e+19 	 2.809383e-07 	 5.675030e-08 	 -1000.0000 	 -1000.0000 	 -1000.0000 	 -1000.0000 
	 24.4320 	 1.241268e-01 	 142.7563 	  0.8980 	 6.303371e+21 	 4.348476e+19 	 2.847884e-07 	 5.766818e-08 	 -1000.0000 	 -1000.0000 	 -1000.0000 	 -1000.0000 
	 24.7550 	 1.188178e-01 	 142.7982 	  0.8947 	 6.031810e+21 	 4.145432e+19 	 2.949516e-07 	 5.994400e-08 	 -1000.0000 	 -1000.0000 	 -1000.0000 	 -1000.0000 
	 24.9230 	 1.161513e-01 	 142.8219 	  0.8930 	 5.895478e+21 	 4.041570e+19 	 3.019706e-07 	 6.143894e-08 	 -1000.0000 	 -1000.0000 	 -1000.0000 	 -1000.0000 
	 25.0910 	 1.135432e-01 	 142.8758 	  0.8938 	 5.761030e+21 	 3.946969e+19 	 3.103758e-07 	 6.317743e-08 	 -1000.0000 	 -1000.0000 	 -1000.0000 	 -1000.0000 
	 25.2600 	 1.109736e-01 	 142.9814 	  0.8988 	 5.626621e+21 	 3.866929e+19 	 3.204033e-07 	 6.519561e-08 	 -1000.0000 	 -1000.0000 	 -1000.0000 	 -1000.0000 
	 25.4280 	 1.084724e-01 	 143.1410 	  0.9082 	 5.493751e+21 	 3.802593e+19 	 3.323344e-07 	 6.749287e-08 	 -1000.0000 	 -1000.0000 	 -1000.0000 	 -1000.0000 
	 25.7370 	 1.040192e-01 	 143.5493 	  0.9341 	 5.253178e+21 	 3.712095e+19 	 3.612324e-07 	 7.255286e-08 	 -1000.0000 	 -1000.0000 	 -1000.0000 	 -1000.0000 
	 25.9040 	 1.016962e-01 	 143.8169 	  0.9514 	 5.126239e+21 	 3.671742e+19 	 3.815954e-07 	 7.577909e-08 	 -1000.0000 	 -1000.0000 	 -1000.0000 	 -1000.0000 
	 26.0720 	 9.942186e-02 	 144.1090 	  0.9700 	 5.001424e+21 	 3.632720e+19 	 4.061678e-07 	 7.940601e-08 	 -1000.0000 	 -1000.0000 	 -1000.0000 	 -1000.0000 
	 26.2400 	 9.720971e-02 	 144.4187 	  0.9891 	 4.879719e+21 	 3.593126e+19 	 4.358041e-07 	 8.350867e-08 	 -1000.0000 	 -1000.0000 	 -1000.0000 	 -1000.0000 
	 26.3930 	 9.524698e-02 	 144.7136 	  1.0065 	 4.771540e+21 	 3.555683e+19 	 4.682827e-07 	 8.778332e-08 	 -1000.0000 	 -1000.0000 	 -1000.0000 	 -1000.0000 
	 26.7270 	 9.112412e-02 	 145.3894 	  1.0419 	 4.543951e+21 	 3.465536e+19 	 5.621998e-07 	 9.945565e-08 	 -1000.0000 	 -1000.0000 	 -1000.0000 	 -1000.0000 
	 26.8940 	 8.914069e-02 	 145.7382 	  1.0572 	 4.434444e+21 	 3.414177e+19 	 6.234823e-07 	 1.067824e-07 	 -1000.0000 	 -1000.0000 	 -1000.0000 	 -1000.0000 
	 27.0610 	 8.720570e-02 	 146.0905 	  1.0700 	 4.327710e+21 	 3.357293e+19 	 6.960064e-07 	 1.152979e-07 	 -1000.0000 	 -1000.0000 	 -1000.0000 	 -1000.0000 
	 28.0130 	 7.697729e-02 	 148.0652 	  1.0734 	 3.768695e+21 	 2.891544e+19 	 1.382588e-06 	 1.926173e-07 	 -1000.0000 	 -1000.0000 	 -1000.0000 	 -1000.0000 
	 28.1800 	 7.531116e-02 	 148.4326 	  1.0653 	 3.678040e+21 	 2.794709e+19 	 1.556623e-06 	 2.109535e-07 	 -1000.0000 	 -1000.0000 	 -1000.0000 	 -1000.0000 
	 28.3470 	 7.368294e-02 	 148.8311 	  1.0584 	 3.588978e+21 	 2.702274e+19 	 1.746624e-06 	 2.301269e-07 	 -1000.0000 	 -1000.0000 	 -1000.0000 	 -1000.0000 
	 28.5140 	 7.209283e-02 	 149.2715 	  1.0546 	 3.501263e+21 	 2.618091e+19 	 1.952378e-06 	 2.498666e-07 	 -1000.0000 	 -1000.0000 	 -1000.0000 	 -1000.0000 
	 28.6810 	 7.054185e-02 	 149.7547 	  1.0540 	 3.414940e+21 	 2.542835e+19 	 2.172940e-06 	 2.699807e-07 	 -1000.0000 	 -1000.0000 	 -1000.0000 	 -1000.0000 
	 28.8370 	 6.912983e-02 	 150.2382 	  1.0556 	 3.335815e+21 	 2.478817e+19 	 2.390969e-06 	 2.889984e-07 	 -1000.0000 	 -1000.0000 	 -1000.0000 	 -1000.0000 
	 29.0030 	 6.766790e-02 	 150.7797 	  1.0587 	 3.253503e+21 	 2.415390e+19 	 2.634214e-06 	 3.093633e-07 	 -1000.0000 	 -1000.0000 	 -1000.0000 	 -1000.0000 
	 29.1700 	 6.624105e-02 	 151.3452 	  1.0622 	 3.172945e+21 	 2.354416e+19 	 2.889079e-06 	 3.298653e-07 	 -1000.0000 	 -1000.0000 	 -1000.0000 	 -1000.0000 
	 29.3370 	 6.485954e-02 	 151.9238 	  1.0654 	 3.094922e+21 	 2.294294e+19 	 3.152178e-06 	 3.502479e-07 	 -1000.0000 	 -1000.0000 	 -1000.0000 	 -1000.0000 
	 29.6470 	 6.240257e-02 	 152.9994 	  1.0693 	 2.956783e+21 	 2.183696e+19 	 3.637303e-06 	 3.866975e-07 	 -1000.0000 	 -1000.0000 	 -1000.0000 	 -1000.0000 
	 29.8130 	 6.113325e-02 	 153.5568 	  1.0706 	 2.886129e+21 	 2.125734e+19 	 3.877303e-06 	 4.047504e-07 	 -1000.0000 	 -1000.0000 	 -1000.0000 	 -1000.0000 
	 29.9800 	 5.988104e-02 	 154.0908 	  1.0716 	 2.817199e+21 	 2.068836e+19 	 4.092094e-06 	 4.213696e-07 	 -1000.0000 	 -1000.0000 	 -1000.0000 	 -1000.0000 
	 30.1470 	 5.864775e-02 	 154.5877 	  1.0723 	 2.750285e+21 	 2.013762e+19 	 4.270574e-06 	 4.360429e-07 	 -1000.0000 	 -1000.0000 	 -1000.0000 	 -1000.0000 
	 30.3130 	 5.743950e-02 	 155.0421 	  1.0729 	 2.685714e+21 	 1.961230e+19 	 4.409868e-06 	 4.483105e-07 	 -1000.0000 	 -1000.0000 	 -1000.0000 	 -1000.0000 
	 30.6430 	 5.510326e-02 	 155.8459 	  1.0753 	 2.563202e+21 	 1.864937e+19 	 4.593287e-06 	 4.643257e-07 	 -1000.0000 	 -1000.0000 	 -1000.0000 	 -1000.0000 
	 30.8100 	 5.396140e-02 	 156.2114 	  1.0777 	 2.504226e+21 	 1.821137e+19 	 4.648935e-06 	 4.674202e-07 	 -1000.0000 	 -1000.0000 	 -1000.0000 	 -1000.0000 
	 30.9770 	 5.285128e-02 	 156.5556 	  1.0813 	 2.447311e+21 	 1.781169e+19 	 4.686463e-06 	 4.667013e-07 	 -1000.0000 	 -1000.0000 	 -1000.0000 	 -1000.0000 
	 31.1430 	 5.177946e-02 	 156.8832 	  1.0863 	 2.392657e+21 	 1.745280e+19 	 4.710470e-06 	 4.629780e-07 	 -1000.0000 	 -1000.0000 	 -1000.0000 	 -1000.0000 
	 31.2970 	 5.081127e-02 	 157.1812 	  1.0927 	 2.343458e+21 	 1.715206e+19 	 4.724618e-06 	 4.582775e-07 	 -1000.0000 	 -1000.0000 	 -1000.0000 	 -1000.0000 
	 31.6300 	 4.879441e-02 	 157.8370 	  1.1134 	 2.241109e+21 	 1.659841e+19 	 4.744894e-06 	 4.504469e-07 	 -1000.0000 	 -1000.0000 	 -1000.0000 	 -1000.0000 
	 31.7970 	 4.781767e-02 	 158.1875 	  1.1280 	 2.191391e+21 	 1.636543e+19 	 4.758040e-06 	 4.509404e-07 	 -1000.0000 	 -1000.0000 	 -1000.0000 	 -1000.0000 
	 31.9630 	 4.686771e-02 	 158.5565 	  1.1448 	 2.142857e+21 	 1.615579e+19 	 4.776053e-06 	 4.550557e-07 	 -1000.0000 	 -1000.0000 	 -1000.0000 	 -1000.0000 
	 32.1100 	 4.604357e-02 	 158.9007 	  1.1610 	 2.100607e+21 	 1.598060e+19 	 4.795909e-06 	 4.610115e-07 	 -1000.0000 	 -1000.0000 	 -1000.0000 	 -1000.0000 
	 32.2770 	 4.512639e-02 	 159.3118 	  1.1796 	 2.053435e+21 	 1.578451e+19 	 4.822633e-06 	 4.695840e-07 	 -1000.0000 	 -1000.0000 	 -1000.0000 	 -1000.0000 
	 32.7750 	 4.250798e-02 	 160.6677 	  1.2271 	 1.917914e+21 	 1.512253e+19 	 4.925605e-06 	 4.977067e-07 	 -1000.0000 	 -1000.0000 	 -1000.0000 	 -1000.0000 
	 32.9300 	 4.172743e-02 	 161.1303 	  1.2361 	 1.877288e+21 	 1.486330e+19 	 4.963833e-06 	 5.045112e-07 	 -1000.0000 	 -1000.0000 	 -1000.0000 	 -1000.0000 
	 33.0970 	 4.090409e-02 	 161.6509 	  1.2412 	 1.834332e+21 	 1.454005e+19 	 5.007806e-06 	 5.093562e-07 	 -1000.0000 	 -1000.0000 	 -1000.0000 	 -1000.0000 
	 33.2630 	 4.010340e-02 	 162.1913 	  1.2404 	 1.792465e+21 	 1.416392e+19 	 5.054074e-06 	 5.107289e-07 	 -1000.0000 	 -1000.0000 	 -1000.0000 	 -1000.0000 
	 33.4290 	 3.932000e-02 	 162.7542 	  1.2327 	 1.751426e+21 	 1.372471e+19 	 5.102486e-06 	 5.078597e-07 	 -1000.0000 	 -1000.0000 	 -1000.0000 	 -1000.0000 
	 33.7440 	 3.788030e-02 	 163.8361 	  1.2043 	 1.676231e+21 	 1.277560e+19 	 5.192668e-06 	 4.940050e-07 	 -1000.0000 	 -1000.0000 	 -1000.0000 	 -1000.0000 
	 33.9100 	 3.714617e-02 	 164.3753 	  1.1866 	 1.638336e+21 	 1.226873e+19 	 5.233642e-06 	 4.856527e-07 	 -1000.0000 	 -1000.0000 	 -1000.0000 	 -1000.0000 
	 34.0760 	 3.642890e-02 	 164.8667 	  1.1705 	 1.601859e+21 	 1.179498e+19 	 5.266168e-06 	 4.789288e-07 	 -1000.0000 	 -1000.0000 	 -1000.0000 	 -1000.0000 
	 34.2410 	 3.573259e-02 	 165.2886 	  1.1584 	 1.567166e+21 	 1.138437e+19 	 5.287315e-06 	 4.755569e-07 	 -1000.0000 	 -1000.0000 	 -1000.0000 	 -1000.0000 
	 34.4070 	 3.504844e-02 	 165.6444 	  1.1504 	 1.533813e+21 	 1.103610e+19 	 5.297872e-06 	 4.754570e-07 	 -1000.0000 	 -1000.0000 	 -1000.0000 	 -1000.0000 
	 34.7300 	 3.376214e-02 	 166.1919 	  1.1418 	 1.472663e+21 	 1.048234e+19 	 5.300802e-06 	 4.787531e-07 	 -1000.0000 	 -1000.0000 	 -1000.0000 	 -1000.0000 
	 34.8960 	 3.312301e-02 	 166.4267 	  1.1381 	 1.442792e+21 	 1.022828e+19 	 5.300196e-06 	 4.790909e-07 	 -1000.0000 	 -1000.0000 	 -1000.0000 	 -1000.0000 
	 35.0610 	 3.250170e-02 	 166.6469 	  1.1330 	 1.413901e+21 	 9.974665e+18 	 5.302717e-06 	 4.764732e-07 	 -1000.0000 	 -1000.0000 	 -1000.0000 	 -1000.0000 
	 35.2270 	 3.189006e-02 	 166.8605 	  1.1266 	 1.385544e+21 	 9.715561e+18 	 5.309316e-06 	 4.709151e-07 	 -1000.0000 	 -1000.0000 	 -1000.0000 	 -1000.0000 
	 35.3880 	 3.130906e-02 	 167.0573 	  1.1206 	 1.358704e+21 	 9.469901e+18 	 5.318221e-06 	 4.641925e-07 	 -1000.0000 	 -1000.0000 	 -1000.0000 	 -1000.0000 
	 35.7190 	 3.014968e-02 	 167.4175 	  1.1152 	 1.305538e+21 	 9.023270e+18 	 5.338156e-06 	 4.525669e-07 	 -1000.0000 	 -1000.0000 	 -1000.0000 	 -1000.0000 
	 35.8840 	 2.958805e-02 	 167.5685 	  1.1190 	 1.280024e+21 	 8.849956e+18 	 5.345865e-06 	 4.509664e-07 	 -1000.0000 	 -1000.0000 	 -1000.0000 	 -1000.0000 
	 36.0490 	 2.903666e-02 	 167.7007 	  1.1275 	 1.255137e+21 	 8.712449e+18 	 5.350446e-06 	 4.528656e-07 	 -1000.0000 	 -1000.0000 	 -1000.0000 	 -1000.0000 
	 36.2040 	 2.852788e-02 	 167.8115 	  1.1387 	 1.232295e+21 	 8.608227e+18 	 5.351168e-06 	 4.570450e-07 	 -1000.0000 	 -1000.0000 	 -1000.0000 	 -1000.0000 
	 36.3700 	 2.799275e-02 	 167.9202 	  1.1526 	 1.208370e+21 	 8.514911e+18 	 5.347313e-06 	 4.632084e-07 	 -1000.0000 	 -1000.0000 	 -1000.0000 	 -1000.0000 
	 36.7010 	 2.695524e-02 	 168.1236 	  1.1814 	 1.162170e+21 	 8.350133e+18 	 5.322110e-06 	 4.770376e-07 	 -1000.0000 	 -1000.0000 	 -1000.0000 	 -1000.0000 
	 36.8670 	 2.644945e-02 	 168.2280 	  1.1935 	 1.139675e+21 	 8.260214e+18 	 5.299040e-06 	 4.828736e-07 	 -1000.0000 	 -1000.0000 	 -1000.0000 	 -1000.0000 
	 37.0240 	 2.597983e-02 	 168.3337 	  1.2019 	 1.118766e+21 	 8.159808e+18 	 5.269810e-06 	 4.865828e-07 	 -1000.0000 	 -1000.0000 	 -1000.0000 	 -1000.0000 
	 37.1900 	 2.549242e-02 	 168.4571 	  1.2061 	 1.097007e+21 	 8.028794e+18 	 5.230280e-06 	 4.876933e-07 	 -1000.0000 	 -1000.0000 	 -1000.0000 	 -1000.0000 
	 37.3560 	 2.501424e-02 	 168.5970 	  1.2042 	 1.075567e+21 	 7.863387e+18 	 5.181075e-06 	 4.849921e-07 	 -1000.0000 	 -1000.0000 	 -1000.0000 	 -1000.0000 
	 37.6870 	 2.408779e-02 	 168.9421 	  1.1796 	 1.033632e+21 	 7.413187e+18 	 5.055740e-06 	 4.664197e-07 	 -1000.0000 	 -1000.0000 	 -1000.0000 	 -1000.0000 
	 37.8380 	 2.367692e-02 	 169.1350 	  1.1626 	 1.014836e+21 	 7.175564e+18 	 4.995075e-06 	 4.543810e-07 	 -1000.0000 	 -1000.0000 	 -1000.0000 	 -1000.0000 
	 38.0030 	 2.323624e-02 	 169.3751 	  1.1438 	 9.945298e+20 	 6.915548e+18 	 4.934515e-06 	 4.411131e-07 	 -1000.0000 	 -1000.0000 	 -1000.0000 	 -1000.0000 
	 38.1690 	 2.280153e-02 	 169.6508 	  1.1275 	 9.743369e+20 	 6.671510e+18 	 4.886106e-06 	 4.295714e-07 	 -1000.0000 	 -1000.0000 	 -1000.0000 	 -1000.0000 
	 38.3340 	 2.237795e-02 	 169.9616 	  1.1168 	 9.544965e+20 	 6.463878e+18 	 4.856616e-06 	 4.217712e-07 	 -1000.0000 	 -1000.0000 	 -1000.0000 	 -1000.0000 
	 38.6520 	 2.158592e-02 	 170.6414 	  1.1117 	 9.170641e+20 	 6.162063e+18 	 4.841656e-06 	 4.169717e-07 	 -1000.0000 	 -1000.0000 	 -1000.0000 	 -1000.0000 
	 38.8170 	 2.118806e-02 	 171.0155 	  1.1139 	 8.981894e+20 	 6.038416e+18 	 4.840789e-06 	 4.177688e-07 	 -1000.0000 	 -1000.0000 	 -1000.0000 	 -1000.0000 
	 38.9810 	 2.080178e-02 	 171.3877 	  1.1173 	 8.798885e+20 	 5.925363e+18 	 4.834440e-06 	 4.193922e-07 	 -1000.0000 	 -1000.0000 	 -1000.0000 	 -1000.0000 
	 39.1460 	 2.042259e-02 	 171.7521 	  1.1204 	 8.620032e+20 	 5.812164e+18 	 4.815100e-06 	 4.208123e-07 	 -1000.0000 	 -1000.0000 	 -1000.0000 	 -1000.0000 
	 39.3110 	 2.005258e-02 	 172.1019 	  1.1221 	 8.446553e+20 	 5.694629e+18 	 4.783058e-06 	 4.214182e-07 	 -1000.0000 	 -1000.0000 	 -1000.0000 	 -1000.0000 
	 39.6370 	 1.934544e-02 	 172.7565 	  1.1201 	 8.117806e+20 	 5.447368e+18 	 4.712307e-06 	 4.195589e-07 	 -1000.0000 	 -1000.0000 	 -1000.0000 	 -1000.0000 
	 39.8010 	 1.900013e-02 	 173.0708 	  1.1158 	 7.958528e+20 	 5.314525e+18 	 4.688387e-06 	 4.167814e-07 	 -1000.0000 	 -1000.0000 	 -1000.0000 	 -1000.0000 
	 39.9660 	 1.865873e-02 	 173.3789 	  1.1089 	 7.801798e+20 	 5.174747e+18 	 4.682252e-06 	 4.125674e-07 	 -1000.0000 	 -1000.0000 	 -1000.0000 	 -1000.0000 
	 40.1310 	 1.832307e-02 	 173.6734 	  1.1002 	 7.648604e+20 	 5.032149e+18 	 4.694989e-06 	 4.073984e-07 	 -1000.0000 	 -1000.0000 	 -1000.0000 	 -1000.0000 
	 40.2860 	 1.801309e-02 	 173.9278 	  1.0918 	 7.508277e+20 	 4.901391e+18 	 4.719781e-06 	 4.025541e-07 	 -1000.0000 	 -1000.0000 	 -1000.0000 	 -1000.0000 
	 40.6140 	 1.737468e-02 	 174.3520 	  1.0801 	 7.224353e+20 	 4.659914e+18 	 4.793835e-06 	 3.961683e-07 	 -1000.0000 	 -1000.0000 	 -1000.0000 	 -1000.0000 
	 40.7790 	 1.706279e-02 	 174.4850 	  1.0806 	 7.089011e+20 	 4.569115e+18 	 4.832308e-06 	 3.968662e-07 	 -1000.0000 	 -1000.0000 	 -1000.0000 	 -1000.0000 
	 40.9430 	 1.675892e-02 	 174.5573 	  1.0860 	 6.959596e+20 	 4.501952e+18 	 4.866626e-06 	 4.005388e-07 	 -1000.0000 	 -1000.0000 	 -1000.0000 	 -1000.0000 
	 41.1060 	 1.646272e-02 	 174.5748 	  1.0950 	 6.835657e+20 	 4.453315e+18 	 4.895596e-06 	 4.063496e-07 	 -1000.0000 	 -1000.0000 	 -1000.0000 	 -1000.0000 
	 41.2700 	 1.617029e-02 	 174.5429 	  1.1065 	 6.715298e+20 	 4.417669e+18 	 4.918376e-06 	 4.135487e-07 	 -1000.0000 	 -1000.0000 	 -1000.0000 	 -1000.0000 
	 41.7630 	 1.532248e-02 	 174.1983 	  1.1431 	 6.375916e+20 	 4.340986e+18 	 4.936334e-06 	 4.350743e-07 	 -1000.0000 	 -1000.0000 	 -1000.0000 	 -1000.0000 
	 41.9160 	 1.506814e-02 	 174.0309 	  1.1512 	 6.276293e+20 	 4.311478e+18 	 4.922855e-06 	 4.392223e-07 	 -1000.0000 	 -1000.0000 	 -1000.0000 	 -1000.0000 
	 42.0800 	 1.479974e-02 	 173.8279 	  1.1561 	 6.171908e+20 	 4.268949e+18 	 4.896473e-06 	 4.410231e-07 	 -1000.0000 	 -1000.0000 	 -1000.0000 	 -1000.0000 
	 42.2440 	 1.453544e-02 	 173.6055 	  1.1559 	 6.069638e+20 	 4.210292e+18 	 4.856567e-06 	 4.392795e-07 	 -1000.0000 	 -1000.0000 	 -1000.0000 	 -1000.0000 
	 42.4090 	 1.427344e-02 	 173.3674 	  1.1493 	 5.968495e+20 	 4.130283e+18 	 4.801688e-06 	 4.331746e-07 	 -1000.0000 	 -1000.0000 	 -1000.0000 	 -1000.0000 
	 42.7360 	 1.376563e-02 	 172.8972 	  1.1218 	 5.771750e+20 	 3.922845e+18 	 4.659186e-06 	 4.116538e-07 	 -1000.0000 	 -1000.0000 	 -1000.0000 	 -1000.0000 
	 42.9000 	 1.351684e-02 	 172.6912 	  1.1059 	 5.674184e+20 	 3.810737e+18 	 4.580103e-06 	 3.998647e-07 	 -1000.0000 	 -1000.0000 	 -1000.0000 	 -1000.0000 
	 43.0640 	 1.327210e-02 	 172.5244 	  1.0920 	 5.576862e+20 	 3.704347e+18 	 4.502198e-06 	 3.899279e-07 	 -1000.0000 	 -1000.0000 	 -1000.0000 	 -1000.0000 
	 43.2290 	 1.303007e-02 	 172.4101 	  1.0825 	 5.478841e+20 	 3.611086e+18 	 4.429652e-06 	 3.836095e-07 	 -1000.0000 	 -1000.0000 	 -1000.0000 	 -1000.0000 
	 43.3930 	 1.279380e-02 	 172.3505 	  1.0776 	 5.381401e+20 	 3.532870e+18 	 4.366078e-06 	 3.810760e-07 	 -1000.0000 	 -1000.0000 	 -1000.0000 	 -1000.0000 
	 43.7100 	 1.234991e-02 	 172.3490 	  1.0742 	 5.194717e+20 	 3.403213e+18 	 4.271576e-06 	 3.817893e-07 	 -1000.0000 	 -1000.0000 	 -1000.0000 	 -1000.0000 
	 43.8740 	 1.212723e-02 	 172.3867 	  1.0718 	 5.099890e+20 	 3.336987e+18 	 4.239506e-06 	 3.824257e-07 	 -1000.0000 	 -1000.0000 	 -1000.0000 	 -1000.0000 
	 44.0390 	 1.190818e-02 	 172.4371 	  1.0666 	 5.006296e+20 	 3.264118e+18 	 4.220178e-06 	 3.814965e-07 	 -1000.0000 	 -1000.0000 	 -1000.0000 	 -1000.0000 
	 44.2030 	 1.169528e-02 	 172.4908 	  1.0586 	 4.915281e+20 	 3.185365e+18 	 4.212745e-06 	 3.788871e-07 	 -1000.0000 	 -1000.0000 	 -1000.0000 	 -1000.0000 
	 44.3600 	 1.149556e-02 	 172.5386 	  1.0499 	 4.830025e+20 	 3.108095e+18 	 4.213903e-06 	 3.756859e-07 	 -1000.0000 	 -1000.0000 	 -1000.0000 	 -1000.0000 
	 44.6870 	 1.109068e-02 	 172.5986 	  1.0352 	 4.658287e+20 	 2.958770e+18 	 4.230613e-06 	 3.706116e-07 	 -1000.0000 	 -1000.0000 	 -1000.0000 	 -1000.0000 
	 44.8510 	 1.089239e-02 	 172.5943 	  1.0328 	 4.575096e+20 	 2.898553e+18 	 4.240364e-06 	 3.707791e-07 	 -1000.0000 	 -1000.0000 	 -1000.0000 	 -1000.0000 
	 45.0150 	 1.069695e-02 	 172.5609 	  1.0348 	 4.493854e+20 	 2.850540e+18 	 4.248080e-06 	 3.732617e-07 	 -1000.0000 	 -1000.0000 	 -1000.0000 	 -1000.0000 
	 45.1800 	 1.050324e-02 	 172.4979 	  1.0399 	 4.414075e+20 	 2.811996e+18 	 4.252837e-06 	 3.775061e-07 	 -1000.0000 	 -1000.0000 	 -1000.0000 	 -1000.0000 
	 45.3430 	 1.031484e-02 	 172.4066 	  1.0470 	 4.337186e+20 	 2.780872e+18 	 4.253687e-06 	 3.828054e-07 	 -1000.0000 	 -1000.0000 	 -1000.0000 	 -1000.0000 
	 45.6710 	 9.944876e-03 	 172.1355 	  1.0627 	 4.188222e+20 	 2.728487e+18 	 4.240225e-06 	 3.943359e-07 	 -1000.0000 	 -1000.0000 	 -1000.0000 	 -1000.0000 
	 45.8350 	 9.764616e-03 	 171.9562 	  1.0690 	 4.116610e+20 	 2.702076e+18 	 4.224105e-06 	 3.993020e-07 	 -1000.0000 	 -1000.0000 	 -1000.0000 	 -1000.0000 
	 45.9830 	 9.604719e-03 	 171.7693 	  1.0725 	 4.053619e+20 	 2.675124e+18 	 4.203184e-06 	 4.026367e-07 	 -1000.0000 	 -1000.0000 	 -1000.0000 	 -1000.0000 
	 46.1470 	 9.430674e-03 	 171.5345 	  1.0730 	 3.985621e+20 	 2.639339e+18 	 4.172115e-06 	 4.044923e-07 	 -1000.0000 	 -1000.0000 	 -1000.0000 	 -1000.0000 
	 46.3100 	 9.261023e-03 	 171.2722 	  1.0688 	 3.919909e+20 	 2.595042e+18 	 4.132165e-06 	 4.038296e-07 	 -1000.0000 	 -1000.0000 	 -1000.0000 	 -1000.0000 
	 46.6370 	 8.930792e-03 	 170.6673 	  1.0438 	 3.793455e+20 	 2.473688e+18 	 4.022798e-06 	 3.934686e-07 	 -1000.0000 	 -1000.0000 	 -1000.0000 	 -1000.0000 
	 46.8030 	 8.767971e-03 	 170.3426 	  1.0261 	 3.731371e+20 	 2.402166e+18 	 3.954964e-06 	 3.849801e-07 	 -1000.0000 	 -1000.0000 	 -1000.0000 	 -1000.0000 
	 46.9670 	 8.609956e-03 	 170.0305 	  1.0090 	 3.670864e+20 	 2.332240e+18 	 3.882581e-06 	 3.760001e-07 	 -1000.0000 	 -1000.0000 	 -1000.0000 	 -1000.0000 
	 47.1300 	 8.455451e-03 	 169.7438 	  0.9949 	 3.611122e+20 	 2.268898e+18 	 3.807424e-06 	 3.676393e-07 	 -1000.0000 	 -1000.0000 	 -1000.0000 	 -1000.0000 
	 47.2930 	 8.303239e-03 	 169.4951 	  0.9865 	 3.551372e+20 	 2.216850e+18 	 3.731094e-06 	 3.609370e-07 	 -1000.0000 	 -1000.0000 	 -1000.0000 	 -1000.0000 
	 47.7770 	 7.864218e-03 	 168.9635 	  0.9898 	 3.374211e+20 	 2.119918e+18 	 3.513284e-06 	 3.504497e-07 	 -1000.0000 	 -1000.0000 	 -1000.0000 	 -1000.0000 
	 47.9400 	 7.720789e-03 	 168.8268 	  0.9949 	 3.315318e+20 	 2.095419e+18 	 3.447637e-06 	 3.484286e-07 	 -1000.0000 	 -1000.0000 	 -1000.0000 	 -1000.0000 
	 48.1030 	 7.579622e-03 	 168.6978 	  0.9992 	 3.257159e+20 	 2.069378e+18 	 3.388237e-06 	 3.463331e-07 	 -1000.0000 	 -1000.0000 	 -1000.0000 	 -1000.0000 
	 48.2670 	 7.439921e-03 	 168.5712 	  1.0022 	 3.199510e+20 	 2.040410e+18 	 3.335855e-06 	 3.439617e-07 	 -1000.0000 	 -1000.0000 	 -1000.0000 	 -1000.0000 
	 48.4270 	 7.305950e-03 	 168.4503 	  1.0041 	 3.144148e+20 	 2.010365e+18 	 3.292591e-06 	 3.415088e-07 	 -1000.0000 	 -1000.0000 	 -1000.0000 	 -1000.0000 
	 48.7530 	 7.040373e-03 	 168.2106 	  1.0066 	 3.034196e+20 	 1.947679e+18 	 3.231209e-06 	 3.366044e-07 	 -1000.0000 	 -1000.0000 	 -1000.0000 	 -1000.0000 
	 48.9160 	 6.911441e-03 	 168.0931 	  1.0082 	 2.980732e+20 	 1.917587e+18 	 3.215326e-06 	 3.344635e-07 	 -1000.0000 	 -1000.0000 	 -1000.0000 	 -1000.0000 
	 49.0790 	 6.785066e-03 	 167.9740 	  1.0104 	 2.928322e+20 	 1.889469e+18 	 3.208737e-06 	 3.327804e-07 	 -1000.0000 	 -1000.0000 	 -1000.0000 	 -1000.0000 
	 49.2370 	 6.664883e-03 	 167.8518 	  1.0138 	 2.878555e+20 	 1.864696e+18 	 3.209216e-06 	 3.318420e-07 	 -1000.0000 	 -1000.0000 	 -1000.0000 	 -1000.0000 
	 49.4000 	 6.543155e-03 	 167.7133 	  1.0190 	 2.828306e+20 	 1.842310e+18 	 3.214677e-06 	 3.318557e-07 	 -1000.0000 	 -1000.0000 	 -1000.0000 	 -1000.0000 
	 49.7260 	 6.306041e-03 	 167.3768 	  1.0363 	 2.731250e+20 	 1.809650e+18 	 3.232149e-06 	 3.359442e-07 	 -1000.0000 	 -1000.0000 	 -1000.0000 	 -1000.0000 
	 49.8890 	 6.190441e-03 	 167.1706 	  1.0488 	 2.684471e+20 	 1.799788e+18 	 3.240797e-06 	 3.401895e-07 	 -1000.0000 	 -1000.0000 	 -1000.0000 	 -1000.0000 
	 50.0470 	 6.080214e-03 	 166.9454 	  1.0628 	 2.640215e+20 	 1.793452e+18 	 3.248350e-06 	 3.452944e-07 	 -1000.0000 	 -1000.0000 	 -1000.0000 	 -1000.0000 
	 50.2100 	 5.968352e-03 	 166.6866 	  1.0786 	 2.595658e+20 	 1.789350e+18 	 3.254924e-06 	 3.511751e-07 	 -1000.0000 	 -1000.0000 	 -1000.0000 	 -1000.0000 
	 50.3730 	 5.858344e-03 	 166.4008 	  1.0950 	 2.552189e+20 	 1.786817e+18 	 3.259893e-06 	 3.572660e-07 	 -1000.0000 	 -1000.0000 	 -1000.0000 	 -1000.0000 
	 50.6990 	 5.643769e-03 	 165.7473 	  1.1275 	 2.468418e+20 	 1.782801e+18 	 3.263531e-06 	 3.684072e-07 	 -1000.0000 	 -1000.0000 	 -1000.0000 	 -1000.0000 
	 50.8610 	 5.539778e-03 	 165.3813 	  1.1421 	 2.428308e+20 	 1.779517e+18 	 3.261479e-06 	 3.726002e-07 	 -1000.0000 	 -1000.0000 	 -1000.0000 	 -1000.0000 
	 51.0230 	 5.437500e-03 	 164.9878 	  1.1550 	 2.389172e+20 	 1.774178e+18 	 3.256376e-06 	 3.753527e-07 	 -1000.0000 	 -1000.0000 	 -1000.0000 	 -1000.0000 
	 51.1860 	 5.336288e-03 	 164.5637 	  1.1656 	 2.350753e+20 	 1.765826e+18 	 3.247794e-06 	 3.762536e-07 	 -1000.0000 	 -1000.0000 	 -1000.0000 	 -1000.0000 
	 51.3480 	 5.237355e-03 	 164.1142 	  1.1730 	 2.313494e+20 	 1.753721e+18 	 3.235516e-06 	 3.749077e-07 	 -1000.0000 	 -1000.0000 	 -1000.0000 	 -1000.0000 
	 51.6710 	 5.044887e-03 	 163.1455 	  1.1816 	 2.241707e+20 	 1.721417e+18 	 3.203413e-06 	 3.670672e-07 	 -1000.0000 	 -1000.0000 	 -1000.0000 	 -1000.0000 
	 51.8330 	 4.950675e-03 	 162.6322 	  1.1854 	 2.206789e+20 	 1.704655e+18 	 3.186708e-06 	 3.622225e-07 	 -1000.0000 	 -1000.0000 	 -1000.0000 	 -1000.0000 
	 51.9960 	 4.857391e-03 	 162.1034 	  1.1908 	 2.172272e+20 	 1.689838e+18 	 3.171694e-06 	 3.578798e-07 	 -1000.0000 	 -1000.0000 	 -1000.0000 	 -1000.0000 
	 52.1580 	 4.766139e-03 	 161.5702 	  1.1991 	 2.138494e+20 	 1.678880e+18 	 3.160157e-06 	 3.549210e-07 	 -1000.0000 	 -1000.0000 	 -1000.0000 	 -1000.0000 
	 52.3200 	 4.676317e-03 	 161.0368 	  1.2103 	 2.105137e+20 	 1.671780e+18 	 3.152678e-06 	 3.535288e-07 	 -1000.0000 	 -1000.0000 	 -1000.0000 	 -1000.0000 
	 52.6430 	 4.501449e-03 	 160.0112 	  1.2376 	 2.039410e+20 	 1.663173e+18 	 3.149032e-06 	 3.538914e-07 	 -1000.0000 	 -1000.0000 	 -1000.0000 	 -1000.0000 
	 52.8060 	 4.415318e-03 	 159.5327 	  1.2517 	 2.006392e+20 	 1.658518e+18 	 3.152407e-06 	 3.548462e-07 	 -1000.0000 	 -1000.0000 	 -1000.0000 	 -1000.0000 
	 52.9680 	 4.331105e-03 	 159.0964 	  1.2645 	 1.973516e+20 	 1.651652e+18 	 3.158877e-06 	 3.557794e-07 	 -1000.0000 	 -1000.0000 	 -1000.0000 	 -1000.0000 
	 53.1300 	 4.248292e-03 	 158.7095 	  1.2759 	 1.940487e+20 	 1.641995e+18 	 3.167493e-06 	 3.566371e-07 	 -1000.0000 	 -1000.0000 	 -1000.0000 	 -1000.0000 
	 53.2950 	 4.165420e-03 	 158.3770 	  1.2867 	 1.906618e+20 	 1.629757e+18 	 3.176722e-06 	 3.577338e-07 	 -1000.0000 	 -1000.0000 	 -1000.0000 	 -1000.0000 
	 53.6190 	 4.007165e-03 	 157.9481 	  1.3083 	 1.839180e+20 	 1.600693e+18 	 3.189196e-06 	 3.617842e-07 	 -1000.0000 	 -1000.0000 	 -1000.0000 	 -1000.0000 
	 53.7800 	 3.930802e-03 	 157.8662 	  1.3205 	 1.805083e+20 	 1.584740e+18 	 3.189214e-06 	 3.653294e-07 	 -1000.0000 	 -1000.0000 	 -1000.0000 	 -1000.0000 
	 53.9420 	 3.855514e-03 	 157.8802 	  1.3339 	 1.770361e+20 	 1.567805e+18 	 3.183748e-06 	 3.699955e-07 	 -1000.0000 	 -1000.0000 	 -1000.0000 	 -1000.0000 
	 54.1050 	 3.781318e-03 	 157.9914 	  1.3477 	 1.735072e+20 	 1.549323e+18 	 3.172819e-06 	 3.754520e-07 	 -1000.0000 	 -1000.0000 	 -1000.0000 	 -1000.0000 
	 54.2670 	 3.709114e-03 	 158.1978 	  1.3607 	 1.699716e+20 	 1.528956e+18 	 3.156725e-06 	 3.812685e-07 	 -1000.0000 	 -1000.0000 	 -1000.0000 	 -1000.0000 
	 54.7520 	 3.501977e-03 	 159.3812 	  1.3862 	 1.592852e+20 	 1.450445e+18 	 3.078980e-06 	 3.974232e-07 	 -1000.0000 	 -1000.0000 	 -1000.0000 	 -1000.0000 
	 54.9150 	 3.435362e-03 	 159.9671 	  1.3873 	 1.556821e+20 	 1.416265e+18 	 3.043446e-06 	 4.012156e-07 	 -1000.0000 	 -1000.0000 	 -1000.0000 	 -1000.0000 
	 55.0770 	 3.370630e-03 	 160.6420 	  1.3830 	 1.521067e+20 	 1.377466e+18 	 3.003714e-06 	 4.035642e-07 	 -1000.0000 	 -1000.0000 	 -1000.0000 	 -1000.0000 
	 55.2390 	 3.307356e-03 	 161.4088 	  1.3726 	 1.485435e+20 	 1.333289e+18 	 2.959743e-06 	 4.041342e-07 	 -1000.0000 	 -1000.0000 	 -1000.0000 	 -1000.0000 
	 55.4000 	 3.245906e-03 	 162.2608 	  1.3552 	 1.450213e+20 	 1.283570e+18 	 2.912034e-06 	 4.026051e-07 	 -1000.0000 	 -1000.0000 	 -1000.0000 	 -1000.0000 
	 55.7190 	 3.128326e-03 	 164.1723 	  1.3052 	 1.381458e+20 	 1.173138e+18 	 2.809333e-06 	 3.944675e-07 	 -1000.0000 	 -1000.0000 	 -1000.0000 	 -1000.0000 
	 55.8800 	 3.071070e-03 	 165.2178 	  1.2767 	 1.347577e+20 	 1.116096e+18 	 2.756062e-06 	 3.890160e-07 	 -1000.0000 	 -1000.0000 	 -1000.0000 	 -1000.0000 
	 56.0410 	 3.015198e-03 	 166.2960 	  1.2493 	 1.314447e+20 	 1.061375e+18 	 2.703644e-06 	 3.835016e-07 	 -1000.0000 	 -1000.0000 	 -1000.0000 	 -1000.0000 
	 56.2030 	 2.960367e-03 	 167.3975 	  1.2252 	 1.282019e+20 	 1.011020e+18 	 2.653113e-06 	 3.785152e-07 	 -1000.0000 	 -1000.0000 	 -1000.0000 	 -1000.0000 
	 56.3640 	 2.907227e-03 	 168.4982 	  1.2051 	 1.250768e+20 	 9.662258e+17 	 2.605670e-06 	 3.744011e-07 	 -1000.0000 	 -1000.0000 	 -1000.0000 	 -1000.0000 
	 56.6900 	 2.803588e-03 	 170.7253 	  1.1680 	 1.190448e+20 	 8.861714e+17 	 2.517076e-06 	 3.683220e-07 	 -1000.0000 	 -1000.0000 	 -1000.0000 	 -1000.0000 
	 56.8510 	 2.754277e-03 	 171.8152 	  1.1476 	 1.162103e+20 	 8.491074e+17 	 2.476463e-06 	 3.662491e-07 	 -1000.0000 	 -1000.0000 	 -1000.0000 	 -1000.0000 
	 57.0130 	 2.705854e-03 	 172.8989 	  1.1231 	 1.134535e+20 	 8.116495e+17 	 2.437325e-06 	 3.646640e-07 	 -1000.0000 	 -1000.0000 	 -1000.0000 	 -1000.0000 
	 57.1740 	 2.658869e-03 	 173.9573 	  1.0952 	 1.108072e+20 	 7.741447e+17 	 2.399872e-06 	 3.635543e-07 	 -1000.0000 	 -1000.0000 	 -1000.0000 	 -1000.0000 
	 57.3390 	 2.611842e-03 	 175.0159 	  1.0657 	 1.081905e+20 	 7.366317e+17 	 2.362696e-06 	 3.629268e-07 	 -1000.0000 	 -1000.0000 	 -1000.0000 	 -1000.0000 
	 57.6610 	 2.523134e-03 	 176.9776 	  1.0170 	 1.033554e+20 	 6.710500e+17 	 2.292556e-06 	 3.633080e-07 	 -1000.0000 	 -1000.0000 	 -1000.0000 	 -1000.0000 
	 57.8230 	 2.479933e-03 	 177.8989 	  1.0025 	 1.010557e+20 	 6.442976e+17 	 2.257926e-06 	 3.643597e-07 	 -1000.0000 	 -1000.0000 	 -1000.0000 	 -1000.0000 
	 57.9840 	 2.437892e-03 	 178.7653 	  0.9963 	 9.885551e+19 	 6.225454e+17 	 2.223724e-06 	 3.659429e-07 	 -1000.0000 	 -1000.0000 	 -1000.0000 	 -1000.0000 
	 58.1420 	 2.397480e-03 	 179.5678 	  0.9971 	 9.677632e+19 	 6.053564e+17 	 2.190364e-06 	 3.679154e-07 	 -1000.0000 	 -1000.0000 	 -1000.0000 	 -1000.0000 
	 58.3030 	 2.357139e-03 	 180.3366 	  1.0036 	 9.473629e+19 	 5.915059e+17 	 2.156584e-06 	 3.702450e-07 	 -1000.0000 	 -1000.0000 	 -1000.0000 	 -1000.0000 
	 58.6250 	 2.278912e-03 	 181.7261 	  1.0294 	 9.088287e+19 	 5.725902e+17 	 2.089683e-06 	 3.754385e-07 	 -1000.0000 	 -1000.0000 	 -1000.0000 	 -1000.0000 
	 58.7860 	 2.240982e-03 	 182.3465 	  1.0460 	 8.906369e+19 	 5.663632e+17 	 2.056569e-06 	 3.780849e-07 	 -1000.0000 	 -1000.0000 	 -1000.0000 	 -1000.0000 
	 58.9520 	 2.202669e-03 	 182.9343 	  1.0641 	 8.725902e+19 	 5.613808e+17 	 2.022667e-06 	 3.806949e-07 	 -1000.0000 	 -1000.0000 	 -1000.0000 	 -1000.0000 
	 59.1130 	 2.166261e-03 	 183.4538 	  1.0812 	 8.557460e+19 	 5.573472e+17 	 1.990022e-06 	 3.829998e-07 	 -1000.0000 	 -1000.0000 	 -1000.0000 	 -1000.0000 
	 59.2740 	 2.130568e-03 	 183.9236 	  1.0967 	 8.395214e+19 	 5.535131e+17 	 1.957614e-06 	 3.849717e-07 	 -1000.0000 	 -1000.0000 	 -1000.0000 	 -1000.0000 
	 60.5560 	 1.869334e-03 	 185.8959 	  1.0266 	 7.289975e+19 	 4.663438e+17 	 1.709174e-06 	 3.770116e-07 	 -1000.0000 	 -1000.0000 	 -1000.0000 	 -1000.0000 
	 60.7170 	 1.839105e-03 	 185.9471 	  0.9936 	 7.170060e+19 	 4.472649e+17 	 1.680369e-06 	 3.731000e-07 	 -1000.0000 	 -1000.0000 	 -1000.0000 	 -1000.0000 
	 60.8770 	 1.809573e-03 	 185.9720 	  0.9635 	 7.053949e+19 	 4.295859e+17 	 1.653027e-06 	 3.693096e-07 	 -1000.0000 	 -1000.0000 	 -1000.0000 	 -1000.0000 
	 61.0380 	 1.780351e-03 	 185.9774 	  0.9393 	 6.939842e+19 	 4.144407e+17 	 1.627095e-06 	 3.659108e-07 	 -1000.0000 	 -1000.0000 	 -1000.0000 	 -1000.0000 
	 61.1980 	 1.751782e-03 	 185.9641 	  0.9229 	 6.828996e+19 	 4.025235e+17 	 1.603001e-06 	 3.630907e-07 	 -1000.0000 	 -1000.0000 	 -1000.0000 	 -1000.0000 
	 61.3660 	 1.722267e-03 	 185.9244 	  0.9128 	 6.715397e+19 	 3.928918e+17 	 1.579399e-06 	 3.606760e-07 	 -1000.0000 	 -1000.0000 	 -1000.0000 	 -1000.0000 
	 61.6870 	 1.667152e-03 	 185.7511 	  0.9098 	 6.506518e+19 	 3.806713e+17 	 1.538691e-06 	 3.573801e-07 	 -1000.0000 	 -1000.0000 	 -1000.0000 	 -1000.0000 
	 61.8480 	 1.640097e-03 	 185.6044 	  0.9143 	 6.405909e+19 	 3.766011e+17 	 1.520225e-06 	 3.562608e-07 	 -1000.0000 	 -1000.0000 	 -1000.0000 	 -1000.0000 
	 62.0080 	 1.613581e-03 	 185.4157 	  0.9215 	 6.308660e+19 	 3.733971e+17 	 1.503018e-06 	 3.554291e-07 	 -1000.0000 	 -1000.0000 	 -1000.0000 	 -1000.0000 
	 62.1700 	 1.587114e-03 	 185.1840 	  0.9308 	 6.212854e+19 	 3.707754e+17 	 1.486636e-06 	 3.548216e-07 	 -1000.0000 	 -1000.0000 	 -1000.0000 	 -1000.0000 
	 62.3300 	 1.561352e-03 	 184.9182 	  0.9409 	 6.120730e+19 	 3.685783e+17 	 1.471366e-06 	 3.544041e-07 	 -1000.0000 	 -1000.0000 	 -1000.0000 	 -1000.0000 
	 62.6500 	 1.510964e-03 	 184.2882 	  0.9610 	 5.943440e+19 	 3.644716e+17 	 1.443068e-06 	 3.539175e-07 	 -1000.0000 	 -1000.0000 	 -1000.0000 	 -1000.0000 
	 62.8100 	 1.486345e-03 	 183.9303 	  0.9692 	 5.858029e+19 	 3.621220e+17 	 1.429804e-06 	 3.537508e-07 	 -1000.0000 	 -1000.0000 	 -1000.0000 	 -1000.0000 
	 62.9800 	 1.460611e-03 	 183.5232 	  0.9754 	 5.769459e+19 	 3.590828e+17 	 1.416184e-06 	 3.535572e-07 	 -1000.0000 	 -1000.0000 	 -1000.0000 	 -1000.0000 
	 63.1400 	 1.436793e-03 	 183.1179 	  0.9778 	 5.688019e+19 	 3.554801e+17 	 1.403686e-06 	 3.533083e-07 	 -1000.0000 	 -1000.0000 	 -1000.0000 	 -1000.0000 
	 63.3000 	 1.413367e-03 	 182.6944 	  0.9762 	 5.608317e+19 	 3.509332e+17 	 1.391380e-06 	 3.529448e-07 	 -1000.0000 	 -1000.0000 	 -1000.0000 	 -1000.0000 
	 63.6200 	 1.367688e-03 	 181.8105 	  0.9590 	 5.453447e+19 	 3.384954e+17 	 1.366915e-06 	 3.517218e-07 	 -1000.0000 	 -1000.0000 	 -1000.0000 	 -1000.0000 
	 63.7840 	 1.344846e-03 	 181.3611 	  0.9455 	 5.375630e+19 	 3.309925e+17 	 1.354329e-06 	 3.508604e-07 	 -1000.0000 	 -1000.0000 	 -1000.0000 	 -1000.0000 
	 63.9430 	 1.323032e-03 	 180.9462 	  0.9321 	 5.300555e+19 	 3.236255e+17 	 1.342045e-06 	 3.499165e-07 	 -1000.0000 	 -1000.0000 	 -1000.0000 	 -1000.0000 
	 64.1030 	 1.301386e-03 	 180.5633 	  0.9204 	 5.224900e+19 	 3.165999e+17 	 1.329565e-06 	 3.488912e-07 	 -1000.0000 	 -1000.0000 	 -1000.0000 	 -1000.0000 
	 64.2620 	 1.280152e-03 	 180.2305 	  0.9125 	 5.149153e+19 	 3.104606e+17 	 1.317012e-06 	 3.478302e-07 	 -1000.0000 	 -1000.0000 	 -1000.0000 	 -1000.0000 
	 64.7430 	 1.217563e-03 	 179.5219 	  0.9074 	 4.916706e+19 	 2.962130e+17 	 1.279457e-06 	 3.449789e-07 	 -1000.0000 	 -1000.0000 	 -1000.0000 	 -1000.0000 
	 64.9030 	 1.197315e-03 	 179.3694 	  0.9072 	 4.839048e+19 	 2.918216e+17 	 1.267805e-06 	 3.443970e-07 	 -1000.0000 	 -1000.0000 	 -1000.0000 	 -1000.0000 
	 65.0620 	 1.177487e-03 	 179.2506 	  0.9053 	 4.762096e+19 	 2.870883e+17 	 1.256983e-06 	 3.441212e-07 	 -1000.0000 	 -1000.0000 	 -1000.0000 	 -1000.0000 
	 65.2220 	 1.157835e-03 	 179.1551 	  0.9016 	 4.685162e+19 	 2.819147e+17 	 1.246875e-06 	 3.441642e-07 	 -1000.0000 	 -1000.0000 	 -1000.0000 	 -1000.0000 
	 65.3940 	 1.137042e-03 	 179.0638 	  0.8971 	 4.603405e+19 	 2.762494e+17 	 1.236643e-06 	 3.445093e-07 	 -1000.0000 	 -1000.0000 	 -1000.0000 	 -1000.0000 
	 65.7130 	 1.099386e-03 	 178.8675 	  0.8934 	 4.455789e+19 	 2.668380e+17 	 1.218476e-06 	 3.457336e-07 	 -1000.0000 	 -1000.0000 	 -1000.0000 	 -1000.0000 
	 65.8720 	 1.081056e-03 	 178.7288 	  0.8968 	 4.384838e+19 	 2.633348e+17 	 1.209367e-06 	 3.465139e-07 	 -1000.0000 	 -1000.0000 	 -1000.0000 	 -1000.0000 
	 66.0320 	 1.062901e-03 	 178.5505 	  0.9042 	 4.315457e+19 	 2.607591e+17 	 1.199968e-06 	 3.473497e-07 	 -1000.0000 	 -1000.0000 	 -1000.0000 	 -1000.0000 
	 66.1880 	 1.045479e-03 	 178.3390 	  0.9143 	 4.249720e+19 	 2.589594e+17 	 1.190552e-06 	 3.481806e-07 	 -1000.0000 	 -1000.0000 	 -1000.0000 	 -1000.0000 
	 66.3470 	 1.028002e-03 	 178.0851 	  0.9263 	 4.184614e+19 	 2.576292e+17 	 1.180671e-06 	 3.490105e-07 	 -1000.0000 	 -1000.0000 	 -1000.0000 	 -1000.0000 
	 66.6650 	 9.938855e-04 	 177.4613 	  0.9513 	 4.059966e+19 	 2.556113e+17 	 1.159946e-06 	 3.504856e-07 	 -1000.0000 	 -1000.0000 	 -1000.0000 	 -1000.0000 
	 66.8240 	 9.772399e-04 	 177.0914 	  0.9619 	 4.000332e+19 	 2.544796e+17 	 1.149048e-06 	 3.510635e-07 	 -1000.0000 	 -1000.0000 	 -1000.0000 	 -1000.0000 
	 66.9980 	 9.593348e-04 	 176.6422 	  0.9702 	 3.937059e+19 	 2.528000e+17 	 1.136672e-06 	 3.515216e-07 	 -1000.0000 	 -1000.0000 	 -1000.0000 	 -1000.0000 
	 67.1570 	 9.432542e-04 	 176.1911 	  0.9737 	 3.881005e+19 	 2.506223e+17 	 1.124922e-06 	 3.517445e-07 	 -1000.0000 	 -1000.0000 	 -1000.0000 	 -1000.0000 
	 67.3160 	 9.274387e-04 	 175.7014 	  0.9721 	 3.826591e+19 	 2.476017e+17 	 1.112724e-06 	 3.517460e-07 	 -1000.0000 	 -1000.0000 	 -1000.0000 	 -1000.0000 
	 67.6340 	 8.965825e-04 	 174.6138 	  0.9505 	 3.722308e+19 	 2.384796e+17 	 1.086929e-06 	 3.509928e-07 	 -1000.0000 	 -1000.0000 	 -1000.0000 	 -1000.0000 
	 67.7980 	 8.810396e-04 	 174.0202 	  0.9330 	 3.670249e+19 	 2.326728e+17 	 1.072989e-06 	 3.502629e-07 	 -1000.0000 	 -1000.0000 	 -1000.0000 	 -1000.0000 
	 67.9570 	 8.661830e-04 	 173.4444 	  0.9150 	 3.620346e+19 	 2.268823e+17 	 1.059154e-06 	 3.493963e-07 	 -1000.0000 	 -1000.0000 	 -1000.0000 	 -1000.0000 
	 68.1160 	 8.515146e-04 	 172.8838 	  0.8984 	 3.570593e+19 	 2.213488e+17 	 1.045074e-06 	 3.484204e-07 	 -1000.0000 	 -1000.0000 	 -1000.0000 	 -1000.0000 
	 68.2750 	 8.370145e-04 	 172.3536 	  0.8856 	 3.520592e+19 	 2.164719e+17 	 1.030819e-06 	 3.473814e-07 	 -1000.0000 	 -1000.0000 	 -1000.0000 	 -1000.0000 
	 68.7570 	 7.941618e-04 	 170.9943 	  0.8681 	 3.366873e+19 	 2.053881e+17 	 9.872854e-07 	 3.441191e-07 	 -1000.0000 	 -1000.0000 	 -1000.0000 	 -1000.0000 
	 68.9160 	 7.804581e-04 	 170.6337 	  0.8649 	 3.315778e+19 	 2.021696e+17 	 9.730726e-07 	 3.430650e-07 	 -1000.0000 	 -1000.0000 	 -1000.0000 	 -1000.0000 
	 69.0750 	 7.670027e-04 	 170.3193 	  0.8607 	 3.264657e+19 	 1.987781e+17 	 9.590585e-07 	 3.420508e-07 	 -1000.0000 	 -1000.0000 	 -1000.0000 	 -1000.0000 
	 69.2340 	 7.537972e-04 	 170.0467 	  0.8553 	 3.213628e+19 	 1.951721e+17 	 9.453148e-07 	 3.410992e-07 	 -1000.0000 	 -1000.0000 	 -1000.0000 	 -1000.0000 
	 69.4010 	 7.401749e-04 	 169.7934 	  0.8497 	 3.160280e+19 	 1.913501e+17 	 9.312450e-07 	 3.401978e-07 	 -1000.0000 	 -1000.0000 	 -1000.0000 	 -1000.0000 
	 69.7190 	 7.148508e-04 	 169.3571 	  0.8440 	 3.059981e+19 	 1.847631e+17 	 9.057668e-07 	 3.388773e-07 	 -1000.0000 	 -1000.0000 	 -1000.0000 	 -1000.0000 
	 69.8770 	 7.025271e-04 	 169.1399 	  0.8460 	 3.011051e+19 	 1.822063e+17 	 8.938822e-07 	 3.384708e-07 	 -1000.0000 	 -1000.0000 	 -1000.0000 	 -1000.0000 
	 70.0360 	 6.902836e-04 	 168.9113 	  0.8518 	 2.962547e+19 	 1.802093e+17 	 8.824783e-07 	 3.382431e-07 	 -1000.0000 	 -1000.0000 	 -1000.0000 	 -1000.0000 
	 70.2010 	 6.777520e-04 	 168.6633 	  0.8607 	 2.913016e+19 	 1.786026e+17 	 8.711890e-07 	 3.381768e-07 	 -1000.0000 	 -1000.0000 	 -1000.0000 	 -1000.0000 
	 70.3600 	 6.658499e-04 	 168.4140 	  0.8710 	 2.866081e+19 	 1.773536e+17 	 8.607894e-07 	 3.382539e-07 	 -1000.0000 	 -1000.0000 	 -1000.0000 	 -1000.0000 
	 70.6770 	 6.426550e-04 	 167.8877 	  0.8923 	 2.774909e+19 	 1.751590e+17 	 8.412796e-07 	 3.387313e-07 	 -1000.0000 	 -1000.0000 	 -1000.0000 	 -1000.0000 
	 70.8360 	 6.313013e-04 	 167.6092 	  0.9012 	 2.730424e+19 	 1.739178e+17 	 8.320188e-07 	 3.390889e-07 	 -1000.0000 	 -1000.0000 	 -1000.0000 	 -1000.0000 
	 71.7750 	 5.683665e-04 	 165.7753 	  0.8734 	 2.485511e+19 	 1.571126e+17 	 7.818749e-07 	 3.415442e-07 	 -1000.0000 	 -1000.0000 	 -1000.0000 	 -1000.0000 
	 71.9330 	 5.584142e-04 	 165.4335 	  0.8586 	 2.447031e+19 	 1.530769e+17 	 7.739415e-07 	 3.419235e-07 	 -1000.0000 	 -1000.0000 	 -1000.0000 	 -1000.0000 
	 72.0910 	 5.485915e-04 	 165.0807 	  0.8464 	 2.409111e+19 	 1.493870e+17 	 7.661276e-07 	 3.423042e-07 	 -1000.0000 	 -1000.0000 	 -1000.0000 	 -1000.0000 
	 72.2500 	 5.388139e-04 	 164.7143 	  0.8391 	 2.371416e+19 	 1.463380e+17 	 7.583800e-07 	 3.426966e-07 	 -1000.0000 	 -1000.0000 	 -1000.0000 	 -1000.0000 
	 72.4080 	 5.292008e-04 	 164.3423 	  0.8373 	 2.334358e+19 	 1.440300e+17 	 7.507869e-07 	 3.430978e-07 	 -1000.0000 	 -1000.0000 	 -1000.0000 	 -1000.0000 
	 72.7330 	 5.098374e-04 	 163.5893 	  0.8428 	 2.259293e+19 	 1.405441e+17 	 7.354406e-07 	 3.439370e-07 	 -1000.0000 	 -1000.0000 	 -1000.0000 	 -1000.0000 
	 72.8910 	 5.006675e-04 	 163.2472 	  0.8458 	 2.223327e+19 	 1.389513e+17 	 7.280832e-07 	 3.443412e-07 	 -1000.0000 	 -1000.0000 	 -1000.0000 	 -1000.0000 
	 73.0500 	 4.916293e-04 	 162.9304 	  0.8464 	 2.187457e+19 	 1.370835e+17 	 7.207283e-07 	 3.447384e-07 	 -1000.0000 	 -1000.0000 	 -1000.0000 	 -1000.0000 
	 73.2080 	 4.828404e-04 	 162.6454 	  0.8443 	 2.152130e+19 	 1.349078e+17 	 7.134648e-07 	 3.451228e-07 	 -1000.0000 	 -1000.0000 	 -1000.0000 	 -1000.0000 
	 73.3750 	 4.737416e-04 	 162.3706 	  0.8408 	 2.115150e+19 	 1.324401e+17 	 7.058452e-07 	 3.455218e-07 	 -1000.0000 	 -1000.0000 	 -1000.0000 	 -1000.0000 
	 73.6910 	 4.569901e-04 	 161.9024 	  0.8374 	 2.046244e+19 	 1.280119e+17 	 6.916250e-07 	 3.462735e-07 	 -1000.0000 	 -1000.0000 	 -1000.0000 	 -1000.0000 
	 73.8500 	 4.487566e-04 	 161.6812 	  0.8404 	 2.012131e+19 	 1.262540e+17 	 6.845854e-07 	 3.466582e-07 	 -1000.0000 	 -1000.0000 	 -1000.0000 	 -1000.0000 
	 74.0080 	 4.406892e-04 	 161.4644 	  0.8476 	 1.978633e+19 	 1.249263e+17 	 6.776777e-07 	 3.470489e-07 	 -1000.0000 	 -1000.0000 	 -1000.0000 	 -1000.0000 
	 74.1790 	 4.320865e-04 	 161.2290 	  0.8587 	 1.942871e+19 	 1.238432e+17 	 6.703085e-07 	 3.474823e-07 	 -1000.0000 	 -1000.0000 	 -1000.0000 	 -1000.0000 
	 74.3370 	 4.242571e-04 	 161.0069 	  0.8707 	 1.910324e+19 	 1.230511e+17 	 6.636061e-07 	 3.478938e-07 	 -1000.0000 	 -1000.0000 	 -1000.0000 	 -1000.0000 
	 74.6520 	 4.089924e-04 	 160.5365 	  0.8947 	 1.847010e+19 	 1.216217e+17 	 6.505788e-07 	 3.487495e-07 	 -1000.0000 	 -1000.0000 	 -1000.0000 	 -1000.0000 
	 74.8100 	 4.015099e-04 	 160.2796 	  0.9044 	 1.816119e+19 	 1.207597e+17 	 6.442271e-07 	 3.491985e-07 	 -1000.0000 	 -1000.0000 	 -1000.0000 	 -1000.0000 
	 74.9690 	 3.940982e-04 	 160.0021 	  0.9108 	 1.785667e+19 	 1.196456e+17 	 6.379681e-07 	 3.496650e-07 	 -1000.0000 	 -1000.0000 	 -1000.0000 	 -1000.0000 
	 75.1270 	 3.868513e-04 	 159.7039 	  0.9126 	 1.756077e+19 	 1.181824e+17 	 6.318880e-07 	 3.501442e-07 	 -1000.0000 	 -1000.0000 	 -1000.0000 	 -1000.0000 
	 75.2840 	 3.797675e-04 	 159.3820 	  0.9089 	 1.727372e+19 	 1.162672e+17 	 6.259913e-07 	 3.506367e-07 	 -1000.0000 	 -1000.0000 	 -1000.0000 	 -1000.0000 
	 75.7730 	 3.584542e-04 	 158.2068 	  0.8586 	 1.642495e+19 	 1.071204e+17 	 6.087547e-07 	 3.523984e-07 	 -1000.0000 	 -1000.0000 	 -1000.0000 	 -1000.0000 
	 75.9300 	 3.518489e-04 	 157.7948 	  0.8377 	 1.616449e+19 	 1.038262e+17 	 6.037458e-07 	 3.531640e-07 	 -1000.0000 	 -1000.0000 	 -1000.0000 	 -1000.0000 
	 76.0870 	 3.453567e-04 	 157.3793 	  0.8195 	 1.590826e+19 	 1.007908e+17 	 5.990859e-07 	 3.541015e-07 	 -1000.0000 	 -1000.0000 	 -1000.0000 	 -1000.0000 
	 76.2440 	 3.389764e-04 	 156.9683 	  0.8067 	 1.565534e+19 	 9.826230e+16 	 5.948278e-07 	 3.552535e-07 	 -1000.0000 	 -1000.0000 	 -1000.0000 	 -1000.0000 
	 76.4010 	 3.327072e-04 	 156.5686 	  0.8000 	 1.540504e+19 	 9.629653e+16 	 5.909738e-07 	 3.566286e-07 	 -1000.0000 	 -1000.0000 	 -1000.0000 	 -1000.0000 
	 76.7200 	 3.203095e-04 	 155.8137 	  0.7984 	 1.490282e+19 	 9.340109e+16 	 5.841651e-07 	 3.599925e-07 	 -1000.0000 	 -1000.0000 	 -1000.0000 	 -1000.0000 
	 76.8770 	 3.143747e-04 	 155.4815 	  0.8000 	 1.465796e+19 	 9.218887e+16 	 5.812037e-07 	 3.618678e-07 	 -1000.0000 	 -1000.0000 	 -1000.0000 	 -1000.0000 
	 77.0340 	 3.085495e-04 	 155.1824 	  0.8007 	 1.441409e+19 	 9.090336e+16 	 5.784251e-07 	 3.638483e-07 	 -1000.0000 	 -1000.0000 	 -1000.0000 	 -1000.0000 
	 77.1910 	 3.028316e-04 	 154.9180 	  0.8000 	 1.417110e+19 	 8.948501e+16 	 5.757967e-07 	 3.659176e-07 	 -1000.0000 	 -1000.0000 	 -1000.0000 	 -1000.0000 
	 77.3630 	 2.966856e-04 	 154.6645 	  0.7987 	 1.390619e+19 	 8.785725e+16 	 5.730850e-07 	 3.682859e-07 	 -1000.0000 	 -1000.0000 	 -1000.0000 	 -1000.0000 
	 77.6770 	 2.857651e-04 	 154.2849 	  0.7989 	 1.342720e+19 	 8.500024e+16 	 5.685783e-07 	 3.728861e-07 	 -1000.0000 	 -1000.0000 	 -1000.0000 	 -1000.0000 
	 77.8340 	 2.804408e-04 	 154.1285 	  0.8023 	 1.319049e+19 	 8.377828e+16 	 5.665356e-07 	 3.753217e-07 	 -1000.0000 	 -1000.0000 	 -1000.0000 	 -1000.0000 
	 77.9910 	 2.752031e-04 	 153.9899 	  0.8085 	 1.295598e+19 	 8.274347e+16 	 5.646277e-07 	 3.778455e-07 	 -1000.0000 	 -1000.0000 	 -1000.0000 	 -1000.0000 
	 78.1670 	 2.694342e-04 	 153.8521 	  0.8179 	 1.269603e+19 	 8.175416e+16 	 5.626378e-07 	 3.807718e-07 	 -1000.0000 	 -1000.0000 	 -1000.0000 	 -1000.0000 
	 78.3230 	 2.644117e-04 	 153.7423 	  0.8275 	 1.246848e+19 	 8.097740e+16 	 5.609954e-07 	 3.834440e-07 	 -1000.0000 	 -1000.0000 	 -1000.0000 	 -1000.0000 
	 78.6370 	 2.545615e-04 	 153.5444 	  0.8475 	 1.201968e+19 	 7.950811e+16 	 5.579969e-07 	 3.890188e-07 	 -1000.0000 	 -1000.0000 	 -1000.0000 	 -1000.0000 
	 78.7930 	 2.497966e-04 	 153.4517 	  0.8562 	 1.180177e+19 	 7.873294e+16 	 5.566414e-07 	 3.918726e-07 	 -1000.0000 	 -1000.0000 	 -1000.0000 	 -1000.0000 
	 78.9570 	 2.448796e-04 	 153.3541 	  0.8635 	 1.157669e+19 	 7.781897e+16 	 5.552990e-07 	 3.949236e-07 	 -1000.0000 	 -1000.0000 	 -1000.0000 	 -1000.0000 
	 79.1130 	 2.402904e-04 	 153.2581 	  0.8678 	 1.136663e+19 	 7.680774e+16 	 5.540910e-07 	 3.978672e-07 	 -1000.0000 	 -1000.0000 	 -1000.0000 	 -1000.0000 
	 79.2700 	 2.357583e-04 	 153.1554 	  0.8687 	 1.115948e+19 	 7.560342e+16 	 5.529337e-07 	 4.008637e-07 	 -1000.0000 	 -1000.0000 	 -1000.0000 	 -1000.0000 
	 79.7570 	 2.222419e-04 	 152.7892 	  0.8478 	 1.054446e+19 	 7.052820e+16 	 5.497115e-07 	 4.103885e-07 	 -1000.0000 	 -1000.0000 	 -1000.0000 	 -1000.0000 
	 79.9130 	 2.180732e-04 	 152.6717 	  0.8371 	 1.035469e+19 	 6.870016e+16 	 5.488690e-07 	 4.135828e-07 	 -1000.0000 	 -1000.0000 	 -1000.0000 	 -1000.0000 
	 80.0700 	 2.139494e-04 	 152.5634 	  0.8270 	 1.016621e+19 	 6.691300e+16 	 5.481605e-07 	 4.169116e-07 	 -1000.0000 	 -1000.0000 	 -1000.0000 	 -1000.0000 
	 80.2270 	 2.098931e-04 	 152.4708 	  0.8188 	 9.979652e+18 	 6.526689e+16 	 5.476188e-07 	 4.203803e-07 	 -1000.0000 	 -1000.0000 	 -1000.0000 	 -1000.0000 
	 80.3830 	 2.059284e-04 	 152.3949 	  0.8133 	 9.796099e+18 	 6.381430e+16 	 5.472567e-07 	 4.239780e-07 	 -1000.0000 	 -1000.0000 	 -1000.0000 	 -1000.0000 
	 80.7030 	 1.980091e-04 	 152.2669 	  0.8110 	 9.427269e+18 	 6.137725e+16 	 5.470355e-07 	 4.318205e-07 	 -1000.0000 	 -1000.0000 	 -1000.0000 	 -1000.0000 
	 80.8600 	 1.942333e-04 	 152.2062 	  0.8142 	 9.251133e+18 	 6.043044e+16 	 5.471683e-07 	 4.358904e-07 	 -1000.0000 	 -1000.0000 	 -1000.0000 	 -1000.0000 
	 81.0170 	 1.905325e-04 	 152.1394 	  0.8202 	 9.078848e+18 	 5.963534e+16 	 5.474499e-07 	 4.401028e-07 	 -1000.0000 	 -1000.0000 	 -1000.0000 	 -1000.0000 
	 81.1730 	 1.869296e-04 	 152.0625 	  0.8288 	 8.911741e+18 	 5.897621e+16 	 5.478691e-07 	 4.444253e-07 	 -1000.0000 	 -1000.0000 	 -1000.0000 	 -1000.0000 
	 81.3400 	 1.831521e-04 	 151.9653 	  0.8398 	 8.737341e+18 	 5.837910e+16 	 5.484622e-07 	 4.491965e-07 	 -1000.0000 	 -1000.0000 	 -1000.0000 	 -1000.0000 
	 81.6530 	 1.762822e-04 	 151.7295 	  0.8627 	 8.422848e+18 	 5.742591e+16 	 5.499393e-07 	 4.585124e-07 	 -1000.0000 	 -1000.0000 	 -1000.0000 	 -1000.0000 
	 81.8090 	 1.729553e-04 	 151.5801 	  0.8736 	 8.272066e+18 	 5.696526e+16 	 5.508358e-07 	 4.633239e-07 	 -1000.0000 	 -1000.0000 	 -1000.0000 	 -1000.0000 
	 81.9650 	 1.696894e-04 	 151.4057 	  0.8831 	 8.125208e+18 	 5.647080e+16 	 5.518273e-07 	 4.682389e-07 	 -1000.0000 	 -1000.0000 	 -1000.0000 	 -1000.0000 
	 82.9040 	 1.511851e-04 	 149.6909 	  0.8747 	 7.321631e+18 	 5.123498e+16 	 5.593712e-07 	 4.996967e-07 	 -1000.0000 	 -1000.0000 	 -1000.0000 	 -1000.0000 
	 83.0600 	 1.482929e-04 	 149.3047 	  0.8651 	 7.200176e+18 	 5.009515e+16 	 5.608823e-07 	 5.052547e-07 	 -1000.0000 	 -1000.0000 	 -1000.0000 	 -1000.0000 
	 83.2160 	 1.454551e-04 	 148.9047 	  0.8574 	 7.081426e+18 	 4.905215e+16 	 5.624928e-07 	 5.109417e-07 	 -1000.0000 	 -1000.0000 	 -1000.0000 	 -1000.0000 
	 83.3710 	 1.426906e-04 	 148.5005 	  0.8535 	 6.965809e+18 	 4.818874e+16 	 5.642040e-07 	 5.167357e-07 	 -1000.0000 	 -1000.0000 	 -1000.0000 	 -1000.0000 
	 83.5270 	 1.399621e-04 	 148.0915 	  0.8541 	 6.851507e+18 	 4.751835e+16 	 5.660567e-07 	 5.227335e-07 	 -1000.0000 	 -1000.0000 	 -1000.0000 	 -1000.0000 
	 83.6940 	 1.370945e-04 	 147.6540 	  0.8589 	 6.731029e+18 	 4.697630e+16 	 5.682148e-07 	 5.293726e-07 	 -1000.0000 	 -1000.0000 	 -1000.0000 	 -1000.0000 
	 83.8500 	 1.344595e-04 	 147.2476 	  0.8662 	 6.619868e+18 	 4.658772e+16 	 5.704227e-07 	 5.358099e-07 	 -1000.0000 	 -1000.0000 	 -1000.0000 	 -1000.0000 
	 84.0060 	 1.318607e-04 	 146.8458 	  0.8755 	 6.509674e+18 	 4.626818e+16 	 5.728433e-07 	 5.425052e-07 	 -1000.0000 	 -1000.0000 	 -1000.0000 	 -1000.0000 
	 84.1610 	 1.293089e-04 	 146.4530 	  0.8859 	 6.400793e+18 	 4.597597e+16 	 5.754855e-07 	 5.494427e-07 	 -1000.0000 	 -1000.0000 	 -1000.0000 	 -1000.0000 
	 84.3170 	 1.267704e-04 	 146.0663 	  0.8964 	 6.291723e+18 	 4.566792e+16 	 5.784077e-07 	 5.567414e-07 	 -1000.0000 	 -1000.0000 	 -1000.0000 	 -1000.0000 
	 84.6500 	 1.214823e-04 	 145.2797 	  0.9137 	 6.061898e+18 	 4.480815e+16 	 5.856221e-07 	 5.735188e-07 	 -1000.0000 	 -1000.0000 	 -1000.0000 	 -1000.0000 
	 84.8060 	 1.190813e-04 	 144.9340 	  0.9169 	 5.956280e+18 	 4.423844e+16 	 5.895033e-07 	 5.820030e-07 	 -1000.0000 	 -1000.0000 	 -1000.0000 	 -1000.0000 
	 84.9610 	 1.167534e-04 	 144.6078 	  0.9154 	 5.853027e+18 	 4.352285e+16 	 5.937031e-07 	 5.908664e-07 	 -1000.0000 	 -1000.0000 	 -1000.0000 	 -1000.0000 
	 85.1170 	 1.144688e-04 	 144.2982 	  0.9095 	 5.750816e+18 	 4.266414e+16 	 5.982626e-07 	 6.002184e-07 	 -1000.0000 	 -1000.0000 	 -1000.0000 	 -1000.0000 
	 85.2780 	 1.121653e-04 	 143.9987 	  0.9009 	 5.646802e+18 	 4.169673e+16 	 6.032663e-07 	 6.102793e-07 	 -1000.0000 	 -1000.0000 	 -1000.0000 	 -1000.0000 
	 85.7440 	 1.057360e-04 	 143.2493 	  0.8824 	 5.350958e+18 	 3.906984e+16 	 6.189434e-07 	 6.413002e-07 	 -1000.0000 	 -1000.0000 	 -1000.0000 	 -1000.0000 
	 85.8990 	 1.036557e-04 	 143.0392 	  0.8839 	 5.253402e+18 	 3.842696e+16 	 6.244031e-07 	 6.521178e-07 	 -1000.0000 	 -1000.0000 	 -1000.0000 	 -1000.0000 
	 86.0780 	 1.012878e-04 	 142.8197 	  0.8903 	 5.141308e+18 	 3.782498e+16 	 6.308294e-07 	 6.648996e-07 	 -1000.0000 	 -1000.0000 	 -1000.0000 	 -1000.0000 
	 86.2330 	 9.926948e-05 	 142.6486 	  0.8986 	 5.044921e+18 	 3.739251e+16 	 6.365001e-07 	 6.762234e-07 	 -1000.0000 	 -1000.0000 	 -1000.0000 	 -1000.0000 
	 86.3890 	 9.727015e-05 	 142.4931 	  0.9085 	 4.948721e+18 	 3.700964e+16 	 6.423075e-07 	 6.878648e-07 	 -1000.0000 	 -1000.0000 	 -1000.0000 	 -1000.0000 
	 86.6990 	 9.340030e-05 	 142.2299 	  0.9285 	 4.760623e+18 	 3.628852e+16 	 6.541497e-07 	 7.117451e-07 	 -1000.0000 	 -1000.0000 	 -1000.0000 	 -1000.0000 
	 86.8620 	 9.142473e-05 	 142.1140 	  0.9370 	 4.663714e+18 	 3.586766e+16 	 6.605392e-07 	 7.247103e-07 	 -1000.0000 	 -1000.0000 	 -1000.0000 	 -1000.0000 
	 87.0170 	 8.958663e-05 	 142.0167 	  0.9424 	 4.573062e+18 	 3.540069e+16 	 6.667204e-07 	 7.373068e-07 	 -1000.0000 	 -1000.0000 	 -1000.0000 	 -1000.0000 
	 87.1710 	 8.780143e-05 	 141.9317 	  0.9441 	 4.484610e+18 	 3.484315e+16 	 6.729643e-07 	 7.500852e-07 	 -1000.0000 	 -1000.0000 	 -1000.0000 	 -1000.0000 
	 87.3260 	 8.604781e-05 	 141.8567 	  0.9412 	 4.397370e+18 	 3.415985e+16 	 6.793532e-07 	 7.632166e-07 	 -1000.0000 	 -1000.0000 	 -1000.0000 	 -1000.0000 
	 87.6520 	 8.249536e-05 	 141.7219 	  0.9230 	 4.219874e+18 	 3.241065e+16 	 6.932757e-07 	 7.919126e-07 	 -1000.0000 	 -1000.0000 	 -1000.0000 	 -1000.0000 
	 87.8070 	 8.086340e-05 	 141.6603 	  0.9131 	 4.138193e+18 	 3.154792e+16 	 7.002423e-07 	 8.062207e-07 	 -1000.0000 	 -1000.0000 	 -1000.0000 	 -1000.0000 
	 87.9610 	 7.927350e-05 	 141.5952 	  0.9052 	 4.058678e+18 	 3.074771e+16 	 7.074609e-07 	 8.209589e-07 	 -1000.0000 	 -1000.0000 	 -1000.0000 	 -1000.0000 
	 88.1160 	 7.770142e-05 	 141.5217 	  0.9014 	 3.980228e+18 	 3.005550e+16 	 7.150807e-07 	 8.363908e-07 	 -1000.0000 	 -1000.0000 	 -1000.0000 	 -1000.0000 
	 88.2710 	 7.615541e-05 	 141.4397 	  0.9022 	 3.903277e+18 	 2.949404e+16 	 7.230987e-07 	 8.524874e-07 	 -1000.0000 	 -1000.0000 	 -1000.0000 	 -1000.0000 
	 88.6070 	 7.289394e-05 	 141.2529 	  0.9111 	 3.741062e+18 	 2.851099e+16 	 7.419570e-07 	 8.899094e-07 	 -1000.0000 	 -1000.0000 	 -1000.0000 	 -1000.0000 
	 88.7610 	 7.144072e-05 	 141.1735 	  0.9139 	 3.668559e+18 	 2.806099e+16 	 7.513235e-07 	 9.083290e-07 	 -1000.0000 	 -1000.0000 	 -1000.0000 	 -1000.0000 
	 88.9160 	 7.000480e-05 	 141.1039 	  0.9132 	 3.596595e+18 	 2.754199e+16 	 7.612390e-07 	 9.277422e-07 	 -1000.0000 	 -1000.0000 	 -1000.0000 	 -1000.0000 
	 89.0710 	 6.859586e-05 	 141.0474 	  0.9087 	 3.525599e+18 	 2.694718e+16 	 7.716397e-07 	 9.480412e-07 	 -1000.0000 	 -1000.0000 	 -1000.0000 	 -1000.0000 
	 89.2360 	 6.712581e-05 	 141.0016 	  0.9021 	 3.451135e+18 	 2.627188e+16 	 7.832042e-07 	 9.705780e-07 	 -1000.0000 	 -1000.0000 	 -1000.0000 	 -1000.0000 
	 89.6990 	 6.316585e-05 	 140.9521 	  0.8941 	 3.248771e+18 	 2.454647e+16 	 8.179845e-07 	 1.038488e-06 	 -1000.0000 	 -1000.0000 	 -1000.0000 	 -1000.0000 
	 89.8530 	 6.190274e-05 	 140.9604 	  0.9006 	 3.183754e+18 	 2.413645e+16 	 8.302088e-07 	 1.062494e-06 	 -1000.0000 	 -1000.0000 	 -1000.0000 	 -1000.0000 
	 90.0260 	 6.051526e-05 	 140.9811 	  0.9133 	 3.112125e+18 	 2.377531e+16 	 8.443251e-07 	 1.090341e-06 	 -1000.0000 	 -1000.0000 	 -1000.0000 	 -1000.0000 
	 90.1800 	 5.930761e-05 	 141.0072 	  0.9283 	 3.049628e+18 	 2.352618e+16 	 8.572444e-07 	 1.115959e-06 	 -1000.0000 	 -1000.0000 	 -1000.0000 	 -1000.0000 
	 90.3340 	 5.812525e-05 	 141.0382 	  0.9457 	 2.988335e+18 	 2.332995e+16 	 8.705074e-07 	 1.142401e-06 	 -1000.0000 	 -1000.0000 	 -1000.0000 	 -1000.0000 
	 90.6430 	 5.582703e-05 	 141.1063 	  0.9845 	 2.869029e+18 	 2.303675e+16 	 8.981989e-07 	 1.198113e-06 	 -1000.0000 	 -1000.0000 	 -1000.0000 	 -1000.0000 
	 90.8100 	 5.462497e-05 	 141.1411 	  1.0054 	 2.806618e+18 	 2.290068e+16 	 9.137887e-07 	 1.229795e-06 	 -1000.0000 	 -1000.0000 	 -1000.0000 	 -1000.0000 
	 90.9630 	 5.354759e-05 	 141.1687 	  1.0232 	 2.750730e+18 	 2.276921e+16 	 9.284707e-07 	 1.259846e-06 	 -1000.0000 	 -1000.0000 	 -1000.0000 	 -1000.0000 
	 91.1170 	 5.248572e-05 	 141.1899 	  1.0388 	 2.695734e+18 	 2.261534e+16 	 9.436449e-07 	 1.291129e-06 	 -1000.0000 	 -1000.0000 	 -1000.0000 	 -1000.0000 
	 91.2710 	 5.144596e-05 	 141.2024 	  1.0512 	 2.642011e+18 	 2.242524e+16 	 9.592270e-07 	 1.323491e-06 	 -1000.0000 	 -1000.0000 	 -1000.0000 	 -1000.0000 
	 92.3600 	 4.467868e-05 	 140.8970 	  0.9776 	 2.298597e+18 	 1.894708e+16 	 1.081998e-06 	 1.586828e-06 	 -1000.0000 	 -1000.0000 	 -1000.0000 	 -1000.0000 
	 92.5130 	 4.380354e-05 	 140.8451 	  0.9507 	 2.254440e+18 	 1.821925e+16 	 1.101182e-06 	 1.629286e-06 	 -1000.0000 	 -1000.0000 	 -1000.0000 	 -1000.0000 
	 92.6670 	 4.293980e-05 	 140.8317 	  0.9279 	 2.210286e+18 	 1.753783e+16 	 1.121031e-06 	 1.673579e-06 	 -1000.0000 	 -1000.0000 	 -1000.0000 	 -1000.0000 
	 92.8210 	 4.209266e-05 	 140.8743 	  0.9132 	 2.166129e+18 	 1.695562e+16 	 1.141443e-06 	 1.719504e-06 	 -1000.0000 	 -1000.0000 	 -1000.0000 	 -1000.0000 
	 92.9750 	 4.126179e-05 	 140.9831 	  0.9081 	 2.121816e+18 	 1.649460e+16 	 1.162430e-06 	 1.767126e-06 	 -1000.0000 	 -1000.0000 	 -1000.0000 	 -1000.0000 
	 93.1530 	 4.032172e-05 	 141.1902 	  0.9121 	 2.070494e+18 	 1.608819e+16 	 1.187398e-06 	 1.824347e-06 	 -1000.0000 	 -1000.0000 	 -1000.0000 	 -1000.0000 
	 93.3070 	 3.952601e-05 	 141.4377 	  0.9220 	 2.026102e+18 	 1.582098e+16 	 1.209609e-06 	 1.875793e-06 	 -1000.0000 	 -1000.0000 	 -1000.0000 	 -1000.0000 
	 93.6130 	 3.799363e-05 	 142.1109 	  0.9523 	 1.938285e+18 	 1.543199e+16 	 1.255401e-06 	 1.983561e-06 	 -1000.0000 	 -1000.0000 	 -1000.0000 	 -1000.0000 
	 93.7670 	 3.724705e-05 	 142.5375 	  0.9690 	 1.894461e+18 	 1.526389e+16 	 1.279272e-06 	 2.040683e-06 	 -1000.0000 	 -1000.0000 	 -1000.0000 	 -1000.0000 
	 93.9430 	 3.641407e-05 	 143.0941 	  0.9864 	 1.844828e+18 	 1.505728e+16 	 1.307222e-06 	 2.108414e-06 	 -1000.0000 	 -1000.0000 	 -1000.0000 	 -1000.0000 
