Hareoid(km) 	 T(K) 	 Terr(K) 	 COvmr 	 COvmr_err 	 13COvmr 	 13COvmr_err 	 18COvmr 	 18COvmr_err 
    6.27 	  151.78 	    1.26 	 8.954e-04 	 1.882e-04 	 9.378e-06 	 1.216e-06 	 1.894e-06 	 1.565e-07 
   8.30 	  150.77 	    1.47 	 9.020e-04 	 1.817e-04 	 9.904e-06 	 1.297e-06 	 1.975e-06 	 1.274e-07 
  10.33 	  149.01 	    1.38 	 8.697e-04 	 1.481e-04 	 1.005e-05 	 1.116e-06 	 2.016e-06 	 1.422e-07 
  12.35 	  147.17 	    1.02 	 9.265e-04 	 1.813e-04 	 1.029e-05 	 1.047e-06 	 2.088e-06 	 1.546e-07 
  14.37 	  144.81 	    1.01 	 9.786e-04 	 2.291e-04 	 1.043e-05 	 1.182e-06 	 2.108e-06 	 1.391e-07 
  16.38 	  142.96 	    1.12 	 1.010e-03 	 1.944e-04 	 1.088e-05 	 1.036e-06 	 2.180e-06 	 1.437e-07 
  18.39 	  142.79 	    0.78 	 1.415e-03 	 2.184e-04 	 1.579e-05 	 1.436e-06 	 3.139e-06 	 1.671e-07 
  21.41 	  140.88 	    0.90 	 1.886e-03 	 2.781e-04 	 2.117e-05 	 1.835e-06 	 4.296e-06 	 3.159e-07 
  24.43 	  141.47 	    1.18 	 1.623e-03 	 1.994e-04 	 1.763e-05 	 1.154e-06 	 3.635e-06 	 2.769e-07 
  26.42 	  143.14 	    1.02 	 1.648e-03 	 1.995e-04 	 1.796e-05 	 8.833e-07 	 3.751e-06 	 2.081e-07 
  28.41 	  143.95 	    1.03 	 1.675e-03 	 1.772e-04 	 1.772e-05 	 1.329e-06 	 3.734e-06 	 2.930e-07 
  31.38 	  146.38 	    1.21 	 1.579e-03 	 1.809e-04 	 1.822e-05 	 1.191e-06 	 3.728e-06 	 3.100e-07 
  35.33 	  151.01 	    1.15 	 1.607e-03 	 1.309e-04 	 1.728e-05 	 9.416e-07 	 3.721e-06 	 2.951e-07 
  38.28 	  154.76 	    0.98 	 2.063e-03 	 1.054e-04 	 2.200e-05 	 9.739e-07 	 4.316e-06 	 3.416e-07 
  40.25 	  156.41 	    0.95 	 2.009e-03 	 1.595e-04 	 2.087e-05 	 1.465e-06 	 4.378e-06 	 3.853e-07 
  42.22 	  157.06 	    1.08 	 2.001e-03 	 1.469e-04 	 2.050e-05 	 1.254e-06 	 4.441e-06 	 3.808e-07 
  44.18 	  156.46 	    1.40 	 2.349e-03 	 1.705e-04 	 2.590e-05 	 1.171e-06 	 5.230e-06 	 4.727e-07 
  46.14 	  156.48 	    1.90 	 2.602e-03 	 1.922e-04 	 2.852e-05 	 1.708e-06 	 5.709e-06 	 6.822e-07 
  48.09 	  158.07 	    2.47 	 2.634e-03 	 1.974e-04 	 2.805e-05 	 1.905e-06 	 5.669e-06 	 8.532e-07 
  50.04 	  161.18 	    2.99 	 2.758e-03 	 1.990e-04 	 2.821e-05 	 2.353e-06 	 5.765e-06 	 9.743e-07 
  51.99 	  165.10 	    3.41 	 2.974e-03 	 2.397e-04 	 3.175e-05 	 2.826e-06 	 6.272e-06 	 1.227e-06 
  53.93 	  167.38 	    3.79 	 2.946e-03 	 2.860e-04 	 3.409e-05 	 3.168e-06 	 6.787e-06 	 1.608e-06 
  55.86 	  166.93 	    4.17 	 2.862e-03 	 3.326e-04 	 3.485e-05 	 3.313e-06 	 7.007e-06 	 1.993e-06 
  57.79 	  166.64 	    4.56 	 2.966e-03 	 3.377e-04 	 3.527e-05 	 3.720e-06 	 6.879e-06 	 2.318e-06 
  59.72 	  166.62 	    4.82 	 3.021e-03 	 3.851e-04 	 3.439e-05 	 4.771e-06 	 6.615e-06 	 2.585e-06 
  61.65 	  166.59 	    4.91 	 2.784e-03 	 4.756e-04 	 3.105e-05 	 6.143e-06 	 6.439e-06 	 2.822e-06 
  63.57 	  167.58 	    4.83 	 2.618e-03 	 5.918e-04 	 2.902e-05 	 7.273e-06 	 6.534e-06 	 3.141e-06 
  65.48 	  167.76 	    4.62 	 2.628e-03 	 7.403e-04 	 2.931e-05 	 8.612e-06 	 6.919e-06 	 3.588e-06 
  67.39 	  167.47 	    4.33 	 2.772e-03 	 9.554e-04 	 3.032e-05 	 9.653e-06 	 7.391e-06 	 4.096e-06 
  69.30 	  165.49 	    3.99 	 2.974e-03 	 1.267e-03 	 3.189e-05 	 1.107e-05 	 7.814e-06 	 4.570e-06 
  73.06 	  162.20 	    3.40 	 3.592e-03 	 1.904e-03 	 3.681e-05 	 1.538e-05 	 8.450e-06 	 5.236e-06 
  76.81 	  153.36 	    4.47 	 4.086e-03 	 2.028e-03 	 4.307e-05 	 2.030e-05 	 9.215e-06 	 5.905e-06 
  78.69 	  151.37 	    5.14 	 4.500e-03 	 2.240e-03 	 4.791e-05 	 2.453e-05 	 9.858e-06 	 6.425e-06 
  80.58 	  151.48 	    5.90 	 4.962e-03 	 2.695e-03 	 5.195e-05 	 2.907e-05 	 1.004e-05 	 6.604e-06 
  82.45 	  153.10 	    6.78 	 5.165e-03 	 3.082e-03 	 5.427e-05 	 3.213e-05 	 9.603e-06 	 6.283e-06 
  85.23 	  153.58 	    8.35 	 4.776e-03 	 2.832e-03 	 5.300e-05 	 3.153e-05 	 8.112e-06 	 4.966e-06 
  87.99 	  150.28 	   10.33 	 3.972e-03 	 2.093e-03 	 4.783e-05 	 2.707e-05 	 6.600e-06 	 3.537e-06 
  89.85 	  146.35 	   11.95 	 3.377e-03 	 1.566e-03 	 4.104e-05 	 2.117e-05 	 5.733e-06 	 2.694e-06 
