Hareoid(km) 	 T(K) 	 Terr(K) 	 COvmr 	 COvmr_err 	 13COvmr 	 13COvmr_err 	 18COvmr 	 18COvmr_err 
   43.08 	  168.86 	    5.05 	 8.653e-04 	 1.942e-04 	 8.191e-06 	 1.444e-06 	 2.037e-06 	 4.642e-07 
  45.04 	  167.34 	    5.78 	 9.009e-04 	 2.436e-04 	 8.125e-06 	 1.375e-06 	 2.100e-06 	 5.103e-07 
  46.01 	  168.09 	    6.18 	 9.546e-04 	 1.948e-04 	 7.906e-06 	 9.320e-07 	 1.998e-06 	 4.283e-07 
  46.99 	  170.96 	    6.45 	 9.925e-04 	 8.969e-05 	 7.694e-06 	 5.591e-07 	 1.814e-06 	 3.395e-07 
  47.97 	  172.33 	    6.74 	 9.708e-04 	 7.198e-05 	 7.813e-06 	 5.049e-07 	 1.729e-06 	 3.122e-07 
  49.45 	  173.12 	    7.17 	 9.762e-04 	 5.255e-05 	 7.942e-06 	 4.752e-07 	 1.682e-06 	 2.864e-07 
  50.92 	  174.88 	    7.33 	 9.939e-04 	 5.837e-05 	 7.864e-06 	 4.871e-07 	 1.643e-06 	 2.751e-07 
  51.91 	  174.59 	    7.19 	 9.760e-04 	 7.018e-05 	 7.904e-06 	 5.149e-07 	 1.646e-06 	 2.889e-07 
  52.89 	  174.19 	    7.01 	 9.746e-04 	 6.439e-05 	 7.899e-06 	 5.073e-07 	 1.662e-06 	 3.124e-07 
  53.88 	  173.74 	    6.70 	 9.690e-04 	 6.181e-05 	 7.985e-06 	 4.696e-07 	 1.682e-06 	 3.356e-07 
  54.88 	  172.42 	    6.20 	 9.500e-04 	 5.655e-05 	 8.037e-06 	 4.796e-07 	 1.684e-06 	 3.512e-07 
  55.87 	  170.08 	    5.73 	 9.429e-04 	 5.943e-05 	 8.035e-06 	 5.266e-07 	 1.674e-06 	 3.656e-07 
  56.86 	  166.80 	    5.39 	 9.403e-04 	 6.707e-05 	 7.982e-06 	 5.795e-07 	 1.664e-06 	 3.831e-07 
  57.85 	  163.91 	    5.16 	 9.420e-04 	 5.935e-05 	 7.957e-06 	 6.881e-07 	 1.656e-06 	 4.059e-07 
  58.85 	  161.44 	    5.03 	 9.592e-04 	 5.618e-05 	 8.047e-06 	 7.698e-07 	 1.645e-06 	 4.327e-07 
  59.84 	  159.34 	    4.91 	 9.645e-04 	 6.720e-05 	 8.283e-06 	 8.193e-07 	 1.649e-06 	 4.694e-07 
  60.84 	  158.06 	    4.74 	 9.474e-04 	 9.427e-05 	 8.536e-06 	 8.927e-07 	 1.663e-06 	 5.171e-07 
  61.84 	  156.24 	    4.64 	 9.200e-04 	 1.030e-04 	 8.716e-06 	 9.931e-07 	 1.681e-06 	 5.725e-07 
  62.84 	  153.84 	    4.70 	 9.052e-04 	 1.205e-04 	 8.782e-06 	 1.068e-06 	 1.689e-06 	 6.287e-07 
  63.84 	  152.77 	    4.89 	 8.844e-04 	 1.376e-04 	 8.890e-06 	 1.106e-06 	 1.700e-06 	 6.871e-07 
  64.85 	  152.22 	    5.08 	 8.568e-04 	 1.491e-04 	 9.059e-06 	 1.152e-06 	 1.718e-06 	 7.522e-07 
  65.85 	  152.74 	    5.25 	 8.441e-04 	 1.588e-04 	 9.184e-06 	 1.232e-06 	 1.747e-06 	 8.276e-07 
  66.85 	  154.05 	    5.45 	 8.436e-04 	 1.676e-04 	 9.324e-06 	 1.374e-06 	 1.779e-06 	 9.052e-07 
  67.86 	  154.71 	    5.69 	 8.490e-04 	 1.793e-04 	 9.433e-06 	 1.535e-06 	 1.818e-06 	 9.821e-07 
  68.86 	  153.97 	    6.03 	 8.659e-04 	 1.955e-04 	 9.389e-06 	 1.679e-06 	 1.861e-06 	 1.056e-06 
  69.87 	  153.46 	    6.41 	 8.960e-04 	 2.141e-04 	 9.339e-06 	 1.869e-06 	 1.928e-06 	 1.141e-06 
  70.88 	  153.92 	    6.82 	 9.056e-04 	 2.327e-04 	 9.304e-06 	 2.098e-06 	 2.017e-06 	 1.239e-06 
  71.89 	  154.21 	    7.25 	 9.003e-04 	 2.486e-04 	 9.216e-06 	 2.264e-06 	 2.126e-06 	 1.346e-06 
  72.90 	  154.11 	    7.72 	 9.003e-04 	 2.660e-04 	 9.230e-06 	 2.430e-06 	 2.271e-06 	 1.481e-06 
  73.92 	  155.27 	    8.20 	 9.079e-04 	 2.802e-04 	 9.490e-06 	 2.690e-06 	 2.475e-06 	 1.679e-06 
  74.93 	  157.78 	    8.66 	 9.320e-04 	 2.953e-04 	 1.003e-05 	 3.066e-06 	 2.768e-06 	 1.969e-06 
  75.94 	  161.57 	    9.04 	 9.729e-04 	 3.166e-04 	 1.082e-05 	 3.593e-06 	 3.153e-06 	 2.368e-06 
  76.95 	  166.27 	    9.39 	 1.034e-03 	 3.413e-04 	 1.181e-05 	 4.259e-06 	 3.656e-06 	 2.908e-06 
  77.97 	  169.49 	    9.70 	 1.115e-03 	 3.662e-04 	 1.300e-05 	 5.010e-06 	 4.313e-06 	 3.627e-06 
  78.99 	  172.69 	    9.96 	 1.202e-03 	 3.902e-04 	 1.440e-05 	 5.853e-06 	 5.142e-06 	 4.539e-06 
  80.00 	  175.17 	   10.16 	 1.278e-03 	 4.185e-04 	 1.597e-05 	 6.826e-06 	 6.150e-06 	 5.662e-06 
  81.02 	  176.43 	   10.30 	 1.348e-03 	 4.683e-04 	 1.772e-05 	 7.985e-06 	 7.359e-06 	 7.034e-06 
  82.04 	  176.99 	   10.43 	 1.408e-03 	 5.219e-04 	 1.946e-05 	 9.195e-06 	 8.751e-06 	 8.655e-06 
  83.06 	  176.96 	   10.48 	 1.463e-03 	 5.605e-04 	 2.092e-05 	 1.030e-05 	 1.015e-05 	 1.035e-05 
  84.08 	  174.51 	   10.43 	 1.531e-03 	 6.245e-04 	 2.198e-05 	 1.134e-05 	 1.123e-05 	 1.177e-05 
  85.60 	  167.94 	   10.10 	 1.675e-03 	 7.732e-04 	 2.328e-05 	 1.301e-05 	 1.160e-05 	 1.238e-05 
  87.13 	  165.41 	    9.48 	 1.798e-03 	 8.917e-04 	 2.346e-05 	 1.360e-05 	 1.037e-05 	 1.082e-05 
  88.66 	  162.84 	    8.56 	 1.711e-03 	 8.651e-04 	 2.183e-05 	 1.201e-05 	 8.394e-06 	 8.129e-06 
